Time,Total Electric Power (kW),Total Reactive Power (kVAR),Total Gas Power (therms/hour),Total Electric Energy (kWh),Total Reactive Energy (kVARh),Total Gas Energy (therms),Lighting Electric Power (kW),Other Electric Power (kW),HVAC Heating Electric Power (kW),HVAC Cooling Electric Power (kW),Water Heating Gas Power (therms/hour),HVAC Heating Gas Power (therms/hour),Lighting Reactive Power (kVAR),Other Reactive Power (kVAR),HVAC Heating Reactive Power (kVAR),HVAC Cooling Reactive Power (kVAR),Grid Voltage (-),Clothes Washer Electric Power (kW),Clothes Washer Reactive Power (kVAR),Clothes Washer Mode,Clothes Dryer Electric Power (kW),Clothes Dryer Reactive Power (kVAR),Clothes Dryer Mode,Dishwasher Electric Power (kW),Dishwasher Reactive Power (kVAR),Dishwasher Mode,Refrigerator Electric Power (kW),Refrigerator Reactive Power (kVAR),Refrigerator Mode,Cooking Range Electric Power (kW),Cooking Range Reactive Power (kVAR),Cooking Range Mode,Exterior Lighting Electric Power (kW),Exterior Lighting Reactive Power (kVAR),Exterior Lighting Mode,Indoor Lighting Electric Power (kW),Indoor Lighting Reactive Power (kVAR),Indoor Lighting Mode,TV Electric Power (kW),TV Reactive Power (kVAR),TV Mode,MELs Electric Power (kW),MELs Reactive Power (kVAR),MELs Mode,HVAC Heating Mode,HVAC Heating Delivered (W),HVAC Heating Setpoint (C),HVAC Heating COP (-),HVAC Heating Duct Losses (W),HVAC Heating Main Power (kW),HVAC Heating Fan Power (kW),HVAC Heating Speed (-),HVAC Heating Capacity (W),HVAC Heating Max Capacity (W),HVAC Cooling Mode,HVAC Cooling Delivered (W),HVAC Cooling Setpoint (C),HVAC Cooling COP (-),HVAC Cooling Duct Losses (W),HVAC Cooling Main Power (kW),HVAC Cooling Fan Power (kW),HVAC Cooling Latent Gains (W),HVAC Cooling SHR (-),HVAC Cooling Speed (-),HVAC Cooling Capacity (W),HVAC Cooling Max Capacity (W),Water Heating Mode,Water Heating Delivered (W),Water Heating COP (-),Water Heating Total Sensible Heat Gain (W),Water Heating Deadband Upper Limit (C),Water Heating Deadband Lower Limit (C),Hot Water Unmet Demand (kW),Hot Water Outlet Temperature (C),Hot Water Delivered (L/min),Hot Water Delivered (W),Hot Water Heat Injected (W),Hot Water Heat Loss (W),Hot Water Average Temperature (C),Hot Water Maximum Temperature (C),Hot Water Minimum Temperature (C),Hot Water Mains Temperature (C),Temperature - Indoor (C),Unmet HVAC Load (C),Temperature - Foundation (C),Temperature - Attic (C),Temperature - Outdoor (C),Temperature - Ground (C),Net Sensible Heat Gain - Indoor (W),Net Sensible Heat Gain - Foundation (W),Net Sensible Heat Gain - Attic (W),Infiltration Heat Gain - Indoor (W),Forced Ventilation Heat Gain - Indoor (W),Natural Ventilation Heat Gain - Indoor (W),Internal Heat Gain - Indoor (W),Window Transmitted Solar Gain (W),Occupancy (Persons),Infiltration Flow Rate - Indoor (m^3/s),Forced Ventilation Flow Rate - Indoor (m^3/s),Natural Ventilation Flow Rate - Indoor (m^3/s),Air Changes per Hour - Indoor (1/hour),Occupancy Heat Gain - Indoor (W),Radiation Heat Gain - Indoor (W),Relative Humidity - Indoor (-),Wet Bulb - Indoor (C),Humidity Ratio - Indoor (-),Net Latent Heat Gain - Indoor (W),Air Density - Indoor (kg/m^3),Infiltration Flow Rate - Foundation (m^3/s),Infiltration Heat Gain - Foundation (W),Radiation Heat Gain - Foundation (W),Infiltration Flow Rate - Attic (m^3/s),Infiltration Heat Gain - Attic (W),Radiation Heat Gain - Attic (W)
2025-01-01 00:00:00,0.28932049191009057,0.176826705157016,0.0,0.0048220081985015095,0.0029471117526169337,0.0,0.016598558403664324,0.22272193350642625,0.0,0.05,0.0,0.0,0.0,0.16224337182368267,0,0.01458333333333334,1,0,0,Off,0,0,Off,0,0,Off,0.03506475048252919,0.026298562861896885,On,0,0,Off,0.004021034356725146,0.0,On,0.012577524046939178,0,On,0.006397437741515965,0,On,0.1812597452823811,0.1359448089617858,On,Off,0.0,20.000000000000057,0.0,0.0,0.0,0.0,0,0.0,21116.65276888889,Off,0.0,23.888888888888914,0,0.0,0.05,0.0,0.0,0,0,0,11489.55984,Off,0.0,0,83.82525395642202,51.666666666666686,46.10666666666668,0.0,51.53032314213532,0.0,0.0,0.0,130.9769593069094,51.562495472571996,51.57858163779034,51.53032314213532,12.43753247303448,20.32022899523715,0.0,9.180504855256203,-2.3205361630809427,2.8,9.236100170605994,-2840.171087473374,-4416.705962812088,1485.971002469146,-3102.6399185594164,-0.0,-0.0,358.6315381847684,0.0,2.0,0.13588575936140596,0.0,0,1.2717562643227343,131.99922844444444,-96.16270709872563,0.1904190065324681,9.390488007683524,0.0027632171123713528,-69.8590409462947,1.2171219760146146,0.5388346206771502,-4480.517595813544,63.81163300145628,0.25949736752279984,1731.673639988038,-245.70263751889206
2025-01-01 00:01:00,0.28932049191009057,0.176826705157016,0.0,0.0048220081985015095,0.0029471117526169337,0.0,0.016598558403664324,0.22272193350642625,0.0,0.05,0.0,0.0,0.0,0.16224337182368267,0,0.01458333333333334,1,0,0,Off,0,0,Off,0,0,Off,0.03506475048252919,0.026298562861896885,On,0,0,Off,0.004021034356725146,0.0,On,0.012577524046939178,0,On,0.006397437741515965,0,On,0.1812597452823811,0.1359448089617858,On,Off,0.0,20.000000000000057,0.0,0.0,0.0,0.0,0,0.0,21116.65276888889,Off,0.0,23.888888888888914,0,0.0,0.05,0.0,0.0,0,0,0,11489.55984,Off,0.0,0,84.17162487025635,51.666666666666686,46.10666666666668,0.0,51.51187609336491,0.0,0.0,0.0,131.51816385977554,51.545081402009835,51.5616840563323,51.51187609336491,12.43753247303448,20.17369281188992,0.0,9.090978732295232,-2.2613317657781296,2.8,9.236100170605994,-2802.312853405314,-4348.332656840295,1460.4144544868764,-3064.9029581374343,-0.0,-0.0,358.6315381847684,0.0,2.0,0.1353651715547564,0.0,0,1.266884077514139,131.99922844444444,-96.04143345264802,0.19269641156164596,9.34660030674269,0.002762973891193558,-69.07963561143035,1.2212873419159853,0.5384226018689939,-4414.27262147926,65.93996463896491,0.25898390991689846,1708.2649924680177,-247.85053798114123
2025-01-01 00:02:00,0.28932049191009057,0.176826705157016,0.0,0.0048220081985015095,0.0029471117526169337,0.0,0.016598558403664324,0.22272193350642625,0.0,0.05,0.0,0.0,0.0,0.16224337182368267,0,0.01458333333333334,1,0,0,Off,0,0,Off,0,0,Off,0.03506475048252919,0.026298562861896885,On,0,0,Off,0.004021034356725146,0.0,On,0.012577524046939178,0,On,0.006397437741515965,0,On,0.1812597452823811,0.1359448089617858,On,Off,0.0,20.000000000000057,0.0,0.0,0.0,0.0,0,0.0,21116.65276888889,Off,0.0,23.888888888888914,0,0.0,0.05,0.0,0.0,0,0,0,11489.55984,Off,0.0,0,84.50515884506909,51.666666666666686,46.10666666666668,0.0,51.49335338628087,0.0,0.0,0.0,132.03931069542045,51.527595375476764,51.54471637007472,51.49335338628087,12.43753247303448,20.031868829841006,0.0,9.0075076114091,-2.2039166932969976,2.8,9.236100170605994,-2767.1708569227603,-4284.928807735092,1436.2646895113576,-3028.554175843501,-0.0,-0.0,358.6315381847684,0.0,2.0,0.13486067059392567,0.0,0,1.2621624476663276,131.99922844444444,-97.24821926402741,0.1943785971079226,9.281332507427825,0.002762734203876466,-68.32337585366642,1.2218783049715958,0.5380381652774158,-4352.59236315648,67.66355542138777,0.2584849962922771,1685.6331451896597,-249.36845567830213
2025-01-01 00:03:00,0.28932049191009057,0.176826705157016,0.0,0.0048220081985015095,0.0029471117526169337,0.0,0.016598558403664324,0.22272193350642625,0.0,0.05,0.0,0.0,0.0,0.16224337182368267,0,0.01458333333333334,1,0,0,Off,0,0,Off,0,0,Off,0.03506475048252919,0.026298562861896885,On,0,0,Off,0.004021034356725146,0.0,On,0.012577524046939178,0,On,0.006397437741515965,0,On,0.1812597452823811,0.1359448089617858,On,Off,0.0,20.000000000000057,0.0,0.0,0.0,0.0,0,0.0,21116.65276888889,Off,0.0,23.888888888888914,0,0.0,0.05,0.0,0.0,0,0,0,11489.55984,Off,0.0,0,84.8268270032762,51.666666666666686,46.10666666666668,0.0,51.47475785127739,0.0,0.0,0.0,132.54191719261905,51.51004005975102,51.52768116398785,51.47475785127739,12.43753247303448,19.894397787836645,0.0,8.929526725449616,-2.148050320854139,2.8,9.236100170605994,-2733.404455464306,-4225.737960083378,1413.8346760079035,-2993.4853472724667,-0.0,-0.0,358.6315381847684,0.0,2.0,0.13437104013374562,0.0,0,1.2575799909919598,131.99922844444444,-98.5506463766075,0.19602463920184962,9.218292389767239,0.0027624972552285055,-67.58829447638078,1.2224516792179794,0.5376787662980924,-4295.0426503071185,69.30469022374,0.25799861413650377,1663.677460077741,-249.8427840698376
2025-01-01 00:04:00,0.28932049191009057,0.176826705157016,0.0,0.0048220081985015095,0.0029471117526169337,0.0,0.016598558403664324,0.22272193350642625,0.0,0.05,0.0,0.0,0.0,0.16224337182368267,0,0.01458333333333334,1,0,0,Off,0,0,Off,0,0,Off,0.03506475048252919,0.026298562861896885,On,0,0,Off,0.004021034356725146,0.0,On,0.012577524046939178,0,On,0.006397437741515965,0,On,0.1812597452823811,0.1359448089617858,On,Off,0.0,20.000000000000057,0.0,0.0,0.0,0.0,0,0.0,21116.65276888889,Off,0.0,23.888888888888914,0,0.0,0.05,0.0,0.0,0,0,0,11489.55984,Off,0.0,0,85.13735484266927,51.666666666666686,46.10666666666668,0.0,51.45609210470079,0.0,0.0,0.0,133.02711694167073,51.49241791986741,51.510580827450724,51.45609210470079,12.43753247303448,19.761011765736214,0.0,8.85657375667882,-2.093509815982573,2.8,9.236100170605994,-2696.790079995648,-4170.422919612945,1392.7280315703488,-2959.6135342560306,-0.0,-0.0,358.6315381847684,0.0,2.0,0.13389538160319728,0.0,0,1.2531282977553306,131.99922844444444,-95.80808392438553,0.19763648797441882,9.156630009402555,0.0027622629658187914,-66.87314935304633,1.223008533048073,0.5373423223932915,-4241.267946582589,70.84502696964292,0.2575228890274759,1642.305516144114,-249.57748457376528
2025-01-01 00:05:00,0.28932049191009057,0.176826705157016,0.0,0.0048220081985015095,0.0029471117526169337,0.0,0.016598558403664324,0.22272193350642625,0.0,0.05,0.0,0.0,0.0,0.16224337182368267,0,0.01458333333333334,1,0,0,Off,0,0,Off,0,0,Off,0.03506475048252919,0.026298562861896885,On,0,0,Off,0.004021034356725146,0.0,On,0.012577524046939178,0,On,0.006397437741515965,0,On,0.1812597452823811,0.1359448089617858,On,Off,0.0,20.000000000000057,0.0,0.0,0.0,0.0,0,0.0,21116.65276888889,Off,0.0,23.888888888888914,0,0.0,0.05,0.0,0.0,0,0,0,11489.55984,Off,0.0,0,85.43714846309095,51.666666666666686,46.10666666666668,0.0,51.4373586029701,0.0,0.0,0.0,133.4955444735796,51.474731270143955,51.49341760373089,51.4373586029701,12.43753247303448,19.63156173061212,0.0,8.788251542706146,-2.0401126161288294,2.8,9.236100170605994,-2658.334041401999,-4118.679145674117,1372.680128957405,-2926.887408068854,-0.0,-0.0,358.6315381847684,0.0,2.0,0.1334332149596008,0.0,0,1.2488028752319036,131.99922844444444,-90.0781715179135,0.1992147594665509,9.09698878870956,0.0027620312609490747,-66.17724513535023,1.2235494434454894,0.5370270434302707,-4190.96316018721,72.28401451309283,0.25705628338670217,1621.441717321723,-248.76158836431784
2025-01-01 00:06:00,0.28932049191009057,0.176826705157016,0.0,0.0048220081985015095,0.0029471117526169337,0.0,0.016598558403664324,0.22272193350642625,0.0,0.05,0.0,0.0,0.0,0.16224337182368267,0,0.01458333333333334,1,0,0,Off,0,0,Off,0,0,Off,0.03506475048252919,0.026298562861896885,On,0,0,Off,0.004021034356725146,0.0,On,0.012577524046939178,0,On,0.006397437741515965,0,On,0.1812597452823811,0.1359448089617858,On,Off,0.0,20.000000000000057,0.0,0.0,0.0,0.0,0,0.0,21116.65276888889,Off,0.0,23.888888888888914,0,0.0,0.05,0.0,0.0,0,0,0,11489.55984,Off,0.0,0,85.72659376382559,51.666666666666686,46.10666666666668,0.0,51.418559712948415,0.0,0.0,0.0,133.94780275597748,51.45698234053451,51.47619365432756,51.418559712948415,12.43753247303448,19.505906093597492,0.0,8.724212499609177,-1.987707684018823,2.8,9.236100170605994,-2620.3000922217147,-4070.2379232299627,1353.5417227463759,-2895.2585325344357,-0.0,-0.0,358.6315381847684,0.0,2.0,0.13298408284409893,0.0,0,1.2445994429952782,131.99922844444444,-83.67309787204742,0.20076005800001157,9.038594186029847,0.0027618020686440725,-65.49991945790686,1.2240749596975722,0.5367313613967578,-4143.861695340249,73.62377211028598,0.2565975235842924,1601.0236197967884,-247.4818970504124
2025-01-01 00:07:00,0.28932049191009057,0.176826705157016,0.0,0.0048220081985015095,0.0029471117526169337,0.0,0.016598558403664324,0.22272193350642625,0.0,0.05,0.0,0.0,0.0,0.16224337182368267,0,0.01458333333333334,1,0,0,Off,0,0,Off,0,0,Off,0.03506475048252919,0.026298562861896885,On,0,0,Off,0.004021034356725146,0.0,On,0.012577524046939178,0,On,0.006397437741515965,0,On,0.1812597452823811,0.1359448089617858,On,Off,0.0,20.000000000000057,0.0,0.0,0.0,0.0,0,0.0,21116.65276888889,Off,0.0,23.888888888888914,0,0.0,0.05,0.0,0.0,0,0,0,11489.55984,Off,0.0,0,86.00613619747476,51.666666666666686,46.10666666666668,0.0,51.399697716396446,0.0,0.0,0.0,134.3845878085543,51.4391732808252,51.45891106303959,51.399697716396446,12.43753247303448,19.38388099032252,-0.11611900967753641,8.664147457443285,-1.9361681433548403,2.8,9.236100170605994,-2583.5146165206866,-4024.8591188191094,1335.1753778756301,-2864.6738483824115,-0.0,-0.0,358.6315381847684,0.0,2.0,0.13254744449365397,0.0,0,1.240512940038445,131.99922844444444,-77.47230632304341,0.20227334454535803,8.982072423898956,0.002761575319516839,-64.84040576231061,1.224585727526879,0.5364538800629045,-4099.726877142366,74.8677583232568,0.25614553813182356,1580.9988695799661,-245.82349170433588
2025-01-01 00:08:00,0.28932049191009057,0.176826705157016,0.0,0.0048220081985015095,0.0029471117526169337,0.0,0.016598558403664324,0.22272193350642625,0.0,0.05,0.0,0.0,0.0,0.16224337182368267,0,0.01458333333333334,1,0,0,Off,0,0,Off,0,0,Off,0.03506475048252919,0.026298562861896885,On,0,0,Off,0.004021034356725146,0.0,On,0.012577524046939178,0,On,0.006397437741515965,0,On,0.1812597452823811,0.1359448089617858,On,Off,0.0,20.000000000000057,0.0,0.0,0.0,0.0,0,0.0,21116.65276888889,Off,0.0,23.888888888888914,0,0.0,0.05,0.0,0.0,0,0,0,11489.55984,Off,0.0,0,86.2762205611729,51.666666666666686,46.10666666666668,0.0,51.38077479685565,0.0,0.0,0.0,134.80659462683266,51.42130614826273,51.44157182396628,51.38077479685565,12.43753247303448,19.265322707960003,-0.23467729204005394,8.607777862077024,-1.8853883226664996,2.8,9.236100170605994,-2548.0867654210515,-3982.337109008193,1317.4646883334337,-2835.0813341457388,-0.0,-0.0,358.6315381847684,0.0,2.0,0.13212275585459451,0.0,0,1.2365382745573177,131.99922844444444,-71.6369694600811,0.20375566190450986,8.927338883442374,0.002761350947132792,-64.19793702556308,1.2250823953735908,0.5361933398974298,-4058.3459391886404,76.00883018044708,0.2556994338136149,1561.323905032265,-243.8592166988313
2025-01-01 00:09:00,1.3400934085767575,0.176826705157016,0.9006625,0.022334890142945957,0.0029471117526169337,0.015011041666666667,0.016598558403664324,0.22272193350642625,1.0507729166666668,0.05,0.0,0.9006625,0.0,0.16224337182368267,0,0.01458333333333334,1,0,0,Off,0,0,Off,0,0,Off,0.03506475048252919,0.026298562861896885,On,0,0,Off,0.004021034356725146,0.0,On,0.012577524046939178,0,On,0.006397437741515965,0,On,0.1812597452823811,0.1359448089617858,On,On,17415.9303113141,20.000000000000057,0.8,4751.49537424146,26.39581596111111,1.0507729166666668,1,21116.65276888889,21116.65276888889,Off,0.0,23.888888888888914,0,0.0,0.05,0.0,0.0,0,0,0,11489.55984,Off,0.0,0,86.5372644331224,51.666666666666686,46.10666666666668,0.0,51.36179303979619,0.0,0.0,0.0,135.21447567675375,51.4033829076905,51.42417784163766,51.36179303979619,12.43753247303448,19.150077585497396,-0.34992241450266093,8.55484976050558,-1.8352807471156247,2.8,9.236100170605994,14901.985722977244,809.0582704446947,1300.31087378582,-2806.4324171138815,-0.0,-0.0,358.6315381847684,0.0,2.0,0.13170950528116043,0.0,0,1.232670658053796,131.99922844444444,-66.14370940774421,0.20520800570890577,8.873622015980317,0.0027611288879969362,-63.57179171090156,1.2255655727301742,0.5359485910167084,-4019.5253835917683,77.08827979500367,0.2552584709936537,1541.9626662579558,-241.6517924721358
2025-01-01 00:10:00,1.3400934085767575,0.176826705157016,0.9006625,0.022334890142945957,0.0029471117526169337,0.015011041666666667,0.016598558403664324,0.22272193350642625,1.0507729166666668,0.05,0.0,0.9006625,0.0,0.16224337182368267,0,0.01458333333333334,1,0,0,Off,0,0,Off,0,0,Off,0.03506475048252919,0.026298562861896885,On,0,0,Off,0.004021034356725146,0.0,On,0.012577524046939178,0,On,0.006397437741515965,0,On,0.1812597452823811,0.1359448089617858,On,On,17415.9303113141,20.000000000000057,0.8,4751.49537424146,26.39581596111111,1.0507729166666668,1,21116.65276888889,21116.65276888889,Off,0.0,23.888888888888914,0,0.0,0.05,0.0,0.0,0,0,0,11489.55984,Off,0.0,0,85.94116836384671,51.666666666666686,46.10666666666668,0.0,51.342754438617035,0.0,0.0,0.0,134.2830755685105,51.38540543720316,51.406730936496224,51.342754438617035,12.43753247303448,19.354230339150337,-0.14576966084971943,8.676625233080944,-1.785773535868221,2.8,9.236100170605994,14839.316709934988,716.9305502790512,1283.63038085147,-2857.261555717706,-0.0,-0.0,358.6315381847684,0.0,2.0,0.1324412747302936,0.0,0,1.2395192960961383,131.99922844444444,-77.98358384617504,0.2025983458813922,8.968084929783187,0.0027609090813754214,-64.42284281914911,1.224710354106569,0.5365115352157059,-4108.891859779069,74.32703581666007,0.2548220421591062,1522.8854854983058,-239.25510464683586
2025-01-01 00:11:00,1.3400934085767575,0.176826705157016,0.9006625,0.022334890142945957,0.0029471117526169337,0.015011041666666667,0.016598558403664324,0.22272193350642625,1.0507729166666668,0.05,0.0,0.9006625,0.0,0.16224337182368267,0,0.01458333333333334,1,0,0,Off,0,0,Off,0,0,Off,0.03506475048252919,0.026298562861896885,On,0,0,Off,0.004021034356725146,0.0,On,0.012577524046939178,0,On,0.006397437741515965,0,On,0.1812597452823811,0.1359448089617858,On,On,17415.9303113141,20.000000000000057,0.8,4751.49537424146,26.39581596111111,1.0507729166666668,1,21116.65276888889,21116.65276888889,Off,0.0,23.888888888888914,0,0.0,0.05,0.0,0.0,0,0,0,11489.55984,Off,0.0,0,85.36324193879324,51.666666666666686,46.10666666666668,0.0,51.32384782878792,0.0,0.0,0.0,133.38006552936443,51.36755180122299,51.38940378744053,51.32384782878792,12.43753247303448,19.551735429641038,0.0,8.79040041435314,-1.7368081374376976,2.8,9.236100170605994,14779.346592048923,630.9992868982517,1267.3527956719045,-2906.7785045436603,-0.0,-0.0,358.6315381847684,0.0,2.0,0.13314794952970765,0.0,0,1.246133073045374,131.99922844444444,-88.4367529062852,0.20010833424876476,9.058615575035454,0.002760686176602558,-65.23923604707198,1.2238841262130729,0.5370369624097496,-4192.544514195007,72.04842685179864,0.254389653167499,1504.068127825174,-236.71533215326957
2025-01-01 00:12:00,1.3400934085767575,0.176826705157016,0.9006625,0.022334890142945957,0.0029471117526169337,0.015011041666666667,0.016598558403664324,0.22272193350642625,1.0507729166666668,0.05,0.0,0.9006625,0.0,0.16224337182368267,0,0.01458333333333334,1,0,0,Off,0,0,Off,0,0,Off,0.03506475048252919,0.026298562861896885,On,0,0,Off,0.004021034356725146,0.0,On,0.012577524046939178,0,On,0.006397437741515965,0,On,0.1812597452823811,0.1359448089617858,On,On,17415.9303113141,20.000000000000057,0.8,4751.49537424146,26.39581596111111,1.0507729166666668,1,21116.65276888889,21116.65276888889,Off,0.0,23.888888888888914,0,0.0,0.05,0.0,0.0,0,0,0,11489.55984,Off,0.0,0,84.80228786795135,51.666666666666686,46.10666666666668,0.0,51.30506920228185,0.0,0.0,0.0,132.50357479367398,51.34981822514209,51.3721927365722,51.30506920228185,12.43753247303448,19.743035299884827,0.0,8.896872179873904,-1.6883373622773472,2.8,9.236100170605994,14720.77564761712,550.4083187844417,1251.4190172629405,-2955.0603065773644,-0.0,-0.0,358.6315381847684,0.0,2.0,0.13383123348635434,0.0,0,1.25252793484885,131.99922844444444,-98.72589530438614,0.19772855667035472,9.146890391320449,0.0027604602947001247,-66.02324874287936,1.2230849264656467,0.5375281963657775,-4270.964803521437,69.87774806441841,0.25396090688804973,1485.4909627939066,-234.071945530966
2025-01-01 00:13:00,1.3400934085767575,0.176826705157016,0.9006625,0.022334890142945957,0.0029471117526169337,0.015011041666666667,0.016598558403664324,0.22272193350642625,1.0507729166666668,0.05,0.0,0.9006625,0.0,0.16224337182368267,0,0.01458333333333334,1,0,0,Off,0,0,Off,0,0,Off,0.03506475048252919,0.026298562861896885,On,0,0,Off,0.004021034356725146,0.0,On,0.012577524046939178,0,On,0.006397437741515965,0,On,0.1812597452823811,0.1359448089617858,On,On,17415.9303113141,20.000000000000057,0.8,4751.49537424146,26.39581596111111,1.0507729166666668,1,21116.65276888889,21116.65276888889,Off,0.0,23.888888888888914,0,0.0,0.05,0.0,0.0,0,0,0,11489.55984,Off,0.0,0,84.25737752263244,51.666666666666686,46.10666666666668,0.0,51.28641481498984,0.0,0.0,0.0,131.65215237911318,51.332201183080585,51.355094367125965,51.28641481498984,12.43753247303448,19.928472513099443,0.0,8.996621601328206,-1.6403236760004383,2.8,9.236100170605994,14663.771613925974,474.79215242251666,1235.7796724118195,-3002.1627051817386,-0.0,-0.0,358.6315381847684,0.0,2.0,0.13449246038152712,0.0,0,1.2587163643798516,131.99922844444444,-108.62753039115782,0.19545131272724184,9.23171166766871,0.002760231548889665,-66.77667637449869,1.2223112223977903,0.5379880081592529,-4344.554242455954,67.85102063701136,0.2535354889544826,1467.1382499889255,-231.35857757710596
2025-01-01 00:14:00,1.3400934085767575,0.176826705157016,0.9006625,0.022334890142945957,0.0029471117526169337,0.015011041666666667,0.016598558403664324,0.22272193350642625,1.0507729166666668,0.05,0.0,0.9006625,0.0,0.16224337182368267,0,0.01458333333333334,1,0,0,Off,0,0,Off,0,0,Off,0.03506475048252919,0.026298562861896885,On,0,0,Off,0.004021034356725146,0.0,On,0.012577524046939178,0,On,0.006397437741515965,0,On,0.1812597452823811,0.1359448089617858,On,On,17415.9303113141,20.000000000000057,0.8,4751.49537424146,26.39581596111111,1.0507729166666668,1,21116.65276888889,21116.65276888889,Off,0.0,23.888888888888914,0,0.0,0.05,0.0,0.0,0,0,0,11489.55984,Off,0.0,0,83.72770905098629,51.666666666666686,46.10666666666668,0.0,51.26788112752343,0.0,0.0,0.0,130.82454539216607,51.31469734207433,51.33810544934978,51.26788112752343,12.43753247303448,20.10834257664106,0.0,9.090155722769268,-1.5927377201738966,2.8,9.236100170605994,14608.33006802114,403.7947606460084,1220.3937391026702,-3048.1326517304574,-0.0,-0.0,358.6315381847684,0.0,2.0,0.1351327854419817,0.0,0,1.2647091734178473,131.99922844444444,-118.09912974727273,0.19326986504912874,9.313251977088044,0.0027600000462899956,-67.50108050598757,1.2215616882315614,0.5384188127365046,-4413.664068469675,65.9634548742232,0.2531131553706391,1448.9975233264506,-228.6037842237803
2025-01-01 00:15:00,0.28932049191009057,0.176826705157016,0.0,0.0048220081985015095,0.0029471117526169337,0.0,0.016598558403664324,0.22272193350642625,0.0,0.05,0.0,0.0,0.0,0.16224337182368267,0,0.01458333333333334,1,0,0,Off,0,0,Off,0,0,Off,0.03506475048252919,0.026298562861896885,On,0,0,Off,0.004021034356725146,0.0,On,0.012577524046939178,0,On,0.006397437741515965,0,On,0.1812597452823811,0.1359448089617858,On,Off,0.0,20.000000000000057,0.0,0.0,0.0,0.0,0,0.0,21116.65276888889,Off,0.0,23.888888888888914,0,0.0,0.05,0.0,0.0,0,0,0,11489.55984,Off,0.0,0,83.21257328478147,51.666666666666686,46.10666666666668,0.0,51.249464777277424,0.0,0.0,0.0,130.01964575747104,51.29730353573787,51.3212229149681,51.249464777277424,12.43753247303448,20.282906622005648,0.0,9.177923716855101,-1.545557031704295,2.8,9.236100170605994,-2861.5002163611334,-4414.395291164404,1205.2273512963923,-3093.0110286121153,-0.0,-0.0,358.6315381847684,0.0,2.0,0.13575323219990026,0.0,0,1.2705159412113955,131.99922844444444,-127.12072593378643,0.19117822294669815,9.39311819754118,0.0027597658887249747,-68.19784977607378,1.2208351503376487,0.5388227461241887,-4478.606369679006,64.21107851460235,0.2526937217400959,1431.0590609930957,-225.83170969670337
2025-01-01 00:16:00,0.28932049191009057,0.176826705157016,0.0,0.0048220081985015095,0.0029471117526169337,0.0,0.016598558403664324,0.22272193350642625,0.0,0.05,0.0,0.0,0.0,0.16224337182368267,0,0.01458333333333334,1,0,0,Off,0,0,Off,0,0,Off,0.03506475048252919,0.026298562861896885,On,0,0,Off,0.004021034356725146,0.0,On,0.012577524046939178,0,On,0.006397437741515965,0,On,0.1812597452823811,0.1359448089617858,On,Off,0.0,20.000000000000057,0.0,0.0,0.0,0.0,0,0.0,21116.65276888889,Off,0.0,23.888888888888914,0,0.0,0.05,0.0,0.0,0,0,0,11489.55984,Off,0.0,0,83.55981544500276,51.666666666666686,46.10666666666668,0.0,51.23116255800468,0.0,0.0,0.0,130.5622116328168,51.28001674501017,51.304443838512924,51.23116255800468,12.43753247303448,20.1361735396142,0.0,9.088835765839011,-1.4987649354991723,2.8,9.236100170605994,-2815.2617080889013,-4346.361218127925,1190.2527617803717,-3055.270226504749,-0.0,-0.0,358.6315381847684,0.0,2.0,0.13523176932932765,0.0,0,1.265635564670255,131.99922844444444,-118.6230197689205,0.19290450420803787,9.326013348009743,0.002759529173316158,-67.4259315208462,1.221446117024387,0.5384127356045196,-4412.688077129705,66.32685900177933,0.2522770539185086,1413.3154296656967,-223.06266788532514
2025-01-01 00:17:00,0.28932049191009057,0.176826705157016,0.0,0.0048220081985015095,0.0029471117526169337,0.0,0.016598558403664324,0.22272193350642625,0.0,0.05,0.0,0.0,0.0,0.16224337182368267,0,0.01458333333333334,1,0,0,Off,0,0,Off,0,0,Off,0.03506475048252919,0.026298562861896885,On,0,0,Off,0.004021034356725146,0.0,On,0.012577524046939178,0,On,0.006397437741515965,0,On,0.1812597452823811,0.1359448089617858,On,Off,0.0,20.000000000000057,0.0,0.0,0.0,0.0,0,0.0,21116.65276888889,Off,0.0,23.888888888888914,0,0.0,0.05,0.0,0.0,0,0,0,11489.55984,Off,0.0,0,83.89374972135259,51.666666666666686,46.10666666666668,0.0,51.21278447744074,0.0,0.0,0.0,131.08398393961343,51.26265781731665,51.2875944872546,51.21278447744074,12.43753247303448,19.994327995857443,0.0,9.00578971729161,-1.4523495883645483,2.8,9.236100170605994,-2771.6894870504175,-4283.292879909805,1175.447444163236,-3018.961449532161,-0.0,-0.0,358.6315381847684,0.0,2.0,0.13472702143250223,0.0,0,1.2609116237458484,131.99922844444444,-111.35957570302456,0.19458964521754077,9.260694002640008,0.002759295254307931,-66.67745172515276,1.2220373181651467,0.5380302504183339,-4351.323795305681,68.03091539587635,0.25186305991245694,1395.7610932041894,-220.3136490409534
2025-01-01 00:18:00,0.28932049191009057,0.176826705157016,0.0,0.0048220081985015095,0.0029471117526169337,0.0,0.016598558403664324,0.22272193350642625,0.0,0.05,0.0,0.0,0.0,0.16224337182368267,0,0.01458333333333334,1,0,0,Off,0,0,Off,0,0,Off,0.03506475048252919,0.026298562861896885,On,0,0,Off,0.004021034356725146,0.0,On,0.012577524046939178,0,On,0.006397437741515965,0,On,0.1812597452823811,0.1359448089617858,On,Off,0.0,20.000000000000057,0.0,0.0,0.0,0.0,0,0.0,21116.65276888889,Off,0.0,23.888888888888914,0,0.0,0.05,0.0,0.0,0,0,0,11489.55984,Off,0.0,0,84.21538155732739,51.666666666666686,46.10666666666668,0.0,51.194333469746006,0.0,0.0,0.0,131.58653368332403,51.24522951727079,51.27067754103319,51.194333469746006,12.43753247303448,19.85699803621316,0.0,8.928216475364911,-1.4063031548909528,2.8,9.236100170605994,-2729.4485893404794,-4224.422556158166,1160.7933149334724,-2983.9727124686865,-0.0,-0.0,358.6315381847684,0.0,2.0,0.13423772890325958,0.0,0,1.2563323297707107,131.99922844444444,-104.1074150565612,0.19623662792523966,9.197691975306793,0.0027590640438908036,-65.95070620508855,1.2226102475615128,0.5376727255540635,-4294.0762963971565,69.65374023899074,0.2514516828700792,1378.392077313141,-217.59876237966856
2025-01-01 00:19:00,0.28932049191009057,0.176826705157016,0.0,0.0048220081985015095,0.0029471117526169337,0.0,0.016598558403664324,0.22272193350642625,0.0,0.05,0.0,0.0,0.0,0.16224337182368267,0,0.01458333333333334,1,0,0,Off,0,0,Off,0,0,Off,0.03506475048252919,0.026298562861896885,On,0,0,Off,0.004021034356725146,0.0,On,0.012577524046939178,0,On,0.006397437741515965,0,On,0.1812597452823811,0.1359448089617858,On,Off,0.0,20.000000000000057,0.0,0.0,0.0,0.0,0,0.0,21116.65276888889,Off,0.0,23.888888888888914,0,0.0,0.05,0.0,0.0,0,0,0,11489.55984,Off,0.0,0,84.5254607460315,51.666666666666686,46.10666666666668,0.0,51.17581224746813,0.0,0.0,0.0,132.0710324156742,51.227734400612725,51.25369547718503,51.17581224746813,12.43753247303448,19.72390677667342,0.0,8.855650889771583,-1.3606210981976965,2.8,9.236100170605994,-2688.6805338593895,-4169.412409880172,1146.2760583131653,-2950.218326770484,-0.0,-0.0,358.6315381847684,0.0,2.0,0.13376296296350418,0.0,0,1.2518889903007877,131.99922844444444,-97.09374527367363,0.19784745941623683,9.13615329915666,0.002758835460699978,-65.24442277845483,1.2231660094541748,0.5373380649739518,-4240.58808695495,71.1756770747781,0.2510428950248886,1361.2056826713067,-214.92962435814133
2025-01-01 00:20:00,0.28932049191009057,0.176826705157016,0.0,0.0048220081985015095,0.0029471117526169337,0.0,0.016598558403664324,0.22272193350642625,0.0,0.05,0.0,0.0,0.0,0.16224337182368267,0,0.01458333333333334,1,0,0,Off,0,0,Off,0,0,Off,0.03506475048252919,0.026298562861896885,On,0,0,Off,0.004021034356725146,0.0,On,0.012577524046939178,0,On,0.006397437741515965,0,On,0.1812597452823811,0.1359448089617858,On,Off,0.0,20.000000000000057,0.0,0.0,0.0,0.0,0,0.0,21116.65276888889,Off,0.0,23.888888888888914,0,0.0,0.05,0.0,0.0,0,0,0,11489.55984,Off,0.0,0,84.82462072876207,51.666666666666686,46.10666666666668,0.0,51.157223357871565,0.0,0.0,0.0,132.53846988869074,51.21017486731866,51.23665062204222,51.157223357871565,12.43753247303448,19.594820540940326,0.0,8.787693785609836,-1.3153015706469497,2.8,9.236100170605994,-2649.360038474633,-4117.956022234657,1131.8845420874911,-2917.625180854265,-0.0,-0.0,358.6315381847684,0.0,2.0,0.13330194278985055,0.0,0,1.247574297601726,131.99922844444444,-90.36639580513568,0.1994237549055366,9.075968683490654,0.0027586094282141304,-64.55752485655563,1.2237055331359046,0.5370244688486042,-4190.552715753042,72.59669351838517,0.250636692471863,1344.2002400442782,-212.31569795678703
2025-01-01 00:21:00,0.28932049191009057,0.176826705157016,0.0,0.0048220081985015095,0.0029471117526169337,0.0,0.016598558403664324,0.22272193350642625,0.0,0.05,0.0,0.0,0.0,0.16224337182368267,0,0.01458333333333334,1,0,0,Off,0,0,Off,0,0,Off,0.03506475048252919,0.026298562861896885,On,0,0,Off,0.004021034356725146,0.0,On,0.012577524046939178,0,On,0.006397437741515965,0,On,0.1812597452823811,0.1359448089617858,On,Off,0.0,20.000000000000057,0.0,0.0,0.0,0.0,0,0.0,21116.65276888889,Off,0.0,23.888888888888914,0,0.0,0.05,0.0,0.0,0,0,0,11489.55984,Off,0.0,0,85.11341094536724,51.666666666666686,46.10666666666668,0.0,51.138569208576676,0.0,0.0,0.0,132.9897046021363,51.192553185772105,51.21954517436982,51.138569208576676,12.43753247303448,19.46953682788137,-0.030463172118686543,8.72399620682981,-1.2703448915618847,2.8,9.236100170605994,-2611.448834520304,-4069.783652788723,1117.6103128492919,-2886.12940057012,-0.0,-0.0,358.6315381847684,0.0,2.0,0.13285399367897402,0.0,0,1.243381937117947,131.99922844444444,-83.95097213495211,0.2009668599699849,9.01844916694553,0.002758385874021406,-63.88907688131136,1.224229622218705,0.5367303624504716,-4143.70269096905,73.91903818032742,0.2502330906701501,1327.3749017603736,-209.7645889110817
2025-01-01 00:22:00,0.28932049191009057,0.176826705157016,0.0,0.0048220081985015095,0.0029471117526169337,0.0,0.016598558403664324,0.22272193350642625,0.0,0.05,0.0,0.0,0.0,0.16224337182368267,0,0.01458333333333334,1,0,0,Off,0,0,Off,0,0,Off,0.03506475048252919,0.026298562861896885,On,0,0,Off,0.004021034356725146,0.0,On,0.012577524046939178,0,On,0.006397437741515965,0,On,0.1812597452823811,0.1359448089617858,On,Off,0.0,20.000000000000057,0.0,0.0,0.0,0.0,0,0.0,21116.65276888889,Off,0.0,23.888888888888914,0,0.0,0.05,0.0,0.0,0,0,0,11489.55984,Off,0.0,0,85.3923213796056,51.666666666666686,46.10666666666668,0.0,51.1198520860709,0.0,0.0,0.0,133.42550215563375,51.174871510214516,51.202381222286334,51.1198520860709,12.43753247303448,19.347875180974413,-0.15212481902564434,8.664248109126476,-1.2257531006111628,2.8,9.236100170605994,-2574.8962833821956,-4024.654518289673,1103.4471604100331,-2855.6738344922373,-0.0,-0.0,358.6315381847684,0.0,2.0,0.13241851523089712,0.0,0,1.2393062896996891,131.99922844444444,-77.85398707472642,0.20247794534739075,8.961394530338442,0.002758164729287797,-63.23824287812287,1.2247389920828062,0.5364543451616264,-4099.8007989466305,75.14628065695771,0.249832120579682,1310.729464659907,-207.28230424987393
2025-01-01 00:23:00,0.28932049191009057,0.176826705157016,0.0,0.0048220081985015095,0.0029471117526169337,0.0,0.016598558403664324,0.22272193350642625,0.0,0.05,0.0,0.0,0.0,0.16224337182368267,0,0.01458333333333334,1,0,0,Off,0,0,Off,0,0,Off,0.03506475048252919,0.026298562861896885,On,0,0,Off,0.004021034356725146,0.0,On,0.012577524046939178,0,On,0.006397437741515965,0,On,0.1812597452823811,0.1359448089617858,On,Off,0.0,20.000000000000057,0.0,0.0,0.0,0.0,0,0.0,21116.65276888889,Off,0.0,23.888888888888914,0,0.0,0.05,0.0,0.0,0,0,0,11489.55984,Off,0.0,0,85.66179770842801,51.666666666666686,46.10666666666668,0.0,51.10107416881171,0.0,0.0,0.0,133.84655891941875,51.15713189309693,51.185160755239544,51.10107416881171,12.43753247303448,19.229671554722927,-0.27032844527712996,8.60817048782854,-1.1815295769480414,2.8,9.236100170605994,-2539.6467657752,-3982.362390872065,1089.3907424404501,-2826.2064819403085,-0.0,-0.0,358.6315381847684,0.0,2.0,0.13199496179687092,0.0,0,1.2353422486145185,131.99922844444444,-72.07182201965986,0.20395806400667893,8.90682664310959,0.002757945928378988,-62.604260918883234,1.2252342929137767,0.5361951550507461,-4058.6340368081383,76.27164593607301,0.2494338253503965,1294.2642202625707,-204.87347782212055
2025-01-01 00:24:00,1.3400934085767575,0.176826705157016,0.9006625,0.022334890142945957,0.0029471117526169337,0.015011041666666667,0.016598558403664324,0.22272193350642625,1.0507729166666668,0.05,0.0,0.9006625,0.0,0.16224337182368267,0,0.01458333333333334,1,0,0,Off,0,0,Off,0,0,Off,0.03506475048252919,0.026298562861896885,On,0,0,Off,0.004021034356725146,0.0,On,0.012577524046939178,0,On,0.006397437741515965,0,On,0.1812597452823811,0.1359448089617858,On,On,17415.9303113141,20.000000000000057,0.8,4751.49537424146,26.39581596111111,1.0507729166666668,1,21116.65276888889,21116.65276888889,Off,0.0,23.888888888888914,0,0.0,0.05,0.0,0.0,0,0,0,11489.55984,Off,0.0,0,85.92225106744847,51.666666666666686,46.10666666666668,0.0,51.082237536991634,0.0,0.0,0.0,134.25351729288823,51.13933629428428,51.16788567293061,51.082237536991634,12.43753247303448,19.11477468421967,-0.3852253157803851,8.555509312776318,-1.1376787154410266,2.8,9.236100170605994,14910.287207278205,808.8219629366595,1075.4382615360432,-2797.679462619384,-0.0,-0.0,358.6315381847684,0.0,2.0,0.1315828299466445,0.0,0,1.2314851022533726,131.99922844444444,-66.59517960128171,0.20540818668846378,8.85327361417039,0.002757729408577061,-61.986426696924305,1.2257161244896428,0.535951641590491,-4020.0089350894136,77.33552378461326,0.24903825749280015,1277.9798284497688,-202.54156691372557
2025-01-01 00:25:00,1.3400934085767575,0.176826705157016,0.9006625,0.022334890142945957,0.0029471117526169337,0.015011041666666667,0.016598558403664324,0.22272193350642625,1.0507729166666668,0.05,0.0,0.9006625,0.0,0.16224337182368267,0,0.01458333333333334,1,0,0,Off,0,0,Off,0,0,Off,0.03506475048252919,0.026298562861896885,On,0,0,Off,0.004021034356725146,0.0,On,0.012577524046939178,0,On,0.006397437741515965,0,On,0.1812597452823811,0.1359448089617858,On,On,17415.9303113141,20.000000000000057,0.8,4751.49537424146,26.39581596111111,1.0507729166666668,1,21116.65276888889,21116.65276888889,Off,0.0,23.888888888888914,0,0.0,0.05,0.0,0.0,0,0,0,11489.55984,Off,0.0,0,85.32557701950857,51.666666666666686,46.10666666666668,0.0,51.06334418015155,0.0,0.0,0.0,133.32121409298213,51.12148658823118,51.150557792270995,51.06334418015155,12.43753247303448,19.31927114095042,-0.18072885904963698,8.677526849185996,-1.094205652422562,2.8,9.236100170605994,14847.593386925657,716.5011877795746,1061.5881877417849,-2848.531956238006,-0.0,-0.0,358.6315381847684,0.0,2.0,0.1323160606453842,0.0,0,1.2383474161462942,131.99922844444444,-78.43650633520676,0.2027913189469468,8.947999818305707,0.0027575151098584607,-62.833842316408386,1.224859254048068,0.5365157010078229,-4109.554171687445,74.55998522555956,0.24864547646739593,1261.877211437973,-200.2890236961882
2025-01-01 00:26:00,1.3400934085767575,0.176826705157016,0.9006625,0.022334890142945957,0.0029471117526169337,0.015011041666666667,0.016598558403664324,0.22272193350642625,1.0507729166666668,0.05,0.0,0.9006625,0.0,0.16224337182368267,0,0.01458333333333334,1,0,0,Off,0,0,Off,0,0,Off,0.03506475048252919,0.026298562861896885,On,0,0,Off,0.004021034356725146,0.0,On,0.012577524046939178,0,On,0.006397437741515965,0,On,0.1812597452823811,0.1359448089617858,On,On,17415.9303113141,20.000000000000057,0.8,4751.49537424146,26.39581596111111,1.0507729166666668,1,21116.65276888889,21116.65276888889,Off,0.0,23.888888888888914,0,0.0,0.05,0.0,0.0,0,0,0,11489.55984,Off,0.0,0,84.74707707006488,51.666666666666686,46.10666666666668,0.0,51.04458293100207,0.0,0.0,0.0,132.41730792197637,51.103760836755995,51.133349789632966,51.04458293100207,12.43753247303448,19.517118394374524,0.0,8.791519636241517,-1.0511160342469437,2.8,9.236100170605994,14787.600292597337,630.3950230772725,1047.8400191959136,-2898.0752588097253,-0.0,-0.0,358.6315381847684,0.0,2.0,0.1330241795801609,0.0,0,1.2449747087737186,131.99922844444444,-88.88629809180692,0.20029438822337964,9.038790849933187,0.0027572977294992164,-63.64688035192825,1.2240313918564036,0.5370421285549871,-4193.368170687364,72.26781952317626,0.24825554663741348,1245.9574652037745,-198.11744600786096
2025-01-01 00:27:00,1.3400934085767575,0.176826705157016,0.9006625,0.022334890142945957,0.0029471117526169337,0.015011041666666667,0.016598558403664324,0.22272193350642625,1.0507729166666668,0.05,0.0,0.9006625,0.0,0.16224337182368267,0,0.01458333333333334,1,0,0,Off,0,0,Off,0,0,Off,0.03506475048252919,0.026298562861896885,On,0,0,Off,0.004021034356725146,0.0,On,0.012577524046939178,0,On,0.006397437741515965,0,On,0.1812597452823811,0.1359448089617858,On,On,17415.9303113141,20.000000000000057,0.8,4751.49537424146,26.39581596111111,1.0507729166666668,1,21116.65276888889,21116.65276888889,Off,0.0,23.888888888888914,0,0.0,0.05,0.0,0.0,0,0,0,11489.55984,Off,0.0,0,84.18555177832813,51.666666666666686,46.10666666666668,0.0,51.025949780537225,0.0,0.0,0.0,131.5399246536377,51.08615526432549,51.116258006219624,51.025949780537225,12.43753247303448,19.70875968808549,0.0,8.898185172223108,-1.0084158227676605,2.8,9.236100170605994,14729.00613252148,549.6470801587175,1034.1940771132188,-2946.386394585429,-0.0,-0.0,358.6315381847684,0.0,2.0,0.13370889405234132,0.0,0,1.2513829587872605,131.99922844444444,-99.16932239196151,0.19790794926030555,9.127322483868099,0.00275707738742285,-64.42780255756261,1.2232305712758793,0.5375342513802033,-4271.932698322368,70.08440423962526,0.24786853553590574,1230.221785879952,-196.02770876673327
2025-01-01 00:28:00,1.3400934085767575,0.176826705157016,0.9006625,0.022334890142945957,0.0029471117526169337,0.015011041666666667,0.016598558403664324,0.22272193350642625,1.0507729166666668,0.05,0.0,0.9006625,0.0,0.16224337182368267,0,0.01458333333333334,1,0,0,Off,0,0,Off,0,0,Off,0.03506475048252919,0.026298562861896885,On,0,0,Off,0.004021034356725146,0.0,On,0.012577524046939178,0,On,0.006397437741515965,0,On,0.1812597452823811,0.1359448089617858,On,On,17415.9303113141,20.000000000000057,0.8,4751.49537424146,26.39581596111111,1.0507729166666668,1,21116.65276888889,21116.65276888889,Off,0.0,23.888888888888914,0,0.0,0.05,0.0,0.0,0,0,0,11489.55984,Off,0.0,0,83.64007073412124,51.666666666666686,46.10666666666668,0.0,51.00744098414293,0.0,0.0,0.0,130.68761052206443,51.06866634458126,51.09927902480044,51.00744098414293,12.43753247303448,19.89453824875898,0.0,8.998105312133541,-0.9661111328829926,2.8,9.236100170605994,14671.978580143605,473.8913944057804,1020.6513324427165,-2993.5210961541825,-0.0,-0.0,358.6315381847684,0.0,2.0,0.13437154072169918,0.0,0,1.2575846759999312,131.99922844444444,-109.06217320108311,0.19562427577149394,9.212398703289253,0.002756854195813058,-65.1783921194064,1.2224552564973463,0.5379948446084051,-4345.649718096694,68.04573826101438,0.24748451240701067,1214.6714090728688,-194.02007663015226
2025-01-01 00:29:00,1.3400934085767575,0.176826705157016,0.9006625,0.022334890142945957,0.0029471117526169337,0.015011041666666667,0.016598558403664324,0.22272193350642625,1.0507729166666668,0.05,0.0,0.9006625,0.0,0.16224337182368267,0,0.01458333333333334,1,0,0,Off,0,0,Off,0,0,Off,0.03506475048252919,0.026298562861896885,On,0,0,Off,0.004021034356725146,0.0,On,0.012577524046939178,0,On,0.006397437741515965,0,On,0.1812597452823811,0.1359448089617858,On,On,17415.9303113141,20.000000000000057,0.8,4751.49537424146,26.39581596111111,1.0507729166666668,1,21116.65276888889,21116.65276888889,Off,0.0,23.888888888888914,0,0.0,0.05,0.0,0.0,0,0,0,11489.55984,Off,0.0,0,83.10983053684589,51.666666666666686,46.10666666666668,0.0,50.98905300231812,0.0,0.0,0.0,129.8591102138217,51.05129074445071,51.082409615517015,50.98905300231812,12.43753247303448,20.074750160882548,0.0,9.091788001723394,-0.9242080978200251,2.8,9.236100170605994,14616.513180817201,402.77136582532694,1007.2132586250078,-3039.5263062953354,-0.0,-0.0,358.6315381847684,0.0,2.0,0.13501327732180854,0.0,0,1.2635906956525398,131.99922844444444,-118.52236238633377,0.19343660791657866,9.294192465592443,0.0027566282607980144,-65.90019985591243,1.2217041188380846,0.5384263277161275,-4414.871022443078,66.14701402694506,0.24710354698534526,1199.3075602833014,-192.0943016582936
2025-01-01 00:30:00,0.28932049191009057,0.176826705157016,0.0,0.0048220081985015095,0.0029471117526169337,0.0,0.016598558403664324,0.22272193350642625,0.0,0.05,0.0,0.0,0.0,0.16224337182368267,0,0.01458333333333334,1,0,0,Off,0,0,Off,0,0,Off,0.03506475048252919,0.026298562861896885,On,0,0,Off,0.004021034356725146,0.0,On,0.012577524046939178,0,On,0.006397437741515965,0,On,0.1812597452823811,0.1359448089617858,On,Off,0.0,20.000000000000057,0.0,0.0,0.0,0.0,0,0.0,21116.65276888889,Off,0.0,23.888888888888914,0,0.0,0.05,0.0,0.0,0,0,0,11489.55984,Off,0.0,0,82.5941206747864,51.666666666666686,46.10666666666668,0.0,50.9707824726862,0.0,0.0,0.0,129.05331355435374,51.034025297761694,51.06564671029944,50.9707824726862,12.43753247303448,20.249657056842402,0.0,9.17968340095394,-0.8827127583247811,2.8,9.236100170605994,-2853.34145539741,-4415.525099614122,993.8817068233454,-3084.4428979279974,-0.0,-0.0,358.6315381847684,0.0,2.0,0.13563512957208804,0.0,0,1.2694106174640136,131.99922844444444,-127.53009565418047,0.1913389353342519,9.374309829663762,0.0027563996832521047,-66.59460474528652,1.2209759821414772,0.5388308415968274,-4479.9093344780595,64.38423486393697,0.2467257084815188,1184.131414830773,-190.24970800742773
2025-01-01 00:31:00,0.28932049191009057,0.176826705157016,0.0,0.0048220081985015095,0.0029471117526169337,0.0,0.016598558403664324,0.22272193350642625,0.0,0.05,0.0,0.0,0.0,0.16224337182368267,0,0.01458333333333334,1,0,0,Off,0,0,Off,0,0,Off,0.03506475048252919,0.026298562861896885,On,0,0,Off,0.004021034356725146,0.0,On,0.012577524046939178,0,On,0.006397437741515965,0,On,0.1812597452823811,0.1359448089617858,On,Off,0.0,20.000000000000057,0.0,0.0,0.0,0.0,0,0.0,21116.65276888889,Off,0.0,23.888888888888914,0,0.0,0.05,0.0,0.0,0,0,0,11489.55984,Off,0.0,0,82.94078521782403,51.666666666666686,46.10666666666668,0.0,50.952626189524594,0.0,0.0,0.0,129.59497690285005,51.016866985945555,51.04898738415604,50.952626189524594,12.43753247303448,20.1032682565963,0.0,9.090702737218535,-0.8416309724221673,2.8,9.236100170605994,-2807.2180908033956,-4347.578229672079,980.6588007678404,-3046.83199694406,-0.0,-0.0,358.6315381847684,0.0,2.0,0.1351147353937681,0.0,0,1.2645402428250105,131.99922844444444,-119.01763204410409,0.193063373234472,9.306634701338147,0.002756168559384335,-65.83211860683028,1.2215856502924853,0.538421331191762,-4414.0685432095415,66.49031353746213,0.24635106474582819,1169.1440658940826,-188.4852651262422
2025-01-01 00:32:00,0.28932049191009057,0.176826705157016,0.0,0.0048220081985015095,0.0029471117526169337,0.0,0.016598558403664324,0.22272193350642625,0.0,0.05,0.0,0.0,0.0,0.16224337182368267,0,0.01458333333333334,1,0,0,Off,0,0,Off,0,0,Off,0.03506475048252919,0.026298562861896885,On,0,0,Off,0.004021034356725146,0.0,On,0.012577524046939178,0,On,0.006397437741515965,0,On,0.1812597452823811,0.1359448089617858,On,Off,0.0,20.000000000000057,0.0,0.0,0.0,0.0,0,0.0,21116.65276888889,Off,0.0,23.888888888888914,0,0.0,0.05,0.0,0.0,0,0,0,11489.55984,Off,0.0,0,83.27414177291034,51.666666666666686,46.10666666666668,0.0,50.934394161347,0.0,0.0,0.0,130.1158465201724,50.99963665715925,51.03225790506538,50.934394161347,12.43753247303448,19.961767153641752,0.0,9.007745073835034,-0.8009683429331894,2.8,9.236100170605994,-2763.7569639522244,-4284.582376192167,967.5468499607198,-3010.6510233985787,-0.0,-0.0,358.6315381847684,0.0,2.0,0.13461106504654835,0.0,0,1.2598263866988015,131.99922844444444,-111.73747873841394,0.19474655112600836,9.242190938941047,0.002755940195836636,-65.09286734605092,1.222175545029526,0.5380392593296535,-4352.767718469916,68.18534227774819,0.2459796815865881,1154.3464994987858,-186.79964953806598
2025-01-01 00:33:00,0.28932049191009057,0.176826705157016,0.0,0.0048220081985015095,0.0029471117526169337,0.0,0.016598558403664324,0.22272193350642625,0.0,0.05,0.0,0.0,0.0,0.16224337182368267,0,0.01458333333333334,1,0,0,Off,0,0,Off,0,0,Off,0.03506475048252919,0.026298562861896885,On,0,0,Off,0.004021034356725146,0.0,On,0.012577524046939178,0,On,0.006397437741515965,0,On,0.1812597452823811,0.1359448089617858,On,Off,0.0,20.000000000000057,0.0,0.0,0.0,0.0,0,0.0,21116.65276888889,Off,0.0,23.888888888888914,0,0.0,0.05,0.0,0.0,0,0,0,11489.55984,Off,0.0,0,83.59519462278159,51.666666666666686,46.10666666666668,0.0,50.91608932233907,0.0,0.0,0.0,130.61749159809622,50.982337076037894,51.01546095288731,50.91608932233907,12.43753247303448,19.82478222612895,0.0,8.930242404848908,-0.7607301603339124,2.8,9.236100170605994,-2721.6233612312226,-4225.770677306867,954.5482775215144,-2975.7882368405344,-0.0,-0.0,358.6315381847684,0.0,2.0,0.1341228599471033,0.0,0,1.2552572699906832,131.99922844444444,-104.46666257545661,0.19639145100879615,9.17863089060949,0.002755714505645056,-64.3751629539509,1.2227471588085994,0.5376820658197319,-4295.570496638296,69.79981933142957,0.24561162222284993,1139.7395754497425,-185.19129792822812
2025-01-01 00:34:00,0.28932049191009057,0.176826705157016,0.0,0.0048220081985015095,0.0029471117526169337,0.0,0.016598558403664324,0.22272193350642625,0.0,0.05,0.0,0.0,0.0,0.16224337182368267,0,0.01458333333333334,1,0,0,Off,0,0,Off,0,0,Off,0.03506475048252919,0.026298562861896885,On,0,0,Off,0.004021034356725146,0.0,On,0.012577524046939178,0,On,0.006397437741515965,0,On,0.1812597452823811,0.1359448089617858,On,Off,0.0,20.000000000000057,0.0,0.0,0.0,0.0,0,0.0,21116.65276888889,Off,0.0,23.888888888888914,0,0.0,0.05,0.0,0.0,0,0,0,11489.55984,Off,0.0,0,83.91014969237004,51.666666666666686,46.10666666666668,0.0,50.96497079858437,0.0,0.0,0.0,131.10960889432818,50.96497079858437,50.964970798584375,50.96497079858437,12.43753247303448,19.692036961216306,0.0,8.857730668376071,-0.7209213585665022,2.8,9.236100170605994,-2680.959262127576,-4170.8062018899755,941.6655587921216,-2942.158146877278,-0.0,-0.0,358.6315381847684,0.0,2.0,0.1336491922371139,0.0,0,1.2508242088647983,131.99922844444444,-97.43265343506648,0.19800007937571903,9.117254013394447,0.0027554914082234504,-63.67774563637659,1.223301594676756,0.5373476594730183,-4242.12023693171,71.31403504173467,0.24524694685121268,1125.3240132363537,-183.6584544442321
2025-01-01 00:35:00,0.28932049191009057,0.176826705157016,0.0,0.0048220081985015095,0.0029471117526169337,0.0,0.016598558403664324,0.22272193350642625,0.0,0.05,0.0,0.0,0.0,0.16224337182368267,0,0.01458333333333334,1,0,0,Off,0,0,Off,0,0,Off,0.03506475048252919,0.026298562861896885,On,0,0,Off,0.004021034356725146,0.0,On,0.012577524046939178,0,On,0.006397437741515965,0,On,0.1812597452823811,0.1359448089617858,On,Off,0.0,20.000000000000057,0.0,0.0,0.0,0.0,0,0.0,21116.65276888889,Off,0.0,23.888888888888914,0,0.0,0.05,0.0,0.0,0,0,0,11489.55984,Off,0.0,0,84.20871885718304,51.666666666666686,46.10666666666668,0.0,50.946484815339865,0.0,0.0,0.0,131.5761232143485,50.947539091566995,50.94806622968057,50.946484815339865,12.43753247303448,19.563297993343795,0.0,8.789811765258198,-0.6815464818229967,2.8,9.236100170605994,-2641.739760149856,-4119.38339599823,928.90117056518,-2909.6878093540836,-0.0,-0.0,358.6315381847684,0.0,2.0,0.1331892818550363,0.0,0,1.246519902716877,131.99922844444444,-90.68348898054052,0.1995740509139253,9.057939036423903,0.002755270827777722,-62.99954931561076,1.2238397809331345,0.5370342452818323,-4192.111322118006,72.72792611977567,0.24488571230991008,1111.1003821057132,-182.19921154053316
2025-01-01 00:36:00,0.28932049191009057,0.176826705157016,0.0,0.0048220081985015095,0.0029471117526169337,0.0,0.016598558403664324,0.22272193350642625,0.0,0.05,0.0,0.0,0.0,0.16224337182368267,0,0.01458333333333334,1,0,0,Off,0,0,Off,0,0,Off,0.03506475048252919,0.026298562861896885,On,0,0,Off,0.004021034356725146,0.0,On,0.012577524046939178,0,On,0.006397437741515965,0,On,0.1812597452823811,0.1359448089617858,On,Off,0.0,20.000000000000057,0.0,0.0,0.0,0.0,0,0.0,21116.65276888889,Off,0.0,23.888888888888914,0,0.0,0.05,0.0,0.0,0,0,0,11489.55984,Off,0.0,0,84.49691448352549,51.666666666666686,46.10666666666668,0.0,50.92793371822903,0.0,0.0,0.0,132.02642888050858,50.930045359035134,50.9311011794382,50.92793371822903,12.43753247303448,19.438363077520112,-0.0616369224799449,8.726137791792349,-0.6426096606402479,2.8,9.236100170605994,-2603.926930053995,-4071.2333615768557,916.2575495841751,-2878.313492419889,-0.0,-0.0,358.6315381847684,0.0,2.0,0.1327424547067873,0.0,0,1.2423380426932393,131.99922844444444,-84.24497581887417,0.20111471086047134,8.999879512180211,0.002755052692579514,-62.33964753620567,1.2243625203856536,0.5367402532597276,-4145.277069005238,74.04370742838265,0.2445279718260468,1097.0690946295535,-180.8115450453785
2025-01-01 00:37:00,0.28932049191009057,0.176826705157016,0.0,0.0048220081985015095,0.0029471117526169337,0.0,0.016598558403664324,0.22272193350642625,0.0,0.05,0.0,0.0,0.0,0.16224337182368267,0,0.01458333333333334,1,0,0,Off,0,0,Off,0,0,Off,0.03506475048252919,0.026298562861896885,On,0,0,Off,0.004021034356725146,0.0,On,0.012577524046939178,0,On,0.006397437741515965,0,On,0.1812597452823811,0.1359448089617858,On,Off,0.0,20.000000000000057,0.0,0.0,0.0,0.0,0,0.0,21116.65276888889,Off,0.0,23.888888888888914,0,0.0,0.05,0.0,0.0,0,0,0,11489.55984,Off,0.0,0,84.77522600439579,51.666666666666686,46.10666666666668,0.0,50.909319794555834,0.0,0.0,0.0,132.46129063186842,50.91249175601395,50.91407773674301,50.909319794555834,12.43753247303448,19.317051963272075,-0.1829480367279821,8.666399726270054,-0.6041145958656873,2.8,9.236100170605994,-2567.4704428792475,-4026.116127963586,903.7370589811668,-2847.9781660718972,-0.0,-0.0,358.6315381847684,0.0,2.0,0.1323081108534587,0.0,0,1.2382730139592744,131.99922844444444,-78.12381499211843,0.20262322989532794,8.943691421116618,0.002754836934440362,-61.69721237383087,1.2248705277916967,0.5364642874163874,-4101.381043602078,75.26491563849143,0.24417377483369226,1083.2304031840004,-179.49334420283353
2025-01-01 00:38:00,1.3400934085767575,0.176826705157016,0.9006625,0.022334890142945957,0.0029471117526169337,0.015011041666666667,0.016598558403664324,0.22272193350642625,1.0507729166666668,0.05,0.0,0.9006625,0.0,0.16224337182368267,0,0.01458333333333334,1,0,0,Off,0,0,Off,0,0,Off,0.03506475048252919,0.026298562861896885,On,0,0,Off,0.004021034356725146,0.0,On,0.012577524046939178,0,On,0.006397437741515965,0,On,0.1812597452823811,0.1359448089617858,On,On,17415.9303113141,20.000000000000057,0.8,4751.49537424146,26.39581596111111,1.0507729166666668,1,21116.65276888889,21116.65276888889,Off,0.0,23.888888888888914,0,0.0,0.05,0.0,0.0,0,0,0,11489.55984,Off,0.0,0,85.04409866917246,51.666666666666686,46.10666666666668,0.0,50.89064522371563,0.0,0.0,0.0,132.88140417058196,50.89488033585253,50.89699789192098,50.89064522371563,12.43753247303448,19.199200765344354,-0.30079923465570246,8.610319551783997,-0.5660645492467755,2.8,9.236100170605994,14883.615352888215,767.6690492786793,891.3419615068227,-2818.6299332706762,-0.0,-0.0,358.6315381847684,0.0,2.0,0.13188570496701163,0.0,0,1.2343197127840784,131.99922844444444,-72.3165633399784,0.2041006612569215,8.888595483187256,0.0027546234883378553,-61.07148912479543,1.225364452884115,0.5362050903079421,-4060.2109909556325,76.38466599285123,0.2438231668521497,1069.584398842194,-178.24243733537136
2025-01-01 00:39:00,1.3400934085767575,0.176826705157016,0.9006625,0.022334890142945957,0.0029471117526169337,0.015011041666666667,0.016598558403664324,0.22272193350642625,1.0507729166666668,0.05,0.0,0.9006625,0.0,0.16224337182368267,0,0.01458333333333334,1,0,0,Off,0,0,Off,0,0,Off,0.03506475048252919,0.026298562861896885,On,0,0,Off,0.004021034356725146,0.0,On,0.012577524046939178,0,On,0.006397437741515965,0,On,0.1812597452823811,0.1359448089617858,On,On,17415.9303113141,20.000000000000057,0.8,4751.49537424146,26.39581596111111,1.0507729166666668,1,21116.65276888889,21116.65276888889,Off,0.0,23.888888888888914,0,0.0,0.05,0.0,0.0,0,0,0,11489.55984,Off,0.0,0,84.45545585126197,51.666666666666686,46.10666666666668,0.0,50.87191208693298,0.0,0.0,0.0,131.96164976759684,50.87721305940275,50.87986354563764,50.87191208693298,12.43753247303448,19.400885776899955,-0.0991142231001021,8.729137580306777,-0.5284623395611073,2.8,9.236100170605994,14821.791635715701,677.7132590707129,879.0743984106466,-2868.9282608406015,-0.0,-0.0,358.6315381847684,0.0,2.0,0.13260832067814102,0.0,0,1.2410826808952742,131.99922844444444,-83.8419529425664,0.20153759542808683,8.981676263499814,0.0027544122921357313,-61.899305558338405,1.2245198409029183,0.5367541073352085,-4147.482442578161,73.70032740741348,0.2434761894150822,1056.131012248743,-177.05661383809644
2025-01-01 00:40:00,1.3400934085767575,0.176826705157016,0.9006625,0.022334890142945957,0.0029471117526169337,0.015011041666666667,0.016598558403664324,0.22272193350642625,1.0507729166666668,0.05,0.0,0.9006625,0.0,0.16224337182368267,0,0.01458333333333334,1,0,0,Off,0,0,Off,0,0,Off,0.03506475048252919,0.026298562861896885,On,0,0,Off,0.004021034356725146,0.0,On,0.012577524046939178,0,On,0.006397437741515965,0,On,0.1812597452823811,0.1359448089617858,On,On,17415.9303113141,20.000000000000057,0.8,4751.49537424146,26.39581596111111,1.0507729166666668,1,21116.65276888889,21116.65276888889,Off,0.0,23.888888888888914,0,0.0,0.05,0.0,0.0,0,0,0,11489.55984,Off,0.0,0,83.88463367261316,51.666666666666686,46.10666666666668,0.0,50.853309302472034,0.0,0.0,0.0,131.06974011345807,50.859668069102824,50.86284745241823,50.853309302472034,12.43753247303448,19.59605164675881,0.0,8.84013053433479,-0.49131034325768375,2.8,9.236100170605994,14762.638174763315,593.8161222010722,866.9363717228325,-2917.935346772551,-0.0,-0.0,358.6315381847684,0.0,2.0,0.13330634209222644,0.0,0,1.2476154707193614,131.99922844444444,-93.98832796300364,0.19909102793118139,9.071605148193472,0.002754198085548322,-62.69370387468329,1.2237036448617227,0.5372664605794657,-4229.15601182203,71.47675978164241,0.24313288004154204,1042.8700160728972,-175.9336443500647
2025-01-01 00:41:00,1.3400934085767575,0.176826705157016,0.9006625,0.022334890142945957,0.0029471117526169337,0.015011041666666667,0.016598558403664324,0.22272193350642625,1.0507729166666668,0.05,0.0,0.9006625,0.0,0.16224337182368267,0,0.01458333333333334,1,0,0,Off,0,0,Off,0,0,Off,0.03506475048252919,0.026298562861896885,On,0,0,Off,0.004021034356725146,0.0,On,0.012577524046939178,0,On,0.006397437741515965,0,On,0.1812597452823811,0.1359448089617858,On,On,17415.9303113141,20.000000000000057,0.8,4751.49537424146,26.39581596111111,1.0507729166666668,1,21116.65276888889,21116.65276888889,Off,0.0,23.888888888888914,0,0.0,0.05,0.0,0.0,0,0,0,11489.55984,Off,0.0,0,83.33045188389112,51.666666666666686,46.10666666666668,0.0,50.834832939251,0.0,0.0,0.0,130.20383106857986,50.842241662848025,50.845946024646544,50.834832939251,12.43753247303448,19.78513453947882,0.0,8.943980925655229,-0.45461049868795994,2.8,9.236100170605994,14704.852958830535,515.151716975307,854.9297306097058,-2965.727912934652,-0.0,-0.0,358.6315381847684,0.0,2.0,0.13398144627522832,0.0,0,1.2539337779344657,131.99922844444444,-103.9809777336817,0.1967517986705163,9.158651643979997,0.0027539809851867963,-63.4568883682957,1.2229139325309704,0.5377454010757203,-4305.704446578239,69.3607893120861,0.24279327224082853,1029.8010286840538,-174.87129807434803
2025-01-01 00:42:00,1.3400934085767575,0.176826705157016,0.9006625,0.022334890142945957,0.0029471117526169337,0.015011041666666667,0.016598558403664324,0.22272193350642625,1.0507729166666668,0.05,0.0,0.9006625,0.0,0.16224337182368267,0,0.01458333333333334,1,0,0,Off,0,0,Off,0,0,Off,0.03506475048252919,0.026298562861896885,On,0,0,Off,0.004021034356725146,0.0,On,0.012577524046939178,0,On,0.006397437741515965,0,On,0.1812597452823811,0.1359448089617858,On,On,17415.9303113141,20.000000000000057,0.8,4751.49537424146,26.39581596111111,1.0507729166666668,1,21116.65276888889,21116.65276888889,Off,0.0,23.888888888888914,0,0.0,0.05,0.0,0.0,0,0,0,11489.55984,Off,0.0,0,82.79199725263462,51.666666666666686,46.10666666666668,0.0,50.81647932634913,0.0,0.0,0.0,129.36249570724158,50.82493038372159,50.829155912407835,50.81647932634913,12.43753247303448,19.968471349294024,0.0,9.041257861595478,-0.41836431342090935,2.8,9.236100170605994,14648.603991277916,441.35855784239266,843.0561630309016,-3012.3613767725383,-0.0,-0.0,358.6315381847684,0.0,2.0,0.1346349429470971,0.0,0,1.260049860223507,131.99922844444444,-113.59648144841474,0.19451242878271385,9.242310845084084,0.002753761100111996,-64.19059270851872,1.2221491987398787,0.5381936393064541,-4377.5220136345815,67.38519723551397,0.24245739554684154,1016.9235188479344,-173.86735581703277
2025-01-01 00:43:00,1.3400934085767575,0.176826705157016,0.9006625,0.022334890142945957,0.0029471117526169337,0.015011041666666667,0.016598558403664324,0.22272193350642625,1.0507729166666668,0.05,0.0,0.9006625,0.0,0.16224337182368267,0,0.01458333333333334,1,0,0,Off,0,0,Off,0,0,Off,0.03506475048252919,0.026298562861896885,On,0,0,Off,0.004021034356725146,0.0,On,0.012577524046939178,0,On,0.006397437741515965,0,On,0.1812597452823811,0.1359448089617858,On,On,17415.9303113141,20.000000000000057,0.8,4751.49537424146,26.39581596111111,1.0507729166666668,1,21116.65276888889,21116.65276888889,Off,0.0,23.888888888888914,0,0.0,0.05,0.0,0.0,0,0,0,11489.55984,Off,0.0,0,82.26848203831511,51.666666666666686,46.10666666666668,0.0,50.79824499417165,0.0,0.0,0.0,128.54450318486735,50.80773096452402,50.812473949700205,50.79824499417165,12.43753247303448,20.14635239021575,0.0,9.132457690932574,-0.38257287411171054,2.8,9.236100170605994,14593.887466367312,372.0877374678057,831.3171905296385,-3057.8823647995537,-0.0,-0.0,358.6315381847684,0.0,2.0,0.1352679653474943,0.0,0,1.2659743235885061,131.99922844444444,-122.79201833200338,0.19236637829435405,9.323475805601692,0.0027535385334919965,-64.89632315348814,1.2214081426345365,0.538613536298428,-4444.953402639113,65.5457658654586,0.2421252755773092,1004.236811237404,-172.91962070776555
2025-01-01 00:44:00,0.28932049191009057,0.176826705157016,0.0,0.0048220081985015095,0.0029471117526169337,0.0,0.016598558403664324,0.22272193350642625,0.0,0.05,0.0,0.0,0.0,0.16224337182368267,0,0.01458333333333334,1,0,0,Off,0,0,Off,0,0,Off,0.03506475048252919,0.026298562861896885,On,0,0,Off,0.004021034356725146,0.0,On,0.012577524046939178,0,On,0.006397437741515965,0,On,0.1812597452823811,0.1359448089617858,On,Off,0.0,20.000000000000057,0.0,0.0,0.0,0.0,0,0.0,21116.65276888889,Off,0.0,23.888888888888914,0,0.0,0.05,0.0,0.0,0,0,0,11489.55984,Off,0.0,0,81.75921019403835,51.666666666666686,46.10666666666668,0.0,50.78012664679569,0.0,0.0,0.0,127.74876592818492,50.79064030170297,50.795897129156614,50.78012664679569,12.43753247303448,20.319033966423767,0.0,9.218020015215982,-0.34723685841272345,2.8,9.236100170605994,-2875.247204353263,-4444.4661423466405,819.7141655023415,-3102.331426133803,-0.0,-0.0,358.6315381847684,0.0,2.0,0.13588151665098938,0.0,0,1.2717165567509081,131.99922844444444,-131.54731640422852,0.19030783414533511,9.402312701398543,0.0027533133833876,-65.57541797512553,1.2206896136544674,0.5390071800123835,-4508.304790244228,63.838647897587,0.24179693411337494,991.7400925629299,-172.02592706058846
2025-01-01 00:45:00,0.28932049191009057,0.176826705157016,0.0,0.0048220081985015095,0.0029471117526169337,0.0,0.016598558403664324,0.22272193350642625,0.0,0.05,0.0,0.0,0.0,0.16224337182368267,0,0.01458333333333334,1,0,0,Off,0,0,Off,0,0,Off,0.03506475048252919,0.026298562861896885,On,0,0,Off,0.004021034356725146,0.0,On,0.012577524046939178,0,On,0.006397437741515965,0,On,0.1812597452823811,0.1359448089617858,On,Off,0.0,20.000000000000057,0.0,0.0,0.0,0.0,0,0.0,21116.65276888889,Off,0.0,23.888888888888914,0,0.0,0.05,0.0,0.0,0,0,0,11489.55984,Off,0.0,0,82.1120392745329,51.666666666666686,46.10666666666668,0.0,50.762121141763316,0.0,0.0,0.0,128.30006136645767,50.77365543630469,50.77942258357539,50.762121141763316,12.43753247303448,20.170520431829814,0.0,9.126846365432778,-0.312356548492434,2.8,9.236100170605994,-2828.247984412445,-4374.805047489535,808.2482706891806,-3064.088012977747,-0.0,-0.0,358.6315381847684,0.0,2.0,0.13535389369212647,0.0,0,1.266778527878068,131.99922844444444,-122.7915096194663,0.19204751322613373,9.334278654410037,0.0027530857433282706,-64.81021927138548,1.2213078388808176,0.5385877104086457,-4440.801693387712,65.99664589817607,0.24147238919568922,979.4324181589185,-171.18414746973798
2025-01-01 00:46:00,0.28932049191009057,0.176826705157016,0.0,0.0048220081985015095,0.0029471117526169337,0.0,0.016598558403664324,0.22272193350642625,0.0,0.05,0.0,0.0,0.0,0.16224337182368267,0,0.01458333333333334,1,0,0,Off,0,0,Off,0,0,Off,0.03506475048252919,0.026298562861896885,On,0,0,Off,0.004021034356725146,0.0,On,0.012577524046939178,0,On,0.006397437741515965,0,On,0.1812597452823811,0.1359448089617858,On,Off,0.0,20.000000000000057,0.0,0.0,0.0,0.0,0,0.0,21116.65276888889,Off,0.0,23.888888888888914,0,0.0,0.05,0.0,0.0,0,0,0,11489.55984,Off,0.0,0,82.45129057638107,51.666666666666686,46.10666666666668,0.0,50.74403854787975,0.0,0.0,0.0,128.83014152559542,50.75659727329962,50.762876636009565,50.74403854787975,12.43753247303448,20.026993861761095,0.0,9.041829445971395,-0.2779318458845961,2.8,9.236100170605994,-2783.9556966605965,-4310.202579141032,796.9205219064394,-3027.30780436159,-0.0,-0.0,358.6315381847684,0.0,2.0,0.13484331776139852,0.0,0,1.2620000423225015,131.99922844444444,-115.27943048377446,0.19374548150710116,9.268080775786181,0.002752860873484464,-64.06850520283768,1.2219059033465405,0.5381962719824228,-4377.944329538953,67.74175039792001,0.24115165523455365,967.3127189206011,-170.39219701416175
2025-01-01 00:47:00,0.28932049191009057,0.176826705157016,0.0,0.0048220081985015095,0.0029471117526169337,0.0,0.016598558403664324,0.22272193350642625,0.0,0.05,0.0,0.0,0.0,0.16224337182368267,0,0.01458333333333334,1,0,0,Off,0,0,Off,0,0,Off,0.03506475048252919,0.026298562861896885,On,0,0,Off,0.004021034356725146,0.0,On,0.012577524046939178,0,On,0.006397437741515965,0,On,0.1812597452823811,0.1359448089617858,On,Off,0.0,20.000000000000057,0.0,0.0,0.0,0.0,0,0.0,21116.65276888889,Off,0.0,23.888888888888914,0,0.0,0.05,0.0,0.0,0,0,0,11489.55984,Off,0.0,0,82.77798139142473,51.666666666666686,46.10666666666668,0.0,50.72588185880713,0.0,0.0,0.0,129.34059592410114,50.73946863336988,50.74626202065126,50.72588185880713,12.43753247303448,19.888077942060956,0.0,8.962392384827181,-0.24396228746524184,2.8,9.236100170605994,-2741.033096576311,-4249.886588199112,785.7317722870914,-2991.8770506580395,-0.0,-0.0,358.6315381847684,0.0,2.0,0.1343485162152885,0.0,0,1.257369189400023,131.99922844444444,-107.78758410303986,0.1954047112953944,9.204250569589718,0.0027526386859445034,-63.34858148326891,1.22248531685056,0.5378302671120663,-4319.28876001596,69.40217181684747,0.24083474313233766,955.379808514939,-169.64803622784754
2025-01-01 00:48:00,0.28932049191009057,0.176826705157016,0.0,0.0048220081985015095,0.0029471117526169337,0.0,0.016598558403664324,0.22272193350642625,0.0,0.05,0.0,0.0,0.0,0.16224337182368267,0,0.01458333333333334,1,0,0,Off,0,0,Off,0,0,Off,0.03506475048252919,0.026298562861896885,On,0,0,Off,0.004021034356725146,0.0,On,0.012577524046939178,0,On,0.006397437741515965,0,On,0.1812597452823811,0.1359448089617858,On,Off,0.0,20.000000000000057,0.0,0.0,0.0,0.0,0,0.0,21116.65276888889,Off,0.0,23.888888888888914,0,0.0,0.05,0.0,0.0,0,0,0,11489.55984,Off,0.0,0,83.09287276733747,51.666666666666686,46.10666666666668,0.0,50.70765384398243,0.0,0.0,0.0,129.8326136989648,50.7222721258628,50.729581266802995,50.70765384398243,12.43753247303448,19.7534916478749,0.0,8.88806285253378,-0.2104470620993949,2.8,9.236100170605994,-2699.619759598013,-4193.511805784377,774.6827158845159,-2957.7084388152216,-0.0,-0.0,358.6315381847684,0.0,2.0,0.13386854769689185,0.0,0,1.2528771589413699,131.99922844444444,-100.54285896755974,0.19702720640027668,9.141930194752742,0.002752419099202591,-62.64917955212807,1.223047198999882,0.5374875693808254,-4264.471378889743,70.95957310536619,0.2405216604139668,943.6323907011625,-168.94967481664662
2025-01-01 00:49:00,0.28932049191009057,0.176826705157016,0.0,0.0048220081985015095,0.0029471117526169337,0.0,0.016598558403664324,0.22272193350642625,0.0,0.05,0.0,0.0,0.0,0.16224337182368267,0,0.01458333333333334,1,0,0,Off,0,0,Off,0,0,Off,0.03506475048252919,0.026298562861896885,On,0,0,Off,0.004021034356725146,0.0,On,0.012577524046939178,0,On,0.006397437741515965,0,On,0.1812597452823811,0.1359448089617858,On,Off,0.0,20.000000000000057,0.0,0.0,0.0,0.0,0,0.0,21116.65276888889,Off,0.0,23.888888888888914,0,0.0,0.05,0.0,0.0,0,0,0,11489.55984,Off,0.0,0,83.39660887453567,51.666666666666686,46.10666666666668,0.0,50.68935710507791,0.0,0.0,0.0,130.30720136646198,50.70501020202377,50.7128367504967,50.68935710507791,12.43753247303448,19.62299735560756,0.0,8.818435137624856,-0.17738502766302156,2.8,9.236100170605994,-2659.688565415382,-4140.766326263103,763.7738920171113,-2924.7273429003417,-0.0,-0.0,358.6315381847684,0.0,2.0,0.13340261926056446,0.0,0,1.2485165297598417,131.99922844444444,-93.59276069980851,0.19861458206516588,9.081716188882956,0.002752202036581682,-61.969223942923186,1.2235924938506326,0.537166351144083,-4213.180217387797,72.41389112469346,0.2402124113627648,932.0690666569799,-168.2951746398687
2025-01-01 00:50:00,0.28932049191009057,0.176826705157016,0.0,0.0048220081985015095,0.0029471117526169337,0.0,0.016598558403664324,0.22272193350642625,0.0,0.05,0.0,0.0,0.0,0.16224337182368267,0,0.01458333333333334,1,0,0,Off,0,0,Off,0,0,Off,0.03506475048252919,0.026298562861896885,On,0,0,Off,0.004021034356725146,0.0,On,0.012577524046939178,0,On,0.006397437741515965,0,On,0.1812597452823811,0.1359448089617858,On,Off,0.0,20.000000000000057,0.0,0.0,0.0,0.0,0,0.0,21116.65276888889,Off,0.0,23.888888888888914,0,0.0,0.05,0.0,0.0,0,0,0,11489.55984,Off,0.0,0,83.68974940101204,51.666666666666686,46.10666666666668,0.0,50.67099410175608,0.0,0.0,0.0,130.7652334390813,50.68768517927654,50.69603071803678,50.67099410175608,12.43753247303448,19.4963887937876,-0.003611206212458029,8.753154273922965,-0.14477472824769053,2.8,9.236100170605994,-2621.199516077081,-4091.3752055454215,753.0056903286745,-2892.8684710599687,-0.0,-0.0,358.6315381847684,0.0,2.0,0.1329500445134047,0.0,0,1.244280877896986,131.99922844444444,-86.96258320188066,0.20016818640089748,9.023501777773435,0.0027519874255089883,-61.307778563138534,1.2241220192132944,0.5368650119607004,-4165.142752979887,73.76754743446521,0.23990699715985203,920.6883422440956,-167.68265191542108
2025-01-01 00:51:00,0.28932049191009057,0.176826705157016,0.0,0.0048220081985015095,0.0029471117526169337,0.0,0.016598558403664324,0.22272193350642625,0.0,0.05,0.0,0.0,0.0,0.16224337182368267,0,0.01458333333333334,1,0,0,Off,0,0,Off,0,0,Off,0.03506475048252919,0.026298562861896885,On,0,0,Off,0.004021034356725146,0.0,On,0.012577524046939178,0,On,0.006397437741515965,0,On,0.1812597452823811,0.1359448089617858,On,Off,0.0,20.000000000000057,0.0,0.0,0.0,0.0,0,0.0,21116.65276888889,Off,0.0,23.888888888888914,0,0.0,0.05,0.0,0.0,0,0,0,11489.55984,Off,0.0,0,83.9727941347485,51.666666666666686,46.10666666666668,0.0,50.65256717028687,0.0,0.0,0.0,131.20749083554452,50.67029925877391,50.679165303017434,50.65256717028687,12.43753247303448,19.373481898933175,-0.12651810106688188,8.691904682677256,-0.11261441138751005,2.8,9.236100170605994,-2584.1003453786698,-4045.092927082347,742.3783563845942,-2862.0733401833204,-0.0,-0.0,358.6315381847684,0.0,2.0,0.13251021177737632,0.0,0,1.2401644786515682,131.99922844444444,-80.65854338011744,0.20168919458228612,8.966491756107779,0.0027517751969906123,-60.6640058814638,1.2246365041343146,0.5365821274225355,-4120.117173712306,75.02424662995877,0.23960541602558302,909.4886351592052,-167.11027877461086
2025-01-01 00:52:00,0.28932049191009057,0.176826705157016,0.0,0.0048220081985015095,0.0029471117526169337,0.0,0.016598558403664324,0.22272193350642625,0.0,0.05,0.0,0.0,0.0,0.16224337182368267,0,0.01458333333333334,1,0,0,Off,0,0,Off,0,0,Off,0.03506475048252919,0.026298562861896885,On,0,0,Off,0.004021034356725146,0.0,On,0.012577524046939178,0,On,0.006397437741515965,0,On,0.1812597452823811,0.1359448089617858,On,Off,0.0,20.000000000000057,0.0,0.0,0.0,0.0,0,0.0,21116.65276888889,Off,0.0,23.888888888888914,0,0.0,0.05,0.0,0.0,0,0,0,11489.55984,Off,0.0,0,84.24619814322186,51.666666666666686,46.10666666666668,0.0,50.634078536748525,0.0,0.0,0.0,131.63468459878416,50.65285453784142,50.66224253838787,50.634078536748525,12.43753247303448,19.254109170670837,-0.24589082932921968,8.634402250529273,-0.08090204517576549,2.8,9.236100170605994,-2548.333900110634,-4001.697767932384,731.8919976653749,-2832.2886956960683,-0.0,-0.0,358.6315381847684,0.0,2.0,0.13208256451731046,0.0,0,1.2361621234050357,131.99922844444444,-74.67674259933389,0.20317866552668326,8.910610642085032,0.002751565285237216,-60.03714177173507,1.2251366119623535,0.536316413544255,-4077.8862608965524,76.18849296416776,0.2393076633617495,898.4682819274026,-166.57628426202774
2025-01-01 00:53:00,1.3400934085767575,0.176826705157016,0.9006625,0.022334890142945957,0.0029471117526169337,0.015011041666666667,0.016598558403664324,0.22272193350642625,1.0507729166666668,0.05,0.0,0.9006625,0.0,0.16224337182368267,0,0.01458333333333334,1,0,0,Off,0,0,Off,0,0,Off,0.03506475048252919,0.026298562861896885,On,0,0,Off,0.004021034356725146,0.0,On,0.012577524046939178,0,On,0.006397437741515965,0,On,0.1812597452823811,0.1359448089617858,On,On,17415.9303113141,20.000000000000057,0.8,4751.49537424146,26.39581596111111,1.0507729166666668,1,21116.65276888889,21116.65276888889,Off,0.0,23.888888888888914,0,0.0,0.05,0.0,0.0,0,0,0,11489.55984,Off,0.0,0,84.51038156517713,51.666666666666686,46.10666666666668,0.0,50.615530326883814,0.0,0.0,0.0,132.04747119558925,50.635353019267754,50.64526436545973,50.615530326883814,12.43753247303448,19.13811603169756,-0.3618839683024966,8.580388712810578,-0.04963533516220224,2.8,9.236100170605994,14902.088756355031,790.4966141538616,721.5465898402365,-2803.4654745306893,-0.0,-0.0,358.6315381847684,0.0,2.0,0.1316665887900949,0.0,0,1.232269002158345,131.99922844444444,-69.00761861314848,0.20463757716288897,8.856482132683542,0.0027513576273830846,-59.4264793251266,1.225622955161229,0.5360667015893422,-4038.2530299710943,77.25426988349602,0.23901373189348016,887.6255447039423,-166.0789548637058
2025-01-01 00:54:00,1.3400934085767575,0.176826705157016,0.9006625,0.022334890142945957,0.0029471117526169337,0.015011041666666667,0.016598558403664324,0.22272193350642625,1.0507729166666668,0.05,0.0,0.9006625,0.0,0.16224337182368267,0,0.01458333333333334,1,0,0,Off,0,0,Off,0,0,Off,0.03506475048252919,0.026298562861896885,On,0,0,Off,0.004021034356725146,0.0,On,0.012577524046939178,0,On,0.006397437741515965,0,On,0.1812597452823811,0.1359448089617858,On,On,17415.9303113141,20.000000000000057,0.8,4751.49537424146,26.39581596111111,1.0507729166666668,1,21116.65276888889,21116.65276888889,Off,0.0,23.888888888888914,0,0.0,0.05,0.0,0.0,0,0,0,11489.55984,Off,0.0,0,83.91724860146923,51.666666666666686,46.10666666666668,0.0,50.596924573798745,0.0,0.0,0.0,131.12070093979565,50.61779661856092,50.628232640942,50.596924573798745,12.43753247303448,19.3415858752495,-0.15841412475055705,8.70112050372777,-0.018811740938015756,2.8,9.236100170605994,14839.794829835399,699.1248981088406,711.3419830745734,-2854.1029090935367,-0.0,-0.0,358.6315381847684,0.0,2.0,0.13239599029675786,0.0,0,1.2390954786019723,131.99922844444444,-80.66411056993365,0.20204451542467217,8.950651562217864,0.0027511521632655545,-60.257887827181385,1.2247705105057578,0.5366247007195661,-4126.889061929845,74.5185857972262,0.23872361180991072,876.9586178565542,-165.6166347819808
2025-01-01 00:55:00,1.3400934085767575,0.176826705157016,0.9006625,0.022334890142945957,0.0029471117526169337,0.015011041666666667,0.016598558403664324,0.22272193350642625,1.0507729166666668,0.05,0.0,0.9006625,0.0,0.16224337182368267,0,0.01458333333333334,1,0,0,Off,0,0,Off,0,0,Off,0.03506475048252919,0.026298562861896885,On,0,0,Off,0.004021034356725146,0.0,On,0.012577524046939178,0,On,0.006397437741515965,0,On,0.1812597452823811,0.1359448089617858,On,On,17415.9303113141,20.000000000000057,0.8,4751.49537424146,26.39581596111111,1.0507729166666668,1,21116.65276888889,21116.65276888889,Off,0.0,23.888888888888914,0,0.0,0.05,0.0,0.0,0,0,0,11489.55984,Off,0.0,0,83.34211206753295,51.666666666666686,46.10666666666668,0.0,50.57845015186446,0.0,0.0,0.0,130.22205010552022,50.60036343679818,50.611320079265056,50.57845015186446,12.43753247303448,19.538471994972337,0.0,8.813889848521391,0.011571507760245129,2.8,9.236100170605994,14780.183681092029,613.9084541129068,701.2779069038288,-2903.4426556923845,-0.0,-0.0,358.6315381847684,0.0,2.0,0.13310053189373613,0.0,0,1.245689290886967,131.99922844444444,-90.93551271445617,0.19956973408799414,9.04162772858475,0.0027509436795897266,-61.0558143166619,1.2239467840464773,0.5371453753759188,-4209.833910953666,72.24699082511319,0.23843729090197108,866.4656342748686,-165.18772737103987
2025-01-01 00:56:00,1.3400934085767575,0.176826705157016,0.9006625,0.022334890142945957,0.0029471117526169337,0.015011041666666667,0.016598558403664324,0.22272193350642625,1.0507729166666668,0.05,0.0,0.9006625,0.0,0.16224337182368267,0,0.01458333333333334,1,0,0,Off,0,0,Off,0,0,Off,0.03506475048252919,0.026298562861896885,On,0,0,Off,0.004021034356725146,0.0,On,0.012577524046939178,0,On,0.006397437741515965,0,On,0.1812597452823811,0.1359448089617858,On,On,17415.9303113141,20.000000000000057,0.8,4751.49537424146,26.39581596111111,1.0507729166666668,1,21116.65276888889,21116.65276888889,Off,0.0,23.888888888888914,0,0.0,0.05,0.0,0.0,0,0,0,11489.55984,Off,0.0,0,82.7837800387439,51.666666666666686,46.10666666666668,0.0,50.560103091242375,0.0,0.0,0.0,129.34965631053734,50.58304973535568,50.59452305741233,50.560103091242375,12.43753247303448,19.729214870156614,0.0,8.91939029716702,0.04151739560168656,2.8,9.236100170605994,14721.95372536932,534.0139784842941,691.3539750257826,-2951.5616426742627,-0.0,-0.0,358.6315381847684,0.0,2.0,0.13378190895046457,0.0,0,1.2520663059938661,131.99922844444444,-101.04648145528802,0.19720391703282877,9.128971765355228,0.002750732293033092,-61.82246765589475,1.22314982265586,0.5376320317955966,-4287.567213835149,70.08581807798333,0.23815475469557398,856.1446713526947,-164.79069632691204
2025-01-01 00:57:00,1.3400934085767575,0.176826705157016,0.9006625,0.022334890142945957,0.0029471117526169337,0.015011041666666667,0.016598558403664324,0.22272193350642625,1.0507729166666668,0.05,0.0,0.9006625,0.0,0.16224337182368267,0,0.01458333333333334,1,0,0,Off,0,0,Off,0,0,Off,0.03506475048252919,0.026298562861896885,On,0,0,Off,0.004021034356725146,0.0,On,0.012577524046939178,0,On,0.006397437741515965,0,On,0.1812597452823811,0.1359448089617858,On,On,17415.9303113141,20.000000000000057,0.8,4751.49537424146,26.39581596111111,1.0507729166666668,1,21116.65276888889,21116.65276888889,Off,0.0,23.888888888888914,0,0.0,0.05,0.0,0.0,0,0,0,11489.55984,Off,0.0,0,82.24132937231977,51.666666666666686,46.10666666666668,0.0,50.54187968482848,0.0,0.0,0.0,128.50207714424963,50.56585202322292,50.577838192420145,50.54187968482848,12.43753247303448,19.914155054404194,0.0,9.01820060852275,0.07102910672404911,2.8,9.236100170605994,14665.273003711525,459.07392128012907,681.6268353899065,-2998.5154553164984,-0.0,-0.0,358.6315381847684,0.0,2.0,0.1344414467564804,0.0,0,1.2582389273215175,131.99922844444444,-110.77339047084641,0.19493945216213307,9.213599032468295,0.002750518112718873,-62.55958654000191,1.2223781034151444,0.5380874285396822,-4360.489313650177,68.06786068884571,0.23787598658146825,845.993756698617,-164.36692130871035
2025-01-01 00:58:00,1.3400934085767575,0.176826705157016,0.9006625,0.022334890142945957,0.0029471117526169337,0.015011041666666667,0.016598558403664324,0.22272193350642625,1.0507729166666668,0.05,0.0,0.9006625,0.0,0.16224337182368267,0,0.01458333333333334,1,0,0,Off,0,0,Off,0,0,Off,0.03506475048252919,0.026298562861896885,On,0,0,Off,0.004021034356725146,0.0,On,0.012577524046939178,0,On,0.006397437741515965,0,On,0.1812597452823811,0.1359448089617858,On,On,17415.9303113141,20.000000000000057,0.8,4751.49537424146,26.39581596111111,1.0507729166666668,1,21116.65276888889,21116.65276888889,Off,0.0,23.888888888888914,0,0.0,0.05,0.0,0.0,0,0,0,11489.55984,Off,0.0,0,81.71396368732435,51.666666666666686,46.10666666666668,0.0,50.52377642902937,0.0,0.0,0.0,127.6780682614443,50.54876700116548,50.56126228723354,50.52377642902937,12.43753247303448,20.093586049892455,0.0,9.110825721342728,0.10011216895333877,2.8,9.236100170605994,14610.13744454101,388.7337994845302,671.9160888829226,-3044.3508548910263,-0.0,-0.0,358.6315381847684,0.0,2.0,0.13508029218004003,0.0,0,1.2642178884221067,131.99922844444444,-120.07355006683429,0.19276968280740728,9.29569801819251,0.0027503012418696507,-63.26868171133814,1.2216303099686279,0.5385139692515437,-4428.950356871759,66.18878211482964,0.23760094751552194,836.0101332937644,-164.09404441084178
2025-01-01 00:59:00,0.28932049191009057,0.176826705157016,0.0,0.0048220081985015095,0.0029471117526169337,0.0,0.016598558403664324,0.22272193350642625,0.0,0.05,0.0,0.0,0.0,0.16224337182368267,0,0.01458333333333334,1,0,0,Off,0,0,Off,0,0,Off,0.03506475048252919,0.026298562861896885,On,0,0,Off,0.004021034356725146,0.0,On,0.012577524046939178,0,On,0.006397437741515965,0,On,0.1812597452823811,0.1359448089617858,On,Off,0.0,20.000000000000057,0.0,0.0,0.0,0.0,0,0.0,21116.65276888889,Off,0.0,23.888888888888914,0,0.0,0.05,0.0,0.0,0,0,0,11489.55984,Off,0.0,0,81.2009792518723,51.666666666666686,46.10666666666668,0.0,50.50578999582835,0.0,0.0,0.0,126.87653008105046,50.53179153539111,50.544792305172486,50.50578999582835,12.43753247303448,20.267766994629213,0.0,9.19771297770448,0.12876542703189378,2.8,9.236100170605994,-2859.4039427919065,-4428.816877918345,662.4667344585692,-3089.1085057486894,-0.0,-0.0,358.6315381847684,0.0,2.0,0.13569946054772933,0.0,0,1.2700126917479289,131.99922844444444,-128.92697522798554,0.19068869242522607,9.375436758514407,0.0027500817785935452,-63.951095477689655,1.2209052779602136,0.5389137801292138,-4493.261484043635,64.44460612529055,0.23732966140652295,826.1933567413383,-163.72662228276909
2025-01-01 01:00:00,0.28814229557127297,0.17616924108546858,0.0,0.004802371592854549,0.002936154018091143,0.0,0.01629698082690994,0.221845314744363,0.0,0.05,0.0,0.0,0.0,0.16158590775213524,0,0.01458333333333334,1,0,0,Off,0,0,Off,0,0,Off,0.034188131720465954,0.025641098790349457,On,0,0,Off,0.0037194567799707597,0.0,On,0.012577524046939178,0,On,0.006397437741515965,0,On,0.1812597452823811,0.1359448089617858,On,Off,0.0,20.000000000000057,0.0,0.0,0.0,0.0,0,0.0,21116.65276888889,Off,0.0,23.888888888888914,0,0.0,0.05,0.0,0.0,0,0,0,11489.55984,Off,0.0,0,81.55022668301471,51.666666666666686,46.10666666666668,0.0,50.487917212367826,0.0,0.0,0.0,127.42222919221048,50.51492263830259,50.52842535126998,50.487917212367826,12.43753247303448,20.12070479950774,0.0,9.107770951715397,0.15699730040224477,2.8,9.236100170605994,-2814.1141493950677,-4360.12301959547,653.0401708984472,-3051.302270509457,-0.0,-0.0,357.4533418459507,0.0,2.0,0.135176756107662,0.0,0,1.265120695344708,131.99922844444444,-120.26522073156147,0.1924156461259099,9.307413668878116,0.002749859816460783,-63.20005496811968,1.2215176712070257,0.5384999073567702,-4426.690918755864,66.5678991603936,0.23706206128875343,816.5397189581895,-163.49954805974232
2025-01-01 01:01:00,0.28814229557127297,0.17616924108546858,0.0,0.004802371592854549,0.002936154018091143,0.0,0.01629698082690994,0.221845314744363,0.0,0.05,0.0,0.0,0.0,0.16158590775213524,0,0.01458333333333334,1,0,0,Off,0,0,Off,0,0,Off,0.034188131720465954,0.025641098790349457,On,0,0,Off,0.0037194567799707597,0.0,On,0.012577524046939178,0,On,0.006397437741515965,0,On,0.1812597452823811,0.1359448089617858,On,Off,0.0,20.000000000000057,0.0,0.0,0.0,0.0,0,0.0,21116.65276888889,Off,0.0,23.888888888888914,0,0.0,0.05,0.0,0.0,0,0,0,11489.55984,Off,0.0,0,81.88608499239703,51.666666666666686,46.10666666666668,0.0,50.46996811858292,0.0,0.0,0.0,127.94700780062036,50.49798118766819,50.51198772221083,50.46996811858292,12.43753247303448,19.978560002445594,0.0,9.023897426051628,0.18480723262717239,2.8,9.236100170605994,-2770.3226935195694,-4296.416889295535,643.8561355842825,-3014.935888050319,-0.0,-0.0,357.4533418459507,0.0,2.0,0.13467087234228411,0.0,0,1.2603861238144611,131.99922844444444,-112.840147315201,0.19410129233852408,9.242639379565237,0.0027496405710185044,-62.47199054825942,1.2221101749980303,0.5381136722693745,-4364.697050754192,68.28016145865685,0.23679816494170686,807.0486045444052,-163.1924689601227
2025-01-01 01:02:00,0.28814229557127297,0.17616924108546858,0.0,0.004802371592854549,0.002936154018091143,0.0,0.01629698082690994,0.221845314744363,0.0,0.05,0.0,0.0,0.0,0.16158590775213524,0,0.01458333333333334,1,0,0,Off,0,0,Off,0,0,Off,0.034188131720465954,0.025641098790349457,On,0,0,Off,0.0037194567799707597,0.0,On,0.012577524046939178,0,On,0.006397437741515965,0,On,0.1812597452823811,0.1359448089617858,On,Off,0.0,20.000000000000057,0.0,0.0,0.0,0.0,0,0.0,21116.65276888889,Off,0.0,23.888888888888914,0,0.0,0.05,0.0,0.0,0,0,0,11489.55984,Off,0.0,0,82.20950567717215,51.666666666666686,46.10666666666668,0.0,50.45194566655169,0.0,0.0,0.0,128.45235262058148,50.480969964977966,50.49548211419111,50.45194566655169,12.43753247303448,19.84098077138887,0.0,8.945521793730189,0.21220325990784827,2.8,9.236100170605994,-2727.8788534369974,-4236.930859036398,634.7112523287568,-2979.902388435857,-0.0,-0.0,357.4533418459507,0.0,2.0,0.13418062176117407,0.0,0,1.2557978634217268,131.99922844444444,-105.4298068470909,0.19574834790455314,9.178772952061745,0.0027494239563531026,-61.7653302411973,1.2226841988485992,0.5377525040880272,-4306.841175360202,69.91031632380435,0.2365379083776209,797.7164824194703,-163.00523009071347
2025-01-01 01:03:00,0.28814229557127297,0.17616924108546858,0.0,0.004802371592854549,0.002936154018091143,0.0,0.01629698082690994,0.221845314744363,0.0,0.05,0.0,0.0,0.0,0.16158590775213524,0,0.01458333333333334,1,0,0,Off,0,0,Off,0,0,Off,0.034188131720465954,0.025641098790349457,On,0,0,Off,0.0037194567799707597,0.0,On,0.012577524046939178,0,On,0.006397437741515965,0,On,0.1812597452823811,0.1359448089617858,On,Off,0.0,20.000000000000057,0.0,0.0,0.0,0.0,0,0.0,21116.65276888889,Off,0.0,23.888888888888914,0,0.0,0.05,0.0,0.0,0,0,0,11489.55984,Off,0.0,0,82.52124379762223,51.666666666666686,46.10666666666668,0.0,50.433852598623545,0.0,0.0,0.0,128.93944343378473,50.46389155405555,50.47891103177157,50.433852598623545,12.43753247303448,19.707688287436547,0.0,8.872177514189652,0.23918577343217978,2.8,9.236100170605994,-2686.923505234646,-4181.325002354165,625.7893991346422,-2946.1154248272983,-0.0,-0.0,357.4533418459507,0.0,2.0,0.13370506931243664,0.0,0,1.251347163005892,131.99922844444444,-98.26142225329872,0.19735881902694374,9.117826033494648,0.0027492098924991304,-61.07882516601661,1.2232408545275633,0.537414301382062,-4252.764467037636,71.43946468347076,0.23628129990153543,788.5424488344585,-162.7530496998163
2025-01-01 01:04:00,0.28814229557127297,0.17616924108546858,0.0,0.004802371592854549,0.002936154018091143,0.0,0.01629698082690994,0.221845314744363,0.0,0.05,0.0,0.0,0.0,0.16158590775213524,0,0.01458333333333334,1,0,0,Off,0,0,Off,0,0,Off,0.034188131720465954,0.025641098790349457,On,0,0,Off,0.0037194567799707597,0.0,On,0.012577524046939178,0,On,0.006397437741515965,0,On,0.1812597452823811,0.1359448089617858,On,Off,0.0,20.000000000000057,0.0,0.0,0.0,0.0,0,0.0,21116.65276888889,Off,0.0,23.888888888888914,0,0.0,0.05,0.0,0.0,0,0,0,11489.55984,Off,0.0,0,82.82193796204163,51.666666666666686,46.10666666666668,0.0,50.41569149070326,0.0,0.0,0.0,129.40927806569005,50.446748381866456,50.462276827448065,50.41569149070326,12.43753247303448,19.578446975574103,0.0,8.80346420464644,0.26576236388563473,2.8,9.236100170605994,-2647.4307930591217,-4129.291845820488,616.9520785509968,-2913.501251576304,-0.0,-0.0,357.4533418459507,0.0,2.0,0.13324342796902028,0.0,0,1.2470266567724269,131.99922844444444,-91.38288332876822,0.19893432225559354,9.057544066128912,0.0027489983042379884,-60.41141738531861,1.2237810787543362,0.5370972596347608,-4202.1593182544675,72.86747243397991,0.23602827910660498,779.5231697110173,-162.57109116002053
2025-01-01 01:05:00,0.28814229557127297,0.17616924108546858,0.0,0.004802371592854549,0.002936154018091143,0.0,0.01629698082690994,0.221845314744363,0.0,0.05,0.0,0.0,0.0,0.16158590775213524,0,0.01458333333333334,1,0,0,Off,0,0,Off,0,0,Off,0.034188131720465954,0.025641098790349457,On,0,0,Off,0.0037194567799707597,0.0,On,0.012577524046939178,0,On,0.006397437741515965,0,On,0.1812597452823811,0.1359448089617858,On,Off,0.0,20.000000000000057,0.0,0.0,0.0,0.0,0,0.0,21116.65276888889,Off,0.0,23.888888888888914,0,0.0,0.05,0.0,0.0,0,0,0,11489.55984,Off,0.0,0,83.11214268133594,51.666666666666686,46.10666666666668,0.0,50.39746477791212,0.0,0.0,0.0,129.8627229395874,50.429542742710076,50.44558172510906,50.39746477791212,12.43753247303448,19.453052470697163,-0.04694752930289425,8.739031826727313,0.29193542914632326,2.8,9.236100170605994,-2609.361881142289,-4080.5605864798686,608.2265677292369,-2881.9953839249515,-0.0,-0.0,357.4533418459507,0.0,2.0,0.13279501689070128,0.0,0,1.24282997273045,131.99922844444444,-84.81983906328799,0.20047620630066437,8.999953318937342,0.0027487891203825114,-59.762186658567124,1.224305682470873,0.5367997999008421,-4154.75720678695,74.19662030708125,0.23577883467769747,770.6570969362324,-162.43052920699557
2025-01-01 01:06:00,0.28814229557127297,0.17616924108546858,0.0,0.004802371592854549,0.002936154018091143,0.0,0.01629698082690994,0.221845314744363,0.0,0.05,0.0,0.0,0.0,0.16158590775213524,0,0.01458333333333334,1,0,0,Off,0,0,Off,0,0,Off,0.034188131720465954,0.025641098790349457,On,0,0,Off,0.0037194567799707597,0.0,On,0.012577524046939178,0,On,0.006397437741515965,0,On,0.1812597452823811,0.1359448089617858,On,Off,0.0,20.000000000000057,0.0,0.0,0.0,0.0,0,0.0,21116.65276888889,Off,0.0,23.888888888888914,0,0.0,0.05,0.0,0.0,0,0,0,11489.55984,Off,0.0,0,83.39235291358384,51.666666666666686,46.10666666666668,0.0,50.379174773120305,0.0,0.0,0.0,130.30055142747474,50.4122768156903,50.4288278369753,50.379174773120305,12.43753247303448,19.331322487297065,-0.1686775127029918,8.678569365738836,0.3177085825048135,2.8,9.236100170605994,-2572.6655766882764,-4034.889508959616,599.6900838002301,-2851.540082920275,-0.0,-0.0,357.4533418459507,0.0,2.0,0.13235922961009844,0.0,0,1.2387514349453035,131.99922844444444,-78.57883561395221,0.20198564648701167,8.94285031670243,0.0027485822732586994,-59.1303099992606,1.2248153882883366,0.5365205177705871,-4110.3199985716,75.43048961198424,0.23553294348668152,761.9422870907897,-162.2522032905596
2025-01-01 01:07:00,0.28814229557127297,0.17616924108546858,0.0,0.004802371592854549,0.002936154018091143,0.0,0.01629698082690994,0.221845314744363,0.0,0.05,0.0,0.0,0.0,0.16158590775213524,0,0.01458333333333334,1,0,0,Off,0,0,Off,0,0,Off,0.034188131720465954,0.025641098790349457,On,0,0,Off,0.0037194567799707597,0.0,On,0.012577524046939178,0,On,0.006397437741515965,0,On,0.1812597452823811,0.1359448089617858,On,Off,0.0,20.000000000000057,0.0,0.0,0.0,0.0,0,0.0,21116.65276888889,Off,0.0,23.888888888888914,0,0.0,0.05,0.0,0.0,0,0,0,11489.55984,Off,0.0,0,83.66301921209852,51.666666666666686,46.10666666666668,0.0,50.3608236800712,0.0,0.0,0.0,130.72346751890393,50.39495267708719,50.41201717559518,50.3608236800712,12.43753247303448,19.21309118631313,-0.286908813686928,8.621796941758868,0.3430884980968222,2.8,9.236100170605994,-2537.2857188128364,-3992.0720085187363,591.2489993993311,-2822.0827828697784,-0.0,-0.0,357.4533418459507,0.0,2.0,0.13193551448488938,0.0,0,1.234785880590636,131.99922844444444,-72.65627778900873,0.20346370158412647,8.8882581906288,0.002748377698336919,-58.51503676033773,1.2253108535201902,0.5362581478836682,-4068.6338635509815,76.5618550322455,0.23529055289944553,753.3757826247735,-162.12678322544235
2025-01-01 01:08:00,1.3389152122379397,0.17616924108546858,0.9006625,0.022315253537298997,0.002936154018091143,0.015011041666666667,0.01629698082690994,0.221845314744363,1.0507729166666668,0.05,0.0,0.9006625,0.0,0.16158590775213524,0,0.01458333333333334,1,0,0,Off,0,0,Off,0,0,Off,0.034188131720465954,0.025641098790349457,On,0,0,Off,0.0037194567799707597,0.0,On,0.012577524046939178,0,On,0.006397437741515965,0,On,0.1812597452823811,0.1359448089617858,On,On,17415.9303113141,20.000000000000057,0.8,4751.49537424146,26.39581596111111,1.0507729166666668,1,21116.65276888889,21116.65276888889,Off,0.0,23.888888888888914,0,0.0,0.05,0.0,0.0,0,0,0,11489.55984,Off,0.0,0,83.92455748964485,51.666666666666686,46.10666666666668,0.0,50.34241360316804,0.0,0.0,0.0,131.13212107757008,50.377572309581694,50.39515166278853,50.34241360316804,12.43753247303448,19.09820554530721,-0.4017944546928476,8.56845971506163,0.3680783620047951,2.8,9.236100170605994,14912.765710673157,799.6233875336466,582.940949732006,-2793.5750603490787,-0.0,-0.0,357.4533418459507,0.0,2.0,0.13152336217044838,0.0,0,1.230928542704689,131.99922844444444,-67.04288213781496,0.20491134916613435,8.834702594589302,0.0027481753339554916,-57.91567261291201,1.2257926849641625,0.5360115365217093,-4029.5045732216845,77.63258651387088,0.23505164327043573,744.9558252902586,-162.01487555825267
2025-01-01 01:09:00,1.3389152122379397,0.17616924108546858,0.9006625,0.022315253537298997,0.002936154018091143,0.015011041666666667,0.01629698082690994,0.221845314744363,1.0507729166666668,0.05,0.0,0.9006625,0.0,0.16158590775213524,0,0.01458333333333334,1,0,0,Off,0,0,Off,0,0,Off,0.034188131720465954,0.025641098790349457,On,0,0,Off,0.0037194567799707597,0.0,On,0.012577524046939178,0,On,0.006397437741515965,0,On,0.1812597452823811,0.1359448089617858,On,On,17415.9303113141,20.000000000000057,0.8,4751.49537424146,26.39581596111111,1.0507729166666668,1,21116.65276888889,21116.65276888889,Off,0.0,23.888888888888914,0,0.0,0.05,0.0,0.0,0,0,0,11489.55984,Off,0.0,0,83.3288679849172,51.666666666666686,46.10666666666668,0.0,50.32394655510907,0.0,0.0,0.0,130.20135622643312,50.360137609452025,50.378233136623514,50.32394655510907,12.43753247303448,19.302750414958066,-0.19724958504199108,8.689819264337647,0.392682927658466,2.8,9.236100170605994,14850.223190578958,707.773659387185,574.7608049815069,-2844.4102728568787,-0.0,-0.0,357.4533418459507,0.0,2.0,0.132256874440616,0.0,0,1.2377934918275932,131.99922844444444,-78.75018972421348,0.20230084803253487,8.928846489151404,0.0027479751211039387,-58.74713224653653,1.2249354992556574,0.5365724931801713,-4118.584923318093,74.86320846381861,0.2348161797118578,736.6801465782536,-161.91934159674673
2025-01-01 01:10:00,1.3389152122379397,0.17616924108546858,0.9006625,0.022315253537298997,0.002936154018091143,0.015011041666666667,0.01629698082690994,0.221845314744363,1.0507729166666668,0.05,0.0,0.9006625,0.0,0.16158590775213524,0,0.01458333333333334,1,0,0,Off,0,0,Off,0,0,Off,0.034188131720465954,0.025641098790349457,On,0,0,Off,0.0037194567799707597,0.0,On,0.012577524046939178,0,On,0.006397437741515965,0,On,0.1812597452823811,0.1359448089617858,On,On,17415.9303113141,20.000000000000057,0.8,4751.49537424146,26.39581596111111,1.0507729166666668,1,21116.65276888889,21116.65276888889,Off,0.0,23.888888888888914,0,0.0,0.05,0.0,0.0,0,0,0,11489.55984,Off,0.0,0,82.75125452325072,51.666666666666686,46.10666666666668,0.0,50.30561139073133,0.0,0.0,0.0,129.29883519257925,50.34282665936878,50.361434293687516,50.30561139073133,12.43753247303448,19.50068242100083,0.0,8.803170549662047,0.41690684997363747,2.8,9.236100170605994,14790.3675352174,622.1294031411644,566.7067916030472,-2893.946624791055,-0.0,-0.0,357.4533418459507,0.0,2.0,0.13296540089770834,0.0,0,1.2444245984606954,131.99922844444444,-89.06949315159451,0.19980955863054695,9.020469564675103,0.002747771891803407,-59.54522526286471,1.2241071738284233,0.5370959043153093,-4201.943169483731,72.57719838343598,0.2345841279871187,728.5465308890289,-161.83973928598166
2025-01-01 01:11:00,1.3389152122379397,0.17616924108546858,0.9006625,0.022315253537298997,0.002936154018091143,0.015011041666666667,0.01629698082690994,0.221845314744363,1.0507729166666668,0.05,0.0,0.9006625,0.0,0.16158590775213524,0,0.01458333333333334,1,0,0,Off,0,0,Off,0,0,Off,0.034188131720465954,0.025641098790349457,On,0,0,Off,0.0037194567799707597,0.0,On,0.012577524046939178,0,On,0.006397437741515965,0,On,0.1812597452823811,0.1359448089617858,On,On,17415.9303113141,20.000000000000057,0.8,4751.49537424146,26.39581596111111,1.0507729166666668,1,21116.65276888889,21116.65276888889,Off,0.0,23.888888888888914,0,0.0,0.05,0.0,0.0,0,0,0,11489.55984,Off,0.0,0,82.19052228442541,51.666666666666686,46.10666666666668,0.0,50.287404122643395,0.0,0.0,0.0,128.4226910694147,50.325635704168995,50.3447514949318,50.287404122643395,12.43753247303448,19.692443105351906,0.0,8.909210667555028,0.44075480971930747,2.8,9.236100170605994,14731.897081028697,541.8340626733989,558.777835618081,-2942.2608096440467,-0.0,-0.0,357.4533418459507,0.0,2.0,0.13365064231842377,0.0,0,1.2508377801911703,131.99922844444444,-99.22576248730516,0.1974280958853842,9.10844226400203,0.0027475657621981934,-60.31214882646953,1.2233057494832995,0.5375850940224063,-4280.061127223182,70.39981565512039,0.2343554533259875,720.5527732709154,-161.7749376528344
2025-01-01 01:12:00,1.3389152122379397,0.17616924108546858,0.9006625,0.022315253537298997,0.002936154018091143,0.015011041666666667,0.01629698082690994,0.221845314744363,1.0507729166666668,0.05,0.0,0.9006625,0.0,0.16158590775213524,0,0.01458333333333334,1,0,0,Off,0,0,Off,0,0,Off,0.034188131720465954,0.025641098790349457,On,0,0,Off,0.0037194567799707597,0.0,On,0.012577524046939178,0,On,0.006397437741515965,0,On,0.1812597452823811,0.1359448089617858,On,On,17415.9303113141,20.000000000000057,0.8,4751.49537424146,26.39581596111111,1.0507729166666668,1,21116.65276888889,21116.65276888889,Off,0.0,23.888888888888914,0,0.0,0.05,0.0,0.0,0,0,0,11489.55984,Off,0.0,0,81.64574538542487,51.666666666666686,46.10666666666668,0.0,50.26932102682699,0.0,0.0,0.0,127.57147716472636,50.30856123690467,50.32818134194352,50.26932102682699,12.43753247303448,19.878374026912176,0.0,9.008521080975736,0.4642315347227987,2.8,9.236100170605994,14674.979883563074,466.52167782285414,550.9724205827159,-2989.408231027312,-0.0,-0.0,357.4533418459507,0.0,2.0,0.1343139289936596,0.0,0,1.2570454872256465,131.99922844444444,-108.99553856966335,0.1951487867198866,9.193679957289064,0.0027473568409282314,-61.04963327853171,1.2225296976885767,0.5380428345843977,-4353.340769412062,68.36707299345674,0.23413012022336382,712.6966720824427,-161.7242514997267
2025-01-01 01:13:00,1.3389152122379397,0.17616924108546858,0.9006625,0.022315253537298997,0.002936154018091143,0.015011041666666667,0.01629698082690994,0.221845314744363,1.0507729166666668,0.05,0.0,0.9006625,0.0,0.16158590775213524,0,0.01458333333333334,1,0,0,Off,0,0,Off,0,0,Off,0.034188131720465954,0.025641098790349457,On,0,0,Off,0.0037194567799707597,0.0,On,0.012577524046939178,0,On,0.006397437741515965,0,On,0.1812597452823811,0.1359448089617858,On,On,17415.9303113141,20.000000000000057,0.8,4751.49537424146,26.39581596111111,1.0507729166666668,1,21116.65276888889,21116.65276888889,Off,0.0,23.888888888888914,0,0.0,0.05,0.0,0.0,0,0,0,11489.55984,Off,0.0,0,81.11612484535705,51.666666666666686,46.10666666666668,0.0,50.251358583378725,0.0,0.0,0.0,126.7439450708704,50.291599942973114,50.31172062277031,50.251358583378725,12.43753247303448,20.058769641460664,0.0,9.101609357497253,0.48734177731804645,2.8,9.236100170605994,14619.611848846298,395.8356620536724,543.2891137768712,-3035.4355001977337,-0.0,-0.0,357.4533418459507,0.0,2.0,0.13495641248194482,0.0,0,1.2630584970126215,131.99922844444444,-118.33630411601703,0.1929649195030556,9.276371865784682,0.002747145230769122,-61.759182509993515,1.2217776968353171,0.5384715428274074,-4422.133871944611,66.47415975682344,0.23390809265754847,704.9760363292048,-161.6869225523336
2025-01-01 01:14:00,0.28814229557127297,0.17616924108546858,0.0,0.004802371592854549,0.002936154018091143,0.0,0.01629698082690994,0.221845314744363,0.0,0.05,0.0,0.0,0.0,0.16158590775213524,0,0.01458333333333334,1,0,0,Off,0,0,Off,0,0,Off,0.034188131720465954,0.025641098790349457,On,0,0,Off,0.0037194567799707597,0.0,On,0.012577524046939178,0,On,0.006397437741515965,0,On,0.1812597452823811,0.1359448089617858,On,Off,0.0,20.000000000000057,0.0,0.0,0.0,0.0,0,0.0,21116.65276888889,Off,0.0,23.888888888888914,0,0.0,0.05,0.0,0.0,0,0,0,11489.55984,Off,0.0,0,80.60095446421056,51.666666666666686,46.10666666666668,0.0,50.23351344854534,0.0,0.0,0.0,125.93899135032899,50.27474867375392,50.29536628635822,50.23351344854534,12.43753247303448,20.233889992008535,0.0,9.18892529087415,0.5100903123761333,2.8,9.236100170605994,-2850.158040313637,-4422.03604176697,535.7264374669137,-3080.3831560246813,-0.0,-0.0,357.4533418459507,0.0,2.0,0.13557911252175922,0.0,0,1.268886353295352,131.99922844444444,-127.22822613490621,0.1908705278475464,9.355959654938395,0.0027469310294121374,-62.44213303367656,1.2210485776354147,0.5388733571559884,-4486.753120069578,64.71707830260723,0.23368933411182344,697.3886860640957,-161.66224859718207
2025-01-01 01:15:00,0.28814229557127297,0.17616924108546858,0.0,0.004802371592854549,0.002936154018091143,0.0,0.01629698082690994,0.221845314744363,0.0,0.05,0.0,0.0,0.0,0.16158590775213524,0,0.01458333333333334,1,0,0,Off,0,0,Off,0,0,Off,0.034188131720465954,0.025641098790349457,On,0,0,Off,0.0037194567799707597,0.0,On,0.012577524046939178,0,On,0.006397437741515965,0,On,0.1812597452823811,0.1359448089617858,On,Off,0.0,20.000000000000057,0.0,0.0,0.0,0.0,0,0.0,21116.65276888889,Off,0.0,23.888888888888914,0,0.0,0.05,0.0,0.0,0,0,0,11489.55984,Off,0.0,0,80.94808251344867,51.666666666666686,46.10666666666668,0.0,50.21578243427697,0.0,0.0,0.0,126.48137892726353,50.258004427334484,50.27911542386325,50.21578243427697,12.43753247303448,20.087742849286894,0.0,9.099379753207968,0.5324819305957695,2.8,9.236100170605994,-2804.0049529354646,-4353.656842408341,528.2828966519576,-3042.8538764097307,-0.0,-0.0,357.4533418459507,0.0,2.0,0.13505950428968122,0.0,0,1.2640233343355702,131.99922844444444,-118.60441837168455,0.19258902686899268,9.289124963680122,0.002746714330036413,-61.702523168452394,1.2216572974085045,0.5384612786096544,-4420.484990535737,66.8281481273964,0.23347380764185052,689.9324543573092,-161.6495577053517
2025-01-01 01:16:00,0.28814229557127297,0.17616924108546858,0.0,0.004802371592854549,0.002936154018091143,0.0,0.01629698082690994,0.221845314744363,0.0,0.05,0.0,0.0,0.0,0.16158590775213524,0,0.01458333333333334,1,0,0,Off,0,0,Off,0,0,Off,0.034188131720465954,0.025641098790349457,On,0,0,Off,0.0037194567799707597,0.0,On,0.012577524046939178,0,On,0.006397437741515965,0,On,0.1812597452823811,0.1359448089617858,On,Off,0.0,20.000000000000057,0.0,0.0,0.0,0.0,0,0.0,21116.65276888889,Off,0.0,23.888888888888914,0,0.0,0.05,0.0,0.0,0,0,0,11489.55984,Off,0.0,0,81.28183277620367,51.666666666666686,46.10666666666668,0.0,50.19797556583375,0.0,0.0,0.0,127.00286371281824,50.24118806765493,50.262794318565525,50.19797556583375,12.43753247303448,19.946509320781043,0.0,9.015872068622794,0.5545214329973488,2.8,9.236100170605994,-2760.5231084108086,-4290.2405463777895,520.9569804737835,-3006.75992855341,-0.0,-0.0,357.4533418459507,0.0,2.0,0.13455671685077905,0.0,0,1.259317741357678,131.99922844444444,-111.21652170334895,0.1942660064800733,9.224093083156479,0.0027465003041017727,-60.98568037952956,1.2222461315938744,0.5380767012045007,-4358.769535623425,68.528989245636,0.23326147593188296,682.605188844618,-161.64820837083454
2025-01-01 01:17:00,0.28814229557127297,0.17616924108546858,0.0,0.004802371592854549,0.002936154018091143,0.0,0.01629698082690994,0.221845314744363,0.0,0.05,0.0,0.0,0.0,0.16158590775213524,0,0.01458333333333334,1,0,0,Off,0,0,Off,0,0,Off,0.034188131720465954,0.025641098790349457,On,0,0,Off,0.0037194567799707597,0.0,On,0.012577524046939178,0,On,0.006397437741515965,0,On,0.1812597452823811,0.1359448089617858,On,Off,0.0,20.000000000000057,0.0,0.0,0.0,0.0,0,0.0,21116.65276888889,Off,0.0,23.888888888888914,0,0.0,0.05,0.0,0.0,0,0,0,11489.55984,Off,0.0,0,81.6032133224923,51.666666666666686,46.10666666666668,0.0,50.18009579278654,0.0,0.0,0.0,127.50502081639421,50.22430237385049,50.24640566438248,50.18009579278654,12.43753247303448,19.809816487639957,0.0,8.937833773613937,0.5762136254145307,2.8,9.236100170605994,-2718.377192584082,-4231.021306125676,513.7471670934175,-2971.9891990253477,-0.0,-0.0,357.4533418459507,0.0,2.0,0.13406948669749655,0.0,0,1.254757749181044,131.99922844444444,-103.84133540468494,0.19590445094147163,9.161395299828623,0.002746288866573126,-60.28995161878587,1.2228165784302127,0.5377170633249487,-4301.16984766929,70.14854154361376,0.2330523013513341,675.4047532595623,-161.65758616614497
2025-01-01 01:18:00,0.28814229557127297,0.17616924108546858,0.0,0.004802371592854549,0.002936154018091143,0.0,0.01629698082690994,0.221845314744363,0.0,0.05,0.0,0.0,0.0,0.16158590775213524,0,0.01458333333333334,1,0,0,Off,0,0,Off,0,0,Off,0.034188131720465954,0.025641098790349457,On,0,0,Off,0.0037194567799707597,0.0,On,0.012577524046939178,0,On,0.006397437741515965,0,On,0.1812597452823811,0.1359448089617858,On,Off,0.0,20.000000000000057,0.0,0.0,0.0,0.0,0,0.0,21116.65276888889,Off,0.0,23.888888888888914,0,0.0,0.05,0.0,0.0,0,0,0,11489.55984,Off,0.0,0,81.91297661887717,51.666666666666686,46.10666666666668,0.0,50.162145842514235,0.0,0.0,0.0,127.98902596699557,50.20734991563741,50.229951952199,50.162145842514235,12.43753247303448,19.67738648345986,0.0,8.864800322603324,0.5975633132925604,2.8,9.236100170605994,-2677.7087898107015,-4175.660944765808,506.6519260923782,-2938.455832625116,-0.0,-0.0,357.4533418459507,0.0,2.0,0.13359688121190472,0.0,0,1.2503346294245716,131.99922844444444,-96.70629903153659,0.19750637167481513,9.100176740693723,0.0027460799386489483,-59.61410205079455,1.2233697465540854,0.5373802721400099,-4247.3287520427775,71.66780727696886,0.23284624600869985,668.3290288481419,-161.67710275576374
2025-01-01 01:19:00,0.28814229557127297,0.17616924108546858,0.0,0.004802371592854549,0.002936154018091143,0.0,0.01629698082690994,0.221845314744363,0.0,0.05,0.0,0.0,0.0,0.16158590775213524,0,0.01458333333333334,1,0,0,Off,0,0,Off,0,0,Off,0.034188131720465954,0.025641098790349457,On,0,0,Off,0.0037194567799707597,0.0,On,0.012577524046939178,0,On,0.006397437741515965,0,On,0.1812597452823811,0.1359448089617858,On,Off,0.0,20.000000000000057,0.0,0.0,0.0,0.0,0,0.0,21116.65276888889,Off,0.0,23.888888888888914,0,0.0,0.05,0.0,0.0,0,0,0,11489.55984,Off,0.0,0,82.21175883328806,51.666666666666686,46.10666666666668,0.0,50.14412827652305,0.0,0.0,0.0,128.4558731770126,50.190333106412595,50.21343552135737,50.14412827652305,12.43753247303448,19.548984629201264,0.0,8.79637318885058,0.6185752968230283,2.8,9.236100170605994,-2638.4925845473354,-4123.853550372852,499.66972079571053,-2906.086533877737,-0.0,-0.0,357.4533418459507,0.0,2.0,0.13313811570248893,0.0,0,1.2460410381520453,131.99922844444444,-89.85939251554868,0.19907338958492043,9.040327411893937,0.002745873446215483,-58.95708607139225,1.2239065696967066,0.5370645311852305,-4196.940161463194,73.08661109034273,0.23264327180251546,661.3759156582586,-161.70619486254807
2025-01-01 01:20:00,0.28814229557127297,0.17616924108546858,0.0,0.004802371592854549,0.002936154018091143,0.0,0.01629698082690994,0.221845314744363,0.0,0.05,0.0,0.0,0.0,0.16158590775213524,0,0.01458333333333334,1,0,0,Off,0,0,Off,0,0,Off,0.034188131720465954,0.025641098790349457,On,0,0,Off,0.0037194567799707597,0.0,On,0.012577524046939178,0,On,0.006397437741515965,0,On,0.1812597452823811,0.1359448089617858,On,Off,0.0,20.000000000000057,0.0,0.0,0.0,0.0,0,0.0,21116.65276888889,Off,0.0,23.888888888888914,0,0.0,0.05,0.0,0.0,0,0,0,11489.55984,Off,0.0,0,82.5001121685179,51.666666666666686,46.10666666666668,0.0,50.12604551607387,0.0,0.0,0.0,128.90642526330922,50.17325422741382,50.1968585830838,50.12604551607387,12.43753247303448,19.424407406859633,-0.07559259314042421,8.732204061207781,0.6392543664097644,2.8,9.236100170605994,-2600.6902569525714,-4075.329769150909,492.79901045312147,-2874.8172340551614,-0.0,-0.0,357.4533418459507,0.0,2.0,0.13269251157312054,0.0,0,1.2418706243750937,131.99922844444444,-83.32636474336056,0.2006068570675283,8.983158219794802,0.002745669319138545,-58.31799450286781,1.2244278559421597,0.5367682690499326,-4149.736955920122,74.40718676921308,0.23244334046936213,654.5433337077374,-161.7443232546159
2025-01-01 01:21:00,0.28814229557127297,0.17616924108546858,0.0,0.004802371592854549,0.002936154018091143,0.0,0.01629698082690994,0.221845314744363,0.0,0.05,0.0,0.0,0.0,0.16158590775213524,0,0.01458333333333334,1,0,0,Off,0,0,Off,0,0,Off,0.034188131720465954,0.025641098790349457,On,0,0,Off,0.0037194567799707597,0.0,On,0.012577524046939178,0,On,0.006397437741515965,0,On,0.1812597452823811,0.1359448089617858,On,Off,0.0,20.000000000000057,0.0,0.0,0.0,0.0,0,0.0,21116.65276888889,Off,0.0,23.888888888888914,0,0.0,0.05,0.0,0.0,0,0,0,11489.55984,Off,0.0,0,82.7785293962726,51.666666666666686,46.10666666666668,0.0,50.10789986068547,0.0,0.0,0.0,129.34145218167595,50.156115445162875,50.180223237401584,50.10789986068547,12.43753247303448,19.303473333167187,-0.19652666683287023,8.671983533070291,0.6596052984509243,2.8,9.236100170605994,-2564.2510965036454,-4029.8492237563823,486.03825225665605,-2844.5905811468783,-0.0,-0.0,357.4533418459507,0.0,2.0,0.13225946450821446,0.0,0,1.2378177322977413,131.99922844444444,-77.11385720271792,0.20210795262683634,8.926467459182474,0.0027454674907506278,-57.696014478623376,1.2249343251709428,0.5364900883729025,-4105.482296642265,75.63307288588294,0.23224641362903634,647.8292240378178,-161.79097178116174
2025-01-01 01:22:00,1.3389152122379397,0.17616924108546858,0.9006625,0.022315253537298997,0.002936154018091143,0.015011041666666667,0.01629698082690994,0.221845314744363,1.0507729166666668,0.05,0.0,0.9006625,0.0,0.16158590775213524,0,0.01458333333333334,1,0,0,Off,0,0,Off,0,0,Off,0.034188131720465954,0.025641098790349457,On,0,0,Off,0.0037194567799707597,0.0,On,0.012577524046939178,0,On,0.006397437741515965,0,On,0.1812597452823811,0.1359448089617858,On,On,17415.9303113141,20.000000000000057,0.8,4751.49537424146,26.39581596111111,1.0507729166666668,1,21116.65276888889,21116.65276888889,Off,0.0,23.888888888888914,0,0.0,0.05,0.0,0.0,0,0,0,11489.55984,Off,0.0,0,83.04745899565589,51.666666666666686,46.10666666666668,0.0,50.089693501231984,0.0,0.0,0.0,129.76165468071233,50.138918823811885,50.16353148510184,50.089693501231984,12.43753247303448,19.186017329990953,-0.3139826700091035,8.615433222165576,0.6796328514214841,2.8,9.236100170605994,14886.81091694014,764.2888417533281,479.3859032178533,-2815.3543709556643,-0.0,-0.0,357.4533418459507,0.0,2.0,0.13183842492729403,0.0,0,1.2338772183904727,131.99922844444444,-71.21836526424624,0.20357773780596383,8.87227721629403,0.0027452678974861345,-57.09040473476947,1.2254266320875358,0.5362287303860909,-4063.963551466458,76.75701897832637,0.23205245282700307,641.231549659132,-161.84564644127872
2025-01-01 01:23:00,1.3389152122379397,0.17616924108546858,0.9006625,0.022315253537298997,0.002936154018091143,0.015011041666666667,0.01629698082690994,0.221845314744363,1.0507729166666668,0.05,0.0,0.9006625,0.0,0.16158590775213524,0,0.01458333333333334,1,0,0,Off,0,0,Off,0,0,Off,0.034188131720465954,0.025641098790349457,On,0,0,Off,0.0037194567799707597,0.0,On,0.012577524046939178,0,On,0.006397437741515965,0,On,0.1812597452823811,0.1359448089617858,On,On,17415.9303113141,20.000000000000057,0.8,4751.49537424146,26.39581596111111,1.0507729166666668,1,21116.65276888889,21116.65276888889,Off,0.0,23.888888888888914,0,0.0,0.05,0.0,0.0,0,0,0,11489.55984,Off,0.0,0,82.45882746182046,51.666666666666686,46.10666666666668,0.0,50.071428529704825,0.0,0.0,0.0,128.84191790909446,50.1216663343448,50.14678523666479,50.071428529704825,12.43753247303448,19.38811453716346,-0.11188546283659662,8.733793079842595,0.699341762245321,2.8,9.236100170605994,14824.993139265829,674.6679140290344,472.8404217412916,-2865.7328021244825,-0.0,-0.0,357.4533418459507,0.0,2.0,0.13256260121792762,0.0,0,1.2406547919818143,131.99922844444444,-82.65771176973836,0.20101677599558315,8.965669498489525,0.0027450704786081298,-57.90449974011634,1.2245802035217828,0.536775607356822,-4150.905264764558,74.07780455213215,0.23186141957421055,634.7482963954145,-161.9078746541229
2025-01-01 01:24:00,1.3389152122379397,0.17616924108546858,0.9006625,0.022315253537298997,0.002936154018091143,0.015011041666666667,0.01629698082690994,0.221845314744363,1.0507729166666668,0.05,0.0,0.9006625,0.0,0.16158590775213524,0,0.01458333333333334,1,0,0,Off,0,0,Off,0,0,Off,0.034188131720465954,0.025641098790349457,On,0,0,Off,0.0037194567799707597,0.0,On,0.012577524046939178,0,On,0.006397437741515965,0,On,0.1812597452823811,0.1359448089617858,On,On,17415.9303113141,20.000000000000057,0.8,4751.49537424146,26.39581596111111,1.0507729166666668,1,21116.65276888889,21116.65276888889,Off,0.0,23.888888888888914,0,0.0,0.05,0.0,0.0,0,0,0,11489.55984,Off,0.0,0,81.88797218472465,51.666666666666686,46.10666666666668,0.0,50.05329387444682,0.0,0.0,0.0,127.94995653863225,50.10453612868338,50.13015725580167,50.05329387444682,12.43753247303448,19.5837091404539,0.0,8.84433919595941,0.718736743038748,2.8,9.236100170605994,14765.83631937444,591.0983238317995,466.40026735087747,-2914.826355253876,-0.0,-0.0,357.4533418459507,0.0,2.0,0.13326223449822105,0.0,0,1.2472026672788525,131.99922844444444,-92.72097853173315,0.19857194605236864,9.055209258698941,0.0027448701061843633,-58.686055273936496,1.223762129108756,0.5372858785176804,-4232.255773864778,71.85872345511814,0.23167327538344362,628.3774735996317,-161.9772062487542
2025-01-01 01:25:00,1.3389152122379397,0.17616924108546858,0.9006625,0.022315253537298997,0.002936154018091143,0.015011041666666667,0.01629698082690994,0.221845314744363,1.0507729166666668,0.05,0.0,0.9006625,0.0,0.16158590775213524,0,0.01458333333333334,1,0,0,Off,0,0,Off,0,0,Off,0.034188131720465954,0.025641098790349457,On,0,0,Off,0.0037194567799707597,0.0,On,0.012577524046939178,0,On,0.006397437741515965,0,On,0.1812597452823811,0.1359448089617858,On,On,17415.9303113141,20.000000000000057,0.8,4751.49537424146,26.39581596111111,1.0507729166666668,1,21116.65276888889,21116.65276888889,Off,0.0,23.888888888888914,0,0.0,0.05,0.0,0.0,0,0,0,11489.55984,Off,0.0,0,81.33371603933351,51.666666666666686,46.10666666666668,0.0,50.03528561417517,0.0,0.0,0.0,127.08393131145861,50.087524513943045,50.11364396382699,50.03528561417517,12.43753247303448,19.773236149236748,0.0,8.947753849171486,0.737822478321446,2.8,9.236100170605994,14708.038743616264,512.7547516712484,460.06390043213685,-2962.711413362934,-0.0,-0.0,357.4533418459507,0.0,2.0,0.13393899780024932,0.0,0,1.2535365022065368,131.99922844444444,-102.63349618085147,0.19623412384584055,9.142574708514365,0.0027446668935148097,-59.43721654716456,1.222970481293768,0.5377627931329805,-4308.487855958678,69.74723338846619,0.23148798180125554,622.1171147128439,-162.053214280707
2025-01-01 01:26:00,1.3389152122379397,0.17616924108546858,0.9006625,0.022315253537298997,0.002936154018091143,0.015011041666666667,0.01629698082690994,0.221845314744363,1.0507729166666668,0.05,0.0,0.9006625,0.0,0.16158590775213524,0,0.01458333333333334,1,0,0,Off,0,0,Off,0,0,Off,0.034188131720465954,0.025641098790349457,On,0,0,Off,0.0037194567799707597,0.0,On,0.012577524046939178,0,On,0.006397437741515965,0,On,0.1812597452823811,0.1359448089617858,On,On,17415.9303113141,20.000000000000057,0.8,4751.49537424146,26.39581596111111,1.0507729166666668,1,21116.65276888889,21116.65276888889,Off,0.0,23.888888888888914,0,0.0,0.05,0.0,0.0,0,0,0,11489.55984,Off,0.0,0,80.79514880963232,51.666666666666686,46.10666666666668,0.0,50.01740008707942,0.0,0.0,0.0,126.24242001505051,50.07062804177812,50.09724201912748,50.01740008707942,12.43753247303448,19.95703134210801,0.0,9.044605934419007,0.7566036225037887,2.8,9.236100170605994,14651.76882449795,439.27558975610464,453.82978385173965,-3009.4430701100077,-0.0,-0.0,357.4533418459507,0.0,2.0,0.13459419694624702,0.0,0,1.2596685179690226,131.99922844444444,-112.17175855209041,0.19399586127839305,9.226558097318613,0.002744460946566728,-60.15966952221749,1.2222037594334203,0.538209060102607,-4379.995796165219,67.7760116798636,0.23130550043729928,615.9652777302819,-162.1354938785422
2025-01-01 01:27:00,1.3389152122379397,0.17616924108546858,0.9006625,0.022315253537298997,0.002936154018091143,0.015011041666666667,0.01629698082690994,0.221845314744363,1.0507729166666668,0.05,0.0,0.9006625,0.0,0.16158590775213524,0,0.01458333333333334,1,0,0,Off,0,0,Off,0,0,Off,0.034188131720465954,0.025641098790349457,On,0,0,Off,0.0037194567799707597,0.0,On,0.012577524046939178,0,On,0.006397437741515965,0,On,0.1812597452823811,0.1359448089617858,On,On,17415.9303113141,20.000000000000057,0.8,4751.49537424146,26.39581596111111,1.0507729166666668,1,21116.65276888889,21116.65276888889,Off,0.0,23.888888888888914,0,0.0,0.05,0.0,0.0,0,0,0,11489.55984,Off,0.0,0,80.27148565976333,51.666666666666686,46.10666666666668,0.0,49.99963383201021,0.0,0.0,0.0,125.4241963433802,50.053843452933535,50.0809482633952,49.99963383201021,12.43753247303448,20.135383958490934,0.0,9.135391581495158,0.7750847975807479,2.8,9.236100170605994,14597.023142865593,370.3119511118439,447.7079948234592,-3055.067637972379,-0.0,-0.0,357.4533418459507,0.0,2.0,0.13522896143841395,0.0,0,1.2656092855893875,131.99922844444444,-121.29287232207702,0.19185064580431835,9.308052846528566,0.0027442523655891197,-60.85487842888214,1.2214606670274915,0.5386270389134589,-4447.124276802988,65.94085367337152,0.23112579299171657,609.920045598728,-162.2120507752688
2025-01-01 01:28:00,0.28814229557127297,0.17616924108546858,0.0,0.004802371592854549,0.002936154018091143,0.0,0.01629698082690994,0.221845314744363,0.0,0.05,0.0,0.0,0.0,0.16158590775213524,0,0.01458333333333334,1,0,0,Off,0,0,Off,0,0,Off,0.034188131720465954,0.025641098790349457,On,0,0,Off,0.0037194567799707597,0.0,On,0.012577524046939178,0,On,0.006397437741515965,0,On,0.1812597452823811,0.1359448089617858,On,Off,0.0,20.000000000000057,0.0,0.0,0.0,0.0,0,0.0,21116.65276888889,Off,0.0,23.888888888888914,0,0.0,0.05,0.0,0.0,0,0,0,11489.55984,Off,0.0,0,79.76203333803066,51.666666666666686,46.10666666666668,0.0,49.98198356084988,0.0,0.0,0.0,124.6281770906729,50.03716765119798,50.06475969637204,49.98198356084988,12.43753247303448,20.308549268143246,0.0,9.220550172205284,0.7932710277025721,2.8,9.236100170605994,-2872.1485093064343,-4445.941538243731,441.6567589978516,-3099.62536060329,-0.0,-0.0,357.4533418459507,0.0,2.0,0.13584429087272148,0.0,0,1.2713681602969387,131.99922844444444,-129.97649054909488,0.18979268904811258,9.387224671948555,0.002744041245877185,-61.52414377647609,1.22074005769585,0.539018816044568,-4510.179449059615,64.23791081588408,0.23094881702956196,603.9793840011985,-162.32262500334684
2025-01-01 01:29:00,0.28814229557127297,0.17616924108546858,0.0,0.004802371592854549,0.002936154018091143,0.0,0.01629698082690994,0.221845314744363,0.0,0.05,0.0,0.0,0.0,0.16158590775213524,0,0.01458333333333334,1,0,0,Off,0,0,Off,0,0,Off,0.034188131720465954,0.025641098790349457,On,0,0,Off,0.0037194567799707597,0.0,On,0.012577524046939178,0,On,0.006397437741515965,0,On,0.1812597452823811,0.1359448089617858,On,Off,0.0,20.000000000000057,0.0,0.0,0.0,0.0,0,0.0,21116.65276888889,Off,0.0,23.888888888888914,0,0.0,0.05,0.0,0.0,0,0,0,11489.55984,Off,0.0,0,80.11465208683816,51.666666666666686,46.10666666666668,0.0,49.96444613832958,0.0,0.0,0.0,125.17914388568462,50.02059768437805,50.048673457402295,49.96444613832958,12.43753247303448,20.16053063009874,0.0,9.128983017415242,0.811165770193364,2.8,9.236100170605994,-2825.2214116666305,-4375.983165528718,435.72701631955385,-3061.522318214787,-0.0,-0.0,357.4533418459507,0.0,2.0,0.13531837768255262,0.0,0,1.2664461331674557,131.99922844444444,-121.15243529779426,0.19152286166933752,9.319447942882089,0.002743827678332588,-60.78268873627031,1.2213562594231104,0.53859754440559,-4442.3825167931755,66.39935126445718,0.23077454515235965,598.1417838428769,-162.41476752332298
2025-01-01 01:30:00,0.28814229557127297,0.17616924108546858,0.0,0.004802371592854549,0.002936154018091143,0.0,0.01629698082690994,0.221845314744363,0.0,0.05,0.0,0.0,0.0,0.16158590775213524,0,0.01458333333333334,1,0,0,Off,0,0,Off,0,0,Off,0.034188131720465954,0.025641098790349457,On,0,0,Off,0.0037194567799707597,0.0,On,0.012577524046939178,0,On,0.006397437741515965,0,On,0.1812597452823811,0.1359448089617858,On,Off,0.0,20.000000000000057,0.0,0.0,0.0,0.0,0,0.0,21116.65276888889,Off,0.0,23.888888888888914,0,0.0,0.05,0.0,0.0,0,0,0,11489.55984,Off,0.0,0,80.45366713553696,51.666666666666686,46.10666666666668,0.0,49.946831639851226,0.0,0.0,0.0,125.70885489927649,50.00395446364616,50.03251587554363,49.946831639851226,12.43753247303448,20.017508660138727,0.0,9.043582733891343,0.8287744586263666,2.2,9.236100170605994,-2527.571209333711,-2738.4270637411323,72.65841860089768,-2772.097883017028,-0.0,-0.0,357.4533418459507,0.0,2.0,0.11912990020459516,0.0,0,1.1149380006067513,131.99922844444444,-112.92666816263396,0.19321121236359776,9.253513892731823,0.002743616791037316,-28.938644933183756,1.2219522544378287,0.3140164734240608,-2806.5756860453193,68.14862230418717,0.1313176395621111,235.16504386373734,-162.50662526283966
2025-01-01 01:31:00,0.28814229557127297,0.17616924108546858,0.0,0.004802371592854549,0.002936154018091143,0.0,0.01629698082690994,0.221845314744363,0.0,0.05,0.0,0.0,0.0,0.16158590775213524,0,0.01458333333333334,1,0,0,Off,0,0,Off,0,0,Off,0.034188131720465954,0.025641098790349457,On,0,0,Off,0.0037194567799707597,0.0,On,0.012577524046939178,0,On,0.006397437741515965,0,On,0.1812597452823811,0.1359448089617858,On,Off,0.0,20.000000000000057,0.0,0.0,0.0,0.0,0,0.0,21116.65276888889,Off,0.0,23.888888888888914,0,0.0,0.05,0.0,0.0,0,0,0,11489.55984,Off,0.0,0,80.76806325935026,51.666666666666686,46.10666666666668,0.0,49.929143064807015,0.0,0.0,0.0,126.20009884273477,49.98724081506943,50.01628969020063,49.929143064807015,12.43753247303448,19.883591514124067,0.0,9.02053342118319,0.8325128380535494,2.2,9.236100170605994,-2485.640576788079,-2727.077598550779,72.49516849876991,-2738.6600677213546,-0.0,-0.0,357.4533418459507,0.0,2.0,0.11858420612173513,0.0,0,1.109830843892593,131.99922844444444,-104.43385091267533,0.19481416447097413,9.191892104902223,0.002743516436543142,-28.281414093962443,1.222510763976034,0.3138344664161899,-2795.5018476394157,68.42424908863657,0.13125361893884216,234.40957590978826,-161.91440741101835
2025-01-01 01:32:00,0.28814229557127297,0.17616924108546858,0.0,0.004802371592854549,0.002936154018091143,0.0,0.01629698082690994,0.221845314744363,0.0,0.05,0.0,0.0,0.0,0.16158590775213524,0,0.01458333333333334,1,0,0,Off,0,0,Off,0,0,Off,0.034188131720465954,0.025641098790349457,On,0,0,Off,0.0037194567799707597,0.0,On,0.012577524046939178,0,On,0.006397437741515965,0,On,0.1812597452823811,0.1359448089617858,On,Off,0.0,20.000000000000057,0.0,0.0,0.0,0.0,0,0.0,21116.65276888889,Off,0.0,23.888888888888914,0,0.0,0.05,0.0,0.0,0,0,0,11489.55984,Off,0.0,0,81.07099678624184,51.666666666666686,46.10666666666668,0.0,49.911385839209935,0.0,0.0,0.0,126.67343247850286,49.97046185304565,49.99999985996351,49.911385839209935,12.43753247303448,19.753881011857107,0.0,8.998730660571747,0.8363813977472387,2.2,9.236100170605994,-2446.072095601415,-2716.1038800776005,71.99888079714302,-2706.4267070081273,-0.0,-0.0,357.4533418459507,0.0,2.0,0.11805443731949136,0.0,0,1.1048727320487728,131.99922844444444,-97.09873043923841,0.1963809911737641,9.132438383133263,0.0027434184060243284,-27.64346993767376,1.2230522169592268,0.31366220550569074,-2785.036125867965,68.93224579036456,0.13118733605450167,233.62840015051006,-161.62951935336704
2025-01-01 01:33:00,0.28814229557127297,0.17616924108546858,0.0,0.004802371592854549,0.002936154018091143,0.0,0.01629698082690994,0.221845314744363,0.0,0.05,0.0,0.0,0.0,0.16158590775213524,0,0.01458333333333334,1,0,0,Off,0,0,Off,0,0,Off,0.034188131720465954,0.025641098790349457,On,0,0,Off,0.0037194567799707597,0.0,On,0.012577524046939178,0,On,0.006397437741515965,0,On,0.1812597452823811,0.1359448089617858,On,Off,0.0,20.000000000000057,0.0,0.0,0.0,0.0,0,0.0,21116.65276888889,Off,0.0,23.888888888888914,0,0.0,0.05,0.0,0.0,0,0,0,11489.55984,Off,0.0,0,81.36313624041664,51.666666666666686,46.10666666666668,0.0,49.89356249044747,0.0,0.0,0.0,127.12990037565099,49.95361995884376,49.9836486930419,49.89356249044747,12.43753247303448,19.62813038306396,0.0,8.978099713960836,0.8403426474065421,2.2,9.236100170605994,-2408.178874062185,-2705.679414000679,71.47964726840885,-2675.3225093957303,-0.0,-0.0,357.4533418459507,0.0,2.0,0.11753968936571432,0.0,0,1.1000552004852029,131.99922844444444,-90.3097065124054,0.19791348614940332,9.07431500589202,0.00274332262920075,-27.023733850410313,1.2235775987314559,0.3134991157930312,-2775.1411578834354,69.46174388275648,0.13111943032380716,232.82913993933582,-161.34949267092696
2025-01-01 01:34:00,0.28814229557127297,0.17616924108546858,0.0,0.004802371592854549,0.002936154018091143,0.0,0.01629698082690994,0.221845314744363,0.0,0.05,0.0,0.0,0.0,0.16158590775213524,0,0.01458333333333334,1,0,0,Off,0,0,Off,0,0,Off,0.034188131720465954,0.025641098790349457,On,0,0,Off,0.0037194567799707597,0.0,On,0.012577524046939178,0,On,0.006397437741515965,0,On,0.1812597452823811,0.1359448089617858,On,Off,0.0,20.000000000000057,0.0,0.0,0.0,0.0,0,0.0,21116.65276888889,Off,0.0,23.888888888888914,0,0.0,0.05,0.0,0.0,0,0,0,11489.55984,Off,0.0,0,81.64503484144429,51.666666666666686,46.10666666666668,0.0,49.875675398534725,0.0,0.0,0.0,127.5703669397567,49.93671737485174,49.96723836301026,49.875675398534725,12.43753247303448,19.506135691871606,0.0,8.958566908070658,0.8443746426437054,2.2,9.236100170605994,-2371.6849586787607,-2695.846408296869,70.80868602260742,-2645.284207185483,-0.0,-0.0,357.4533418459507,0.0,2.0,0.1170392229944201,0.0,0,1.0953713304036918,131.99922844444444,-83.8540933392284,0.19941303496742852,9.018132693757,0.00274322903979069,-26.421318187334695,1.2240877202968412,0.31334462876560937,-2765.780286473705,69.93387817683627,0.1310502757022684,232.01626297529944,-161.20757695269202
2025-01-01 01:35:00,0.28814229557127297,0.17616924108546858,0.0,0.004802371592854549,0.002936154018091143,0.0,0.01629698082690994,0.221845314744363,0.0,0.05,0.0,0.0,0.0,0.16158590775213524,0,0.01458333333333334,1,0,0,Off,0,0,Off,0,0,Off,0.034188131720465954,0.025641098790349457,On,0,0,Off,0.0037194567799707597,0.0,On,0.012577524046939178,0,On,0.006397437741515965,0,On,0.1812597452823811,0.1359448089617858,On,Off,0.0,20.000000000000057,0.0,0.0,0.0,0.0,0,0.0,21116.65276888889,Off,0.0,23.888888888888914,0,0.0,0.05,0.0,0.0,0,0,0,11489.55984,Off,0.0,0,81.9171762856402,51.666666666666686,46.10666666666668,0.0,49.85772682152219,0.0,0.0,0.0,127.99558794631281,49.91975622853039,49.950770932034494,49.85772682152219,12.43753247303448,19.387718798242403,-0.11228120175765355,8.940062546878522,0.8484535047177404,2.2,9.236100170605994,-2336.5038148939775,-2686.5640222782977,70.01882812065307,-2616.2560833554285,-0.0,-0.0,357.4533418459507,0.0,2.0,0.11655239624596492,0.0,0,1.0908151136971191,131.99922844444444,-77.70107338449962,0.20088080197171118,8.9630973499476,0.0027431375748173717,-25.83544873517477,1.224583288667992,0.31319820552700767,-2756.91893684686,70.35491456856263,0.13098028009471463,231.19461282091905,-161.17578470026598
2025-01-01 01:36:00,0.28814229557127297,0.17616924108546858,0.0,0.004802371592854549,0.002936154018091143,0.0,0.01629698082690994,0.221845314744363,0.0,0.05,0.0,0.0,0.0,0.16158590775213524,0,0.01458333333333334,1,0,0,Off,0,0,Off,0,0,Off,0.034188131720465954,0.025641098790349457,On,0,0,Off,0.0037194567799707597,0.0,On,0.012577524046939178,0,On,0.006397437741515965,0,On,0.1812597452823811,0.1359448089617858,On,Off,0.0,20.000000000000057,0.0,0.0,0.0,0.0,0,0.0,21116.65276888889,Off,0.0,23.888888888888914,0,0.0,0.05,0.0,0.0,0,0,0,11489.55984,Off,0.0,0,82.17999950099875,51.666666666666686,46.10666666666668,0.0,49.8397189108166,0.0,0.0,0.0,128.40624922031054,49.90273854685616,49.93424836487595,49.8397189108166,12.43753247303448,19.27271814644426,-0.2272818535557981,8.922522749938329,0.8525592489655923,2.2,9.236100170605994,-2302.587869109094,-2677.7813193177813,69.20207171489193,-2588.1875342100407,-0.0,-0.0,357.4533418459507,0.0,2.0,0.11607862788607079,0.0,0,1.0863811105877075,131.99922844444444,-71.8536767450037,0.20231783023112918,8.909834096712114,0.002743048174192835,-25.26542286453014,1.2250649448347422,0.31305935157006926,-2748.525475049589,70.74415573180795,0.13090978537721953,230.3682340983428,-161.16616238345088
2025-01-01 01:37:00,1.3389152122379397,0.17616924108546858,0.9006625,0.022315253537298997,0.002936154018091143,0.015011041666666667,0.01629698082690994,0.221845314744363,1.0507729166666668,0.05,0.0,0.9006625,0.0,0.16158590775213524,0,0.01458333333333334,1,0,0,Off,0,0,Off,0,0,Off,0.034188131720465954,0.025641098790349457,On,0,0,Off,0.0037194567799707597,0.0,On,0.012577524046939178,0,On,0.006397437741515965,0,On,0.1812597452823811,0.1359448089617858,On,On,17415.9303113141,20.000000000000057,0.8,4751.49537424146,26.39581596111111,1.0507729166666668,1,21116.65276888889,21116.65276888889,Off,0.0,23.888888888888914,0,0.0,0.05,0.0,0.0,0,0,0,11489.55984,Off,0.0,0,82.43391014787622,51.666666666666686,46.10666666666668,0.0,49.821653721047596,0.0,0.0,0.0,128.80298460605658,49.88566626562152,49.91767253790849,49.821653721047596,12.43753247303448,19.160984488085482,-0.3390155119145746,8.905889022913563,0.8566776627025342,2.2,9.236100170605994,15146.042380344543,2082.034401902514,68.31572753523784,-2561.0318985650224,-0.0,-0.0,357.4533418459507,0.0,2.0,0.11561738067975756,0.0,0,1.0820642930875741,131.99922844444444,-66.30937425048441,0.20372508508026876,8.857570638054147,0.0027429607804517536,-24.710590308760434,1.2255332812657864,0.31292761360255755,-2740.5709807334433,71.11000839449773,0.1308390349696032,229.53999789521333,-161.2242703599755
2025-01-01 01:38:00,1.3389152122379397,0.17616924108546858,0.9006625,0.022315253537298997,0.002936154018091143,0.015011041666666667,0.01629698082690994,0.221845314744363,1.0507729166666668,0.05,0.0,0.9006625,0.0,0.16158590775213524,0,0.01458333333333334,1,0,0,Off,0,0,Off,0,0,Off,0.034188131720465954,0.025641098790349457,On,0,0,Off,0.0037194567799707597,0.0,On,0.012577524046939178,0,On,0.006397437741515965,0,On,0.1812597452823811,0.1359448089617858,On,On,17415.9303113141,20.000000000000057,0.8,4751.49537424146,26.39581596111111,1.0507729166666668,1,21116.65276888889,21116.65276888889,Off,0.0,23.888888888888914,0,0.0,0.05,0.0,0.0,0,0,0,11489.55984,Off,0.0,0,81.83079928035464,51.666666666666686,46.10666666666668,0.0,49.80353321740032,0.0,0.0,0.0,127.86062387555413,49.86854123634601,49.901045245818864,49.80353321740032,12.43753247303448,19.368606052045653,-0.13139394795440396,9.06160059251288,0.8607948582498626,2.2,9.236100170605994,15083.717963585943,2004.0220847419023,67.37298772992472,-2611.582832805448,-0.0,-0.0,357.4533418459507,0.0,2.0,0.11647372497287574,0.0,0,1.0900788284171636,131.99922844444444,-78.08285676865788,0.2011007760580973,8.9535416704132,0.002742875338554637,-25.648977678548025,1.2246634950092545,0.3141586765363455,-2815.2391795914045,67.76589009184667,0.13076826722775248,228.71270049901085,-161.33971276908613
2025-01-01 01:39:00,1.3389152122379397,0.17616924108546858,0.9006625,0.022315253537298997,0.002936154018091143,0.015011041666666667,0.01629698082690994,0.221845314744363,1.0507729166666668,0.05,0.0,0.9006625,0.0,0.16158590775213524,0,0.01458333333333334,1,0,0,Off,0,0,Off,0,0,Off,0.034188131720465954,0.025641098790349457,On,0,0,Off,0.0037194567799707597,0.0,On,0.012577524046939178,0,On,0.006397437741515965,0,On,0.1812597452823811,0.1359448089617858,On,On,17415.9303113141,20.000000000000057,0.8,4751.49537424146,26.39581596111111,1.0507729166666668,1,21116.65276888889,21116.65276888889,Off,0.0,23.888888888888914,0,0.0,0.05,0.0,0.0,0,0,0,11489.55984,Off,0.0,0,81.24588423135786,51.666666666666686,46.10666666666668,0.0,49.78554620922386,0.0,0.0,0.0,126.94669411149667,49.85154149884963,49.88453914366252,49.78554620922386,12.43753247303448,19.569571656481013,0.0,9.208693153757103,0.8648991792079644,2.2,9.236100170605994,15024.029482676564,1930.151360071221,66.39421270243065,-2660.886967831885,-0.0,-0.0,357.4533418459507,0.0,2.0,0.11729959515502744,0.0,0,1.0978081562187276,131.99922844444444,-88.46720265160083,0.19859629139768795,9.046262436097383,0.0027427865890047457,-26.5511574484614,1.2238227720956896,0.3153171825959068,-2886.1937953303122,64.84978116007339,0.13069768264022605,227.88868106049708,-161.49446835806643
2025-01-01 01:40:00,1.3389152122379397,0.17616924108546858,0.9006625,0.022315253537298997,0.002936154018091143,0.015011041666666667,0.01629698082690994,0.221845314744363,1.0507729166666668,0.05,0.0,0.9006625,0.0,0.16158590775213524,0,0.01458333333333334,1,0,0,Off,0,0,Off,0,0,Off,0.034188131720465954,0.025641098790349457,On,0,0,Off,0.0037194567799707597,0.0,On,0.012577524046939178,0,On,0.006397437741515965,0,On,0.1812597452823811,0.1359448089617858,On,On,17415.9303113141,20.000000000000057,0.8,4751.49537424146,26.39581596111111,1.0507729166666668,1,21116.65276888889,21116.65276888889,Off,0.0,23.888888888888914,0,0.0,0.05,0.0,0.0,0,0,0,11489.55984,Off,0.0,0,80.6834026660699,51.666666666666686,46.10666666666668,0.0,49.834663273086946,0.0,0.0,0.0,126.06781666573421,49.834663273086946,49.83466327308696,49.834663273086946,12.43753247303448,19.764323479870725,0.0,9.347813906815498,0.8689812387108019,2.2,9.236100170605994,14965.680348714852,1859.8914719970162,65.38975939141451,-2709.016062989833,-0.0,-0.0,357.4533418459507,0.0,2.0,0.11809713140294903,0.0,0,1.1052723064290608,131.99922844444444,-98.6872414553641,0.19620221942313007,9.13600730970461,0.002742694654656803,-27.419598219855832,1.2230091490656114,0.31640899926878596,-2953.676100493824,62.07219824938002,0.13062744306628088,227.0698158174526,-161.68005642603808
2025-01-01 01:41:00,1.3389152122379397,0.17616924108546858,0.9006625,0.022315253537298997,0.002936154018091143,0.015011041666666667,0.01629698082690994,0.221845314744363,1.0507729166666668,0.05,0.0,0.9006625,0.0,0.16158590775213524,0,0.01458333333333334,1,0,0,Off,0,0,Off,0,0,Off,0.034188131720465954,0.025641098790349457,On,0,0,Off,0.0037194567799707597,0.0,On,0.012577524046939178,0,On,0.006397437741515965,0,On,0.1812597452823811,0.1359448089617858,On,On,17415.9303113141,20.000000000000057,0.8,4751.49537424146,26.39581596111111,1.0507729166666668,1,21116.65276888889,21116.65276888889,Off,0.0,23.888888888888914,0,0.0,0.05,0.0,0.0,0,0,0,11489.55984,Off,0.0,0,80.13155178576561,51.666666666666686,46.10666666666668,0.0,49.81688816441103,0.0,0.0,0.0,125.20554966525877,49.81790189866925,49.81840876579836,49.81688816441103,12.43753247303448,19.95320378076401,0.0,9.47950816828712,0.8730333314696601,2.2,9.236100170605994,14908.842581274055,1793.066651621657,64.36549661416004,-2756.021430268909,-0.0,-0.0,357.4533418459507,0.0,2.0,0.11886802513101381,0.0,0,1.1124871090132378,131.99922844444444,-108.51964161708443,0.19391085654956294,9.222993831008317,0.0027425996501401232,-28.25625815799933,1.2222210928712698,0.31743907310442415,-3017.8887403178546,59.4600176980518,0.13055768175344493,226.25763785221812,-161.8921412380581
2025-01-01 01:42:00,1.3389152122379397,0.17616924108546858,0.9006625,0.022315253537298997,0.002936154018091143,0.015011041666666667,0.01629698082690994,0.221845314744363,1.0507729166666668,0.05,0.0,0.9006625,0.0,0.16158590775213524,0,0.01458333333333334,1,0,0,Off,0,0,Off,0,0,Off,0.034188131720465954,0.025641098790349457,On,0,0,Off,0.0037194567799707597,0.0,On,0.012577524046939178,0,On,0.006397437741515965,0,On,0.1812597452823811,0.1359448089617858,On,On,17415.9303113141,20.000000000000057,0.8,4751.49537424146,26.39581596111111,1.0507729166666668,1,21116.65276888889,21116.65276888889,Off,0.0,23.888888888888914,0,0.0,0.05,0.0,0.0,0,0,0,11489.55984,Off,0.0,0,79.59497126361308,51.666666666666686,46.10666666666668,0.0,49.79923526976071,0.0,0.0,0.0,124.36714259939542,49.8012551671511,49.802265115846296,49.79923526976071,12.43753247303448,20.136507759989918,0.0,9.604255738697239,0.8770490895388346,2.2,9.236100170605994,14853.515555512355,1729.4935024431397,63.327168954355386,-2801.9461043113806,-0.0,-0.0,357.4533418459507,0.0,2.0,0.11961374361063805,0.0,0,1.1194662961800184,131.99922844444444,-117.92199333631442,0.19171546061942785,9.306687248869405,0.002742501683605188,-29.06284006718275,1.221457277275526,0.3184117386779223,-3079.011319259265,57.00944746094458,0.130488509187559,225.45340748049173,-162.12623852613635
2025-01-01 01:43:00,0.28814229557127297,0.17616924108546858,0.0,0.004802371592854549,0.002936154018091143,0.0,0.01629698082690994,0.221845314744363,0.0,0.05,0.0,0.0,0.0,0.16158590775213524,0,0.01458333333333334,1,0,0,Off,0,0,Off,0,0,Off,0.034188131720465954,0.025641098790349457,On,0,0,Off,0.0037194567799707597,0.0,On,0.012577524046939178,0,On,0.006397437741515965,0,On,0.1812597452823811,0.1359448089617858,On,Off,0.0,20.000000000000057,0.0,0.0,0.0,0.0,0,0.0,21116.65276888889,Off,0.0,23.888888888888914,0,0.0,0.05,0.0,0.0,0,0,0,11489.55984,Off,0.0,0,79.07295273672568,51.666666666666686,46.10666666666668,0.0,49.78170122020997,0.0,0.0,0.0,123.55148865113388,49.784719906229626,49.786229249239454,49.78170122020997,12.43753247303448,20.314496242962118,0.0,9.72248588762972,0.8810233280696905,2.2,9.236100170605994,-2616.248722016084,-3082.4898429156283,62.28032890162939,-2846.827457000554,-0.0,-0.0,357.4533418459507,0.0,2.0,0.12033558683464018,0.0,0,1.1262220345759901,131.99922844444444,-126.87460686148026,0.18961003536100784,9.387970779638216,0.0027424008575808972,-29.840856064364605,1.2207165282883072,0.31933085291454655,-3137.2062192302947,54.71637631466649,0.13042001568650746,224.65814429334296,-162.37781539171357
2025-01-01 01:44:00,0.28814229557127297,0.17616924108546858,0.0,0.004802371592854549,0.002936154018091143,0.0,0.01629698082690994,0.221845314744363,0.0,0.05,0.0,0.0,0.0,0.16158590775213524,0,0.01458333333333334,1,0,0,Off,0,0,Off,0,0,Off,0.034188131720465954,0.025641098790349457,On,0,0,Off,0.0037194567799707597,0.0,On,0.012577524046939178,0,On,0.006397437741515965,0,On,0.1812597452823811,0.1359448089617858,On,Off,0.0,20.000000000000057,0.0,0.0,0.0,0.0,0,0.0,21116.65276888889,Off,0.0,23.888888888888914,0,0.0,0.05,0.0,0.0,0,0,0,11489.55984,Off,0.0,0,79.41334223635842,51.666666666666686,46.10666666666668,0.0,49.76428280301367,0.0,0.0,0.0,124.08334724431003,49.768293090759045,49.77029823463174,49.76428280301367,12.43753247303448,20.171177812013987,0.0,9.663095010099372,0.8849519063580159,2.2,9.236100170605994,-2571.5222408152636,-3052.119378343692,61.229648237345174,-2810.6662062016867,-0.0,-0.0,357.4533418459507,0.0,2.0,0.11975452323894491,0.0,0,1.120783854215751,131.99922844444444,-118.30937645952767,0.19129046395674545,9.322242194192912,0.002742297269610257,-29.14412679981564,1.2213130538285217,0.3188694828709728,-3107.9407631003583,55.821384756666326,0.13035227373901967,223.87265597986786,-162.64300774252268
2025-01-01 01:45:00,0.28814229557127297,0.17616924108546858,0.0,0.004802371592854549,0.002936154018091143,0.0,0.01629698082690994,0.221845314744363,0.0,0.05,0.0,0.0,0.0,0.16158590775213524,0,0.01458333333333334,1,0,0,Off,0,0,Off,0,0,Off,0.034188131720465954,0.025641098790349457,On,0,0,Off,0.0037194567799707597,0.0,On,0.012577524046939178,0,On,0.006397437741515965,0,On,0.1812597452823811,0.1359448089617858,On,Off,0.0,20.000000000000057,0.0,0.0,0.0,0.0,0,0.0,21116.65276888889,Off,0.0,23.888888888888914,0,0.0,0.05,0.0,0.0,0,0,0,11489.55984,Off,0.0,0,79.74052942425553,51.666666666666686,46.10666666666668,0.0,49.74679001923111,0.0,0.0,0.0,124.59457722539926,49.751795561911706,49.75429833325201,49.74679001923111,12.43753247303448,20.032708999173785,0.0,9.607428901064784,0.8888315787854203,2.2,9.236100170605994,-2529.427854806691,-3022.86786076704,60.17893844166602,-2775.903456739366,-0.0,-0.0,357.4533418459507,0.0,2.0,0.11919175937615718,0.0,0,1.1155169412500496,131.99922844444444,-110.97773991327568,0.1929298990988147,9.259009960214508,0.002742196149642892,-28.469403943366135,1.221889948803793,0.31843644130043586,-3080.5698324628884,57.70197169584825,0.130285340526136,223.09756901613824,-162.91863057447222
2025-01-01 01:46:00,0.28814229557127297,0.17616924108546858,0.0,0.004802371592854549,0.002936154018091143,0.0,0.01629698082690994,0.221845314744363,0.0,0.05,0.0,0.0,0.0,0.16158590775213524,0,0.01458333333333334,1,0,0,Off,0,0,Off,0,0,Off,0.034188131720465954,0.025641098790349457,On,0,0,Off,0.0037194567799707597,0.0,On,0.012577524046939178,0,On,0.006397437741515965,0,On,0.1812597452823811,0.1359448089617858,On,Off,0.0,20.000000000000057,0.0,0.0,0.0,0.0,0,0.0,21116.65276888889,Off,0.0,23.888888888888914,0,0.0,0.05,0.0,0.0,0,0,0,11489.55984,Off,0.0,0,80.05551488437885,51.666666666666686,46.10666666666668,0.0,49.7292257797197,0.0,0.0,0.0,125.08674200684196,49.73523006236928,49.73823220369408,49.7292257797197,12.43753247303448,19.898719639084746,0.0,9.555144397053914,0.8926598611689175,2.2,9.236100170605994,-2488.633007672064,-2996.112927812106,59.13139327041088,-2742.4293234055212,-0.0,-0.0,357.4533418459507,0.0,2.0,0.11864591488115293,0.0,0,1.1104083768270372,131.99922844444444,-103.65702611249367,0.19453130950649608,9.197362304246946,0.0027420974173656106,-27.815066257139282,1.2224487009433602,0.31802916913614804,-3054.9138155239657,58.800887711859765,0.13021926018553703,222.33335611693835,-163.20196284652746
2025-01-01 01:47:00,0.28814229557127297,0.17616924108546858,0.0,0.004802371592854549,0.002936154018091143,0.0,0.01629698082690994,0.221845314744363,0.0,0.05,0.0,0.0,0.0,0.16158590775213524,0,0.01458333333333334,1,0,0,Off,0,0,Off,0,0,Off,0.034188131720465954,0.025641098790349457,On,0,0,Off,0.0037194567799707597,0.0,On,0.012577524046939178,0,On,0.006397437741515965,0,On,0.1812597452823811,0.1359448089617858,On,Off,0.0,20.000000000000057,0.0,0.0,0.0,0.0,0,0.0,21116.65276888889,Off,0.0,23.888888888888914,0,0.0,0.05,0.0,0.0,0,0,0,11489.55984,Off,0.0,0,80.3590439980161,51.666666666666686,46.10666666666668,0.0,49.71159277479554,0.0,0.0,0.0,125.56100624690016,49.718599126949606,49.722102303026645,49.71159277479554,12.43753247303448,19.76893447103673,0.0,9.505914502594347,0.8964349193276484,2.2,9.236100170605994,-2449.2812474121647,-2970.8481920076447,58.08971198376088,-2710.159736263296,-0.0,-0.0,357.4533418459507,0.0,2.0,0.11811598097529497,0.0,0,1.1054487197767393,131.99922844444444,-96.5748529948187,0.1960966965267103,9.137167764447444,0.002742000998431208,-27.17991765384841,1.2229904090339176,0.31764521365346143,-3030.8029822275575,59.95479021991308,0.13015406570012192,221.58035911110207,-163.4906471273412
2025-01-01 01:48:00,0.28814229557127297,0.17616924108546858,0.0,0.004802371592854549,0.002936154018091143,0.0,0.01629698082690994,0.221845314744363,0.0,0.05,0.0,0.0,0.0,0.16158590775213524,0,0.01458333333333334,1,0,0,Off,0,0,Off,0,0,Off,0.034188131720465954,0.025641098790349457,On,0,0,Off,0.0037194567799707597,0.0,On,0.012577524046939178,0,On,0.006397437741515965,0,On,0.1812597452823811,0.1359448089617858,On,Off,0.0,20.000000000000057,0.0,0.0,0.0,0.0,0,0.0,21116.65276888889,Off,0.0,23.888888888888914,0,0.0,0.05,0.0,0.0,0,0,0,11489.55984,Off,0.0,0,80.65174618778894,51.666666666666686,46.10666666666668,0.0,49.693893530464344,0.0,0.0,0.0,126.01835341842022,49.70190513562311,49.7059109382025,49.693893530464344,12.43753247303448,19.64312129643779,0.0,9.459497190571438,0.9001554736816689,2.2,9.236100170605994,-2411.349076320522,-2947.053814861882,57.056145411237196,-2679.0229729519756,-0.0,-0.0,357.4533418459507,0.0,2.0,0.11760111307552308,0.0,0,1.1006300656373302,131.99922844444444,-89.77944521449695,0.1976276724900076,9.079736478919616,0.0027419068229262646,-26.56295162947635,1.2235159974314156,0.31728276858198984,-3008.110825980662,61.05701111877966,0.13008978051627373,220.83880849938896,-163.78266308815176
2025-01-01 01:49:00,0.28814229557127297,0.17616924108546858,0.0,0.004802371592854549,0.002936154018091143,0.0,0.01629698082690994,0.221845314744363,0.0,0.05,0.0,0.0,0.0,0.16158590775213524,0,0.01458333333333334,1,0,0,Off,0,0,Off,0,0,Off,0.034188131720465954,0.025641098790349457,On,0,0,Off,0.0037194567799707597,0.0,On,0.012577524046939178,0,On,0.006397437741515965,0,On,0.1812597452823811,0.1359448089617858,On,Off,0.0,20.000000000000057,0.0,0.0,0.0,0.0,0,0.0,21116.65276888889,Off,0.0,23.888888888888914,0,0.0,0.05,0.0,0.0,0,0,0,11489.55984,Off,0.0,0,80.93416722873472,51.666666666666686,46.10666666666668,0.0,49.67613043397384,0.0,0.0,0.0,126.459636294898,49.68515033760238,49.68966028941666,49.67613043397384,12.43753247303448,19.5210789607754,0.0,9.415683470501953,0.9038207155034665,2.2,9.236100170605994,-2374.799790632679,-2924.6356356272922,56.03254403379307,-2648.9563777655812,-0.0,-0.0,357.4533418459507,0.0,2.0,0.11710058383595111,0.0,0,1.0959456071709404,131.99922844444444,-83.29675471304841,0.19912558209602713,9.02283482160287,0.0027418148246794154,-25.963297595169568,1.2240262652767973,0.3169402731434652,-2986.7282265144595,62.09259088716728,0.13002641996644368,220.10884058678218,-164.0762965529891
2025-01-01 01:50:00,0.28814229557127297,0.17616924108546858,0.0,0.004802371592854549,0.002936154018091143,0.0,0.01629698082690994,0.221845314744363,0.0,0.05,0.0,0.0,0.0,0.16158590775213524,0,0.01458333333333334,1,0,0,Off,0,0,Off,0,0,Off,0.034188131720465954,0.025641098790349457,On,0,0,Off,0.0037194567799707597,0.0,On,0.012577524046939178,0,On,0.006397437741515965,0,On,0.1812597452823811,0.1359448089617858,On,Off,0.0,20.000000000000057,0.0,0.0,0.0,0.0,0,0.0,21116.65276888889,Off,0.0,23.888888888888914,0,0.0,0.05,0.0,0.0,0,0,0,11489.55984,Off,0.0,0,81.20679376161782,51.666666666666686,46.10666666666668,0.0,49.65830575224696,0.0,0.0,0.0,126.88561525252784,49.66833686871931,49.673352426955496,49.65830575224696,12.43753247303448,19.402628235053403,-0.09737176494665434,9.374291249344616,0.907430233685512,2.2,9.236100170605994,-2339.5841495826517,-2903.4915935996505,55.02041481351054,-2619.9038923376643,-0.0,-0.0,357.4533418459507,0.0,2.0,0.11661374735245301,0.0,0,1.0913892993539978,131.99922844444444,-77.13359909093771,0.20059159650633937,8.968498932033896,0.0027417249407631857,-25.380179994082514,1.2245219239006446,0.31661636641922064,-2966.560218727756,63.06862512810521,0.12996399251488297,219.3905124306584,-164.37009761714785
2025-01-01 01:51:00,0.28814229557127297,0.17616924108546858,0.0,0.004802371592854549,0.002936154018091143,0.0,0.01629698082690994,0.221845314744363,0.0,0.05,0.0,0.0,0.0,0.16158590775213524,0,0.01458333333333334,1,0,0,Off,0,0,Off,0,0,Off,0.034188131720465954,0.025641098790349457,On,0,0,Off,0.0037194567799707597,0.0,On,0.012577524046939178,0,On,0.006397437741515965,0,On,0.1812597452823811,0.1359448089617858,On,Off,0.0,20.000000000000057,0.0,0.0,0.0,0.0,0,0.0,21116.65276888889,Off,0.0,23.888888888888914,0,0.0,0.05,0.0,0.0,0,0,0,11489.55984,Off,0.0,0,81.47006841531618,51.666666666666686,46.10666666666668,0.0,49.640421644913914,0.0,0.0,0.0,127.29698189893153,49.65146676370982,49.65698932310778,49.640421644913914,12.43753247303448,19.287606191978153,-0.2123938080219041,9.335159442712033,0.9109839512821887,2.2,9.236100170605994,-2305.6477983234613,-2883.5372052633384,54.02097211356539,-2591.814512211566,-0.0,-0.0,357.4533418459507,0.0,2.0,0.11614001721424191,0.0,0,1.0869556539617231,131.99922844444444,-71.28662795784625,0.20202676998908808,8.915235909168711,0.00274163711114301,-24.81289318268725,1.225003619824946,0.316309843115763,-2947.522939546888,63.98573428354975,0.12990250083859511,218.68381476626277,-164.66284265269738
2025-01-01 01:52:00,1.3389152122379397,0.17616924108546858,0.9006625,0.022315253537298997,0.002936154018091143,0.015011041666666667,0.01629698082690994,0.221845314744363,1.0507729166666668,0.05,0.0,0.9006625,0.0,0.16158590775213524,0,0.01458333333333334,1,0,0,Off,0,0,Off,0,0,Off,0.034188131720465954,0.025641098790349457,On,0,0,Off,0.0037194567799707597,0.0,On,0.012577524046939178,0,On,0.006397437741515965,0,On,0.1812597452823811,0.1359448089617858,On,On,17415.9303113141,20.000000000000057,0.8,4751.49537424146,26.39581596111111,1.0507729166666668,1,21116.65276888889,21116.65276888889,Off,0.0,23.888888888888914,0,0.0,0.05,0.0,0.0,0,0,0,11489.55984,Off,0.0,0,81.72439955017452,51.666666666666686,46.10666666666668,0.0,49.62248017401215,0.0,0.0,0.0,127.69437429714769,49.634541965356966,49.64057286102938,49.62248017401215,12.43753247303448,19.175862583901182,-0.3241374160988748,9.298143099247596,0.9144820706448644,2.2,9.236100170605994,15142.995598972886,1886.8000730396739,53.03517913887001,-2564.641275329794,-0.0,-0.0,357.4533418459507,0.0,2.0,0.11567885247860088,0.0,0,1.0826396083054863,131.99922844444444,-65.74677885736955,0.20343207519350628,8.862978265193671,0.0027415512784169575,-24.260785337339943,1.2254719495203523,0.31601961680644114,-2929.541113391488,64.84581218970214,0.12984194276325323,217.98868315709694,-164.95350401822694
2025-01-01 01:53:00,1.3389152122379397,0.17616924108546858,0.9006625,0.022315253537298997,0.002936154018091143,0.015011041666666667,0.01629698082690994,0.221845314744363,1.0507729166666668,0.05,0.0,0.9006625,0.0,0.16158590775213524,0,0.01458333333333334,1,0,0,Off,0,0,Off,0,0,Off,0.034188131720465954,0.025641098790349457,On,0,0,Off,0.0037194567799707597,0.0,On,0.012577524046939178,0,On,0.006397437741515965,0,On,0.1812597452823811,0.1359448089617858,On,On,17415.9303113141,20.000000000000057,0.8,4751.49537424146,26.39581596111111,1.0507729166666668,1,21116.65276888889,21116.65276888889,Off,0.0,23.888888888888914,0,0.0,0.05,0.0,0.0,0,0,0,11489.55984,Off,0.0,0,81.12168020604675,51.666666666666686,46.10666666666668,0.0,49.604483311539575,0.0,0.0,0.0,126.75262532194805,49.61756433161001,49.62410484164524,49.604483311539575,12.43753247303448,19.383484906062638,-0.11651509393741932,9.434603637227054,0.9179250259541936,2.2,9.236100170605994,15080.63605546757,1817.4260425593843,52.0637829374993,-2615.220569260079,-0.0,-0.0,357.4533418459507,0.0,2.0,0.11653497115050898,0.0,0,1.0906520320437758,131.99922844444444,-77.5270284324005,0.2008119402143299,8.95893668568196,0.0027414673876138005,-25.19563200075024,1.22460224670994,0.3170882190192698,-2995.957537811043,61.88820612896734,0.12978231207417465,217.30500761901123,-165.24122468151194
2025-01-01 01:54:00,1.3389152122379397,0.17616924108546858,0.9006625,0.022315253537298997,0.002936154018091143,0.015011041666666667,0.01629698082690994,0.221845314744363,1.0507729166666668,0.05,0.0,0.9006625,0.0,0.16158590775213524,0,0.01458333333333334,1,0,0,Off,0,0,Off,0,0,Off,0.034188131720465954,0.025641098790349457,On,0,0,Off,0.0037194567799707597,0.0,On,0.012577524046939178,0,On,0.006397437741515965,0,On,0.1812597452823811,0.1359448089617858,On,On,17415.9303113141,20.000000000000057,0.8,4751.49537424146,26.39581596111111,1.0507729166666668,1,21116.65276888889,21116.65276888889,Off,0.0,23.888888888888914,0,0.0,0.05,0.0,0.0,0,0,0,11489.55984,Off,0.0,0,80.53713149037938,51.666666666666686,46.10666666666668,0.0,49.586619873220286,0.0,0.0,0.0,125.83926795371778,49.600711908306124,49.60775792584905,49.586619873220286,12.43753247303448,19.584460575866036,0.0,9.563459877626675,0.9213134422745289,2.2,9.236100170605994,15020.909812383987,1751.9197980521349,51.107343791987745,-2664.5543472990034,-0.0,-0.0,357.4533418459507,0.0,2.0,0.11736066416445246,0.0,0,1.0983797017261985,131.99922844444444,-87.91949347705943,0.19831132336966859,9.051650590886887,0.0027413802023518543,-26.094475122262313,1.2237615653427583,0.31809397776501147,-3058.9908393909786,59.41526320165362,0.12972359921698137,216.6326409014167,-165.52529710942895
2025-01-01 01:55:00,1.3389152122379397,0.17616924108546858,0.9006625,0.022315253537298997,0.002936154018091143,0.015011041666666667,0.01629698082690994,0.221845314744363,1.0507729166666668,0.05,0.0,0.9006625,0.0,0.16158590775213524,0,0.01458333333333334,1,0,0,Off,0,0,Off,0,0,Off,0.034188131720465954,0.025641098790349457,On,0,0,Off,0.0037194567799707597,0.0,On,0.012577524046939178,0,On,0.006397437741515965,0,On,0.1812597452823811,0.1359448089617858,On,On,17415.9303113141,20.000000000000057,0.8,4751.49537424146,26.39581596111111,1.0507729166666668,1,21116.65276888889,21116.65276888889,Off,0.0,23.888888888888914,0,0.0,0.05,0.0,0.0,0,0,0,11489.55984,Off,0.0,0,79.96955818848868,51.666666666666686,46.10666666666668,0.0,49.56888585077468,0.0,0.0,0.0,124.95243466951356,49.583980920632925,49.59152845556205,49.56888585077468,12.43753247303448,19.779231262590077,0.0,9.685306563254764,0.9246481004507768,2.2,9.236100170605994,14962.520417392725,1689.664070254239,50.16626046358925,-2712.71436312362,-0.0,-0.0,357.4533418459507,0.0,2.0,0.11815806840278349,0.0,0,1.1058426164573723,131.99922844444444,-98.14887264370381,0.19592083899452725,9.1413940564518,0.002741289844764037,-26.95976937647274,1.2229479444442466,0.31904210843597036,-3118.8781160726403,57.04681208541926,0.12966579189925853,215.97140556892745,-165.8051451053382
2025-01-01 01:56:00,1.3389152122379397,0.17616924108546858,0.9006625,0.022315253537298997,0.002936154018091143,0.015011041666666667,0.01629698082690994,0.221845314744363,1.0507729166666668,0.05,0.0,0.9006625,0.0,0.16158590775213524,0,0.01458333333333334,1,0,0,Off,0,0,Off,0,0,Off,0.034188131720465954,0.025641098790349457,On,0,0,Off,0.0037194567799707597,0.0,On,0.012577524046939178,0,On,0.006397437741515965,0,On,0.1812597452823811,0.1359448089617858,On,On,17415.9303113141,20.000000000000057,0.8,4751.49537424146,26.39581596111111,1.0507729166666668,1,21116.65276888889,21116.65276888889,Off,0.0,23.888888888888914,0,0.0,0.05,0.0,0.0,0,0,0,11489.55984,Off,0.0,0,79.41803378602707,51.666666666666686,46.10666666666668,0.0,49.55127749938401,0.0,0.0,0.0,124.0906777906673,49.56736784207496,49.57541301342043,49.55127749938401,12.43753247303448,19.968138740813618,0.0,9.800636821353262,0.9279299069445882,2.2,9.236100170605994,14905.639971376935,1630.5003230140928,49.240793740786216,-2759.751907661795,-0.0,-0.0,357.4533418459507,0.0,2.0,0.11892887229992277,0.0,0,1.1130565783129638,131.99922844444444,-107.99177412131941,0.19363280575730632,9.228384340076207,0.0027411964288057244,-27.793461408343266,1.2221598532814328,0.3199369441759944,-3175.8148734828387,54.81982225547143,0.1296088756084613,215.3211000698859,-166.08030632909967
2025-01-01 01:57:00,1.3389152122379397,0.17616924108546858,0.9006625,0.022315253537298997,0.002936154018091143,0.015011041666666667,0.01629698082690994,0.221845314744363,1.0507729166666668,0.05,0.0,0.9006625,0.0,0.16158590775213524,0,0.01458333333333334,1,0,0,Off,0,0,Off,0,0,Off,0.034188131720465954,0.025641098790349457,On,0,0,Off,0.0037194567799707597,0.0,On,0.012577524046939178,0,On,0.006397437741515965,0,On,0.1812597452823811,0.1359448089617858,On,On,17415.9303113141,20.000000000000057,0.8,4751.49537424146,26.39581596111111,1.0507729166666668,1,21116.65276888889,21116.65276888889,Off,0.0,23.888888888888914,0,0.0,0.05,0.0,0.0,0,0,0,11489.55984,Off,0.0,0,78.88175851084918,51.666666666666686,46.10666666666668,0.0,49.53379127848426,0.0,0.0,0.0,123.25274767320185,49.5508693385932,49.55940836864768,49.53379127848426,12.43753247303448,20.15147774171005,0.0,9.909881676983929,0.9311598679200653,2.2,9.236100170605994,14850.268014077732,1574.25362917953,48.33108750598066,-2805.709984573781,-0.0,-0.0,357.4533418459507,0.0,2.0,0.11967454034367127,0.0,0,1.1200352934498479,131.99922844444444,-117.4056545085356,0.19144050139663,9.31208577877419,0.002741100061992842,-28.597243759953106,1.221395967832331,0.32078226181507224,-3229.972783766692,52.731038704761815,0.12955283405769075,214.68150393467707,-166.3504164286964
2025-01-01 01:58:00,0.28814229557127297,0.17616924108546858,0.0,0.004802371592854549,0.002936154018091143,0.0,0.01629698082690994,0.221845314744363,0.0,0.05,0.0,0.0,0.0,0.16158590775213524,0,0.01458333333333334,1,0,0,Off,0,0,Off,0,0,Off,0.034188131720465954,0.025641098790349457,On,0,0,Off,0.0037194567799707597,0.0,On,0.012577524046939178,0,On,0.006397437741515965,0,On,0.1812597452823811,0.1359448089617858,On,Off,0.0,20.000000000000057,0.0,0.0,0.0,0.0,0,0.0,21116.65276888889,Off,0.0,23.888888888888914,0,0.0,0.05,0.0,0.0,0,0,0,11489.55984,Off,0.0,0,78.36002524326938,51.666666666666686,46.10666666666668,0.0,49.51642382383662,0.0,0.0,0.0,122.4375394426084,49.53448224229535,49.54351145152472,49.51642382383662,12.43753247303448,20.329508631782645,0.0,10.013424386191407,0.934339067046885,2.2,9.236100170605994,-2619.543257795877,-3230.7278598759112,47.43718684417246,-2850.6259264388864,-0.0,-0.0,357.4533418459507,0.0,2.0,0.12039636989966754,0.0,0,1.1267909039268076,131.99922844444444,-126.3706732029409,0.18933794764246606,9.393381964359556,0.0027410008462547936,-29.372619240075526,1.2206551162446408,0.32158140616565317,-3281.50558851866,50.77772864274871,0.12949764956827917,214.05238221448892,-166.61519537031646
2025-01-01 01:59:00,0.28814229557127297,0.17616924108546858,0.0,0.004802371592854549,0.002936154018091143,0.0,0.01629698082690994,0.221845314744363,0.0,0.05,0.0,0.0,0.0,0.16158590775213524,0,0.01458333333333334,1,0,0,Off,0,0,Off,0,0,Off,0.034188131720465954,0.025641098790349457,On,0,0,Off,0.0037194567799707597,0.0,On,0.012577524046939178,0,On,0.006397437741515965,0,On,0.1812597452823811,0.1359448089617858,On,Off,0.0,20.000000000000057,0.0,0.0,0.0,0.0,0,0.0,21116.65276888889,Off,0.0,23.888888888888914,0,0.0,0.05,0.0,0.0,0,0,0,11489.55984,Off,0.0,0,78.7006812331515,51.666666666666686,46.10666666666668,0.0,49.49917192710907,0.0,0.0,0.0,122.96981442679922,49.518203532187904,49.52771933472733,49.49917192710907,12.43753247303448,20.186239543365815,0.0,9.94011788004751,0.9374686465269761,2.2,9.236100170605994,-2574.8224286616955,-3192.8990189476363,46.55905374251077,-2814.457842854677,-0.0,-0.0,357.4533418459507,0.0,2.0,0.11981565605052592,0.0,0,1.121355996848277,131.99922844444444,-117.81792765296927,0.19101529444761456,9.327694197297232,0.0027408988785669088,-28.67947392236019,1.2212513746285762,0.32101583098104136,-3245.0009618504355,52.10194290279864,0.1294433033975058,213.43348926278395,-166.87443552027318
2025-01-01 02:00:00,0.2872656768092097,0.17551177701392118,0.0,0.004787761280153496,0.0029251962835653528,0.0,0.01629698082690994,0.2209686959822998,0.0,0.05,0.0,0.0,0.0,0.16092844368058784,0,0.01458333333333334,1,0,0,Off,0,0,Off,0,0,Off,0.03331151295840273,0.024983634718802036,On,0,0,Off,0.0037194567799707597,0.0,On,0.012577524046939178,0,On,0.006397437741515965,0,On,0.1812597452823811,0.1359448089617858,On,Off,0.0,20.000000000000057,0.0,0.0,0.0,0.0,0,0.0,21116.65276888889,Off,0.0,23.888888888888914,0,0.0,0.05,0.0,0.0,0,0,0,11489.55984,Off,0.0,0,79.02811523063743,51.666666666666686,46.10666666666668,0.0,49.48184559350541,0.0,0.0,0.0,123.48143004787097,49.50185405334234,49.51185828326081,49.48184559350541,12.43753247303448,20.047827352127126,0.0,9.87129439027695,0.9405497908204394,2.2,9.236100170605994,-2533.6131639725045,-3156.4059604829527,45.69658219499715,-2779.690564102821,-0.0,-0.0,356.5767230838875,0.0,2.0,0.11925326874981002,0.0,0,1.1160926081310032,131.99922844444444,-110.49932295357078,0.19265161262587566,9.264506764872147,0.00274079936575753,-28.00827304606503,1.2218279736980364,0.3204839348064747,-3210.8182155289933,54.41225504604008,0.12938977602033602,212.82457196700872,-167.12798977201157
2025-01-01 02:01:00,0.2872656768092097,0.17551177701392118,0.0,0.004787761280153496,0.0029251962835653528,0.0,0.01629698082690994,0.2209686959822998,0.0,0.05,0.0,0.0,0.0,0.16092844368058784,0,0.01458333333333334,1,0,0,Off,0,0,Off,0,0,Off,0.03331151295840273,0.024983634718802036,On,0,0,Off,0.0037194567799707597,0.0,On,0.012577524046939178,0,On,0.006397437741515965,0,On,0.1812597452823811,0.1359448089617858,On,Off,0.0,20.000000000000057,0.0,0.0,0.0,0.0,0,0.0,21116.65276888889,Off,0.0,23.888888888888914,0,0.0,0.05,0.0,0.0,0,0,0,11489.55984,Off,0.0,0,79.34337180761052,51.666666666666686,46.10666666666668,0.0,49.46444773822822,0.0,0.0,0.0,123.97401844939144,49.48543655252884,49.49593095967915,49.46444773822822,12.43753247303448,19.91388550272913,0.0,9.806574137408917,0.9435837125844299,2.2,9.236100170605994,-2492.824636011747,-3122.979728360257,44.84961194836521,-2746.2100517217273,-0.0,-0.0,356.5767230838875,0.0,2.0,0.11870776125353734,0.0,0,1.1109871976826966,131.99922844444444,-103.19130737390711,0.19425006164276384,9.202898329803798,0.002740702227761521,-27.35732720344524,1.2223864693322408,0.31998294347772993,-3178.752657229305,55.77292886904811,0.12933704737345578,212.22537252980788,-167.37576058144268
2025-01-01 02:02:00,0.2872656768092097,0.17551177701392118,0.0,0.004787761280153496,0.0029251962835653528,0.0,0.01629698082690994,0.2209686959822998,0.0,0.05,0.0,0.0,0.0,0.16092844368058784,0,0.01458333333333334,1,0,0,Off,0,0,Off,0,0,Off,0.03331151295840273,0.024983634718802036,On,0,0,Off,0.0037194567799707597,0.0,On,0.012577524046939178,0,On,0.006397437741515965,0,On,0.1812597452823811,0.1359448089617858,On,Off,0.0,20.000000000000057,0.0,0.0,0.0,0.0,0,0.0,21116.65276888889,Off,0.0,23.888888888888914,0,0.0,0.05,0.0,0.0,0,0,0,11489.55984,Off,0.0,0,79.64715355476018,51.666666666666686,46.10666666666668,0.0,49.44698104624778,0.0,0.0,0.0,124.44867742931278,49.46895355951558,49.47993981614949,49.44698104624778,12.43753247303448,19.784154677248065,0.0,9.745582462248008,0.9465716407040266,2.2,9.236100170605994,-2453.4817790878546,-3091.433543431786,44.01793879135718,-2713.9361972768493,-0.0,-0.0,356.5767230838875,0.0,2.0,0.11817818983783289,0.0,0,1.1060309331815934,131.99922844444444,-96.12230489489289,0.19581244949500082,9.142746107278072,0.002740607390718852,-26.72551853216027,1.2229278937713595,0.3195100956275483,-3148.6048460108786,57.17130257909293,0.1292850970635578,211.63563082626857,-167.61769203491139
2025-01-01 02:03:00,0.2872656768092097,0.17551177701392118,0.0,0.004787761280153496,0.0029251962835653528,0.0,0.01629698082690994,0.2209686959822998,0.0,0.05,0.0,0.0,0.0,0.16092844368058784,0,0.01458333333333334,1,0,0,Off,0,0,Off,0,0,Off,0.03331151295840273,0.024983634718802036,On,0,0,Off,0.0037194567799707597,0.0,On,0.012577524046939178,0,On,0.006397437741515965,0,On,0.1812597452823811,0.1359448089617858,On,Off,0.0,20.000000000000057,0.0,0.0,0.0,0.0,0,0.0,21116.65276888889,Off,0.0,23.888888888888914,0,0.0,0.05,0.0,0.0,0,0,0,11489.55984,Off,0.0,0,79.94009118895137,51.666666666666686,46.10666666666668,0.0,49.4294480476512,0.0,0.0,0.0,124.90639248273652,49.45240745811278,49.46388716334358,49.4294480476512,12.43753247303448,19.658402198582323,0.0,9.688037839094724,0.949514810195442,2.2,9.236100170605994,-2415.5607627210356,-3061.721854009005,43.20132276137036,-2682.7971136761203,-0.0,-0.0,356.5767230838875,0.0,2.0,0.11766370827107374,0.0,0,1.1012158947369515,131.99922844444444,-89.34037212880352,0.19734039005373305,9.084650938153349,0.0027405147849245155,-26.111842771354876,1.2234531732202298,0.31906332914040214,-3120.223671955916,58.50181794691112,0.1292339045435675,211.05508638290175,-167.85376362153139
2025-01-01 02:04:00,0.2872656768092097,0.17551177701392118,0.0,0.004787761280153496,0.0029251962835653528,0.0,0.01629698082690994,0.2209686959822998,0.0,0.05,0.0,0.0,0.0,0.16092844368058784,0,0.01458333333333334,1,0,0,Off,0,0,Off,0,0,Off,0.03331151295840273,0.024983634718802036,On,0,0,Off,0.0037194567799707597,0.0,On,0.012577524046939178,0,On,0.006397437741515965,0,On,0.1812597452823811,0.1359448089617858,On,Off,0.0,20.000000000000057,0.0,0.0,0.0,0.0,0,0.0,21116.65276888889,Off,0.0,23.888888888888914,0,0.0,0.05,0.0,0.0,0,0,0,11489.55984,Off,0.0,0,80.22273172901517,51.666666666666686,46.10666666666668,0.0,49.41185113348236,0.0,0.0,0.0,125.3480183265862,49.43580050110393,49.44777518491472,49.41185113348236,12.43753247303448,19.536426452247078,0.0,9.63369425251703,0.9524144537155167,2.2,9.236100170605994,-2379.024641531527,-3033.6648302792464,42.39949537513786,-2652.7299920368387,-0.0,-0.0,356.5767230838875,0.0,2.0,0.11716358758625636,0.0,0,1.096535259938847,131.99922844444444,-82.87137257857565,0.19883523001622053,9.028508025055718,0.002740424344406252,-25.51543106494754,1.223963108613653,0.3186408398347356,-3093.477327276824,59.81249699757738,0.12918344926132327,210.4834800328662,-168.08398465772834
2025-01-01 02:05:00,0.2872656768092097,0.17551177701392118,0.0,0.004787761280153496,0.0029251962835653528,0.0,0.01629698082690994,0.2209686959822998,0.0,0.05,0.0,0.0,0.0,0.16092844368058784,0,0.01458333333333334,1,0,0,Off,0,0,Off,0,0,Off,0.03331151295840273,0.024983634718802036,On,0,0,Off,0.0037194567799707597,0.0,On,0.012577524046939178,0,On,0.006397437741515965,0,On,0.1812597452823811,0.1359448089617858,On,Off,0.0,20.000000000000057,0.0,0.0,0.0,0.0,0,0.0,21116.65276888889,Off,0.0,23.888888888888914,0,0.0,0.05,0.0,0.0,0,0,0,11489.55984,Off,0.0,0,80.49556301479491,51.666666666666686,46.10666666666668,0.0,49.394192574186164,0.0,0.0,0.0,125.77431721061706,49.419134827633435,49.431605954357074,49.394192574186164,12.43753247303448,19.41804776566358,-0.08195223433647669,9.58233725852731,0.9552717944711078,2.2,9.236100170605994,-2343.8239433207455,-3007.253934570213,41.612165994999856,-2623.678630355249,-0.0,-0.0,356.5767230838875,0.0,2.0,0.11667718028728846,0.0,0,1.0919829688644782,131.99922844444444,-76.72203604938419,0.2002981428575092,8.973521175294763,0.002740336006428338,-24.935509242607313,1.2244584130252578,0.31824105402744707,-3068.2510441727995,60.99710960258643,0.12913371078420804,209.92055528981254,-168.30838929481268
2025-01-01 02:06:00,0.2872656768092097,0.17551177701392118,0.0,0.004787761280153496,0.0029251962835653528,0.0,0.01629698082690994,0.2209686959822998,0.0,0.05,0.0,0.0,0.0,0.16092844368058784,0,0.01458333333333334,1,0,0,Off,0,0,Off,0,0,Off,0.03331151295840273,0.024983634718802036,On,0,0,Off,0.0037194567799707597,0.0,On,0.012577524046939178,0,On,0.006397437741515965,0,On,0.1812597452823811,0.1359448089617858,On,Off,0.0,20.000000000000057,0.0,0.0,0.0,0.0,0,0.0,21116.65276888889,Off,0.0,23.888888888888914,0,0.0,0.05,0.0,0.0,0,0,0,11489.55984,Off,0.0,0,80.75902883045627,51.666666666666686,46.10666666666668,0.0,49.3764745326505,0.0,0.0,0.0,126.18598254758793,49.402412475500626,49.4153814469257,49.3764745326505,12.43753247303448,19.30310278405491,-0.1968972159451461,9.533771437912144,0.9580880403471197,2.2,9.236100170605994,-2309.9040977323075,-2982.324731226908,40.83902727450396,-2595.5918890089915,-0.0,-0.0,356.5767230838875,0.0,2.0,0.1162038984063446,0.0,0,1.087553518716726,131.99922844444444,-70.88893180720328,0.20173018537087514,8.92031584867286,0.0027402497111419276,-24.371372807227008,1.2249397346672914,0.31786253338779974,-3044.4406761663595,62.11594493945135,0.1290846689028071,209.36605947748126,-168.5270322029773
2025-01-01 02:07:00,1.3380385934758767,0.17551177701392118,0.9006625,0.022300643224597946,0.0029251962835653528,0.015011041666666667,0.01629698082690994,0.2209686959822998,1.0507729166666668,0.05,0.0,0.9006625,0.0,0.16092844368058784,0,0.01458333333333334,1,0,0,Off,0,0,Off,0,0,Off,0.03331151295840273,0.024983634718802036,On,0,0,Off,0.0037194567799707597,0.0,On,0.012577524046939178,0,On,0.006397437741515965,0,On,0.1812597452823811,0.1359448089617858,On,On,17415.9303113141,20.000000000000057,0.8,4751.49537424146,26.39581596111111,1.0507729166666668,1,21116.65276888889,21116.65276888889,Off,0.0,23.888888888888914,0,0.0,0.05,0.0,0.0,0,0,0,11489.55984,Off,0.0,0,81.01353864826216,51.666666666666686,46.10666666666668,0.0,49.35869907391587,0.0,0.0,0.0,126.5836541379096,49.385635390312,49.39910354851006,49.35869907391587,12.43753247303448,19.191440848176452,-0.30855915182360505,9.487821667931861,0.960864379088116,2.2,9.236100170605994,15138.721431232369,1792.7077603739262,40.07975977110047,-2568.422678481301,-0.0,-0.0,356.5767230838875,0.0,2.0,0.11574319948266408,0.0,0,1.0832418325995725,131.99922844444444,-65.36292468431546,0.2031323328713599,8.868813842764055,0.002740165401325711,-23.82237090991217,1.225407671646467,0.3175039867172419,-3021.9531317594333,63.16551789189941,0.12903630371639996,208.81974464875373,-168.73998487765326
2025-01-01 02:08:00,1.3380385934758767,0.17551177701392118,0.9006625,0.022300643224597946,0.0029251962835653528,0.015011041666666667,0.01629698082690994,0.2209686959822998,1.0507729166666668,0.05,0.0,0.9006625,0.0,0.16092844368058784,0,0.01458333333333334,1,0,0,Off,0,0,Off,0,0,Off,0.03331151295840273,0.024983634718802036,On,0,0,Off,0.0037194567799707597,0.0,On,0.012577524046939178,0,On,0.006397437741515965,0,On,0.1812597452823811,0.1359448089617858,On,On,17415.9303113141,20.000000000000057,0.8,4751.49537424146,26.39581596111111,1.0507729166666668,1,21116.65276888889,21116.65276888889,Off,0.0,23.888888888888914,0,0.0,0.05,0.0,0.0,0,0,0,11489.55984,Off,0.0,0,80.41098657694583,51.666666666666686,46.10666666666668,0.0,49.34086817273813,0.0,0.0,0.0,125.64216652647785,49.368805432609214,49.382774062544755,49.34086817273813,12.43753247303448,19.39914905750141,-0.10085094249864568,9.615820843674479,0.9636019743921622,2.2,9.236100170605994,15076.296833469247,1727.1828201156964,39.334035724199566,-2619.0524804029583,-0.0,-0.0,356.5767230838875,0.0,2.0,0.11659943228322914,0.0,0,1.0912553244691736,131.99922844444444,-77.15772052578012,0.20051540649056654,8.96480566030982,0.0027400830221846546,-24.75411027860682,1.224537700146615,0.31850176215914844,-3084.6924707556836,60.379916629919805,0.12898859570269158,208.28136832296335,-168.94733259876378
2025-01-01 02:09:00,1.3380385934758767,0.17551177701392118,0.9006625,0.022300643224597946,0.0029251962835653528,0.015011041666666667,0.01629698082690994,0.2209686959822998,1.0507729166666668,0.05,0.0,0.9006625,0.0,0.16092844368058784,0,0.01458333333333334,1,0,0,Off,0,0,Off,0,0,Off,0.03331151295840273,0.024983634718802036,On,0,0,Off,0.0037194567799707597,0.0,On,0.012577524046939178,0,On,0.006397437741515965,0,On,0.1812597452823811,0.1359448089617858,On,On,17415.9303113141,20.000000000000057,0.8,4751.49537424146,26.39581596111111,1.0507729166666668,1,21116.65276888889,21116.65276888889,Off,0.0,23.888888888888914,0,0.0,0.05,0.0,0.0,0,0,0,11489.55984,Off,0.0,0,79.82659699446047,51.666666666666686,46.10666666666668,0.0,49.32317064736376,0.0,0.0,0.0,124.7290578038445,49.35210065059981,49.366565652217844,49.32317064736376,12.43753247303448,19.600213612941538,0.0,9.736639939056642,0.9663019628886064,2.2,9.236100170605994,15016.50565252221,1665.3768378325062,38.60152077209872,-2668.4367606693204,-0.0,-0.0,356.5767230838875,0.0,2.0,0.11742525996779513,0.0,0,1.0989842545353823,131.99922844444444,-87.56462120645493,0.19801779495831556,9.05755516002249,0.0027399973602195453,-25.65001508243066,1.2236967354064274,0.3194407084322999,-3144.1903645169646,58.07182810801065,0.12894152577222948,207.7506940478814,-169.1491732757827
2025-01-01 02:10:00,1.3380385934758767,0.17551177701392118,0.9006625,0.022300643224597946,0.0029251962835653528,0.015011041666666667,0.01629698082690994,0.2209686959822998,1.0507729166666668,0.05,0.0,0.9006625,0.0,0.16092844368058784,0,0.01458333333333334,1,0,0,Off,0,0,Off,0,0,Off,0.03331151295840273,0.024983634718802036,On,0,0,Off,0.0037194567799707597,0.0,On,0.012577524046939178,0,On,0.006397437741515965,0,On,0.1812597452823811,0.1359448089617858,On,On,17415.9303113141,20.000000000000057,0.8,4751.49537424146,26.39581596111111,1.0507729166666668,1,21116.65276888889,21116.65276888889,Off,0.0,23.888888888888914,0,0.0,0.05,0.0,0.0,0,0,0,11489.55984,Off,0.0,0,79.25917556162914,51.666666666666686,46.10666666666668,0.0,49.30560249131494,0.0,0.0,0.0,123.84246181504552,49.33551727116237,49.35047466108609,49.30560249131494,12.43753247303448,19.795075859113066,0.0,9.850852831425524,0.9689654520099478,2.2,9.236100170605994,14958.051608768763,1606.6712401273576,37.881874734998064,-2716.647266814064,-0.0,-0.0,356.5767230838875,0.0,2.0,0.11822281727040533,0.0,0,1.1064486017967696,131.99922844444444,-97.80815881515775,0.19563013155407943,9.14733624052539,0.002739908536962249,-26.512527606361974,1.2228828180216829,0.32032578393093436,-3200.6821694397267,55.858035325624286,0.12889507530728486,207.22749178516034,-169.34561705016228
2025-01-01 02:11:00,1.3380385934758767,0.17551177701392118,0.9006625,0.022300643224597946,0.0029251962835653528,0.015011041666666667,0.01629698082690994,0.2209686959822998,1.0507729166666668,0.05,0.0,0.9006625,0.0,0.16092844368058784,0,0.01458333333333334,1,0,0,Off,0,0,Off,0,0,Off,0.03331151295840273,0.024983634718802036,On,0,0,Off,0.0037194567799707597,0.0,On,0.012577524046939178,0,On,0.006397437741515965,0,On,0.1812597452823811,0.1359448089617858,On,On,17415.9303113141,20.000000000000057,0.8,4751.49537424146,26.39581596111111,1.0507729166666668,1,21116.65276888889,21116.65276888889,Off,0.0,23.888888888888914,0,0.0,0.05,0.0,0.0,0,0,0,11489.55984,Off,0.0,0,78.70779660008365,51.666666666666686,46.10666666666668,0.0,49.28815996138173,0.0,0.0,0.0,122.98093218763071,49.319051769290496,49.33449767324489,49.28815996138173,12.43753247303448,19.984077260564682,0.0,9.95893252799372,0.9715935184637353,2.2,9.236100170605994,14901.106851331539,1550.91082735604,37.1747538239149,-2763.7352696928997,-0.0,-0.0,356.5767230838875,0.0,2.0,0.1189937907075834,0.0,0,1.1136641503793838,131.99922844444444,-107.6649133735466,0.19334475078374164,9.233645622623834,0.0027398166658101266,-27.34358438123005,1.22209441871612,0.32116108497575563,-3254.3607721444764,53.77622525905699,0.12884922619028705,206.71153817769272,-169.53678435377782
2025-01-01 02:12:00,1.3380385934758767,0.17551177701392118,0.9006625,0.022300643224597946,0.0029251962835653528,0.015011041666666667,0.01629698082690994,0.2209686959822998,1.0507729166666668,0.05,0.0,0.9006625,0.0,0.16092844368058784,0,0.01458333333333334,1,0,0,Off,0,0,Off,0,0,Off,0.03331151295840273,0.024983634718802036,On,0,0,Off,0.0037194567799707597,0.0,On,0.012577524046939178,0,On,0.006397437741515965,0,On,0.1812597452823811,0.1359448089617858,On,On,17415.9303113141,20.000000000000057,0.8,4751.49537424146,26.39581596111111,1.0507729166666668,1,21116.65276888889,21116.65276888889,Off,0.0,23.888888888888914,0,0.0,0.05,0.0,0.0,0,0,0,11489.55984,Off,0.0,0,78.17166113932966,51.666666666666686,46.10666666666668,0.0,49.2708395184247,0.0,0.0,0.0,122.1432205302026,49.302700812280584,49.31863145920853,49.2708395184247,12.43753247303448,20.16751225106148,0.0,10.06129082794309,0.9741872071604453,2.2,9.236100170605994,14845.670989062944,1497.9243685968554,36.47981315113557,-2809.7437464082536,-0.0,-0.0,356.5767230838875,0.0,2.0,0.11973964300135338,0.0,0,1.1206445899141746,131.99922844444444,-117.09229892678673,0.19115494435800356,9.317381942224294,0.002739721853756048,-28.144869024714612,1.221330214843544,0.32195016969446877,-3305.394699008205,51.82369336359989,0.1288039608242983,206.20261672762066,-169.7228035764851
2025-01-01 02:13:00,0.2872656768092097,0.17551177701392118,0.0,0.004787761280153496,0.0029251962835653528,0.0,0.01629698082690994,0.2209686959822998,0.0,0.05,0.0,0.0,0.0,0.16092844368058784,0,0.01458333333333334,1,0,0,Off,0,0,Off,0,0,Off,0.03331151295840273,0.024983634718802036,On,0,0,Off,0.0037194567799707597,0.0,On,0.012577524046939178,0,On,0.006397437741515965,0,On,0.1812597452823811,0.1359448089617858,On,Off,0.0,20.000000000000057,0.0,0.0,0.0,0.0,0,0.0,21116.65276888889,Off,0.0,23.888888888888914,0,0.0,0.05,0.0,0.0,0,0,0,11489.55984,Off,0.0,0,77.65006282552189,51.666666666666686,46.10666666666668,0.0,49.25363779945297,0.0,0.0,0.0,121.32822316487794,49.28646123340916,49.30287295038727,49.25363779945297,12.43753247303448,20.345640912816954,0.0,10.158292633275652,0.9767475305454216,2.2,9.236100170605994,-2624.20371762354,-3303.9359481252627,35.796708669865836,-2854.7099987877446,-0.0,-0.0,356.5767230838875,0.0,2.0,0.12046166988417656,0.0,0,1.1274020471750021,131.99922844444444,-126.07044191968296,0.18905474647718884,9.398714707160774,0.002739624202237191,-28.91787633420441,1.2205890358509,0.32269618024220414,-3353.93416748791,49.998219362647625,0.12875926214641625,205.70051789551877,-169.90380922565294
2025-01-01 02:14:00,0.2872656768092097,0.17551177701392118,0.0,0.004787761280153496,0.0029251962835653528,0.0,0.01629698082690994,0.2209686959822998,0.0,0.05,0.0,0.0,0.0,0.16092844368058784,0,0.01458333333333334,1,0,0,Off,0,0,Off,0,0,Off,0.03331151295840273,0.024983634718802036,On,0,0,Off,0.0037194567799707597,0.0,On,0.012577524046939178,0,On,0.006397437741515965,0,On,0.1812597452823811,0.1359448089617858,On,Off,0.0,20.000000000000057,0.0,0.0,0.0,0.0,0,0.0,21116.65276888889,Off,0.0,23.888888888888914,0,0.0,0.05,0.0,0.0,0,0,0,11489.55984,Off,0.0,0,77.99084963916968,51.666666666666686,46.10666666666668,0.0,49.23655159721365,0.0,0.0,0.0,121.86070256120261,49.27033001269251,49.28721922043195,49.23655159721365,12.43753247303448,20.202471106888286,0.0,10.07877337190604,0.9792754682598492,2.2,9.236100170605994,-2579.4990742487917,-3262.083013721356,35.1250987729112,-2818.546248667999,-0.0,-0.0,356.5767230838875,0.0,2.0,0.11988151927807748,0.0,0,1.1219724114940857,131.99922844444444,-117.52954866468033,0.19072830838970192,9.33382678738327,0.0027395238077643417,-28.228489367695293,1.22118481471391,0.3220847501184608,-3314.1302719643986,52.04725824304243,0.12871511363539745,205.2050391357366,-170.0799403628254
2025-01-01 02:15:00,0.2872656768092097,0.17551177701392118,0.0,0.004787761280153496,0.0029251962835653528,0.0,0.01629698082690994,0.2209686959822998,0.0,0.05,0.0,0.0,0.0,0.16092844368058784,0,0.01458333333333334,1,0,0,Off,0,0,Off,0,0,Off,0.03331151295840273,0.024983634718802036,On,0,0,Off,0.0037194567799707597,0.0,On,0.012577524046939178,0,On,0.006397437741515965,0,On,0.1812597452823811,0.1359448089617858,On,Off,0.0,20.000000000000057,0.0,0.0,0.0,0.0,0,0.0,21116.65276888889,Off,0.0,23.888888888888914,0,0.0,0.05,0.0,0.0,0,0,0,11489.55984,Off,0.0,0,78.31840874660864,51.666666666666686,46.10666666666668,0.0,49.21939091782869,0.0,0.0,0.0,122.372513666576,49.25412799606008,49.27149653517578,49.21939091782869,12.43753247303448,20.064160300083085,0.0,10.004085560851014,0.9817719669725994,2.2,9.236100170605994,-2537.4298275560345,-3223.0963895236314,34.464647112026626,-2783.784231991163,-0.0,-0.0,356.5767230838875,0.0,2.0,0.11931970165273403,0.0,0,1.1167143543746698,131.99922844444444,-110.2223186487593,0.19236085964844335,9.26998612505263,0.002739425854454698,-27.560962990482412,1.2217609268475347,0.32150941045481785,-3276.8496543776423,53.75326485401089,0.12867149931625396,204.71598489909402,-170.2513377870674
2025-01-01 02:16:00,0.2872656768092097,0.17551177701392118,0.0,0.004787761280153496,0.0029251962835653528,0.0,0.01629698082690994,0.2209686959822998,0.0,0.05,0.0,0.0,0.0,0.16092844368058784,0,0.01458333333333334,1,0,0,Off,0,0,Off,0,0,Off,0.03331151295840273,0.024983634718802036,On,0,0,Off,0.0037194567799707597,0.0,On,0.012577524046939178,0,On,0.006397437741515965,0,On,0.1812597452823811,0.1359448089617858,On,Off,0.0,20.000000000000057,0.0,0.0,0.0,0.0,0,0.0,21116.65276888889,Off,0.0,23.888888888888914,0,0.0,0.05,0.0,0.0,0,0,0,11489.55984,Off,0.0,0,78.63374277771285,51.666666666666686,46.10666666666668,0.0,49.202158677767684,0.0,0.0,0.0,122.86522309017633,49.23785793146905,49.25570755831974,49.202158677767684,12.43753247303448,19.93033756983356,0.0,9.933781914625497,0.9842379402176469,2.2,9.236100170605994,-2496.6632120056233,-3186.543254207095,33.815025650789835,-2750.313763060774,-0.0,-0.0,356.5767230838875,0.0,2.0,0.11877483429602012,0.0,0,1.1116149349992892,131.99922844444444,-102.92617202873683,0.19395536680872633,9.208460451347204,0.0027393302625691573,-26.913686375199152,1.2223188627782047,0.32096690087795515,-3241.850436963404,55.307182756308904,0.12862840376470616,204.23316663537196,-170.41814098458212
2025-01-01 02:17:00,0.2872656768092097,0.17551177701392118,0.0,0.004787761280153496,0.0029251962835653528,0.0,0.01629698082690994,0.2209686959822998,0.0,0.05,0.0,0.0,0.0,0.16092844368058784,0,0.01458333333333334,1,0,0,Off,0,0,Off,0,0,Off,0.03331151295840273,0.024983634718802036,On,0,0,Off,0.0037194567799707597,0.0,On,0.012577524046939178,0,On,0.006397437741515965,0,On,0.1812597452823811,0.1359448089617858,On,Off,0.0,20.000000000000057,0.0,0.0,0.0,0.0,0,0.0,21116.65276888889,Off,0.0,23.888888888888914,0,0.0,0.05,0.0,0.0,0,0,0,11489.55984,Off,0.0,0,78.93759909579086,51.666666666666686,46.10666666666668,0.0,49.18485757250801,0.0,0.0,0.0,123.33999858717321,49.221522358587755,49.23985475162763,49.18485757250801,12.43753247303448,19.80072692159413,0.0,9.867501182993001,0.9866742683973868,2.2,9.236100170605994,-2457.342341478371,-3152.105365326424,33.175915653617324,-2718.0505069250808,-0.0,-0.0,356.5767230838875,0.0,2.0,0.1182459059635102,0.0,0,1.10666468912063,131.99922844444444,-95.86855763717762,0.19551383220435775,9.149105689661162,0.002739236958293546,-26.285470362141073,1.2228597240868149,0.32045459367376544,-3208.936756279929,56.831390953504915,0.12858581210869058,203.75640276420154,-170.58048711058422
2025-01-01 02:18:00,0.2872656768092097,0.17551177701392118,0.0,0.004787761280153496,0.0029251962835653528,0.0,0.01629698082690994,0.2209686959822998,0.0,0.05,0.0,0.0,0.0,0.16092844368058784,0,0.01458333333333334,1,0,0,Off,0,0,Off,0,0,Off,0.03331151295840273,0.024983634718802036,On,0,0,Off,0.0037194567799707597,0.0,On,0.012577524046939178,0,On,0.006397437741515965,0,On,0.1812597452823811,0.1359448089617858,On,Off,0.0,20.000000000000057,0.0,0.0,0.0,0.0,0,0.0,21116.65276888889,Off,0.0,23.888888888888914,0,0.0,0.05,0.0,0.0,0,0,0,11489.55984,Off,0.0,0,79.23060902923531,51.666666666666686,46.10666666666668,0.0,49.16749013277977,0.0,0.0,0.0,123.79782660818016,49.20512366182536,49.22394042634816,49.16749013277977,12.43753247303448,19.67509545094739,0.0,9.80494264536686,0.9890817989785542,2.2,9.236100170605994,-2419.44336303388,-3119.6899137938267,32.54700781042129,-2686.922498297536,-0.0,-0.0,356.5767230838875,0.0,2.0,0.11773206961532225,0.0,0,1.101855689283445,131.99922844444444,-89.09758782023147,0.19703787039840695,9.091089722546094,0.0027391458722195398,-25.67531388365163,1.2233844378551608,0.3199703041669904,-3177.945330497223,58.25541670339644,0.12854371002645076,203.28551860920948,-170.73851079878818
2025-01-01 02:19:00,0.2872656768092097,0.17551177701392118,0.0,0.004787761280153496,0.0029251962835653528,0.0,0.01629698082690994,0.2209686959822998,0.0,0.05,0.0,0.0,0.0,0.16092844368058784,0,0.01458333333333334,1,0,0,Off,0,0,Off,0,0,Off,0.03331151295840273,0.024983634718802036,On,0,0,Off,0.0037194567799707597,0.0,On,0.012577524046939178,0,On,0.006397437741515965,0,On,0.1812597452823811,0.1359448089617858,On,Off,0.0,20.000000000000057,0.0,0.0,0.0,0.0,0,0.0,21116.65276888889,Off,0.0,23.888888888888914,0,0.0,0.05,0.0,0.0,0,0,0,11489.55984,Off,0.0,0,79.51332018559147,51.666666666666686,46.10666666666668,0.0,49.150058750135074,0.0,0.0,0.0,124.23956278998666,49.18866409443727,49.207966766588385,49.150058750135074,12.43753247303448,19.55324132448276,0.0,9.745843656131703,0.9914613468303873,2.2,9.236100170605994,-2382.929240282946,-3089.1073354125247,31.928002450118726,-2656.866856815457,-0.0,-0.0,356.5767230838875,0.0,2.0,0.117232595478293,0.0,0,1.0971811055329528,131.99922844444444,-82.63910655137644,0.19852882917457818,9.03502642784012,0.00273905693865862,-25.08235074262399,1.2238938058748274,0.3195121220674281,-3148.7338066437806,59.626471231255834,0.12850208374208666,202.8203463053574,-170.89234385523866
2025-01-01 02:20:00,0.2872656768092097,0.17551177701392118,0.0,0.004787761280153496,0.0029251962835653528,0.0,0.01629698082690994,0.2209686959822998,0.0,0.05,0.0,0.0,0.0,0.16092844368058784,0,0.01458333333333334,1,0,0,Off,0,0,Off,0,0,Off,0.03331151295840273,0.024983634718802036,On,0,0,Off,0.0037194567799707597,0.0,On,0.012577524046939178,0,On,0.006397437741515965,0,On,0.1812597452823811,0.1359448089617858,On,Off,0.0,20.000000000000057,0.0,0.0,0.0,0.0,0,0.0,21116.65276888889,Off,0.0,23.888888888888914,0,0.0,0.05,0.0,0.0,0,0,0,11489.55984,Off,0.0,0,79.7862209643786,51.666666666666686,46.10666666666668,0.0,49.13256569539736,0.0,0.0,0.0,124.66597025684156,49.17214579591755,49.19193584617765,49.13256569539736,12.43753247303448,19.434984661363256,-0.06501533863680109,9.689974267662485,0.9938136946874558,2.2,9.236100170605994,-2347.750426554901,-3060.2970307557976,31.318609821073977,-2627.8273149582456,-0.0,-0.0,356.5767230838875,0.0,2.0,0.11674683527110331,0.0,0,1.0926348705974056,131.99922844444444,-76.49983468054303,0.19998788330484452,8.98011880444351,0.0027389700951479133,-24.505809074337893,1.2243885420423557,0.3190783734074251,-3121.1777317654264,60.88070100962876,0.1284609200188666,202.3607246829645,-171.04211486189052
2025-01-01 02:21:00,0.2872656768092097,0.17551177701392118,0.0,0.004787761280153496,0.0029251962835653528,0.0,0.01629698082690994,0.2209686959822998,0.0,0.05,0.0,0.0,0.0,0.16092844368058784,0,0.01458333333333334,1,0,0,Off,0,0,Off,0,0,Off,0.03331151295840273,0.024983634718802036,On,0,0,Off,0.0037194567799707597,0.0,On,0.012577524046939178,0,On,0.006397437741515965,0,On,0.1812597452823811,0.1359448089617858,On,Off,0.0,20.000000000000057,0.0,0.0,0.0,0.0,0,0.0,21116.65276888889,Off,0.0,23.888888888888914,0,0.0,0.05,0.0,0.0,0,0,0,11489.55984,Off,0.0,0,80.04975567998929,51.666666666666686,46.10666666666668,0.0,49.1150131317097,0.0,0.0,0.0,125.07774324998327,49.15557080429886,49.17584964059344,49.1150131317097,12.43753247303448,19.32016190944254,-0.1798380905575172,9.637125853916618,0.9961395937211814,2.2,9.236100170605994,-2313.852284902591,-3033.047268508274,30.71855026348689,-2599.7526727580052,-0.0,-0.0,356.5767230838875,0.0,2.0,0.11627420026864099,0.0,0,1.0882114745922287,131.99922844444444,-70.67633522847288,0.20141609098901542,8.926992894110796,0.002738885282101917,-23.944986439966872,1.2248692953554081,0.31866753507841006,-3095.164649475936,62.11738096766191,0.12842020615057942,201.9064991315741,-171.1879488680872
2025-01-01 02:22:00,0.2872656768092097,0.17551177701392118,0.0,0.004787761280153496,0.0029251962835653528,0.0,0.01629698082690994,0.2209686959822998,0.0,0.05,0.0,0.0,0.0,0.16092844368058784,0,0.01458333333333334,1,0,0,Off,0,0,Off,0,0,Off,0.03331151295840273,0.024983634718802036,On,0,0,Off,0.0037194567799707597,0.0,On,0.012577524046939178,0,On,0.006397437741515965,0,On,0.1812597452823811,0.1359448089617858,On,Off,0.0,20.000000000000057,0.0,0.0,0.0,0.0,0,0.0,21116.65276888889,Off,0.0,23.888888888888914,0,0.0,0.05,0.0,0.0,0,0,0,11489.55984,Off,0.0,0,80.30433430503146,51.666666666666686,46.10666666666668,0.0,49.09740312425098,0.0,0.0,0.0,125.47552235161164,49.13894106531089,49.159710035840845,49.09740312425098,12.43753247303448,19.20862222311968,-0.2913777768803776,9.587112389956943,0.998439764199568,2.2,9.236100170605994,-2281.1785315775846,-3007.3650877492637,30.12755425942595,-2572.595784982682,-0.0,-0.0,356.5767230838875,0.0,2.0,0.11581414728540924,0.0,0,1.083905833838592,131.99922844444444,-65.15946967879043,0.20281442899237764,8.874873555859658,0.0027388024425541307,-23.399233869688576,1.2253366646662707,0.318278246960734,-3070.5945063281656,63.22941857890187,0.12837992995128272,201.4575214476881,-171.32996718826215
2025-01-01 02:23:00,1.3380385934758767,0.17551177701392118,0.9006625,0.022300643224597946,0.0029251962835653528,0.015011041666666667,0.01629698082690994,0.2209686959822998,1.0507729166666668,0.05,0.0,0.9006625,0.0,0.16092844368058784,0,0.01458333333333334,1,0,0,Off,0,0,Off,0,0,Off,0.03331151295840273,0.024983634718802036,On,0,0,Off,0.0037194567799707597,0.0,On,0.012577524046939178,0,On,0.006397437741515965,0,On,0.1812597452823811,0.1359448089617858,On,On,17415.9303113141,20.000000000000057,0.8,4751.49537424146,26.39581596111111,1.0507729166666668,1,21116.65276888889,21116.65276888889,Off,0.0,23.888888888888914,0,0.0,0.05,0.0,0.0,0,0,0,11489.55984,Off,0.0,0,80.55033886625218,51.666666666666686,46.10666666666668,0.0,49.07973764780518,0.0,0.0,0.0,125.85990447851903,49.122258439514574,49.14351883536928,49.07973764780518,12.43753247303448,19.100225086761593,-0.39977491323846337,9.539759477682463,1.0007148962162187,2.2,9.236100170605994,15166.257019559209,1768.3979096726734,29.545362406296192,-2546.3128798835965,-0.0,-0.0,356.5767230838875,0.0,2.0,0.11536616958774817,0.0,0,1.0797132058107934,131.99922844444444,-59.93713495517939,0.20418381450074805,8.824391325175384,0.0027387215219565222,-22.86794547754238,1.2257912083074072,0.3179092283599133,-3047.3740711253363,64.27660655654961,0.12834007974377884,201.0136496700772,-171.468287263781
2025-01-01 02:24:00,1.3380385934758767,0.17551177701392118,0.9006625,0.022300643224597946,0.0029251962835653528,0.015011041666666667,0.01629698082690994,0.2209686959822998,1.0507729166666668,0.05,0.0,0.9006625,0.0,0.16092844368058784,0,0.01458333333333334,1,0,0,Off,0,0,Off,0,0,Off,0.03331151295840273,0.024983634718802036,On,0,0,Off,0.0037194567799707597,0.0,On,0.012577524046939178,0,On,0.006397437741515965,0,On,0.1812597452823811,0.1359448089617858,On,On,17415.9303113141,20.000000000000057,0.8,4751.49537424146,26.39581596111111,1.0507729166666668,1,21116.65276888889,21116.65276888889,Off,0.0,23.888888888888914,0,0.0,0.05,0.0,0.0,0,0,0,11489.55984,Off,0.0,0,79.93964032981734,51.666666666666686,46.10666666666668,0.0,49.06201859292133,0.0,0.0,0.0,124.90568801533959,49.10552470810766,49.127277765700825,49.06201859292133,12.43753247303448,19.3110661454946,-0.18893385450545708,9.666401337226183,1.002965650477434,2.2,9.236100170605994,15102.954655360996,1703.4149382441956,28.97172520014118,-2597.5338522383795,-0.0,-0.0,356.5767230838875,0.0,2.0,0.11623671865689982,0.0,0,1.087860683790067,131.99922844444444,-72.01852679860966,0.20151242118872784,8.922244489907897,0.0027386424680168526,-23.81309733073221,1.224907569239723,0.3188951851742201,-3109.5682790456153,61.487843048350776,0.12830064434701366,200.57474790485054,-171.60302270470936
2025-01-01 02:25:00,1.3380385934758767,0.17551177701392118,0.9006625,0.022300643224597946,0.0029251962835653528,0.015011041666666667,0.01629698082690994,0.2209686959822998,1.0507729166666668,0.05,0.0,0.9006625,0.0,0.16092844368058784,0,0.01458333333333334,1,0,0,Off,0,0,Off,0,0,Off,0.03331151295840273,0.024983634718802036,On,0,0,Off,0.0037194567799707597,0.0,On,0.012577524046939178,0,On,0.006397437741515965,0,On,0.1812597452823811,0.1359448089617858,On,On,17415.9303113141,20.000000000000057,0.8,4751.49537424146,26.39581596111111,1.0507729166666668,1,21116.65276888889,21116.65276888889,Off,0.0,23.888888888888914,0,0.0,0.05,0.0,0.0,0,0,0,11489.55984,Off,0.0,0,79.34743039711623,51.666666666666686,46.10666666666668,0.0,49.04443469874063,0.0,0.0,0.0,123.9803599954941,49.088917844761426,49.11115941777182,49.04443469874063,12.43753247303448,19.515143703948347,0.0,9.785903195410148,1.0051926592323008,2.2,9.236100170605994,15042.311236571364,1642.1439643737026,28.40640130502507,-2647.497600449468,-0.0,-0.0,356.5767230838875,0.0,2.0,0.11707621411840362,0.0,0,1.0957175307257232,131.99922844444444,-82.69819737715468,0.19896365096481938,9.016780180797124,0.0027385600873239004,-24.721826485512057,1.22405349303751,0.3198227669646388,-3168.5274743849814,59.1760645172241,0.1282616130609106,200.1406861237341,-171.73428481870903
2025-01-01 02:26:00,1.3380385934758767,0.17551177701392118,0.9006625,0.022300643224597946,0.0029251962835653528,0.015011041666666667,0.01629698082690994,0.2209686959822998,1.0507729166666668,0.05,0.0,0.9006625,0.0,0.16092844368058784,0,0.01458333333333334,1,0,0,Off,0,0,Off,0,0,Off,0.03331151295840273,0.024983634718802036,On,0,0,Off,0.0037194567799707597,0.0,On,0.012577524046939178,0,On,0.006397437741515965,0,On,0.1812597452823811,0.1359448089617858,On,On,17415.9303113141,20.000000000000057,0.8,4751.49537424146,26.39581596111111,1.0507729166666668,1,21116.65276888889,21116.65276888889,Off,0.0,23.888888888888914,0,0.0,0.05,0.0,0.0,0,0,0,11489.55984,Off,0.0,0,78.77249844436592,51.666666666666686,46.10666666666668,0.0,49.026981886881714,0.0,0.0,0.0,123.08202881932175,49.0724340086065,49.0951600694689,49.026981886881714,12.43753247303448,19.71290510808457,0.0,9.898839253810733,1.0073965274543148,2.2,9.236100170605994,14983.030497601574,1583.9648122686444,27.849155366436833,-2696.2756789195346,-0.0,-0.0,356.5767230838875,0.0,2.0,0.1178868315032131,0.0,0,1.1033041074350494,131.99922844444444,-93.20085787687648,0.19652787001930574,9.10756400384819,0.002738474503235646,-25.59661043857935,1.2232269901616666,0.32069691869830524,-3224.4885848405884,56.9580228677728,0.12822297564673318,199.71133991446806,-171.86218454803122
2025-01-01 02:27:00,1.3380385934758767,0.17551177701392118,0.9006625,0.022300643224597946,0.0029251962835653528,0.015011041666666667,0.01629698082690994,0.2209686959822998,1.0507729166666668,0.05,0.0,0.9006625,0.0,0.16092844368058784,0,0.01458333333333334,1,0,0,Off,0,0,Off,0,0,Off,0.03331151295840273,0.024983634718802036,On,0,0,Off,0.0037194567799707597,0.0,On,0.012577524046939178,0,On,0.006397437741515965,0,On,0.1812597452823811,0.1359448089617858,On,On,17415.9303113141,20.000000000000057,0.8,4751.49537424146,26.39581596111111,1.0507729166666668,1,21116.65276888889,21116.65276888889,Off,0.0,23.888888888888914,0,0.0,0.05,0.0,0.0,0,0,0,11489.55984,Off,0.0,0,78.2139040239811,51.666666666666686,46.10666666666668,0.0,49.009656345821305,0.0,0.0,0.0,122.20922503747046,49.056069610271585,49.07927624249673,49.009656345821305,12.43753247303448,19.904697262381475,0.0,10.005682293630278,1.0095778340665038,2.2,9.236100170605994,14925.284294997062,1528.7213515376102,27.299757670727132,-2743.9192495999678,-0.0,-0.0,356.5767230838875,0.0,2.0,0.11867029357207438,0.0,0,1.1106365372541567,131.99922844444444,-103.30348980095602,0.1941971793021006,9.195517186110365,0.0027383858308739108,-26.439417999444803,1.2224265042118305,0.32152172127308837,-3277.6456034194775,54.87158071562769,0.12818472230661826,199.2865902239401,-171.98683255321296
2025-01-01 02:28:00,1.3380385934758767,0.17551177701392118,0.9006625,0.022300643224597946,0.0029251962835653528,0.015011041666666667,0.01629698082690994,0.2209686959822998,1.0507729166666668,0.05,0.0,0.9006625,0.0,0.16092844368058784,0,0.01458333333333334,1,0,0,Off,0,0,Off,0,0,Off,0.03331151295840273,0.024983634718802036,On,0,0,Off,0.0037194567799707597,0.0,On,0.012577524046939178,0,On,0.006397437741515965,0,On,0.1812597452823811,0.1359448089617858,On,On,17415.9303113141,20.000000000000057,0.8,4751.49537424146,26.39581596111111,1.0507729166666668,1,21116.65276888889,21116.65276888889,Off,0.0,23.888888888888914,0,0.0,0.05,0.0,0.0,0,0,0,11489.55984,Off,0.0,0,77.67083458665296,51.666666666666686,46.10666666666668,0.0,48.99245447136292,0.0,0.0,0.0,121.36067904164526,49.03982125575632,49.063504647953025,48.99245447136292,12.43753247303448,20.090819599926814,0.0,10.106843532403202,1.0117371331412914,2.2,9.236100170605994,14869.071723340647,1476.241628235678,26.757984471527635,-2790.4712296935772,-0.0,-0.0,356.5767230838875,0.0,2.0,0.11942809584283992,0.0,0,1.1177288167505008,131.99922844444444,-112.96408136376053,0.19196466205668108,9.280833037390064,0.0027382941788614565,-27.25196231676117,1.221650687725684,0.32230071634385915,-3328.167843092906,52.91409708712455,0.12814684366348697,198.86632310741655,-172.1083386358889
2025-01-01 02:29:00,0.2872656768092097,0.17551177701392118,0.0,0.004787761280153496,0.0029251962835653528,0.0,0.01629698082690994,0.2209686959822998,0.0,0.05,0.0,0.0,0.0,0.16092844368058784,0,0.01458333333333334,1,0,0,Off,0,0,Off,0,0,Off,0.03331151295840273,0.024983634718802036,On,0,0,Off,0.0037194567799707597,0.0,On,0.012577524046939178,0,On,0.006397437741515965,0,On,0.1812597452823811,0.1359448089617858,On,Off,0.0,20.000000000000057,0.0,0.0,0.0,0.0,0,0.0,21116.65276888889,Off,0.0,23.888888888888914,0,0.0,0.05,0.0,0.0,0,0,0,11489.55984,Off,0.0,0,77.14257117502173,51.666666666666686,46.10666666666668,0.0,48.975372838452444,0.0,0.0,0.0,120.53526746097144,49.023685719861405,49.047842160565885,48.975372838452444,12.43753247303448,20.271536841671598,0.0,10.20268705777932,1.0138749550889057,2.2,9.236100170605994,-2601.5555668261286,-3325.1226683517443,26.22361806252914,-2835.9689035704796,-0.0,-0.0,356.5767230838875,0.0,2.0,0.12016156399858371,0.0,0,1.1245933530060441,131.99922844444444,-122.1633863395364,0.18982416488171902,9.363684130145087,0.0027381996501782964,-28.035765372315186,1.2208983472298949,0.3230370292129721,-3376.206072058963,51.083403707218416,0.12810933074109443,198.4504294811269,-172.22681141859775
2025-01-01 02:30:00,0.2872656768092097,0.17551177701392118,0.0,0.004787761280153496,0.0029251962835653528,0.0,0.01629698082690994,0.2209686959822998,0.0,0.05,0.0,0.0,0.0,0.16092844368058784,0,0.01458333333333334,1,0,0,Off,0,0,Off,0,0,Off,0.03331151295840273,0.024983634718802036,On,0,0,Off,0.0037194567799707597,0.0,On,0.012577524046939178,0,On,0.006397437741515965,0,On,0.1812597452823811,0.1359448089617858,On,Off,0.0,20.000000000000057,0.0,0.0,0.0,0.0,0,0.0,21116.65276888889,Off,0.0,23.888888888888914,0,0.0,0.05,0.0,0.0,0,0,0,11489.55984,Off,0.0,0,77.4769499905238,51.666666666666686,46.10666666666668,0.0,48.9584081805527,0.0,0.0,0.0,121.05773436019345,49.00765992674555,49.032285799841986,48.9584081805527,12.43753247303448,20.13086118268426,0.0,10.122047335521984,1.0159918078166281,1.1,9.236100170605994,-2811.5183784154465,-3434.106634530409,-162.7377360341025,-3055.3730674458156,-0.0,-0.0,356.5767230838875,0.0,2.0,0.12246056808407152,0.0,0,1.1461097566465943,131.99922844444444,-112.72203405351846,0.19147616363929876,9.299349005376847,0.0027381023427974784,8.158742824215647,1.2214840374035094,0.29482650452595,-3487.234557442882,53.12792291247309,0.08720655013512423,9.604622061673691,-172.3423580957762
2025-01-01 02:31:00,0.2872656768092097,0.17551177701392118,0.0,0.004787761280153496,0.0029251962835653528,0.0,0.01629698082690994,0.2209686959822998,0.0,0.05,0.0,0.0,0.0,0.16092844368058784,0,0.01458333333333334,1,0,0,Off,0,0,Off,0,0,Off,0.03331151295840273,0.024983634718802036,On,0,0,Off,0.0037194567799707597,0.0,On,0.012577524046939178,0,On,0.006397437741515965,0,On,0.1812597452823811,0.1359448089617858,On,Off,0.0,20.000000000000057,0.0,0.0,0.0,0.0,0,0.0,21116.65276888889,Off,0.0,23.888888888888914,0,0.0,0.05,0.0,0.0,0,0,0,11489.55984,Off,0.0,0,77.81129125039755,51.666666666666686,46.10666666666668,0.0,48.94137044709849,0.0,0.0,0.0,121.58014257874616,48.991564668927694,49.016661779842295,48.94137044709849,12.43753247303448,19.990129946614683,0.0,10.040813948287676,1.010916668783252,1.1,9.236100170605994,-2765.3003755082123,-3392.919040945266,-162.00392967768903,-3018.686718903114,-0.0,-0.0,356.5767230838875,0.0,2.0,0.12189153987969549,0.0,0,1.1407842156414707,131.99922844444444,-103.19037968898621,0.19315385270685492,9.234363149560707,0.002738130646830345,8.603568227990092,1.2220704287611284,0.29414270522864105,-3447.8207168649533,54.90167591968756,0.08733729574309436,10.200130411064675,-172.2040600887537
2025-01-01 02:32:00,0.2872656768092097,0.17551177701392118,0.0,0.004787761280153496,0.0029251962835653528,0.0,0.01629698082690994,0.2209686959822998,0.0,0.05,0.0,0.0,0.0,0.16092844368058784,0,0.01458333333333334,1,0,0,Off,0,0,Off,0,0,Off,0.03331151295840273,0.024983634718802036,On,0,0,Off,0.0037194567799707597,0.0,On,0.012577524046939178,0,On,0.006397437741515965,0,On,0.1812597452823811,0.1359448089617858,On,Off,0.0,20.000000000000057,0.0,0.0,0.0,0.0,0,0.0,21116.65276888889,Off,0.0,23.888888888888914,0,0.0,0.05,0.0,0.0,0,0,0,11489.55984,Off,0.0,0,78.13308241723658,51.666666666666686,46.10666666666668,0.0,48.92425964863424,0.0,0.0,0.0,122.08294127693216,48.97539995420971,49.00097010699745,48.92425964863424,12.43753247303448,19.854006507534127,0.0,9.96426246063336,1.0059480230937972,1.1,9.236100170605994,-2722.186179945634,-3354.193109677754,-161.41826036939227,-2983.368819387778,-0.0,-0.0,356.5767230838875,0.0,2.0,0.12133982076240028,0.0,0,1.1356206705660765,131.99922844444444,-95.39408364174393,0.19479252599847932,9.1724710106141,0.002738160479714645,9.034033617247967,1.2226381547159333,0.29349685876507026,-3410.794852791104,56.601743113350174,0.08746510853820687,10.784805145471442,-172.2030655148637
2025-01-01 02:33:00,0.2872656768092097,0.17551177701392118,0.0,0.004787761280153496,0.0029251962835653528,0.0,0.01629698082690994,0.2209686959822998,0.0,0.05,0.0,0.0,0.0,0.16092844368058784,0,0.01458333333333334,1,0,0,Off,0,0,Off,0,0,Off,0.03331151295840273,0.024983634718802036,On,0,0,Off,0.0037194567799707597,0.0,On,0.012577524046939178,0,On,0.006397437741515965,0,On,0.1812597452823811,0.1359448089617858,On,Off,0.0,20.000000000000057,0.0,0.0,0.0,0.0,0,0.0,21116.65276888889,Off,0.0,23.888888888888914,0,0.0,0.05,0.0,0.0,0,0,0,11489.55984,Off,0.0,0,78.44317390419305,51.666666666666686,46.10666666666668,0.0,48.90707855230072,0.0,0.0,0.0,122.56745922530163,48.95916838977973,48.985213308519235,48.90707855230072,12.43753247303448,19.72217653230931,0.0,9.89201298589769,1.0010461025032982,1.1,9.236100170605994,-2681.0510028493823,-3317.7381181181067,-161.07263491651483,-2949.322058366317,-0.0,-0.0,356.5767230838875,0.0,2.0,0.12080425314840716,0.0,0,1.1306082875815386,131.99922844444444,-88.30566756695268,0.19639459931636585,9.111357884987155,0.0027381917906924053,9.451089432768367,1.2231884753020956,0.29288600099049045,-3375.9536091195564,58.215491001449706,0.08759102214145174,11.363236188839918,-172.43587110535475
2025-01-01 02:34:00,0.2872656768092097,0.17551177701392118,0.0,0.004787761280153496,0.0029251962835653528,0.0,0.01629698082690994,0.2209686959822998,0.0,0.05,0.0,0.0,0.0,0.16092844368058784,0,0.01458333333333334,1,0,0,Off,0,0,Off,0,0,Off,0.03331151295840273,0.024983634718802036,On,0,0,Off,0.0037194567799707597,0.0,On,0.012577524046939178,0,On,0.006397437741515965,0,On,0.1812597452823811,0.1359448089617858,On,Off,0.0,20.000000000000057,0.0,0.0,0.0,0.0,0,0.0,21116.65276888889,Off,0.0,23.888888888888914,0,0.0,0.05,0.0,0.0,0,0,0,11489.55984,Off,0.0,0,78.74223212424326,51.666666666666686,46.10666666666668,0.0,48.889829737786236,0.0,0.0,0.0,123.03473769413009,48.94287240615887,48.96939374034519,48.889829737786236,12.43753247303448,19.594394086891562,0.0,9.823744263407166,0.996173690784679,1.1,9.236100170605994,-2641.4375478715788,-3283.384726130908,-160.87627764389396,-2916.4685920563993,-0.0,-0.0,356.5767230838875,0.0,2.0,0.12028394442894709,0.0,0,1.1257387127529122,131.99922844444444,-81.54567889906684,0.19796180747714606,9.053045515009742,0.0027382245324029104,9.855472069937175,1.2237223708731568,0.29230762685105294,-3343.1249423185586,59.74021618765052,0.08771599864644529,11.93976456588524,-172.8160422097792
2025-01-01 02:35:00,0.2872656768092097,0.17551177701392118,0.0,0.004787761280153496,0.0029251962835653528,0.0,0.01629698082690994,0.2209686959822998,0.0,0.05,0.0,0.0,0.0,0.16092844368058784,0,0.01458333333333334,1,0,0,Off,0,0,Off,0,0,Off,0.03331151295840273,0.024983634718802036,On,0,0,Off,0.0037194567799707597,0.0,On,0.012577524046939178,0,On,0.006397437741515965,0,On,0.1812597452823811,0.1359448089617858,On,Off,0.0,20.000000000000057,0.0,0.0,0.0,0.0,0,0.0,21116.65276888889,Off,0.0,23.888888888888914,0,0.0,0.05,0.0,0.0,0,0,0,11489.55984,Off,0.0,0,79.03081646964895,51.666666666666686,46.10666666666668,0.0,48.872515637869945,0.0,0.0,0.0,123.48565073382649,48.926514295425946,48.95351362420396,48.872515637869945,12.43753247303448,19.47045298463383,-0.029547015366226503,9.759178243873109,0.9913020875398135,1.1,9.236100170605994,-2603.2376148841786,-3250.983660229785,-160.7656769447449,-2884.74224295011,-0.0,-0.0,356.5767230838875,0.0,2.0,0.11977815353941369,0.0,0,1.1210050104486795,131.99922844444444,-75.07209501795631,0.19949551739411484,8.995300626034076,0.0027382586601330575,10.247795056092482,1.2242406604156664,0.2917595671385199,-3312.160093961109,61.17643373132393,0.08784077664686042,12.517768208018774,-173.28344515276368
2025-01-01 02:36:00,0.2872656768092097,0.17551177701392118,0.0,0.004787761280153496,0.0029251962835653528,0.0,0.01629698082690994,0.2209686959822998,0.0,0.05,0.0,0.0,0.0,0.16092844368058784,0,0.01458333333333334,1,0,0,Off,0,0,Off,0,0,Off,0.03331151295840273,0.024983634718802036,On,0,0,Off,0.0037194567799707597,0.0,On,0.012577524046939178,0,On,0.006397437741515965,0,On,0.1812597452823811,0.1359448089617858,On,Off,0.0,20.000000000000057,0.0,0.0,0.0,0.0,0,0.0,21116.65276888889,Off,0.0,23.888888888888914,0,0.0,0.05,0.0,0.0,0,0,0,11489.55984,Off,0.0,0,79.3094228161565,51.666666666666686,46.10666666666668,0.0,48.85513856200457,0.0,0.0,0.0,123.92097315024454,48.91009623345022,48.93757506917304,48.85513856200457,12.43753247303448,19.350170594785833,-0.1498294052142235,9.698069451905132,0.9864092636697281,1.1,9.236100170605994,-2566.4113982682466,-3220.4018850977654,-160.72340417977625,-2854.08409141993,-0.0,-0.0,356.5767230838875,0.0,2.0,0.11928622681302148,0.0,0,1.116401062994457,131.99922844444444,-68.90402993220442,0.20099690571040232,8.940154569926822,0.0027382941313839363,10.628600641498576,1.2247440684061779,0.2912399036353208,-3282.928033536404,62.52614843863867,0.08796592002500993,13.099867380907085,-173.82327156068334
2025-01-01 02:37:00,0.2872656768092097,0.17551177701392118,0.0,0.004787761280153496,0.0029251962835653528,0.0,0.01629698082690994,0.2209686959822998,0.0,0.05,0.0,0.0,0.0,0.16092844368058784,0,0.01458333333333334,1,0,0,Off,0,0,Off,0,0,Off,0.03331151295840273,0.024983634718802036,On,0,0,Off,0.0037194567799707597,0.0,On,0.012577524046939178,0,On,0.006397437741515965,0,On,0.1812597452823811,0.1359448089617858,On,Off,0.0,20.000000000000057,0.0,0.0,0.0,0.0,0,0.0,21116.65276888889,Off,0.0,23.888888888888914,0,0.0,0.05,0.0,0.0,0,0,0,11489.55984,Off,0.0,0,79.5785029171386,51.666666666666686,46.10666666666668,0.0,48.83770071031396,0.0,0.0,0.0,124.34141080802904,48.89362029308643,48.921580084472666,48.83770071031396,12.43753247303448,19.23338062762865,-0.2666193723714052,9.640197678048775,0.9814774873604204,1.1,9.236100170605994,-2530.9141340132282,-3191.5321911228934,-160.73916260116061,-2824.440464325503,-0.0,-0.0,356.5767230838875,0.0,2.0,0.11880756970592396,0.0,0,1.1119213060480733,131.99922844444444,-63.05039277161299,0.20246703450839929,8.88611491518041,0.002738330905616346,10.998382586337794,1.2252332544475297,0.290746911118016,-3255.3116149155976,63.77942379270428,0.08809187977949742,13.68819748072274,-174.42736008188336
2025-01-01 02:38:00,1.3380385934758767,0.17551177701392118,0.9006625,0.022300643224597946,0.0029251962835653528,0.015011041666666667,0.01629698082690994,0.2209686959822998,1.0507729166666668,0.05,0.0,0.9006625,0.0,0.16092844368058784,0,0.01458333333333334,1,0,0,Off,0,0,Off,0,0,Off,0.03331151295840273,0.024983634718802036,On,0,0,Off,0.0037194567799707597,0.0,On,0.012577524046939178,0,On,0.006397437741515965,0,On,0.1812597452823811,0.1359448089617858,On,On,17415.9303113141,20.000000000000057,0.8,4751.49537424146,26.39581596111111,1.0507729166666668,1,21116.65276888889,21116.65276888889,Off,0.0,23.888888888888914,0,0.0,0.05,0.0,0.0,0,0,0,11489.55984,Off,0.0,0,79.83847425125528,51.666666666666686,46.10666666666668,0.0,48.82020418331759,0.0,0.0,0.0,124.74761601758637,48.87708845334096,48.90553058835265,48.82020418331759,12.43753247303448,19.119929473404348,-0.38007052659570917,9.585362338105524,0.9764925501746092,1.1,9.236100170605994,14919.238851756756,1587.2718594107992,-160.79767497308478,-2795.7618770246986,-0.0,-0.0,356.5767230838875,0.0,2.0,0.11834163269767443,0.0,0,1.107560596641835,131.99922844444444,-57.50630561652929,0.20390688694100947,8.833112618861705,0.00273836894407575,11.357597559062352,1.2257088281845328,0.290279012557417,-3229.2046122141037,64.98109738344304,0.08821901452191958,14.28449500456373,-175.0821699776485
2025-01-01 02:39:00,1.3380385934758767,0.17551177701392118,0.9006625,0.022300643224597946,0.0029251962835653528,0.015011041666666667,0.01629698082690994,0.2209686959822998,1.0507729166666668,0.05,0.0,0.9006625,0.0,0.16092844368058784,0,0.01458333333333334,1,0,0,Off,0,0,Off,0,0,Off,0.03331151295840273,0.024983634718802036,On,0,0,Off,0.0037194567799707597,0.0,On,0.012577524046939178,0,On,0.006397437741515965,0,On,0.1812597452823811,0.1359448089617858,On,On,17415.9303113141,20.000000000000057,0.8,4751.49537424146,26.39581596111111,1.0507729166666668,1,21116.65276888889,21116.65276888889,Off,0.0,23.888888888888914,0,0.0,0.05,0.0,0.0,0,0,0,11489.55984,Off,0.0,0,79.24123864911334,51.666666666666686,46.10666666666668,0.0,48.80265098948508,0.0,0.0,0.0,123.81443538923959,48.86050260649211,48.88942841499563,48.80265098948508,12.43753247303448,19.32590138549559,-0.17409861450446584,9.704874538738881,0.9714435165358837,1.1,9.236100170605994,14855.312259776258,1527.6494947221559,-160.88371339091827,-2847.913986819354,-0.0,-0.0,356.5767230838875,0.0,2.0,0.11918684329115938,0.0,0,1.11547093155837,131.99922844444444,-69.28078780237371,0.20130920168660207,8.92920401757397,0.0027384082096572884,10.66479674559066,1.2248456114905542,0.291297819333492,-3286.1797189403496,62.333839421045624,0.08834759747212527,14.890122234787723,-175.773835625706
2025-01-01 02:40:00,1.3380385934758767,0.17551177701392118,0.9006625,0.022300643224597946,0.0029251962835653528,0.015011041666666667,0.01629698082690994,0.2209686959822998,1.0507729166666668,0.05,0.0,0.9006625,0.0,0.16092844368058784,0,0.01458333333333334,1,0,0,Off,0,0,Off,0,0,Off,0.03331151295840273,0.024983634718802036,On,0,0,Off,0.0037194567799707597,0.0,On,0.012577524046939178,0,On,0.006397437741515965,0,On,0.1812597452823811,0.1359448089617858,On,On,17415.9303113141,20.000000000000057,0.8,4751.49537424146,26.39581596111111,1.0507729166666668,1,21116.65276888889,21116.65276888889,Off,0.0,23.888888888888914,0,0.0,0.05,0.0,0.0,0,0,0,11489.55984,Off,0.0,0,78.66217305601465,51.666666666666686,46.10666666666668,0.0,48.78522997907427,0.0,0.0,0.0,122.90964540002288,48.84404083087988,48.87344625678268,48.78522997907427,12.43753247303448,19.525225733819937,0.0,9.817667526665192,0.966322330101582,1.1,9.236100170605994,14794.093817614092,1471.4297575942032,-160.98525097469982,-2898.745970399086,-0.0,-0.0,356.5767230838875,0.0,2.0,0.12000181252122721,0.0,0,1.123098237233665,131.99922844444444,-79.66724638480628,0.1988306589331454,9.021357693087449,0.002738445106066679,9.996953164475283,1.2240114119777392,0.2922560891258152,-3340.207180300851,60.1415636535945,0.08847782703493559,15.506109620089967,-176.4913605947898
2025-01-01 02:41:00,1.3380385934758767,0.17551177701392118,0.9006625,0.022300643224597946,0.0029251962835653528,0.015011041666666667,0.01629698082690994,0.2209686959822998,1.0507729166666668,0.05,0.0,0.9006625,0.0,0.16092844368058784,0,0.01458333333333334,1,0,0,Off,0,0,Off,0,0,Off,0.03331151295840273,0.024983634718802036,On,0,0,Off,0.0037194567799707597,0.0,On,0.012577524046939178,0,On,0.006397437741515965,0,On,0.1812597452823811,0.1359448089617858,On,On,17415.9303113141,20.000000000000057,0.8,4751.49537424146,26.39581596111111,1.0507729166666668,1,21116.65276888889,21116.65276888889,Off,0.0,23.888888888888914,0,0.0,0.05,0.0,0.0,0,0,0,11489.55984,Off,0.0,0,78.10008046245925,51.666666666666686,46.10666666666668,0.0,48.76793714400588,0.0,0.0,0.0,122.03137572259257,48.827699351820556,48.8575804557279,48.76793714400588,12.43753247303448,19.718344856689573,0.0,9.924286914958643,0.9611233491191132,1.1,9.236100170605994,14734.281855765534,1418.0243602590613,-161.0928071249989,-2948.3347963963056,-0.0,-0.0,356.5767230838875,0.0,2.0,0.12078866821531271,0.0,0,1.13046242802727,131.99922844444444,-89.89038223614621,0.19646188559071276,9.110542155441156,0.002738479715545753,9.35235706779326,1.223204266045561,0.2931590292065671,-3391.504754367702,58.03374038530306,0.08860983909856235,16.133207421977584,-177.22601454697647
2025-01-01 02:42:00,1.3380385934758767,0.17551177701392118,0.9006625,0.022300643224597946,0.0029251962835653528,0.015011041666666667,0.01629698082690994,0.2209686959822998,1.0507729166666668,0.05,0.0,0.9006625,0.0,0.16092844368058784,0,0.01458333333333334,1,0,0,Off,0,0,Off,0,0,Off,0.03331151295840273,0.024983634718802036,On,0,0,Off,0.0037194567799707597,0.0,On,0.012577524046939178,0,On,0.006397437741515965,0,On,0.1812597452823811,0.1359448089617858,On,On,17415.9303113141,20.000000000000057,0.8,4751.49537424146,26.39581596111111,1.0507729166666668,1,21116.65276888889,21116.65276888889,Off,0.0,23.888888888888914,0,0.0,0.05,0.0,0.0,0,0,0,11489.55984,Off,0.0,0,77.55403289530543,51.666666666666686,46.10666666666668,0.0,48.75076874005681,0.0,0.0,0.0,121.17817639891473,48.81147464330024,48.84182759492196,48.75076874005681,12.43753247303448,19.905601072873296,0.0,10.025179865468607,0.9558429525475436,1.1,9.236100170605994,14676.044370006675,1367.294679134639,-161.18389600867673,-2996.735900685935,-0.0,-0.0,356.5767230838875,0.0,2.0,0.12154909137217262,0.0,0,1.1375792364243926,131.99922844444444,-99.72676370537441,0.19419521521878655,9.196256664213784,0.00273851211479632,8.729656358635577,1.2224226409658292,0.2940109195221511,-3440.2497527681744,56.04905766135321,0.08874371744634141,16.771929604216574,-177.9558256128933
2025-01-01 02:43:00,1.3380385934758767,0.17551177701392118,0.9006625,0.022300643224597946,0.0029251962835653528,0.015011041666666667,0.01629698082690994,0.2209686959822998,1.0507729166666668,0.05,0.0,0.9006625,0.0,0.16092844368058784,0,0.01458333333333334,1,0,0,Off,0,0,Off,0,0,Off,0.03331151295840273,0.024983634718802036,On,0,0,Off,0.0037194567799707597,0.0,On,0.012577524046939178,0,On,0.006397437741515965,0,On,0.1812597452823811,0.1359448089617858,On,On,17415.9303113141,20.000000000000057,0.8,4751.49537424146,26.39581596111111,1.0507729166666668,1,21116.65276888889,21116.65276888889,Off,0.0,23.888888888888914,0,0.0,0.05,0.0,0.0,0,0,0,11489.55984,Off,0.0,0,77.02322937608923,51.666666666666686,46.10666666666668,0.0,48.73372122758007,0.0,0.0,0.0,120.34879590013942,48.79536337208451,48.82618444433673,48.73372122758007,12.43753247303448,20.087289563951966,0.0,10.120734027567165,0.9504797857883134,1.1,9.236100170605994,14619.3772949735,1319.0842728847188,-161.13777069638212,-3043.995890437547,-0.0,-0.0,356.5767230838875,0.0,2.0,0.12228453972599305,0.0,0,1.1444623053747556,131.99922844444444,-109.13384898693893,0.1920239408601931,9.279398012265395,0.0027385423761697686,8.127677215497382,1.2216652111441673,0.294815462090541,-3486.5963409624646,54.185239605723325,0.08887948791072696,17.422520700976335,-178.56029139735844
2025-01-01 02:44:00,0.2872656768092097,0.17551177701392118,0.0,0.004787761280153496,0.0029251962835653528,0.0,0.01629698082690994,0.2209686959822998,0.0,0.05,0.0,0.0,0.0,0.16092844368058784,0,0.01458333333333334,1,0,0,Off,0,0,Off,0,0,Off,0.03331151295840273,0.024983634718802036,On,0,0,Off,0.0037194567799707597,0.0,On,0.012577524046939178,0,On,0.006397437741515965,0,On,0.1812597452823811,0.1359448089617858,On,Off,0.0,20.000000000000057,0.0,0.0,0.0,0.0,0,0.0,21116.65276888889,Off,0.0,23.888888888888914,0,0.0,0.05,0.0,0.0,0,0,0,11489.55984,Off,0.0,0,76.5069617859172,51.666666666666686,46.10666666666668,0.0,48.71679124351951,0.0,0.0,0.0,119.54212779049561,48.779362371336234,48.810647935244596,48.71679124351951,12.43753247303448,20.263671069873403,0.0,10.21129169456066,0.9450382026311126,1.1,9.236100170605994,-2851.6704072929015,-3478.2407411871964,-161.35171113428612,-3090.155295612118,-0.0,-0.0,356.5767230838875,0.0,2.0,0.12299630438259096,0.0,0,1.1511237183514047,131.99922844444444,-118.09183476467093,0.18994209956581895,9.360135888958752,0.002738570568249359,7.545378735896104,1.2209308034925925,0.29557591425250423,-3530.6813796134015,52.44063842620456,0.0890170318707501,18.08453262215156,-179.43624375643768
2025-01-01 02:45:00,0.2872656768092097,0.17551177701392118,0.0,0.004787761280153496,0.0029251962835653528,0.0,0.01629698082690994,0.2209686959822998,0.0,0.05,0.0,0.0,0.0,0.16092844368058784,0,0.01458333333333334,1,0,0,Off,0,0,Off,0,0,Off,0.03331151295840273,0.024983634718802036,On,0,0,Off,0.0037194567799707597,0.0,On,0.012577524046939178,0,On,0.006397437741515965,0,On,0.1812597452823811,0.1359448089617858,On,Off,0.0,20.000000000000057,0.0,0.0,0.0,0.0,0,0.0,21116.65276888889,Off,0.0,23.888888888888914,0,0.0,0.05,0.0,0.0,0,0,0,11489.55984,Off,0.0,0,76.85307654978973,51.666666666666686,46.10666666666668,0.0,48.699975580945846,0.0,0.0,0.0,120.08293210904645,48.76346862132469,48.79521514151412,48.699975580945846,12.43753247303448,20.118754031668555,0.0,10.125667102619245,0.9395083877631674,1.1,9.236100170605994,-2805.169975845656,-3434.4303070001115,-161.47189738954773,-3052.2100288740126,-0.0,-0.0,356.5767230838875,0.0,2.0,0.12241166872389318,0.0,0,1.1456521070156072,131.99922844444444,-109.53667005553132,0.19165412872318052,9.294454675308128,0.0027385967562814804,8.004364282997482,1.2215340999956241,0.2948569377787424,-3488.9937946795785,54.56348767946701,0.08915658863533749,18.759243368388187,-180.23114075793592
2025-01-01 02:46:00,0.2872656768092097,0.17551177701392118,0.0,0.004787761280153496,0.0029251962835653528,0.0,0.01629698082690994,0.2209686959822998,0.0,0.05,0.0,0.0,0.0,0.16092844368058784,0,0.01458333333333334,1,0,0,Off,0,0,Off,0,0,Off,0.03331151295840273,0.024983634718802036,On,0,0,Off,0.0037194567799707597,0.0,On,0.012577524046939178,0,On,0.006397437741515965,0,On,0.1812597452823811,0.1359448089617858,On,Off,0.0,20.000000000000057,0.0,0.0,0.0,0.0,0,0.0,21116.65276888889,Off,0.0,23.888888888888914,0,0.0,0.05,0.0,0.0,0,0,0,11489.55984,Off,0.0,0,77.18581750918902,51.666666666666686,46.10666666666668,0.0,48.68308424664725,0.0,0.0,0.0,120.60283985810784,48.747502968555494,48.77971232950963,48.68308424664725,12.43753247303448,19.97874933326573,0.0,10.045108061277547,0.9338950359216441,1.1,9.236100170605994,-2761.3693475647237,-3393.6087646499022,-161.4645276012819,-3015.7276555411486,-0.0,-0.0,356.5767230838875,0.0,2.0,0.12184546331248257,0.0,0,1.1403529845598115,131.99922844444444,-102.21841510746256,0.19332479436280317,9.229852207998373,0.0027386245236115216,8.448036865967477,1.2221175109031088,0.2941788916266147,-3449.9010093770767,56.29224472717463,0.08929803056609162,19.44616772904296,-180.91069533032487
2025-01-01 02:47:00,0.2872656768092097,0.17551177701392118,0.0,0.004787761280153496,0.0029251962835653528,0.0,0.01629698082690994,0.2209686959822998,0.0,0.05,0.0,0.0,0.0,0.16092844368058784,0,0.01458333333333334,1,0,0,Off,0,0,Off,0,0,Off,0.03331151295840273,0.024983634718802036,On,0,0,Off,0.0037194567799707597,0.0,On,0.012577524046939178,0,On,0.006397437741515965,0,On,0.1812597452823811,0.1359448089617858,On,Off,0.0,20.000000000000057,0.0,0.0,0.0,0.0,0,0.0,21116.65276888889,Off,0.0,23.888888888888914,0,0.0,0.05,0.0,0.0,0,0,0,11489.55984,Off,0.0,0,77.50619541632315,51.666666666666686,46.10666666666668,0.0,48.66612018933495,0.0,0.0,0.0,121.10343033800493,48.73146819133666,48.76414219233752,48.66612018933495,12.43753247303448,19.843283055343363,0.0,9.969155194669277,0.9282047161686717,1.1,9.236100170605994,-2718.930931654856,-3355.199725492775,-161.3440043359916,-2980.5935682564836,-0.0,-0.0,356.5767230838875,0.0,2.0,0.12129630217297614,0.0,0,1.1352133796256958,131.99922844444444,-94.91408648225976,0.19495707787859298,9.167589866398469,0.00273865381606208,8.877533944676355,1.2226825387949152,0.2935381800923724,-3413.157950922726,57.95822542995082,0.08944118359204749,20.14458430554541,-181.488588641537
2025-01-01 02:48:00,0.2872656768092097,0.17551177701392118,0.0,0.004787761280153496,0.0029251962835653528,0.0,0.01629698082690994,0.2209686959822998,0.0,0.05,0.0,0.0,0.0,0.16092844368058784,0,0.01458333333333334,1,0,0,Off,0,0,Off,0,0,Off,0.03331151295840273,0.024983634718802036,On,0,0,Off,0.0037194567799707597,0.0,On,0.012577524046939178,0,On,0.006397437741515965,0,On,0.1812597452823811,0.1359448089617858,On,Off,0.0,20.000000000000057,0.0,0.0,0.0,0.0,0,0.0,21116.65276888889,Off,0.0,23.888888888888914,0,0.0,0.05,0.0,0.0,0,0,0,11489.55984,Off,0.0,0,77.81496519478758,51.666666666666686,46.10666666666668,0.0,48.64908613493734,0.0,0.0,0.0,121.58588311685558,48.715366857999975,48.74850721953129,48.64908613493734,12.43753247303448,19.712076414362627,0.0,9.897440566214469,0.922443863240053,1.1,9.236100170605994,-2677.9942977967194,-3319.029415237038,-161.46597743622343,-2946.7199643583613,-0.0,-0.0,356.5767230838875,0.0,2.0,0.12076316973139214,0.0,0,1.1302237874455847,131.99922844444444,-87.85105652224586,0.19655299222653053,9.107522084357068,0.002738684583512083,9.293693607513898,1.2232302963557684,0.29293193456821937,-3378.567469946946,59.5380547099079,0.08958587802095594,20.853779472847314,-182.31975690907075
2025-01-01 02:49:00,0.2872656768092097,0.17551177701392118,0.0,0.004787761280153496,0.0029251962835653528,0.0,0.01629698082690994,0.2209686959822998,0.0,0.05,0.0,0.0,0.0,0.16092844368058784,0,0.01458333333333334,1,0,0,Off,0,0,Off,0,0,Off,0.03331151295840273,0.024983634718802036,On,0,0,Off,0.0037194567799707597,0.0,On,0.012577524046939178,0,On,0.006397437741515965,0,On,0.1812597452823811,0.1359448089617858,On,Off,0.0,20.000000000000057,0.0,0.0,0.0,0.0,0,0.0,21116.65276888889,Off,0.0,23.888888888888914,0,0.0,0.05,0.0,0.0,0,0,0,11489.55984,Off,0.0,0,78.11821918582831,51.666666666666686,46.10666666666668,0.0,48.69920138004748,0.0,0.0,0.0,122.05971747785674,48.69920138004748,48.699201380047484,48.69920138004748,12.43753247303448,19.584893885085194,0.0,9.829651719267922,0.916605812861735,1.1,9.236100170605994,-2638.532476196483,-3284.9319036467637,-161.48162180883102,-2914.031872573004,-0.0,-0.0,356.5767230838875,0.0,2.0,0.12024521435313691,0.0,0,1.1253762375622758,131.99922844444444,-81.0773267073667,0.19811416138218388,9.04881804930621,0.002738716778850447,9.697220717621018,1.2237617210859484,0.29235772017036116,-3345.962111156645,61.03020750988107,0.08973227337383746,21.57465063938485,-183.05627244821588
2025-01-01 02:50:00,0.2872656768092097,0.17551177701392118,0.0,0.004787761280153496,0.0029251962835653528,0.0,0.01629698082690994,0.2209686959822998,0.0,0.05,0.0,0.0,0.0,0.16092844368058784,0,0.01458333333333334,1,0,0,Off,0,0,Off,0,0,Off,0.03331151295840273,0.024983634718802036,On,0,0,Off,0.0037194567799707597,0.0,On,0.012577524046939178,0,On,0.006397437741515965,0,On,0.1812597452823811,0.1359448089617858,On,Off,0.0,20.000000000000057,0.0,0.0,0.0,0.0,0,0.0,21116.65276888889,Off,0.0,23.888888888888914,0,0.0,0.05,0.0,0.0,0,0,0,11489.55984,Off,0.0,0,78.40559740796763,51.666666666666686,46.10666666666668,0.0,48.68199139893966,0.0,0.0,0.0,122.50874594994943,48.68297290334283,48.68346365554442,48.68199139893966,12.43753247303448,19.461531161969553,-0.038468838030503605,9.765517548357826,0.9106977440994205,1.1,9.236100170605994,-2600.5056426111482,-3252.761490690532,-161.36178977641518,-2882.463749974265,-0.0,-0.0,356.5767230838875,0.0,2.0,0.11974170156403682,0.0,0,1.1206638560241813,131.99922844444444,-74.61861572077089,0.1996419418245084,8.992087759357961,0.0027387503575048155,10.088724673982906,1.2242776246037934,0.2918134230161842,-3315.1967347902364,62.43524409970465,0.0898801817596902,22.306388733686248,-183.66817851010143
2025-01-01 02:51:00,0.2872656768092097,0.17551177701392118,0.0,0.004787761280153496,0.0029251962835653528,0.0,0.01629698082690994,0.2209686959822998,0.0,0.05,0.0,0.0,0.0,0.16092844368058784,0,0.01458333333333334,1,0,0,Off,0,0,Off,0,0,Off,0.03331151295840273,0.024983634718802036,On,0,0,Off,0.0037194567799707597,0.0,On,0.012577524046939178,0,On,0.006397437741515965,0,On,0.1812597452823811,0.1359448089617858,On,Off,0.0,20.000000000000057,0.0,0.0,0.0,0.0,0,0.0,21116.65276888889,Off,0.0,23.888888888888914,0,0.0,0.05,0.0,0.0,0,0,0,11489.55984,Off,0.0,0,78.68305498802927,51.666666666666686,46.10666666666668,0.0,48.66471872364509,0.0,0.0,0.0,122.94227341879572,48.66668472595847,48.667667727115166,48.66471872364509,12.43753247303448,19.341806026133746,-0.15819397386631096,9.70479815798578,0.9047281243895664,1.1,9.236100170605994,-2563.8617067748364,-3222.388005456333,-161.13855518323138,-2851.9569200025844,-0.0,-0.0,356.5767230838875,0.0,2.0,0.11925197839587405,0.0,0,1.1160805316948192,131.99922844444444,-68.48150985613964,0.2011375167086355,8.936535795072903,0.0027387852771023746,10.468748197044501,1.2247787301113382,0.2912971693476899,-3286.14321679072,63.75521133438728,0.09002938426487564,23.048014185508883,-184.18656936874027
2025-01-01 02:52:00,0.2872656768092097,0.17551177701392118,0.0,0.004787761280153496,0.0029251962835653528,0.0,0.01629698082690994,0.2209686959822998,0.0,0.05,0.0,0.0,0.0,0.16092844368058784,0,0.01458333333333334,1,0,0,Off,0,0,Off,0,0,Off,0.03331151295840273,0.024983634718802036,On,0,0,Off,0.0037194567799707597,0.0,On,0.012577524046939178,0,On,0.006397437741515965,0,On,0.1812597452823811,0.1359448089617858,On,Off,0.0,20.000000000000057,0.0,0.0,0.0,0.0,0,0.0,21116.65276888889,Off,0.0,23.888888888888914,0,0.0,0.05,0.0,0.0,0,0,0,11489.55984,Off,0.0,0,78.9510422451609,51.666666666666686,46.10666666666668,0.0,48.6473855416319,0.0,0.0,0.0,123.36100350806392,48.6503389088337,48.651815592434616,48.6473855416319,12.43753247303448,19.225552710450824,-0.2744472895492329,9.647277920931733,0.8987042712329217,1.1,9.236100170605994,-2528.5436886974135,-3193.7060931475853,-161.12868445305304,-2822.4579707497955,-0.0,-0.0,356.5767230838875,0.0,2.0,0.11877545151954026,0.0,0,1.1116207116007661,131.99922844444444,-62.66244103150527,0.202601952530512,8.882784326873296,0.00273882149723117,10.837785009187069,1.2252656954401777,0.29080727048160954,-3258.686794340607,64.98070119302142,0.0901796920313992,23.798678527472873,-184.9273629805259
2025-01-01 02:53:00,1.3380385934758767,0.17551177701392118,0.9006625,0.022300643224597946,0.0029251962835653528,0.015011041666666667,0.01629698082690994,0.2209686959822998,1.0507729166666668,0.05,0.0,0.9006625,0.0,0.16092844368058784,0,0.01458333333333334,1,0,0,Off,0,0,Off,0,0,Off,0.03331151295840273,0.024983634718802036,On,0,0,Off,0.0037194567799707597,0.0,On,0.012577524046939178,0,On,0.006397437741515965,0,On,0.1812597452823811,0.1359448089617858,On,On,17415.9303113141,20.000000000000057,0.8,4751.49537424146,26.39581596111111,1.0507729166666668,1,21116.65276888889,21116.65276888889,Off,0.0,23.888888888888914,0,0.0,0.05,0.0,0.0,0,0,0,11489.55984,Off,0.0,0,79.20997484719946,51.666666666666686,46.10666666666668,0.0,48.629993941080265,0.0,0.0,0.0,123.76558569874915,48.63393741935741,48.63590915849599,48.629993941080265,12.43753247303448,19.11261826843828,-0.3873817315617778,9.592760111324912,0.8926215901515238,1.1,9.236100170605994,14921.437182835723,1584.926895528121,-161.01593291920648,-2793.9177049408677,-0.0,-0.0,356.5767230838875,0.0,2.0,0.11831157326747763,0.0,0,1.1072792701155352,131.99922844444444,-57.15214662139462,0.204036234389399,8.830753937446712,0.0027388589792633486,11.19629115771684,1.2257391278429672,0.2903421802203085,-3232.723242351407,66.15476363806786,0.09033121389616365,24.559013702496557,-185.57494662170305
2025-01-01 02:54:00,1.3380385934758767,0.17551177701392118,0.9006625,0.022300643224597946,0.0029251962835653528,0.015011041666666667,0.01629698082690994,0.2209686959822998,1.0507729166666668,0.05,0.0,0.9006625,0.0,0.16092844368058784,0,0.01458333333333334,1,0,0,Off,0,0,Off,0,0,Off,0.03331151295840273,0.024983634718802036,On,0,0,Off,0.0037194567799707597,0.0,On,0.012577524046939178,0,On,0.006397437741515965,0,On,0.1812597452823811,0.1359448089617858,On,On,17415.9303113141,20.000000000000057,0.8,4751.49537424146,26.39581596111111,1.0507729166666668,1,21116.65276888889,21116.65276888889,Off,0.0,23.888888888888914,0,0.0,0.05,0.0,0.0,0,0,0,11489.55984,Off,0.0,0,78.61175277963407,51.666666666666686,46.10666666666668,0.0,48.61254591851993,0.0,0.0,0.0,122.83086371817824,48.61748213856657,48.619950248589895,48.61254591851993,12.43753247303448,19.319087629859247,-0.18091237014080974,9.712559053650033,0.8864878139887237,1.1,9.236100170605994,14857.365461876752,1525.124738644265,-160.80656726634942,-2846.1826370406634,-0.0,-0.0,356.5767230838875,0.0,2.0,0.11915893288688971,0.0,0,1.1152097177885347,131.99922844444444,-68.95893548056938,0.20143047371726308,8.926429359637698,0.002738897686218203,10.50065532485365,1.2248737853005973,0.29136320569449353,-3289.852708936629,63.48207333943381,0.09048375161808168,25.328111004102823,-186.13467827045224
2025-01-01 02:55:00,1.3380385934758767,0.17551177701392118,0.9006625,0.022300643224597946,0.0029251962835653528,0.015011041666666667,0.01629698082690994,0.2209686959822998,1.0507729166666668,0.05,0.0,0.9006625,0.0,0.16092844368058784,0,0.01458333333333334,1,0,0,Off,0,0,Off,0,0,Off,0.03331151295840273,0.024983634718802036,On,0,0,Off,0.0037194567799707597,0.0,On,0.012577524046939178,0,On,0.006397437741515965,0,On,0.1812597452823811,0.1359448089617858,On,On,17415.9303113141,20.000000000000057,0.8,4751.49537424146,26.39581596111111,1.0507729166666668,1,21116.65276888889,21116.65276888889,Off,0.0,23.888888888888914,0,0.0,0.05,0.0,0.0,0,0,0,11489.55984,Off,0.0,0,78.03175029923631,51.666666666666686,46.10666666666668,0.0,48.59523031267576,0.0,0.0,0.0,121.92460984255672,48.60115113394317,48.604111544576874,48.59523031267576,12.43753247303448,19.518891155750747,0.0,9.825609913377418,0.8803104044450845,1.1,9.236100170605994,14796.005609546382,1468.7399833181225,-160.5679034645571,-2897.1250371109345,-0.0,-0.0,356.5767230838875,0.0,2.0,0.11997595702891037,0.0,0,1.1228562554066097,131.99922844444444,-79.37638774066896,0.19894433890621793,9.018850225540161,0.0027389340139209613,9.83010581639196,1.224037543517101,0.29232344788814557,-3344.020883234447,61.26549231110935,0.09063711497737824,26.10508415239177,-186.6729876169489
2025-01-01 02:56:00,1.3380385934758767,0.17551177701392118,0.9006625,0.022300643224597946,0.0029251962835653528,0.015011041666666667,0.01629698082690994,0.2209686959822998,1.0507729166666668,0.05,0.0,0.9006625,0.0,0.16092844368058784,0,0.01458333333333334,1,0,0,Off,0,0,Off,0,0,Off,0.03331151295840273,0.024983634718802036,On,0,0,Off,0.0037194567799707597,0.0,On,0.012577524046939178,0,On,0.006397437741515965,0,On,0.1812597452823811,0.1359448089617858,On,On,17415.9303113141,20.000000000000057,0.8,4751.49537424146,26.39581596111111,1.0507729166666668,1,21116.65276888889,21116.65276888889,Off,0.0,23.888888888888914,0,0.0,0.05,0.0,0.0,0,0,0,11489.55984,Off,0.0,0,77.46876895439173,51.666666666666686,46.10666666666668,0.0,48.578043104528234,0.0,0.0,0.0,121.04495149123707,48.58494062050402,48.58838937849192,48.578043104528234,12.43753247303448,19.712471711589338,0.0,9.932460808220746,0.8740942180060498,1.1,9.236100170605994,14736.055920505007,1415.183393611212,-160.31312079135458,-2946.8217876933354,-0.0,-0.0,356.5767230838875,0.0,2.0,0.12076477778637192,0.0,0,1.1302388372492103,131.99922844444444,-89.62932619964272,0.1965684227903764,9.108291230331965,0.0027389680450475287,9.182925964635455,1.2232284360047927,0.29322813766155514,-3395.446532444002,59.1345518137543,0.0907911795271383,26.8893646052449,-187.20248539659949
2025-01-01 02:57:00,1.3380385934758767,0.17551177701392118,0.9006625,0.022300643224597946,0.0029251962835653528,0.015011041666666667,0.01629698082690994,0.2209686959822998,1.0507729166666668,0.05,0.0,0.9006625,0.0,0.16092844368058784,0,0.01458333333333334,1,0,0,Off,0,0,Off,0,0,Off,0.03331151295840273,0.024983634718802036,On,0,0,Off,0.0037194567799707597,0.0,On,0.012577524046939178,0,On,0.006397437741515965,0,On,0.1812597452823811,0.1359448089617858,On,On,17415.9303113141,20.000000000000057,0.8,4751.49537424146,26.39581596111111,1.0507729166666668,1,21116.65276888889,21116.65276888889,Off,0.0,23.888888888888914,0,0.0,0.05,0.0,0.0,0,0,0,11489.55984,Off,0.0,0,76.92187938863927,51.666666666666686,46.10666666666668,0.0,48.56098053923213,0.0,0.0,0.0,120.19043654474886,48.56884706223532,48.57278032373692,48.56098053923213,12.43753247303448,19.900172121672842,0.0,10.033561125726484,0.8678435996848939,1.1,9.236100170605994,14677.684385148837,1364.3153460764916,-160.03164437528244,-2995.328257518506,-0.0,-0.0,356.5767230838875,0.0,2.0,0.1215270800772319,0.0,0,1.1373732324813872,131.99922844444444,-99.49439173064138,0.19429502858947456,9.194252219248504,0.0027389998567115153,8.557757734428545,1.2224449273126705,0.29408157573703464,-3444.307877787024,57.127849622055656,0.0909458342896501,27.680441160442935,-187.71208553572538
2025-01-01 02:58:00,1.3380385934758767,0.17551177701392118,0.9006625,0.022300643224597946,0.0029251962835653528,0.015011041666666667,0.01629698082690994,0.2209686959822998,1.0507729166666668,0.05,0.0,0.9006625,0.0,0.16092844368058784,0,0.01458333333333334,1,0,0,Off,0,0,Off,0,0,Off,0.03331151295840273,0.024983634718802036,On,0,0,Off,0.0037194567799707597,0.0,On,0.012577524046939178,0,On,0.006397437741515965,0,On,0.1812597452823811,0.1359448089617858,On,On,17415.9303113141,20.000000000000057,0.8,4751.49537424146,26.39581596111111,1.0507729166666668,1,21116.65276888889,21116.65276888889,Off,0.0,23.888888888888914,0,0.0,0.05,0.0,0.0,0,0,0,11489.55984,Off,0.0,0,76.39027928449991,51.666666666666686,46.10666666666668,0.0,48.544039066823466,0.0,0.0,0.0,119.35981138203111,48.55286711619013,48.557281140873464,48.544039066823466,12.43753247303448,20.082288056898967,0.0,10.129300505351836,0.8615632711659948,1.1,9.236100170605994,14620.88695207507,1315.9785015589796,-159.71920595000822,-3042.6910010907704,-0.0,-0.0,356.5767230838875,0.0,2.0,0.12226432528900708,0.0,0,1.1442731182444228,131.99922844444444,-108.92908123214457,0.19211742183824165,9.27763007188631,0.002739029521657165,7.953421931321667,1.2216856892473378,0.29488748251479807,-3490.7599120414,55.24303935891962,0.09110095973181481,28.477747969832937,-188.19695391984115
2025-01-01 02:59:00,0.2872656768092097,0.17551177701392118,0.0,0.004787761280153496,0.0029251962835653528,0.0,0.01629698082690994,0.2209686959822998,0.0,0.05,0.0,0.0,0.0,0.16092844368058784,0,0.01458333333333334,1,0,0,Off,0,0,Off,0,0,Off,0.03331151295840273,0.024983634718802036,On,0,0,Off,0.0037194567799707597,0.0,On,0.012577524046939178,0,On,0.006397437741515965,0,On,0.1812597452823811,0.1359448089617858,On,Off,0.0,20.000000000000057,0.0,0.0,0.0,0.0,0,0.0,21116.65276888889,Off,0.0,23.888888888888914,0,0.0,0.05,0.0,0.0,0,0,0,11489.55984,Off,0.0,0,75.87325921881549,51.666666666666686,46.10666666666668,0.0,48.52721531422449,0.0,0.0,0.0,118.55196752939919,48.53699760609696,48.541888752033195,48.52721531422449,12.43753247303448,20.259080733856035,0.0,10.220023031811486,0.8552580600448123,1.1,9.236100170605994,-2850.287408111654,-3481.4618487286966,-159.37790081902506,-3088.950508475362,-0.0,-0.0,356.5767230838875,0.0,2.0,0.12297780795879652,0.0,0,1.1509506101247688,131.99922844444444,-117.9136227201794,0.19002961447066227,9.358594810453837,0.0027390571088434777,7.3688727207340285,1.2209495462230486,0.29564913170572105,-3534.9402536222897,53.47840489359316,0.09125643451528544,29.280698283725727,-188.6585991027508
2025-01-01 03:00:00,0.28618800632931024,0.17485431294237375,0.0,0.004769800105488504,0.0029142385490395625,0.0,0.016095929109073683,0.22009207722023655,0.0,0.05,0.0,0.0,0.0,0.1602709796090404,0,0.01458333333333334,1,0,0,Off,0,0,Off,0,0,Off,0.03243489419633949,0.024326170647254612,On,0,0,Off,0.003518405062134503,0.0,On,0.012577524046939178,0,On,0.006397437741515965,0,On,0.1812597452823811,0.1359448089617858,On,Off,0.0,20.000000000000057,0.0,0.0,0.0,0.0,0,0.0,21116.65276888889,Off,0.0,23.888888888888914,0,0.0,0.05,0.0,0.0,0,0,0,11489.55984,Off,0.0,0,76.21866434183887,51.666666666666686,46.10666666666668,0.0,48.51050606477203,0.0,0.0,0.0,119.09166303412324,48.521235503061696,48.52660022220653,48.51050606477203,12.43753247303448,20.11455905950019,0.0,10.134544562209902,0.8489326375096425,1.1,9.236100170605994,-2804.999218947157,-3437.7268411809114,-159.0099943240609,-3051.1143794956915,-0.0,-0.0,355.49905260398805,0.0,2.0,0.12239472334577418,0.0,0,1.145493515041912,131.99922844444444,-109.38389205545309,0.1917377586357461,9.293123852538336,0.0027390826838768717,7.827762007406005,1.221551215049641,0.2949315618747159,-3493.3093800602346,55.58253887932316,0.09141214196897661,30.088717767162134,-189.09871209122304
2025-01-01 03:01:00,0.28618800632931024,0.17485431294237375,0.0,0.004769800105488504,0.0029142385490395625,0.0,0.016095929109073683,0.22009207722023655,0.0,0.05,0.0,0.0,0.0,0.1602709796090404,0,0.01458333333333334,1,0,0,Off,0,0,Off,0,0,Off,0.03243489419633949,0.024326170647254612,On,0,0,Off,0.003518405062134503,0.0,On,0.012577524046939178,0,On,0.006397437741515965,0,On,0.1812597452823811,0.1359448089617858,On,Off,0.0,20.000000000000057,0.0,0.0,0.0,0.0,0,0.0,21116.65276888889,Off,0.0,23.888888888888914,0,0.0,0.05,0.0,0.0,0,0,0,11489.55984,Off,0.0,0,76.55079031218773,51.666666666666686,46.10666666666668,0.0,48.493721315801544,0.0,0.0,0.0,119.61060986279332,48.50540164469136,48.51124180913628,48.493721315801544,12.43753247303448,19.97491459680128,0.0,10.054115447937436,0.8425915001016303,1.1,9.236100170605994,-2761.320774840749,-3396.9735223975845,-158.61654952478375,-3014.7308480750385,-0.0,-0.0,355.49905260398805,0.0,2.0,0.12182993560806758,0.0,0,1.1402076606093612,131.99922844444444,-102.08897936969849,0.19340484754473403,9.228713304999744,0.002739109838188957,8.271414540734039,1.2221331409915877,0.2942547822232326,-3454.26581167536,57.2922892777754,0.09156797050103127,30.90124712833916,-189.5177966531229
2025-01-01 03:02:00,0.28618800632931024,0.17485431294237375,0.0,0.004769800105488504,0.0029142385490395625,0.0,0.016095929109073683,0.22009207722023655,0.0,0.05,0.0,0.0,0.0,0.1602709796090404,0,0.01458333333333334,1,0,0,Off,0,0,Off,0,0,Off,0.03243489419633949,0.024326170647254612,On,0,0,Off,0.003518405062134503,0.0,On,0.012577524046939178,0,On,0.006397437741515965,0,On,0.1812597452823811,0.1359448089617858,On,Off,0.0,20.000000000000057,0.0,0.0,0.0,0.0,0,0.0,21116.65276888889,Off,0.0,23.888888888888914,0,0.0,0.05,0.0,0.0,0,0,0,11489.55984,Off,0.0,0,76.87059236289961,51.666666666666686,46.10666666666668,0.0,48.47686399515622,0.0,0.0,0.0,120.11030056703063,48.48949878963077,48.495816186868055,48.47686399515622,12.43753247303448,19.83979409849991,0.0,9.978277526097648,0.8362390058570567,1.1,9.236100170605994,-2718.998905530215,-3358.6243701337244,-158.1983712273731,-2979.690839841515,-0.0,-0.0,355.49905260398805,0.0,2.0,0.12128214131231008,0.0,0,1.135080847980401,131.99922844444444,-94.80711829268792,0.19503362902777288,9.166635357252623,0.0027391385178581673,8.700903549428869,1.2226967409581375,0.29361520673262786,-3417.5650995385436,58.94072940481932,0.0917238126719865,31.717737803817066,-189.91610903119016
2025-01-01 03:03:00,0.28618800632931024,0.17485431294237375,0.0,0.004769800105488504,0.0029142385490395625,0.0,0.016095929109073683,0.22009207722023655,0.0,0.05,0.0,0.0,0.0,0.1602709796090404,0,0.01458333333333334,1,0,0,Off,0,0,Off,0,0,Off,0.03243489419633949,0.024326170647254612,On,0,0,Off,0.003518405062134503,0.0,On,0.012577524046939178,0,On,0.006397437741515965,0,On,0.1812597452823811,0.1359448089617858,On,Off,0.0,20.000000000000057,0.0,0.0,0.0,0.0,0,0.0,21116.65276888889,Off,0.0,23.888888888888914,0,0.0,0.05,0.0,0.0,0,0,0,11489.55984,Off,0.0,0,77.17882419116272,51.666666666666686,46.10666666666668,0.0,48.45993682012846,0.0,0.0,0.0,120.59191279869175,48.4735294980822,48.48032583705908,48.45993682012846,12.43753247303448,19.70891923001474,0.0,9.906664028349669,0.8298793756292614,1.1,9.236100170605994,-2678.173348726203,-3322.5070800975323,-157.7564760266037,-2945.906765485102,-0.0,-0.0,355.49905260398805,0.0,2.0,0.1207503260176078,0.0,0,1.1301035829919381,131.99922844444444,-87.76563584508901,0.19662611894504145,9.106744667010709,0.0027391686727983905,9.11706786241022,1.2232431260768646,0.29300997615391217,-3383.0106928396845,60.5036127421522,0.09187956512802553,32.537652066598106,-190.2941280932018
2025-01-01 03:04:00,0.28618800632931024,0.17485431294237375,0.0,0.004769800105488504,0.0029142385490395625,0.0,0.016095929109073683,0.22009207722023655,0.0,0.05,0.0,0.0,0.0,0.1602709796090404,0,0.01458333333333334,1,0,0,Off,0,0,Off,0,0,Off,0.03243489419633949,0.024326170647254612,On,0,0,Off,0.003518405062134503,0.0,On,0.012577524046939178,0,On,0.006397437741515965,0,On,0.1812597452823811,0.1359448089617858,On,Off,0.0,20.000000000000057,0.0,0.0,0.0,0.0,0,0.0,21116.65276888889,Off,0.0,23.888888888888914,0,0.0,0.05,0.0,0.0,0,0,0,11489.55984,Off,0.0,0,77.47612302353674,51.666666666666686,46.10666666666668,0.0,48.44294234186719,0.0,0.0,0.0,121.05644222427615,48.457496173672965,48.46477308957586,48.44294234186719,12.43753247303448,19.5820549079536,0.0,9.838963538847501,0.8235166783709521,1.1,9.236100170605994,-2638.8173810061667,-3288.456164747313,-157.29199456736447,-2913.303856172993,-0.0,-0.0,355.49905260398805,0.0,2.0,0.12023363925266806,0.0,0,1.1252679060741153,131.99922844444444,-81.01257743716133,0.19818394353422986,9.048210792605195,0.0027392002559362165,9.520612798665947,1.22377323229071,0.29243666397228835,-3350.4356667639354,61.979502016622675,0.09203512892551642,33.36046521924212,-190.65245978660658
2025-01-01 03:05:00,0.28618800632931024,0.17485431294237375,0.0,0.004769800105488504,0.0029142385490395625,0.0,0.016095929109073683,0.22009207722023655,0.0,0.05,0.0,0.0,0.0,0.1602709796090404,0,0.01458333333333334,1,0,0,Off,0,0,Off,0,0,Off,0.03243489419633949,0.024326170647254612,On,0,0,Off,0.003518405062134503,0.0,On,0.012577524046939178,0,On,0.006397437741515965,0,On,0.1812597452823811,0.1359448089617858,On,Off,0.0,20.000000000000057,0.0,0.0,0.0,0.0,0,0.0,21116.65276888889,Off,0.0,23.888888888888914,0,0.0,0.05,0.0,0.0,0,0,0,11489.55984,Off,0.0,0,77.76304198932947,51.666666666666686,46.10666666666668,0.0,48.42588297104315,0.0,0.0,0.0,121.50475310832728,48.441401087651315,48.4491601459554,48.42588297104315,12.43753247303448,19.458997259011227,-0.041002740988830055,9.774905908188945,0.8171548220650078,1.1,9.236100170605994,-2600.89140049205,-3256.32646650809,-156.80604794226647,-2881.8167611741906,-0.0,-0.0,355.49905260398805,0.0,2.0,0.11973134771813104,0.0,0,1.1205669542704404,131.99922844444444,-74.57369192184731,0.19970846104101225,8.991643779803809,0.002739233222738639,9.912148017425292,1.2242878696752253,0.291893164040682,-3319.6953649180377,63.36889840994751,0.09219040971346291,34.18566709718693,-190.9917150394534
2025-01-01 03:06:00,0.28618800632931024,0.17485431294237375,0.0,0.004769800105488504,0.0029142385490395625,0.0,0.016095929109073683,0.22009207722023655,0.0,0.05,0.0,0.0,0.0,0.1602709796090404,0,0.01458333333333334,1,0,0,Off,0,0,Off,0,0,Off,0.03243489419633949,0.024326170647254612,On,0,0,Off,0.003518405062134503,0.0,On,0.012577524046939178,0,On,0.006397437741515965,0,On,0.1812597452823811,0.1359448089617858,On,Off,0.0,20.000000000000057,0.0,0.0,0.0,0.0,0,0.0,21116.65276888889,Off,0.0,23.888888888888914,0,0.0,0.05,0.0,0.0,0,0,0,11489.55984,Off,0.0,0,78.04007467302522,51.666666666666686,46.10666666666668,0.0,48.40876099638126,0.0,0.0,0.0,121.93761667660189,48.425246396357025,48.43348909634492,48.40876099638126,12.43753247303448,19.339564486798658,-0.16043551320139926,9.714252116541996,0.8107975509194372,1.1,9.236100170605994,-2564.3435267106315,-3225.988290450831,-156.2997330242833,-2851.3869868353654,-0.0,-0.0,355.49905260398805,0.0,2.0,0.11924279962519137,0.0,0,1.115994627482565,131.99922844444444,-68.45559247925462,0.20120085598027657,8.936248553962931,0.0027392675308731585,10.292216365559664,1.2247877599080252,0.2913776097349511,-3290.662101977146,64.67381152631516,0.09234531776072835,35.01276278485316,-191.31249580913646
2025-01-01 03:07:00,0.28618800632931024,0.17485431294237375,0.0,0.004769800105488504,0.0029142385490395625,0.0,0.016095929109073683,0.22009207722023655,0.0,0.05,0.0,0.0,0.0,0.1602709796090404,0,0.01458333333333334,1,0,0,Off,0,0,Off,0,0,Off,0.03243489419633949,0.024326170647254612,On,0,0,Off,0.003518405062134503,0.0,On,0.012577524046939178,0,On,0.006397437741515965,0,On,0.1812597452823811,0.1359448089617858,On,Off,0.0,20.000000000000057,0.0,0.0,0.0,0.0,0,0.0,21116.65276888889,Off,0.0,23.888888888888914,0,0.0,0.05,0.0,0.0,0,0,0,11489.55984,Off,0.0,0,78.30767026730585,51.666666666666686,46.10666666666668,0.0,48.39157859778309,0.0,0.0,0.0,122.3557347926654,48.40903415359139,48.41776193149555,48.39157859778309,12.43753247303448,19.223591236851696,-0.2764087631483605,9.65678734064222,0.8044484443611877,1.1,9.236100170605994,-2529.116978206669,-3197.336319572445,-155.77413722384227,-2821.961295577083,-0.0,-0.0,355.49905260398805,0.0,2.0,0.11876740282382513,0.0,0,1.1115453837721294,131.99922844444444,-62.654735233573916,0.2026621958615395,8.882647345151764,0.0027393031399686263,10.661311596516565,1.2252735593174446,0.29088831897083756,-3263.221513947615,65.88519437516999,0.09249976793855655,35.84127310933161,-191.61541033317388
2025-01-01 03:08:00,1.3369609229959771,0.17485431294237375,0.9006625,0.02228268204993295,0.0029142385490395625,0.015011041666666667,0.016095929109073683,0.22009207722023655,1.0507729166666668,0.05,0.0,0.9006625,0.0,0.1602709796090404,0,0.01458333333333334,1,0,0,Off,0,0,Off,0,0,Off,0.03243489419633949,0.024326170647254612,On,0,0,Off,0.003518405062134503,0.0,On,0.012577524046939178,0,On,0.006397437741515965,0,On,0.1812597452823811,0.1359448089617858,On,On,17415.9303113141,20.000000000000057,0.8,4751.49537424146,26.39581596111111,1.0507729166666668,1,21116.65276888889,21116.65276888889,Off,0.0,23.888888888888914,0,0.0,0.05,0.0,0.0,0,0,0,11489.55984,Off,0.0,0,78.56624334051712,51.666666666666686,46.10666666666668,0.0,48.37433785611069,0.0,0.0,0.0,122.759755219558,48.392766319839254,48.40198055170354,48.37433785611069,12.43753247303448,19.110924965553313,-0.3890750344467442,9.602315610180527,0.7981109165175895,1.1,9.236100170605994,14920.776827488988,1581.270422640759,-155.23033897200787,-2793.490656461987,-0.0,-0.0,355.49905260398805,0.0,2.0,0.11830461082185181,0.0,0,1.1072141085130152,131.99922844444444,-57.16187996711216,0.20409346649506413,8.830067155756092,0.0027393400114381454,11.019889718086826,1.2257458736758153,0.29042375180718416,-3237.269746291517,67.04479469081622,0.09265367969088678,36.670735077145636,-191.90107404915352
2025-01-01 03:09:00,1.3369609229959771,0.17485431294237375,0.9006625,0.02228268204993295,0.0029142385490395625,0.015011041666666667,0.016095929109073683,0.22009207722023655,1.0507729166666668,0.05,0.0,0.9006625,0.0,0.1602709796090404,0,0.01458333333333334,1,0,0,Off,0,0,Off,0,0,Off,0.03243489419633949,0.024326170647254612,On,0,0,Off,0.003518405062134503,0.0,On,0.012577524046939178,0,On,0.006397437741515965,0,On,0.1812597452823811,0.1359448089617858,On,On,17415.9303113141,20.000000000000057,0.8,4751.49537424146,26.39581596111111,1.0507729166666668,1,21116.65276888889,21116.65276888889,Off,0.0,23.888888888888914,0,0.0,0.05,0.0,0.0,0,0,0,11489.55984,Off,0.0,0,77.96769280535828,51.666666666666686,46.10666666666668,0.0,48.357040760818165,0.0,0.0,0.0,121.82452000837232,48.376444769462,48.38614677378391,48.357040760818165,12.43753247303448,19.317650995818315,-0.1823490041817415,9.722151896658778,0.7917882165839862,1.1,9.236100170605994,14856.626167861428,1521.4146654287651,-154.66940053385875,-2845.8176469806253,-0.0,-0.0,355.49905260398805,0.0,2.0,0.1191530477331559,0.0,0,1.1151546385722675,131.99922844444444,-68.9855490760316,0.20148367534162132,8.92657844158395,0.002739378108341873,10.322316225711472,1.2248794468601887,0.29144480914077375,-3294.439444236623,64.35873542392801,0.09280697698309387,37.500702199007755,-192.1701027328665
2025-01-01 03:10:00,1.3369609229959771,0.17485431294237375,0.9006625,0.02228268204993295,0.0029142385490395625,0.015011041666666667,0.016095929109073683,0.22009207722023655,1.0507729166666668,0.05,0.0,0.9006625,0.0,0.1602709796090404,0,0.01458333333333334,1,0,0,Off,0,0,Off,0,0,Off,0.03243489419633949,0.024326170647254612,On,0,0,Off,0.003518405062134503,0.0,On,0.012577524046939178,0,On,0.006397437741515965,0,On,0.1812597452823811,0.1359448089617858,On,On,17415.9303113141,20.000000000000057,0.8,4751.49537424146,26.39581596111111,1.0507729166666668,1,21116.65276888889,21116.65276888889,Off,0.0,23.888888888888914,0,0.0,0.05,0.0,0.0,0,0,0,11489.55984,Off,0.0,0,77.38739168499961,51.666666666666686,46.10666666666668,0.0,48.33987614379136,0.0,0.0,0.0,120.91779950781189,48.36024756348886,48.370433273337625,48.33987614379136,12.43753247303448,19.51770014196238,0.0,9.835230853404672,0.7854834303294834,1.1,9.236100170605994,14795.189869722275,1464.9823383766561,-154.0923643116932,-2896.820312838979,-0.0,-0.0,355.49905260398805,0.0,2.0,0.11997109541028764,0.0,0,1.1228107554663123,131.99922844444444,-79.41918135683252,0.1989937723145558,9.019134842187878,0.002739413818903813,9.649924624895586,1.224042170289014,0.29240502154784637,-3348.64221939788,62.129183533076315,0.09295958822344395,38.33074466569822,-192.42310897739142
2025-01-01 03:11:00,1.3369609229959771,0.17485431294237375,0.9006625,0.02228268204993295,0.0029142385490395625,0.015011041666666667,0.016095929109073683,0.22009207722023655,1.0507729166666668,0.05,0.0,0.9006625,0.0,0.1602709796090404,0,0.01458333333333334,1,0,0,Off,0,0,Off,0,0,Off,0.03243489419633949,0.024326170647254612,On,0,0,Off,0.003518405062134503,0.0,On,0.012577524046939178,0,On,0.006397437741515965,0,On,0.1812597452823811,0.1359448089617858,On,On,17415.9303113141,20.000000000000057,0.8,4751.49537424146,26.39581596111111,1.0507729166666668,1,21116.65276888889,21116.65276888889,Off,0.0,23.888888888888914,0,0.0,0.05,0.0,0.0,0,0,0,11489.55984,Off,0.0,0,76.82414059262419,51.666666666666686,46.10666666666668,0.0,48.32283997944371,0.0,0.0,0.0,120.0377196759753,48.34417091074022,48.35483637638848,48.32283997944371,12.43753247303448,19.711515611798962,0.0,9.94210129941166,0.7791994826532647,1.1,9.236100170605994,14735.166260196622,1411.3838839243022,-153.50025219934594,-2946.5755114306717,-0.0,-0.0,355.49905260398805,0.0,2.0,0.1207608883874627,0.0,0,1.1302024363235321,131.99922844444444,-89.68759229079268,0.19661433158538352,9.107992972573948,0.0027394472261296444,9.000992805767336,1.2232320756925041,0.2933096249492803,-3400.0972236985144,59.985733381356575,0.09311144615981262,39.16044938244351,-192.66070158178945
2025-01-01 03:12:00,1.3369609229959771,0.17485431294237375,0.9006625,0.02228268204993295,0.0029142385490395625,0.015011041666666667,0.016095929109073683,0.22009207722023655,1.0507729166666668,0.05,0.0,0.9006625,0.0,0.1602709796090404,0,0.01458333333333334,1,0,0,Off,0,0,Off,0,0,Off,0.03243489419633949,0.024326170647254612,On,0,0,Off,0.003518405062134503,0.0,On,0.012577524046939178,0,On,0.006397437741515965,0,On,0.1812597452823811,0.1359448089617858,On,On,17415.9303113141,20.000000000000057,0.8,4751.49537424146,26.39581596111111,1.0507729166666668,1,21116.65276888889,21116.65276888889,Off,0.0,23.888888888888914,0,0.0,0.05,0.0,0.0,0,0,0,11489.55984,Off,0.0,0,76.27700924863079,51.666666666666686,46.10666666666668,0.0,48.30592850656923,0.0,0.0,0.0,119.1828269509856,48.328211269200054,48.339352650515465,48.30592850656923,12.43753247303448,19.899440567649286,0.0,10.043213272253738,0.7729391407813732,1.1,9.236100170605994,14676.723327603979,1360.4792879860597,-152.89406379214367,-2995.138596898948,-0.0,-0.0,355.49905260398805,0.0,2.0,0.12152411388466608,0.0,0,1.1373454718536768,131.99922844444444,-99.56743941515987,0.19433763956467376,9.194789291588439,0.0027394784074445976,8.374158100089115,1.2224476258908024,0.2941629248289424,-3448.983030861651,57.96694460625062,0.09326248776193959,39.98941991236907,-192.88348370451274
2025-01-01 03:13:00,1.3369609229959771,0.17485431294237375,0.9006625,0.02228268204993295,0.0029142385490395625,0.015011041666666667,0.016095929109073683,0.22009207722023655,1.0507729166666668,0.05,0.0,0.9006625,0.0,0.1602709796090404,0,0.01458333333333334,1,0,0,Off,0,0,Off,0,0,Off,0.03243489419633949,0.024326170647254612,On,0,0,Off,0.003518405062134503,0.0,On,0.012577524046939178,0,On,0.006397437741515965,0,On,0.1812597452823811,0.1359448089617858,On,On,17415.9303113141,20.000000000000057,0.8,4751.49537424146,26.39581596111111,1.0507729166666668,1,21116.65276888889,21116.65276888889,Off,0.0,23.888888888888914,0,0.0,0.05,0.0,0.0,0,0,0,11489.55984,Off,0.0,0,75.74519442740386,51.666666666666686,46.10666666666668,0.0,48.28913816904677,0.0,0.0,0.0,118.35186629281853,48.31236529011101,48.32397885064314,48.28913816904677,12.43753247303448,20.081771013092496,0.0,10.138957012146932,0.766705017920747,1.1,9.236100170605994,14619.857012162358,1312.1108601094152,-152.27477404581512,-3042.5561174022746,-0.0,-0.0,355.49905260398805,0.0,2.0,0.12226223546949858,0.0,0,1.1442535596014587,131.99922844444444,-109.0162343534532,0.19215694644981873,9.27828450425207,0.002739507435889223,7.768237129326305,1.22168749101306,0.2949686459898345,-3495.454960381656,56.07044624961167,0.0934126540938838,40.81727635082831,-193.09205039664343
2025-01-01 03:14:00,0.28618800632931024,0.17485431294237375,0.0,0.004769800105488504,0.0029142385490395625,0.0,0.016095929109073683,0.22009207722023655,0.0,0.05,0.0,0.0,0.0,0.1602709796090404,0,0.01458333333333334,1,0,0,Off,0,0,Off,0,0,Off,0.03243489419633949,0.024326170647254612,On,0,0,Off,0.003518405062134503,0.0,On,0.012577524046939178,0,On,0.006397437741515965,0,On,0.1812597452823811,0.1359448089617858,On,Off,0.0,20.000000000000057,0.0,0.0,0.0,0.0,0,0.0,21116.65276888889,Off,0.0,23.888888888888914,0,0.0,0.05,0.0,0.0,0,0,0,11489.55984,Off,0.0,0,75.22798581322256,51.666666666666686,46.10666666666668,0.0,48.272465587841715,0.0,0.0,0.0,117.54372783316025,48.296629791579875,48.30871189344895,48.272465587841715,12.43753247303448,20.25876849170218,0.0,10.22967716004342,0.7604995773041971,1.1,9.236100170605994,-2851.3837319368727,-3485.3564365620364,-151.643331501234,-3088.8685636478153,-0.0,-0.0,355.49905260398805,0.0,2.0,0.12297654974907626,0.0,0,1.1509388345266405,131.99922844444444,-118.01422089304552,0.19006625011225606,9.359360950942996,0.002739534380705027,7.182180225999954,1.2209504938455358,0.2957300662075644,-3539.6509350469105,54.294498484874424,0.09356189017845903,41.6436551375093,-193.28698663874331
2025-01-01 03:15:00,0.28618800632931024,0.17485431294237375,0.0,0.004769800105488504,0.0029142385490395625,0.0,0.016095929109073683,0.22009207722023655,0.0,0.05,0.0,0.0,0.0,0.1602709796090404,0,0.01458333333333334,1,0,0,Off,0,0,Off,0,0,Off,0.03243489419633949,0.024326170647254612,On,0,0,Off,0.003518405062134503,0.0,On,0.012577524046939178,0,On,0.006397437741515965,0,On,0.1812597452823811,0.1359448089617858,On,Off,0.0,20.000000000000057,0.0,0.0,0.0,0.0,0,0.0,21116.65276888889,Off,0.0,23.888888888888914,0,0.0,0.05,0.0,0.0,0,0,0,11489.55984,Off,0.0,0,75.5732276805936,51.666666666666686,46.10666666666668,0.0,48.25590754053085,0.0,0.0,0.0,118.08316825092751,48.28100173927618,48.293548838648846,48.25590754053085,12.43753247303448,20.11444223137792,0.0,10.144190088532266,0.7543251365311908,1.1,9.236100170605994,-2805.0818792227865,-3441.6120694958818,-151.00065698812784,-3051.0838683751767,-0.0,-0.0,355.49905260398805,0.0,2.0,0.12239425140695077,0.0,0,1.145489098161454,131.99922844444444,-109.49706345159773,0.19177236292451105,9.293269369991352,0.0027395593077682995,7.641579672131524,1.2215513502875568,0.2950126209576872,-3498.0000597619323,56.387990266050046,0.09371014485608646,42.468208817402015,-193.46886580552987
2025-01-01 03:16:00,0.28618800632931024,0.17485431294237375,0.0,0.004769800105488504,0.0029142385490395625,0.0,0.016095929109073683,0.22009207722023655,0.0,0.05,0.0,0.0,0.0,0.1602709796090404,0,0.01458333333333334,1,0,0,Off,0,0,Off,0,0,Off,0.03243489419633949,0.024326170647254612,On,0,0,Off,0.003518405062134503,0.0,On,0.012577524046939178,0,On,0.006397437741515965,0,On,0.1812597452823811,0.1359448089617858,On,Off,0.0,20.000000000000057,0.0,0.0,0.0,0.0,0,0.0,21116.65276888889,Off,0.0,23.888888888888914,0,0.0,0.05,0.0,0.0,0,0,0,11489.55984,Off,0.0,0,75.9051623286242,51.666666666666686,46.10666666666668,0.0,48.23927401888275,0.0,0.0,0.0,118.6018161384753,48.26530196555256,48.27831593888747,48.23927401888275,12.43753247303448,19.975003676700986,0.0,10.063747782116058,0.7481838720240814,1.1,9.236100170605994,-2761.470076581328,-3400.8485685987243,-150.34764121986365,-3014.7540021637856,-0.0,-0.0,355.49905260398805,0.0,2.0,0.12183029632419277,0.0,0,1.1402110365554061,131.99922844444444,-102.21512702153038,0.19343724072697863,9.229693019185344,0.002739585816215551,8.08567377049911,1.222132418504914,0.29433591658519437,-3458.9351800217155,58.086611422991155,0.09385737064249815,43.290605773538246,-193.63824699340188
2025-01-01 03:17:00,0.28618800632931024,0.17485431294237375,0.0,0.004769800105488504,0.0029142385490395625,0.0,0.016095929109073683,0.22009207722023655,0.0,0.05,0.0,0.0,0.0,0.1602709796090404,0,0.01458333333333334,1,0,0,Off,0,0,Off,0,0,Off,0.03243489419633949,0.024326170647254612,On,0,0,Off,0.003518405062134503,0.0,On,0.012577524046939178,0,On,0.006397437741515965,0,On,0.1812597452823811,0.1359448089617858,On,Off,0.0,20.000000000000057,0.0,0.0,0.0,0.0,0,0.0,21116.65276888889,Off,0.0,23.888888888888914,0,0.0,0.05,0.0,0.0,0,0,0,11489.55984,Off,0.0,0,76.22479824528082,51.666666666666686,46.10666666666668,0.0,48.222567956929396,0.0,0.0,0.0,119.10124725825129,48.24953323488447,48.263015873862,48.222567956929396,12.43753247303448,19.840079738349893,0.0,9.98789236095066,0.7420778234163301,1.1,9.236100170605994,-2719.2112190080097,-3362.487208231974,-149.68514222105918,-2979.764741873596,-0.0,-0.0,355.49905260398805,0.0,2.0,0.12128330069013936,0.0,0,1.1350916986098125,131.99922844444444,-94.94552973840175,0.19506386987733665,9.167719997849133,0.0027396138518780153,8.515602707911452,1.2226951981650336,0.29369637007929816,-3422.211924175173,59.72471594319899,0.09400352358973325,44.11052995547196,-193.79567217653113
2025-01-01 03:18:00,0.28618800632931024,0.17485431294237375,0.0,0.004769800105488504,0.0029142385490395625,0.0,0.016095929109073683,0.22009207722023655,0.0,0.05,0.0,0.0,0.0,0.1602709796090404,0,0.01458333333333334,1,0,0,Off,0,0,Off,0,0,Off,0.03243489419633949,0.024326170647254612,On,0,0,Off,0.003518405062134503,0.0,On,0.012577524046939178,0,On,0.006397437741515965,0,On,0.1812597452823811,0.1359448089617858,On,Off,0.0,20.000000000000057,0.0,0.0,0.0,0.0,0,0.0,21116.65276888889,Off,0.0,23.888888888888914,0,0.0,0.05,0.0,0.0,0,0,0,11489.55984,Off,0.0,0,76.53288816150426,51.666666666666686,46.10666666666668,0.0,48.20579206641928,0.0,0.0,0.0,119.58263775235041,48.23369810224149,48.24765112015261,48.20579206641928,12.43753247303448,19.709392436619673,0.0,9.916257368371772,0.7360088980192447,1.1,9.236100170605994,-2678.4452844305415,-3326.35638813142,-149.0139848527081,-2946.028644078671,-0.0,-0.0,355.49905260398805,0.0,2.0,0.12075225111060853,0.0,0,1.1301215999577672,131.99922844444444,-87.91569295585867,0.19665426690668375,9.107217515761327,0.0027396433646536913,8.932206128252243,1.2232407990897407,0.293091125304616,-3387.6338447919093,61.277456660489236,0.094148563146924,44.92768058360182,-193.9416654363099
2025-01-01 03:19:00,0.28618800632931024,0.17485431294237375,0.0,0.004769800105488504,0.0029142385490395625,0.0,0.016095929109073683,0.22009207722023655,0.0,0.05,0.0,0.0,0.0,0.1602709796090404,0,0.01458333333333334,1,0,0,Off,0,0,Off,0,0,Off,0.03243489419633949,0.024326170647254612,On,0,0,Off,0.003518405062134503,0.0,On,0.012577524046939178,0,On,0.006397437741515965,0,On,0.1812597452823811,0.1359448089617858,On,Off,0.0,20.000000000000057,0.0,0.0,0.0,0.0,0,0.0,21116.65276888889,Off,0.0,23.888888888888914,0,0.0,0.05,0.0,0.0,0,0,0,11489.55984,Off,0.0,0,76.83006838236713,51.666666666666686,46.10666666666668,0.0,48.18894889317051,0.0,0.0,0.0,120.04698184744863,48.217798966219036,48.232224002743294,48.18894889317051,12.43753247303448,19.582707026531853,0.0,9.84853166117061,0.7299788753835661,1.1,9.236100170605994,-2639.1456928568255,-3292.2906299109472,-148.33496123808598,-2913.471076580954,-0.0,-0.0,355.49905260398805,0.0,2.0,0.12023629812719334,0.0,0,1.1252927905090222,131.99922844444444,-81.17366887985928,0.19821005848299159,9.048783233966152,0.0027396743074565915,9.336189934888178,1.223770155968557,0.29251775846640843,-3355.0341078030933,62.743477892146295,0.09429245202050882,45.74177182668651,-194.0767330647725
2025-01-01 03:20:00,0.28618800632931024,0.17485431294237375,0.0,0.004769800105488504,0.0029142385490395625,0.0,0.016095929109073683,0.22009207722023655,0.0,0.05,0.0,0.0,0.0,0.1602709796090404,0,0.01458333333333334,1,0,0,Off,0,0,Off,0,0,Off,0.03243489419633949,0.024326170647254612,On,0,0,Off,0.003518405062134503,0.0,On,0.012577524046939178,0,On,0.006397437741515965,0,On,0.1812597452823811,0.1359448089617858,On,Off,0.0,20.000000000000057,0.0,0.0,0.0,0.0,0,0.0,21116.65276888889,Off,0.0,23.888888888888914,0,0.0,0.05,0.0,0.0,0,0,0,11489.55984,Off,0.0,0,77.11689115069125,51.666666666666686,46.10666666666668,0.0,48.17204084272625,0.0,0.0,0.0,120.49514242295507,48.20183809322481,48.216736718474095,48.17204084272625,12.43753247303448,19.459819960306348,-0.04018003969370909,9.784445347828301,0.7239894118969301,1.1,9.236100170605994,-2601.2729877420384,-3260.1448884719684,-147.64883113259563,-2882.026817574527,-0.0,-0.0,355.49905260398805,0.0,2.0,0.11973470943016438,0.0,0,1.120598416569046,131.99922844444444,-74.7452227714997,0.19973260306294113,8.992311315382288,0.00273970663574356,9.728164205166149,1.22428407766304,0.29197416597090065,-3324.268144738342,64.12325626637346,0.09443515603529863,46.55253246013975,-194.2013635927354
2025-01-01 03:21:00,0.28618800632931024,0.17485431294237375,0.0,0.004769800105488504,0.0029142385490395625,0.0,0.016095929109073683,0.22009207722023655,0.0,0.05,0.0,0.0,0.0,0.1602709796090404,0,0.01458333333333334,1,0,0,Off,0,0,Off,0,0,Off,0.03243489419633949,0.024326170647254612,On,0,0,Off,0.003518405062134503,0.0,On,0.012577524046939178,0,On,0.006397437741515965,0,On,0.1812597452823811,0.1359448089617858,On,Off,0.0,20.000000000000057,0.0,0.0,0.0,0.0,0,0.0,21116.65276888889,Off,0.0,23.888888888888914,0,0.0,0.05,0.0,0.0,0,0,0,11489.55984,Off,0.0,0,77.39384919660311,51.666666666666686,46.10666666666668,0.0,48.15507019887924,0.0,0.0,0.0,120.92788936969235,48.185817634942254,48.20119135297377,48.15507019887924,12.43753247303448,19.340549755313166,-0.15945024468689084,9.723759649133815,0.718042045392792,1.1,9.236100170605994,-2564.7754275981965,-3229.789561892269,-146.95632224835197,-2851.63749537301,-0.0,-0.0,355.49905260398805,0.0,2.0,0.11924683419877806,0.0,0,1.116032387099591,131.99922844444444,-68.63698482917451,0.2012230851872794,8.937006882985173,0.0027397403071737427,10.108672091777802,1.2247832846730764,0.2914584835746977,-3295.2083527980863,65.41879090581719,0.09457664399697693,47.35970550823516,-194.31602775658712
2025-01-01 03:22:00,0.28618800632931024,0.17485431294237375,0.0,0.004769800105488504,0.0029142385490395625,0.0,0.016095929109073683,0.22009207722023655,0.0,0.05,0.0,0.0,0.0,0.1602709796090404,0,0.01458333333333334,1,0,0,Off,0,0,Off,0,0,Off,0.03243489419633949,0.024326170647254612,On,0,0,Off,0.003518405062134503,0.0,On,0.012577524046939178,0,On,0.006397437741515965,0,On,0.1812597452823811,0.1359448089617858,On,Off,0.0,20.000000000000057,0.0,0.0,0.0,0.0,0,0.0,21116.65276888889,Off,0.0,23.888888888888914,0,0.0,0.05,0.0,0.0,0,0,0,11489.55984,Off,0.0,0,77.6613908880921,51.666666666666686,46.10666666666668,0.0,48.13803913678733,0.0,0.0,0.0,121.34592326264391,48.16973964069379,48.18558989264703,48.13803913678733,12.43753247303448,19.224731359959474,-0.2752686400405828,9.666259966734316,0.71213819974984,1.1,9.236100170605994,-2529.596364195757,-3201.1191355778274,-146.25813070030426,-2822.2499880029945,-0.0,-0.0,355.49905260398805,0.0,2.0,0.11877208123081322,0.0,0,1.1115891690327933,131.99922844444444,-62.845428796750326,0.20268257222983035,8.883492285127867,0.002739775281369003,10.478207574619898,1.2252684321830931,0.29096903142425745,-3267.7404450144427,66.62130943661538,0.09471688755651925,48.1630478730125,-194.42117857331675
2025-01-01 03:23:00,1.3369609229959771,0.17485431294237375,0.9006625,0.02228268204993295,0.0029142385490395625,0.015011041666666667,0.016095929109073683,0.22009207722023655,1.0507729166666668,0.05,0.0,0.9006625,0.0,0.1602709796090404,0,0.01458333333333334,1,0,0,Off,0,0,Off,0,0,Off,0.03243489419633949,0.024326170647254612,On,0,0,Off,0.003518405062134503,0.0,On,0.012577524046939178,0,On,0.006397437741515965,0,On,0.1812597452823811,0.1359448089617858,On,On,17415.9303113141,20.000000000000057,0.8,4751.49537424146,26.39581596111111,1.0507729166666668,1,21116.65276888889,21116.65276888889,Off,0.0,23.888888888888914,0,0.0,0.05,0.0,0.0,0,0,0,11489.55984,Off,0.0,0,77.91992999678962,51.666666666666686,46.10666666666668,0.0,48.120949732750674,0.0,0.0,0.0,121.74989061998379,48.153606066656735,48.169934233609766,48.120949732750674,12.43753247303448,19.1122125232357,-0.38778747676435543,9.611750552191918,0.7062791894579261,1.1,9.236100170605994,14920.252657409368,1577.5063671015323,-145.55492158479012,-2793.815374244781,-0.0,-0.0,355.49905260398805,0.0,2.0,0.1183099049622851,0.0,0,1.1072636564295288,131.99922844444444,-57.36133226393618,0.20411204972251462,8.831688464559814,0.002739811519736522,10.837226829801178,1.2257401248537667,0.2905042717739556,-3241.7606437904337,67.77163665050581,0.09485586107707743,48.96232995319924,-194.51725153798935
2025-01-01 03:24:00,1.3369609229959771,0.17485431294237375,0.9006625,0.02228268204993295,0.0029142385490395625,0.015011041666666667,0.016095929109073683,0.22009207722023655,1.0507729166666668,0.05,0.0,0.9006625,0.0,0.1602709796090404,0,0.01458333333333334,1,0,0,Off,0,0,Off,0,0,Off,0.03243489419633949,0.024326170647254612,On,0,0,Off,0.003518405062134503,0.0,On,0.012577524046939178,0,On,0.006397437741515965,0,On,0.1812597452823811,0.1359448089617858,On,On,17415.9303113141,20.000000000000057,0.8,4751.49537424146,26.39581596111111,1.0507729166666668,1,21116.65276888889,21116.65276888889,Off,0.0,23.888888888888914,0,0.0,0.05,0.0,0.0,0,0,0,11489.55984,Off,0.0,0,77.321364665416,51.666666666666686,46.10666666666668,0.0,48.10380397183717,0.0,0.0,0.0,120.81463228971249,48.13741878305042,48.154226188657056,48.10380397183717,12.43753247303448,19.319078850871886,-0.1809211491281708,9.731546549373503,0.7004662241333317,1.1,9.236100170605994,14856.055453474002,1517.6391607537803,-144.84732977815304,-2846.1804066020363,-0.0,-0.0,355.49905260398805,0.0,2.0,0.11915889692433551,0.0,0,1.1152093812146082,131.99922844444444,-69.19350384204806,0.20150023970203534,8.927575728623175,0.002739848985331382,10.138166140285588,1.2248731188109374,0.29152470450212525,-3298.9331554078412,65.07694192016153,0.09499354150370298,49.75733525564467,-194.60466503379772
2025-01-01 03:25:00,1.3369609229959771,0.17485431294237375,0.9006625,0.02228268204993295,0.0029142385490395625,0.015011041666666667,0.016095929109073683,0.22009207722023655,1.0507729166666668,0.05,0.0,0.9006625,0.0,0.1602709796090404,0,0.01458333333333334,1,0,0,Off,0,0,Off,0,0,Off,0.03243489419633949,0.024326170647254612,On,0,0,Off,0.003518405062134503,0.0,On,0.012577524046939178,0,On,0.006397437741515965,0,On,0.1812597452823811,0.1359448089617858,On,On,17415.9303113141,20.000000000000057,0.8,4751.49537424146,26.39581596111111,1.0507729166666668,1,21116.65276888889,21116.65276888889,Off,0.0,23.888888888888914,0,0.0,0.05,0.0,0.0,0,0,0,11489.55984,Off,0.0,0,76.74106738718805,51.666666666666686,46.10666666666668,0.0,48.086790681716245,0.0,0.0,0.0,119.90791779248133,48.12135584692205,48.13863842952496,48.086790681716245,12.43753247303448,19.519261350726985,0.0,9.844581673745694,0.6947004130644016,1.1,9.236100170605994,14794.574462373348,1461.1987696608853,-144.13596224769444,-2897.2197551383283,-0.0,-0.0,355.49905260398805,0.0,2.0,0.1199774681129066,0.0,0,1.122870397657771,131.99922844444444,-79.63514640640938,0.19900846280862275,9.020198060882128,0.0027398840589982214,9.464363975470828,1.2240352933929997,0.29248428312537855,-3353.135527907006,62.838923326431036,0.09512990823395372,50.54785998836843,-194.68382223606287
2025-01-01 03:26:00,1.3369609229959771,0.17485431294237375,0.9006625,0.02228268204993295,0.0029142385490395625,0.015011041666666667,0.016095929109073683,0.22009207722023655,1.0507729166666668,0.05,0.0,0.9006625,0.0,0.1602709796090404,0,0.01458333333333334,1,0,0,Off,0,0,Off,0,0,Off,0.03243489419633949,0.024326170647254612,On,0,0,Off,0.003518405062134503,0.0,On,0.012577524046939178,0,On,0.006397437741515965,0,On,0.1812597452823811,0.1359448089617858,On,On,17415.9303113141,20.000000000000057,0.8,4751.49537424146,26.39581596111111,1.0507729166666668,1,21116.65276888889,21116.65276888889,Off,0.0,23.888888888888914,0,0.0,0.05,0.0,0.0,0,0,0,11489.55984,Off,0.0,0,76.17783808417077,51.666666666666686,46.10666666666668,0.0,48.0699058327018,0.0,0.0,0.0,119.02787200651683,48.10541346321999,48.12316727847908,48.0699058327018,12.43753247303448,19.713203484289227,0.0,9.95140505290862,0.6889827698943306,1.1,9.236100170605994,14734.508009252744,1407.595427400785,-143.42140081262545,-2947.0102863374027,-0.0,-0.0,355.49905260398805,0.0,2.0,0.1207677545820734,0.0,0,1.1302666971117799,131.99922844444444,-89.91106832793938,0.19662728252732972,9.109830543911096,0.0027399168240128022,8.81409356807951,1.2232246790937058,0.2933882444647485,-3404.587172669562,60.687225828886724,0.09526494298683925,51.33371262059738,-194.75511343322282
2025-01-01 03:27:00,1.3369609229959771,0.17485431294237375,0.9006625,0.02228268204993295,0.0029142385490395625,0.015011041666666667,0.016095929109073683,0.22009207722023655,1.0507729166666668,0.05,0.0,0.9006625,0.0,0.1602709796090404,0,0.01458333333333334,1,0,0,Off,0,0,Off,0,0,Off,0.03243489419633949,0.024326170647254612,On,0,0,Off,0.003518405062134503,0.0,On,0.012577524046939178,0,On,0.006397437741515965,0,On,0.1812597452823811,0.1359448089617858,On,On,17415.9303113141,20.000000000000057,0.8,4751.49537424146,26.39581596111111,1.0507729166666668,1,21116.65276888889,21116.65276888889,Off,0.0,23.888888888888914,0,0.0,0.05,0.0,0.0,0,0,0,11489.55984,Off,0.0,0,75.63074580234725,51.666666666666686,46.10666666666668,0.0,48.053145659640734,0.0,0.0,0.0,118.17304031616757,48.089588086199825,48.10780929947937,48.053145659640734,12.43753247303448,19.901248661532396,0.0,10.052467009879152,0.6833142172322328,1.1,9.236100170605994,14676.024053664862,1356.6888706885338,-142.70420307035772,-2995.607366840524,-0.0,-0.0,355.49905260398805,0.0,2.0,0.12153144499653551,0.0,0,1.1374140838074844,131.99922844444444,-99.79794341270123,0.19434897558118375,9.195973494190138,0.002739947358054477,8.185988339564485,1.22243973753688,0.2942408949802469,-3453.466894215758,58.66039066283213,0.09539862967502574,52.114713438461195,-194.81891650881892
2025-01-01 03:28:00,1.3369609229959771,0.17485431294237375,0.9006625,0.02228268204993295,0.0029142385490395625,0.015011041666666667,0.016095929109073683,0.22009207722023655,1.0507729166666668,0.05,0.0,0.9006625,0.0,0.1602709796090404,0,0.01458333333333334,1,0,0,Off,0,0,Off,0,0,Off,0.03243489419633949,0.024326170647254612,On,0,0,Off,0.003518405062134503,0.0,On,0.012577524046939178,0,On,0.006397437741515965,0,On,0.1812597452823811,0.1359448089617858,On,On,17415.9303113141,20.000000000000057,0.8,4751.49537424146,26.39581596111111,1.0507729166666668,1,21116.65276888889,21116.65276888889,Off,0.0,23.888888888888914,0,0.0,0.05,0.0,0.0,0,0,0,11489.55984,Off,0.0,0,75.09898665958589,51.666666666666686,46.10666666666668,0.0,48.0365066026135,0.0,0.0,0.0,117.34216665560295,48.073876363515915,48.092561243967126,48.0365066026135,12.43753247303448,20.083693127071815,0.0,10.148158047775029,0.6776955911229295,1.1,9.236100170605994,14619.118506048479,1308.3211894842407,-141.98490265823727,-3043.0575604281644,-0.0,-0.0,355.49905260398805,0.0,2.0,0.12227000429401917,0.0,0,1.144326268112615,131.99922844444444,-109.25329744144342,0.1921667833192617,9.27952404963288,0.0027399757344046456,7.578861408057531,1.221679137697751,0.29504596043222003,-3499.930221581487,56.75603682426777,0.09553095428188173,52.89069410634881,-194.87559676458608
2025-01-01 03:29:00,0.28618800632931024,0.17485431294237375,0.0,0.004769800105488504,0.0029142385490395625,0.0,0.016095929109073683,0.22009207722023655,0.0,0.05,0.0,0.0,0.0,0.1602709796090404,0,0.01458333333333334,1,0,0,Off,0,0,Off,0,0,Off,0.03243489419633949,0.024326170647254612,On,0,0,Off,0.003518405062134503,0.0,On,0.012577524046939178,0,On,0.006397437741515965,0,On,0.1812597452823811,0.1359448089617858,On,Off,0.0,20.000000000000057,0.0,0.0,0.0,0.0,0,0.0,21116.65276888889,Off,0.0,23.888888888888914,0,0.0,0.05,0.0,0.0,0,0,0,11489.55984,Off,0.0,0,74.58184970205103,51.666666666666686,46.10666666666668,0.0,48.01998527893183,0.0,0.0,0.0,116.53414015945472,48.058275109823114,48.077420025268765,48.01998527893183,12.43753247303448,20.260798658883804,0.0,10.238823050341173,0.6721276453894105,1.1,9.236100170605994,-2852.159712988315,-3489.1428549180255,-141.2640097643407,-3089.4013761065653,-0.0,-0.0,355.49905260398805,0.0,2.0,0.12298473038232395,0.0,0,1.151015397160045,131.99922844444444,-118.25738948573743,0.19007469550172537,9.36065259379346,0.0027400020225337987,6.991659918721435,1.2209417012498407,0.2958067195169334,-3544.115269491087,54.97241457306146,0.09566190474296656,53.661497232553685,-194.92550699689437
2025-01-01 03:30:00,0.28618800632931024,0.17485431294237375,0.0,0.004769800105488504,0.0029142385490395625,0.0,0.016095929109073683,0.22009207722023655,0.0,0.05,0.0,0.0,0.0,0.1602709796090404,0,0.01458333333333334,1,0,0,Off,0,0,Off,0,0,Off,0.03243489419633949,0.024326170647254612,On,0,0,Off,0.003518405062134503,0.0,On,0.012577524046939178,0,On,0.006397437741515965,0,On,0.1812597452823811,0.1359448089617858,On,Off,0.0,20.000000000000057,0.0,0.0,0.0,0.0,0,0.0,21116.65276888889,Off,0.0,23.888888888888914,0,0.0,0.05,0.0,0.0,0,0,0,11489.55984,Off,0.0,0,74.92717858429636,51.666666666666686,46.10666666666668,0.0,48.00357846265958,0.0,0.0,0.0,117.07371653796305,48.04278128747164,48.062382699877666,48.00357846265958,12.43753247303448,20.116574712584057,0.0,10.153278614654106,0.6666110558311562,2.2,9.236100170605994,-2746.8484750620923,-4592.790674787043,176.82274450912848,-2991.278850041282,-0.0,-0.0,355.49905260398805,0.0,2.0,0.1277937416266488,0.0,0,1.1960229844444683,131.99922844444444,-111.06867762479806,0.19177959655904941,9.294619796754146,0.0027400262885364296,-126.05866016833254,1.2215421235242754,0.44750753691912715,-4649.8493265091465,57.05865172210371,0.18559021318733576,371.7917321533626,-194.96898764423406
2025-01-01 03:31:00,0.28618800632931024,0.17485431294237375,0.0,0.004769800105488504,0.0029142385490395625,0.0,0.016095929109073683,0.22009207722023655,0.0,0.05,0.0,0.0,0.0,0.1602709796090404,0,0.01458333333333334,1,0,0,Off,0,0,Off,0,0,Off,0.03243489419633949,0.024326170647254612,On,0,0,Off,0.003518405062134503,0.0,On,0.012577524046939178,0,On,0.006397437741515965,0,On,0.1812597452823811,0.1359448089617858,On,Off,0.0,20.000000000000057,0.0,0.0,0.0,0.0,0,0.0,21116.65276888889,Off,0.0,23.888888888888914,0,0.0,0.05,0.0,0.0,0,0,0,11489.55984,Off,0.0,0,75.25576597320966,51.666666666666686,46.10666666666668,0.0,47.98709614218911,0.0,0.0,0.0,117.5871343331401,48.027215725623535,48.04727551734076,47.98709614218911,12.43753247303448,19.978518391878602,0.0,10.03136476183781,0.6732210455103939,2.2,9.236100170605994,-2706.533520883644,-4512.000705477604,174.5378984155525,-2956.0318830228016,-0.0,-0.0,355.49905260398805,0.0,2.0,0.12726858603881036,0.0,0,1.1911080477232379,131.99922844444444,-106.00069046483033,0.19339534643938563,9.230893226322967,0.0027395889909189834,-124.92658826120497,1.2221177623609556,0.44683170694884516,-4571.658326541421,59.6576210638168,0.18551012044901788,370.0292894791357,-195.4913910635832
2025-01-01 03:32:00,0.28618800632931024,0.17485431294237375,0.0,0.004769800105488504,0.0029142385490395625,0.0,0.016095929109073683,0.22009207722023655,0.0,0.05,0.0,0.0,0.0,0.1602709796090404,0,0.01458333333333334,1,0,0,Off,0,0,Off,0,0,Off,0.03243489419633949,0.024326170647254612,On,0,0,Off,0.003518405062134503,0.0,On,0.012577524046939178,0,On,0.006397437741515965,0,On,0.1812597452823811,0.1359448089617858,On,Off,0.0,20.000000000000057,0.0,0.0,0.0,0.0,0,0.0,21116.65276888889,Off,0.0,23.888888888888914,0,0.0,0.05,0.0,0.0,0,0,0,11489.55984,Off,0.0,0,75.57230803526653,51.666666666666686,46.10666666666668,0.0,47.97054200815397,0.0,0.0,0.0,118.08173130510394,48.011581902199055,48.0321018492216,47.97054200815397,12.43753247303448,19.84488294112516,0.0,9.917008218528663,0.6796119118421906,2.2,9.236100170605994,-2665.8233939740103,-4436.4463977082705,172.41086430895243,-2922.073259655557,-0.0,-0.0,355.49905260398805,0.0,2.0,0.12675934574700715,0.0,0,1.186342062426546,131.99922844444444,-99.2491869224413,0.19497331092995543,9.169443213025744,0.0027391558245851728,-123.82653787838174,1.2226754919413367,0.4461968405297831,-4498.500602966728,62.054205258458005,0.1854326499187576,368.3265223026302,-195.9156579936778
2025-01-01 03:33:00,0.28618800632931024,0.17485431294237375,0.0,0.004769800105488504,0.0029142385490395625,0.0,0.016095929109073683,0.22009207722023655,0.0,0.05,0.0,0.0,0.0,0.1602709796090404,0,0.01458333333333334,1,0,0,Off,0,0,Off,0,0,Off,0.03243489419633949,0.024326170647254612,On,0,0,Off,0.003518405062134503,0.0,On,0.012577524046939178,0,On,0.006397437741515965,0,On,0.1812597452823811,0.1359448089617858,On,Off,0.0,20.000000000000057,0.0,0.0,0.0,0.0,0,0.0,21116.65276888889,Off,0.0,23.888888888888914,0,0.0,0.05,0.0,0.0,0,0,0,11489.55984,Off,0.0,0,75.87746361121955,51.666666666666686,46.10666666666668,0.0,47.95391871645619,0.0,0.0,0.0,118.55853689253054,47.99588231952488,48.016864121059236,47.95391871645619,12.43753247303448,19.71542532028838,0.0,9.80958802550381,0.6858264817738752,2.2,9.236100170605994,-2626.095173016657,-4365.628681761183,170.6149874868147,-2889.326394612698,-0.0,-0.0,355.49905260398805,0.0,2.0,0.126265175844226,0.0,0,1.1817171210606874,131.99922844444444,-92.2678310079468,0.1965151386876183,9.10943145144266,0.0027387266683808966,-122.75684174226794,1.2232162776904052,0.4455996583437779,-4429.944893820677,64.31621205949396,0.1853572854143146,366.67190631053455,-196.05691882371985
2025-01-01 03:34:00,0.28618800632931024,0.17485431294237375,0.0,0.004769800105488504,0.0029142385490395625,0.0,0.016095929109073683,0.22009207722023655,0.0,0.05,0.0,0.0,0.0,0.1602709796090404,0,0.01458333333333334,1,0,0,Off,0,0,Off,0,0,Off,0.03243489419633949,0.024326170647254612,On,0,0,Off,0.003518405062134503,0.0,On,0.012577524046939178,0,On,0.006397437741515965,0,On,0.1812597452823811,0.1359448089617858,On,Off,0.0,20.000000000000057,0.0,0.0,0.0,0.0,0,0.0,21116.65276888889,Off,0.0,23.888888888888914,0,0.0,0.05,0.0,0.0,0,0,0,11489.55984,Off,0.0,0,76.17183961279626,51.666666666666686,46.10666666666668,0.0,47.93722877775405,0.0,0.0,0.0,119.01849939499417,47.9801193430585,48.00156462571072,47.93722877775405,12.43753247303448,19.589921705981304,0.0,9.708574581547948,0.6919081941927031,2.2,9.236100170605994,-2587.7536412179816,-4299.188087739361,169.03418747085507,-2857.721057627467,-0.0,-0.0,355.49905260398805,0.0,2.0,0.12578529678957512,0.0,0,1.1772259278941806,131.99922844444444,-85.53163619450265,0.19802236619084534,9.050753277124514,0.0027383014076054284,-121.71596021022697,1.223741009708821,0.4450373621887928,-4365.623727437789,66.43563969842737,0.18528350240312766,365.0537896812159,-196.01960221036083
2025-01-01 03:35:00,0.28618800632931024,0.17485431294237375,0.0,0.004769800105488504,0.0029142385490395625,0.0,0.016095929109073683,0.22009207722023655,0.0,0.05,0.0,0.0,0.0,0.1602709796090404,0,0.01458333333333334,1,0,0,Off,0,0,Off,0,0,Off,0.03243489419633949,0.024326170647254612,On,0,0,Off,0.003518405062134503,0.0,On,0.012577524046939178,0,On,0.006397437741515965,0,On,0.1812597452823811,0.1359448089617858,On,Off,0.0,20.000000000000057,0.0,0.0,0.0,0.0,0,0.0,21116.65276888889,Off,0.0,23.888888888888914,0,0.0,0.05,0.0,0.0,0,0,0,11489.55984,Off,0.0,0,76.45598094034808,51.666666666666686,46.10666666666668,0.0,47.920474568907714,0.0,0.0,0.0,119.46247021929388,47.96429521217597,47.9862055338101,47.920474568907714,12.43753247303448,19.468171259819783,-0.031828740180273485,9.613504479249096,0.6978909500462482,2.2,9.236100170605994,-2550.8288958455105,-4236.800245059014,167.57761485391205,-2827.1941358634153,-0.0,-0.0,355.49905260398805,0.0,2.0,0.12531900980029936,0.0,0,1.1728619430118028,131.99922844444444,-79.133812586083,0.19949635691054926,8.994020333761902,0.002737879933509905,-120.7025083010551,1.2242504864126647,0.4445075001767588,-4305.216311065499,68.41606600648561,0.18521089124806694,363.463089434369,-195.88547458045696
2025-01-01 03:36:00,0.28618800632931024,0.17485431294237375,0.0,0.004769800105488504,0.0029142385490395625,0.0,0.016095929109073683,0.22009207722023655,0.0,0.05,0.0,0.0,0.0,0.1602709796090404,0,0.01458333333333334,1,0,0,Off,0,0,Off,0,0,Off,0.03243489419633949,0.024326170647254612,On,0,0,Off,0.003518405062134503,0.0,On,0.012577524046939178,0,On,0.006397437741515965,0,On,0.1812597452823811,0.1359448089617858,On,Off,0.0,20.000000000000057,0.0,0.0,0.0,0.0,0,0.0,21116.65276888889,Off,0.0,23.888888888888914,0,0.0,0.05,0.0,0.0,0,0,0,11489.55984,Off,0.0,0,76.73037652892273,51.666666666666686,46.10666666666668,0.0,47.903658346645585,0.0,0.0,0.0,119.89121332644176,47.94841205305441,47.970788906258825,47.903658346645585,12.43753247303448,19.349993888051678,-0.15000611194837887,9.523965631936653,0.7038008846573083,2.2,9.236100170605994,-2515.2585332201143,-4178.175990370222,166.22236462478622,-2797.6888879870603,-0.0,-0.0,355.49905260398805,0.0,2.0,0.12486568925435008,0.0,0,1.168619311210159,131.99922844444444,-73.06869783704217,0.2009383140333448,8.939139047268668,0.002737462142700608,-119.71524098103612,1.2247454232985049,0.44400788775879624,-4248.438272390052,70.26228201982931,0.18513913594543052,361.8928107492658,-195.67044612447955
2025-01-01 03:37:00,0.28618800632931024,0.17485431294237375,0.0,0.004769800105488504,0.0029142385490395625,0.0,0.016095929109073683,0.22009207722023655,0.0,0.05,0.0,0.0,0.0,0.1602709796090404,0,0.01458333333333334,1,0,0,Off,0,0,Off,0,0,Off,0.03243489419633949,0.024326170647254612,On,0,0,Off,0.003518405062134503,0.0,On,0.012577524046939178,0,On,0.006397437741515965,0,On,0.1812597452823811,0.1359448089617858,On,Off,0.0,20.000000000000057,0.0,0.0,0.0,0.0,0,0.0,21116.65276888889,Off,0.0,23.888888888888914,0,0.0,0.05,0.0,0.0,0,0,0,11489.55984,Off,0.0,0,76.99547053353803,51.666666666666686,46.10666666666668,0.0,47.88678225989821,0.0,0.0,0.0,120.30542270865317,47.93247189029832,47.95531670549837,47.88678225989821,12.43753247303448,19.235226084468593,-0.2647739155314639,9.439586696012672,0.7096595843397789,2.2,9.236100170605994,-2480.9752886046745,-4123.054038486512,164.95851062393845,-2769.1537494550344,-0.0,-0.0,355.49905260398805,0.0,2.0,0.12442476758262011,0.0,0,1.1644927206039508,131.99922844444444,-67.32059175362808,0.20234931945154228,8.885326725183894,0.002737047936600194,-118.75302497899153,1.2252264698285944,0.4435365517546801,-4195.034323262699,71.9802847761872,0.1850679752497059,360.3371854778765,-195.37867485393807
2025-01-01 03:38:00,1.3369609229959771,0.17485431294237375,0.9006625,0.02228268204993295,0.0029142385490395625,0.015011041666666667,0.016095929109073683,0.22009207722023655,1.0507729166666668,0.05,0.0,0.9006625,0.0,0.1602709796090404,0,0.01458333333333334,1,0,0,Off,0,0,Off,0,0,Off,0.03243489419633949,0.024326170647254612,On,0,0,Off,0.003518405062134503,0.0,On,0.012577524046939178,0,On,0.006397437741515965,0,On,0.1812597452823811,0.1359448089617858,On,On,17415.9303113141,20.000000000000057,0.8,4751.49537424146,26.39581596111111,1.0507729166666668,1,21116.65276888889,21116.65276888889,Off,0.0,23.888888888888914,0,0.0,0.05,0.0,0.0,0,0,0,11489.55984,Off,0.0,0,77.25167215815682,51.666666666666686,46.10666666666668,0.0,47.86984835966756,0.0,0.0,0.0,120.70573774712003,47.916476656242295,47.939790804529665,47.86984835966756,12.43753247303448,19.12371727651767,-0.37628272348238667,9.360029629650219,0.7154850757424385,2.2,9.236100170605994,14968.01195003211,680.2989441693012,163.7686330303432,-2741.541298051695,-0.0,-0.0,355.49905260398805,0.0,2.0,0.12399572190315877,0.0,0,1.1604772775354513,131.99922844444444,-61.876115834280455,0.20373036944415487,8.833209927952124,0.0027366372210156126,-117.81481393457557,1.2256942243229008,0.44309169122181,-4144.773048662275,73.57661859011634,0.18499719076675894,358.7914052605664,-195.0227722302232
2025-01-01 03:39:00,1.3369609229959771,0.17485431294237375,0.9006625,0.02228268204993295,0.0029142385490395625,0.015011041666666667,0.016095929109073683,0.22009207722023655,1.0507729166666668,0.05,0.0,0.9006625,0.0,0.1602709796090404,0,0.01458333333333334,1,0,0,Off,0,0,Off,0,0,Off,0.03243489419633949,0.024326170647254612,On,0,0,Off,0.003518405062134503,0.0,On,0.012577524046939178,0,On,0.006397437741515965,0,On,0.1812597452823811,0.1359448089617858,On,On,17415.9303113141,20.000000000000057,0.8,4751.49537424146,26.39581596111111,1.0507729166666668,1,21116.65276888889,21116.65276888889,Off,0.0,23.888888888888914,0,0.0,0.05,0.0,0.0,0,0,0,11489.55984,Off,0.0,0,76.6508750376178,51.666666666666686,46.10666666666668,0.0,47.852858606730514,0.0,0.0,0.0,119.7669922462778,47.90042819821189,47.92421299395258,47.852858606730514,12.43753247303448,19.33155472707729,-0.16844527292276723,9.456477729890706,0.7212919710797654,2.2,9.236100170605994,14904.58583623945,617.0976066776566,162.63418602424153,-2793.0963897395595,-0.0,-0.0,355.49905260398805,0.0,2.0,0.12479489386301419,0.0,0,1.1679567363911367,131.99922844444444,-73.74713793907753,0.2010789738179069,8.92875563684892,0.0027362299057997483,-119.0970448891392,1.2248235468664403,0.4436309442115173,-4205.7168238664235,71.31905630262,0.18492660527658217,357.25157965901803,-194.6173936347765
2025-01-01 03:40:00,1.3369609229959771,0.17485431294237375,0.9006625,0.02228268204993295,0.0029142385490395625,0.015011041666666667,0.016095929109073683,0.22009207722023655,1.0507729166666668,0.05,0.0,0.9006625,0.0,0.1602709796090404,0,0.01458333333333334,1,0,0,Off,0,0,Off,0,0,Off,0.03243489419633949,0.024326170647254612,On,0,0,Off,0.003518405062134503,0.0,On,0.012577524046939178,0,On,0.006397437741515965,0,On,0.1812597452823811,0.1359448089617858,On,On,17415.9303113141,20.000000000000057,0.8,4751.49537424146,26.39581596111111,1.0507729166666668,1,21116.65276888889,21116.65276888889,Off,0.0,23.888888888888914,0,0.0,0.05,0.0,0.0,0,0,0,11489.55984,Off,0.0,0,76.0683694484264,51.666666666666686,46.10666666666668,0.0,47.83600180545951,0.0,0.0,0.0,118.85682726316624,47.884504551296956,47.908755924215676,47.83600180545951,12.43753247303448,19.5327000637857,0.0,9.546788496719483,0.7270918117069146,2.2,9.236100170605994,14843.847063860423,558.0684603504924,161.54053644626654,-2843.357308986676,-0.0,-0.0,355.49905260398805,0.0,2.0,0.12556623926703725,0.0,0,1.1751757662154014,131.99922844444444,-84.22499107098784,0.1985484548437574,9.021730473998232,0.0027358178648963297,-120.32509547609033,1.2239820948222901,0.4441352890566809,-4262.900034454586,69.47312056361832,0.18485607863637754,355.71464202920714,-194.1741055829406
2025-01-01 03:41:00,1.3369609229959771,0.17485431294237375,0.9006625,0.02228268204993295,0.0029142385490395625,0.015011041666666667,0.016095929109073683,0.22009207722023655,1.0507729166666668,0.05,0.0,0.9006625,0.0,0.1602709796090404,0,0.01458333333333334,1,0,0,Off,0,0,Off,0,0,Off,0.03243489419633949,0.024326170647254612,On,0,0,Off,0.003518405062134503,0.0,On,0.012577524046939178,0,On,0.006397437741515965,0,On,0.1812597452823811,0.1359448089617858,On,On,17415.9303113141,20.000000000000057,0.8,4751.49537424146,26.39581596111111,1.0507729166666668,1,21116.65276888889,21116.65276888889,Off,0.0,23.888888888888914,0,0.0,0.05,0.0,0.0,0,0,0,11489.55984,Off,0.0,0,75.50295622874197,51.666666666666686,46.10666666666668,0.0,47.819273920985204,0.0,0.0,0.0,117.97336910740933,47.86870191556844,47.89341591286005,47.819273920985204,12.43753247303448,19.727596401839612,0.0,9.631515194387157,0.7328935573895705,2.2,9.236100170605994,14784.496137039676,502.5564301468112,160.4763700171314,-2892.3988216972666,-0.0,-0.0,355.49905260398805,0.0,2.0,0.12631167143638602,0.0,0,1.1821522738012749,131.99922844444444,-94.53440518114337,0.19612933158011459,9.111001590826906,0.002735401289110481,-121.50256739456606,1.223167899534059,0.4446079292579055,-4316.6506604591195,67.71171636447077,0.18478550189951226,354.1782172623613,-193.70184724522983
2025-01-01 03:42:00,1.3369609229959771,0.17485431294237375,0.9006625,0.02228268204993295,0.0029142385490395625,0.015011041666666667,0.016095929109073683,0.22009207722023655,1.0507729166666668,0.05,0.0,0.9006625,0.0,0.1602709796090404,0,0.01458333333333334,1,0,0,Off,0,0,Off,0,0,Off,0.03243489419633949,0.024326170647254612,On,0,0,Off,0.003518405062134503,0.0,On,0.012577524046939178,0,On,0.006397437741515965,0,On,0.1812597452823811,0.1359448089617858,On,On,17415.9303113141,20.000000000000057,0.8,4751.49537424146,26.39581596111111,1.0507729166666668,1,21116.65276888889,21116.65276888889,Off,0.0,23.888888888888914,0,0.0,0.05,0.0,0.0,0,0,0,11489.55984,Off,0.0,0,74.95370520242749,51.666666666666686,46.10666666666668,0.0,47.80267118276963,0.0,0.0,0.0,117.11516437879294,47.8530167402142,47.87818951893649,47.80267118276963,12.43753247303448,19.916586856196776,0.0,9.711109333128617,0.7387040078522042,2.2,9.236100170605994,14726.702606413239,450.31458873614883,159.4322429798992,-2940.274670312332,-0.0,-0.0,355.49905260398805,0.0,2.0,0.12703269606627823,0.0,0,1.188900350966282,131.99922844444444,-104.45208719251556,0.19381383830483467,9.197488380547377,0.0027349803568110145,-122.6323168088085,1.222379423275457,0.44505148069418643,-4367.236021925531,66.05523642021912,0.18471479224422357,352.6405079960505,-193.20826501615127
2025-01-01 03:43:00,1.3369609229959771,0.17485431294237375,0.9006625,0.02228268204993295,0.0029142385490395625,0.015011041666666667,0.016095929109073683,0.22009207722023655,1.0507729166666668,0.05,0.0,0.9006625,0.0,0.1602709796090404,0,0.01458333333333334,1,0,0,Off,0,0,Off,0,0,Off,0.03243489419633949,0.024326170647254612,On,0,0,Off,0.003518405062134503,0.0,On,0.012577524046939178,0,On,0.006397437741515965,0,On,0.1812597452823811,0.1359448089617858,On,On,17415.9303113141,20.000000000000057,0.8,4751.49537424146,26.39581596111111,1.0507729166666668,1,21116.65276888889,21116.65276888889,Off,0.0,23.888888888888914,0,0.0,0.05,0.0,0.0,0,0,0,11489.55984,Off,0.0,0,74.4198131695311,51.666666666666686,46.10666666666668,0.0,47.78619002533717,0.0,0.0,0.0,116.28095807739234,47.83744566765927,47.86307348882032,47.78619002533717,12.43753247303448,20.099967412017193,0.0,9.785958550758435,0.7445281299355679,2.2,9.236100170605994,14670.463791571923,401.1139512673335,158.4001319947291,-2987.0300068873003,-0.0,-0.0,355.49905260398805,0.0,2.0,0.1277306186434294,0.0,0,1.1954322157744526,131.99922844444444,-113.93556545886335,0.19159517668477602,9.280657020913496,0.0027345552365785606,-123.7168310846842,1.2216153355476143,0.44546818734135024,-4414.8859579216805,64.50453494755385,0.1846438890395966,351.10020623979796,-192.70007424506886
2025-01-01 03:44:00,0.28618800632931024,0.17485431294237375,0.0,0.004769800105488504,0.0029142385490395625,0.0,0.016095929109073683,0.22009207722023655,0.0,0.05,0.0,0.0,0.0,0.1602709796090404,0,0.01458333333333334,1,0,0,Off,0,0,Off,0,0,Off,0.03243489419633949,0.024326170647254612,On,0,0,Off,0.003518405062134503,0.0,On,0.012577524046939178,0,On,0.006397437741515965,0,On,0.1812597452823811,0.1359448089617858,On,Off,0.0,20.000000000000057,0.0,0.0,0.0,0.0,0,0.0,21116.65276888889,Off,0.0,23.888888888888914,0,0.0,0.05,0.0,0.0,0,0,0,11489.55984,Off,0.0,0,73.90056977897741,51.666666666666686,46.10666666666668,0.0,47.76982706029343,0.0,0.0,0.0,115.46964027965221,47.82198550718745,47.848064730634455,47.76982706029343,12.43753247303448,20.277999617230353,0.0,9.856402317858167,0.7503693342015753,2.2,9.236100170605994,-2800.1701055868148,-4396.744235582599,157.37339854903016,-3032.7040814375155,-0.0,-0.0,355.49905260398805,0.0,2.0,0.12840659606245367,0.0,0,1.20175869561476,131.99922844444444,-122.96507675328711,0.18946729939496845,9.362121448776403,0.002734126088489137,-124.75832310477914,1.2208744584513072,0.44586001185635155,-4459.802214065939,63.057978483340214,0.18457275051822236,349.556418703618,-192.18302015458787
2025-01-01 03:45:00,0.28618800632931024,0.17485431294237375,0.0,0.004769800105488504,0.0029142385490395625,0.0,0.016095929109073683,0.22009207722023655,0.0,0.05,0.0,0.0,0.0,0.1602709796090404,0,0.01458333333333334,1,0,0,Off,0,0,Off,0,0,Off,0.03243489419633949,0.024326170647254612,On,0,0,Off,0.003518405062134503,0.0,On,0.012577524046939178,0,On,0.006397437741515965,0,On,0.1812597452823811,0.1359448089617858,On,Off,0.0,20.000000000000057,0.0,0.0,0.0,0.0,0,0.0,21116.65276888889,Off,0.0,23.888888888888914,0,0.0,0.05,0.0,0.0,0,0,0,11489.55984,Off,0.0,0,74.24381921901308,51.666666666666686,46.10666666666668,0.0,47.753579055863554,0.0,0.0,0.0,116.00596752970793,47.80663321565267,47.83316029554723,47.753579055863554,12.43753247303448,20.134692723044022,0.0,9.751249726180832,0.7562297210691712,2.2,9.236100170605994,-2754.8900848643484,-4327.311271496225,156.3466682904423,-2995.9169562378875,-0.0,-0.0,355.49905260398805,0.0,2.0,0.1278625911578658,0.0,0,1.196667347937982,131.99922844444444,-114.47218123044887,0.1911238505732506,9.295690801412473,0.002733693065062234,-123.603127036709,1.221471330217835,0.4452750020421858,-4392.780236620543,65.46896512431796,0.18450135081261626,348.0086004577523,-191.66193216731003
2025-01-01 03:46:00,0.28618800632931024,0.17485431294237375,0.0,0.004769800105488504,0.0029142385490395625,0.0,0.016095929109073683,0.22009207722023655,0.0,0.05,0.0,0.0,0.0,0.1602709796090404,0,0.01458333333333334,1,0,0,Off,0,0,Off,0,0,Off,0.03243489419633949,0.024326170647254612,On,0,0,Off,0.003518405062134503,0.0,On,0.012577524046939178,0,On,0.006397437741515965,0,On,0.1812597452823811,0.1359448089617858,On,Off,0.0,20.000000000000057,0.0,0.0,0.0,0.0,0,0.0,21116.65276888889,Off,0.0,23.888888888888914,0,0.0,0.05,0.0,0.0,0,0,0,11489.55984,Off,0.0,0,74.57388205357972,51.666666666666686,46.10666666666668,0.0,47.73725599448382,0.0,0.0,0.0,116.52169070871832,47.79120961660987,47.8181864276729,47.73725599448382,12.43753247303448,19.99622899626184,0.0,9.652671168924195,0.7621102966375142,2.2,9.236100170605994,-2712.2548463045323,-4262.658220599701,155.31563656945616,-2960.5441883289814,-0.0,-0.0,355.49905260398805,0.0,2.0,0.12733600862003447,0.0,0,1.191739056376621,131.99922844444444,-107.20971057953892,0.1927392343566812,9.231759873829901,0.0027332642608407236,-122.48244193789836,1.2220485922443804,0.44472586757260407,-4330.0875751704,67.4293545706989,0.1844296773545449,346.4564968420912,-191.14086027263505
2025-01-01 03:47:00,0.28618800632931024,0.17485431294237375,0.0,0.004769800105488504,0.0029142385490395625,0.0,0.016095929109073683,0.22009207722023655,0.0,0.05,0.0,0.0,0.0,0.1602709796090404,0,0.01458333333333334,1,0,0,Off,0,0,Off,0,0,Off,0.03243489419633949,0.024326170647254612,On,0,0,Off,0.003518405062134503,0.0,On,0.012577524046939178,0,On,0.006397437741515965,0,On,0.1812597452823811,0.1359448089617858,On,Off,0.0,20.000000000000057,0.0,0.0,0.0,0.0,0,0.0,21116.65276888889,Off,0.0,23.888888888888914,0,0.0,0.05,0.0,0.0,0,0,0,11489.55984,Off,0.0,0,74.89176147904509,51.666666666666686,46.10666666666668,0.0,47.72086078361193,0.0,0.0,0.0,117.01837731100795,47.77571744947787,47.80314578241083,47.72086078361193,12.43753247303448,19.862237294644807,0.0,9.560087134689965,0.7680111583822478,2.2,9.236100170605994,-2670.930421649413,-4202.019504386525,154.27689886487082,-2926.474355202544,-0.0,-0.0,355.49905260398805,0.0,2.0,0.12682552768306957,0.0,0,1.186961459868691,131.99922844444444,-99.95511905085712,0.19431644495465825,9.170133550106886,0.0027328395452210046,-121.39375151501261,1.2226077368099517,0.4442095075748861,-4271.330088974586,69.31058458806095,0.18435772863598057,344.9000935387167,-190.6231946738459
2025-01-01 03:48:00,0.28618800632931024,0.17485431294237375,0.0,0.004769800105488504,0.0029142385490395625,0.0,0.016095929109073683,0.22009207722023655,0.0,0.05,0.0,0.0,0.0,0.1602709796090404,0,0.01458333333333334,1,0,0,Off,0,0,Off,0,0,Off,0.03243489419633949,0.024326170647254612,On,0,0,Off,0.003518405062134503,0.0,On,0.012577524046939178,0,On,0.006397437741515965,0,On,0.1812597452823811,0.1359448089617858,On,Off,0.0,20.000000000000057,0.0,0.0,0.0,0.0,0,0.0,21116.65276888889,Off,0.0,23.888888888888914,0,0.0,0.05,0.0,0.0,0,0,0,11489.55984,Off,0.0,0,75.19820529275438,51.666666666666686,46.10666666666668,0.0,47.704396109588885,0.0,0.0,0.0,117.49719576992872,47.76015924526891,47.78804081310893,47.704396109588885,12.43753247303448,19.73244145320118,0.0,9.473021835559239,0.773931654709417,2.2,9.236100170605994,-2631.0591182809685,-4145.1082272813255,153.2278197480494,-2893.622254365413,-0.0,-0.0,355.49905260398805,0.0,2.0,0.12633017828587995,0.0,0,1.182325479602143,131.99922844444444,-92.9359165195435,0.19585750817862516,9.109954140688181,0.0027324187972161858,-120.33518171639597,1.223149866857859,0.4437233784579094,-4216.183768064939,71.07554078361328,0.18428551228401738,343.33957372164423,-190.11175397359483
2025-01-01 03:49:00,0.28618800632931024,0.17485431294237375,0.0,0.004769800105488504,0.0029142385490395625,0.0,0.016095929109073683,0.22009207722023655,0.0,0.05,0.0,0.0,0.0,0.1602709796090404,0,0.01458333333333334,1,0,0,Off,0,0,Off,0,0,Off,0.03243489419633949,0.024326170647254612,On,0,0,Off,0.003518405062134503,0.0,On,0.012577524046939178,0,On,0.006397437741515965,0,On,0.1812597452823811,0.1359448089617858,On,Off,0.0,20.000000000000057,0.0,0.0,0.0,0.0,0,0.0,21116.65276888889,Off,0.0,23.888888888888914,0,0.0,0.05,0.0,0.0,0,0,0,11489.55984,Off,0.0,0,75.49384515368406,51.666666666666686,46.10666666666668,0.0,47.687864493913075,0.0,0.0,0.0,117.95913305263134,47.74453737964597,47.772873822512416,47.687864493913075,12.43753247303448,19.60660843555913,0.0,9.391063735116747,0.7798705224620871,2.2,9.236100170605994,-2592.6164157907833,-4091.6412543614815,152.1664222552483,-2861.915213271065,-0.0,-0.0,355.49905260398805,0.0,2.0,0.12584914630511,0.0,0,1.177823496187849,131.99922844444444,-86.20025512370631,0.1973640597380936,9.051111976524556,0.002732001903050077,-119.30514803362547,1.2236759105858652,0.44326527824139395,-4164.368771247144,72.72751688566211,0.18421304340057035,341.7752811750122,-189.6088589197639
2025-01-01 03:50:00,0.28618800632931024,0.17485431294237375,0.0,0.004769800105488504,0.0029142385490395625,0.0,0.016095929109073683,0.22009207722023655,0.0,0.05,0.0,0.0,0.0,0.1602709796090404,0,0.01458333333333334,1,0,0,Off,0,0,Off,0,0,Off,0.03243489419633949,0.024326170647254612,On,0,0,Off,0.003518405062134503,0.0,On,0.012577524046939178,0,On,0.006397437741515965,0,On,0.1812597452823811,0.1359448089617858,On,Off,0.0,20.000000000000057,0.0,0.0,0.0,0.0,0,0.0,21116.65276888889,Off,0.0,23.888888888888914,0,0.0,0.05,0.0,0.0,0,0,0,11489.55984,Off,0.0,0,75.77922890925679,51.666666666666686,46.10666666666668,0.0,47.67126831883239,0.0,0.0,0.0,118.40504517071373,47.72885409704954,47.75764698615812,47.67126831883239,12.43753247303448,19.48453631006441,-0.01546368993564684,9.313850937357405,0.7858260053323206,2.2,9.236100170605994,-2555.5647276555496,-4041.3705773727347,151.09128913051478,-2831.2897581669426,-0.0,-0.0,355.49905260398805,0.0,2.0,0.12538172922081153,0.0,0,1.1734489347341575,131.99922844444444,-79.77402209259492,0.19883746672656902,8.994219445632492,0.0027315887550589312,-118.30227439954328,1.2241866706973308,0.44283326809812906,-4115.639534217836,74.26895684510099,0.1841403431314691,340.2076885775628,-189.11639944704802
2025-01-01 03:51:00,0.28618800632931024,0.17485431294237375,0.0,0.004769800105488504,0.0029142385490395625,0.0,0.016095929109073683,0.22009207722023655,0.0,0.05,0.0,0.0,0.0,0.1602709796090404,0,0.01458333333333334,1,0,0,Off,0,0,Off,0,0,Off,0.03243489419633949,0.024326170647254612,On,0,0,Off,0.003518405062134503,0.0,On,0.012577524046939178,0,On,0.006397437741515965,0,On,0.1812597452823811,0.1359448089617858,On,Off,0.0,20.000000000000057,0.0,0.0,0.0,0.0,0,0.0,21116.65276888889,Off,0.0,23.888888888888914,0,0.0,0.05,0.0,0.0,0,0,0,11489.55984,Off,0.0,0,76.05484511742031,51.666666666666686,46.10666666666668,0.0,47.65460984581349,0.0,0.0,0.0,118.83569549596923,47.71311152810894,47.74236236925667,47.65460984581349,12.43753247303448,19.366045127962003,-0.13395487203805345,9.241060047707872,0.791795955528031,2.2,9.236100170605994,-2519.854038308224,-3994.0732624278653,150.00147587544532,-2801.689106427263,-0.0,-0.0,355.49905260398805,0.0,2.0,0.1249273023692546,0.0,0,1.1691959490065882,131.99922844444444,-73.66398448494908,0.20027892174260178,8.939183038174399,0.002731179250897256,-117.32533155132379,1.2246828618275905,0.44242561249685064,-4069.7772371531987,75.70397472533357,0.18406743743681736,338.6373703139497,-188.63589443850438
2025-01-01 03:52:00,0.28618800632931024,0.17485431294237375,0.0,0.004769800105488504,0.0029142385490395625,0.0,0.016095929109073683,0.22009207722023655,0.0,0.05,0.0,0.0,0.0,0.1602709796090404,0,0.01458333333333334,1,0,0,Off,0,0,Off,0,0,Off,0.03243489419633949,0.024326170647254612,On,0,0,Off,0.003518405062134503,0.0,On,0.012577524046939178,0,On,0.006397437741515965,0,On,0.1812597452823811,0.1359448089617858,On,Off,0.0,20.000000000000057,0.0,0.0,0.0,0.0,0,0.0,21116.65276888889,Off,0.0,23.888888888888914,0,0.0,0.05,0.0,0.0,0,0,0,11489.55984,Off,0.0,0,76.32113817533859,51.666666666666686,46.10666666666668,0.0,47.6378912286081,0.0,0.0,0.0,119.25177839896654,47.697311701959194,47.72702193863475,47.6378912286081,12.43753247303448,19.250971297333507,-0.24902870266654986,9.172398507879343,0.7977779208085382,2.2,9.236100170605994,-2485.4293036787485,-3949.5471583110307,148.89643562445073,-2773.061599567353,-0.0,-0.0,355.49905260398805,0.0,2.0,0.12448529823102777,0.0,0,1.1650592275849452,131.99922844444444,-67.86675671538373,0.20168949954463578,8.885218697607407,0.0027307732929742986,-116.37319909516589,1.2251651335597171,0.44204073820512413,-4026.5845820676786,77.03742375664851,0.18399435603728817,337.0649792384215,-188.16854361397074
2025-01-01 03:53:00,1.3369609229959771,0.17485431294237375,0.9006625,0.02228268204993295,0.0029142385490395625,0.015011041666666667,0.016095929109073683,0.22009207722023655,1.0507729166666668,0.05,0.0,0.9006625,0.0,0.1602709796090404,0,0.01458333333333334,1,0,0,Off,0,0,Off,0,0,Off,0.03243489419633949,0.024326170647254612,On,0,0,Off,0.003518405062134503,0.0,On,0.012577524046939178,0,On,0.006397437741515965,0,On,0.1812597452823811,0.1359448089617858,On,On,17415.9303113141,20.000000000000057,0.8,4751.49537424146,26.39581596111111,1.0507729166666668,1,21116.65276888889,21116.65276888889,Off,0.0,23.888888888888914,0,0.0,0.05,0.0,0.0,0,0,0,11489.55984,Off,0.0,0,76.57851806735118,51.666666666666686,46.10666666666668,0.0,47.6211145229858,0.0,0.0,0.0,119.65393448023623,47.68145655541516,47.71162757162984,47.6211145229858,12.43753247303448,19.139163959294336,-0.3608360407057205,9.10759915501854,0.8037692187970022,2.2,9.236100170605994,14963.696430565005,843.8878387105406,147.77595438250967,-2745.3596766326978,-0.0,-0.0,355.49905260398805,0.0,2.0,0.1240551931781706,0.0,0,1.1610338698295886,131.99922844444444,-62.37325672038328,0.2030701923278653,8.832954141601382,0.0027303707880329538,-115.44484114257176,1.2256340851917051,0.44167720534426175,-3985.882054204966,78.27451867404648,0.18392113151346873,335.49122687311154,-187.71527249060188
2025-01-01 03:54:00,1.3369609229959771,0.17485431294237375,0.9006625,0.02228268204993295,0.0029142385490395625,0.015011041666666667,0.016095929109073683,0.22009207722023655,1.0507729166666668,0.05,0.0,0.9006625,0.0,0.1602709796090404,0,0.01458333333333334,1,0,0,Off,0,0,Off,0,0,Off,0.03243489419633949,0.024326170647254612,On,0,0,Off,0.003518405062134503,0.0,On,0.012577524046939178,0,On,0.006397437741515965,0,On,0.1812597452823811,0.1359448089617858,On,On,17415.9303113141,20.000000000000057,0.8,4751.49537424146,26.39581596111111,1.0507729166666668,1,21116.65276888889,21116.65276888889,Off,0.0,23.888888888888914,0,0.0,0.05,0.0,0.0,0,0,0,11489.55984,Off,0.0,0,75.97887931725674,51.666666666666686,46.10666666666668,0.0,47.60428169431901,0.0,0.0,0.0,118.71699893321365,47.66554794012048,47.69618106302122,47.60428169431901,12.43753247303448,19.346710049691822,-0.15328995030823478,9.217909681389617,0.8097670002441105,2.2,9.236100170605994,14900.361859795039,771.9616825116736,146.64009488004538,-2796.8707866685877,-0.0,-0.0,355.49905260398805,0.0,2.0,0.12485308253795398,0.0,0,1.1685013248175846,131.99922844444444,-74.19671745446013,0.20043186357736864,8.929056519961861,0.0027299716468205185,-116.71199684241128,1.2247647104162775,0.4422958832290409,-4055.206751249751,75.67305951996492,0.18384779853816519,333.9168665868917,-187.2767717068463
2025-01-01 03:55:00,1.3369609229959771,0.17485431294237375,0.9006625,0.02228268204993295,0.0029142385490395625,0.015011041666666667,0.016095929109073683,0.22009207722023655,1.0507729166666668,0.05,0.0,0.9006625,0.0,0.1602709796090404,0,0.01458333333333334,1,0,0,Off,0,0,Off,0,0,Off,0.03243489419633949,0.024326170647254612,On,0,0,Off,0.003518405062134503,0.0,On,0.012577524046939178,0,On,0.006397437741515965,0,On,0.1812597452823811,0.1359448089617858,On,On,17415.9303113141,20.000000000000057,0.8,4751.49537424146,26.39581596111111,1.0507729166666668,1,21116.65276888889,21116.65276888889,Off,0.0,23.888888888888914,0,0.0,0.05,0.0,0.0,0,0,0,11489.55984,Off,0.0,0,75.39751513525854,51.666666666666686,46.10666666666668,0.0,47.58758155137967,0.0,0.0,0.0,117.80861739884146,47.64976389529846,47.680855067257866,47.58758155137967,12.43753247303448,19.54757010698062,0.0,9.321266839450455,0.8157683027901207,2.2,9.236100170605994,14839.714464457762,704.7090636222028,145.48914653240902,-2847.0871904135165,-0.0,-0.0,355.49905260398805,0.0,2.0,0.12562318108274848,0.0,0,1.1757086852730938,131.99922844444444,-84.62770904680781,0.19791381432548463,9.021189050270923,0.002729567838087365,-117.92565754892854,1.223924529203039,0.442874778799935,-4120.316119780852,73.52980916159521,0.18377439322308112,332.3426793361725,-186.8535328037635
2025-01-01 03:56:00,1.3369609229959771,0.17485431294237375,0.9006625,0.02228268204993295,0.0029142385490395625,0.015011041666666667,0.016095929109073683,0.22009207722023655,1.0507729166666668,0.05,0.0,0.9006625,0.0,0.1602709796090404,0,0.01458333333333334,1,0,0,Off,0,0,Off,0,0,Off,0.03243489419633949,0.024326170647254612,On,0,0,Off,0.003518405062134503,0.0,On,0.012577524046939178,0,On,0.006397437741515965,0,On,0.1812597452823811,0.1359448089617858,On,On,17415.9303113141,20.000000000000057,0.8,4751.49537424146,26.39581596111111,1.0507729166666668,1,21116.65276888889,21116.65276888889,Off,0.0,23.888888888888914,0,0.0,0.05,0.0,0.0,0,0,0,11489.55984,Off,0.0,0,74.83322686795562,51.666666666666686,46.10666666666668,0.0,47.571010063051475,0.0,0.0,0.0,116.92691698118064,47.63410062454405,47.66564590529033,47.571010063051475,12.43753247303448,19.742187060348172,0.0,9.418274389230504,0.8217700966096319,2.2,9.236100170605994,14780.454754158913,641.4096442475357,144.32358162468418,-2896.083763142973,-0.0,-0.0,355.49905260398805,0.0,2.0,0.12636740043366448,0.0,0,1.1826738420783802,131.99922844444444,-94.89084661619971,0.1955066088819942,9.110322877834985,0.0027291595501587594,-119.08938106182003,1.2231115741478467,0.4434174231504356,-4181.5613237810185,71.47559378709391,0.18370095256322402,330.7694615935922,-186.44587996890803
2025-01-01 03:57:00,1.3369609229959771,0.17485431294237375,0.9006625,0.02228268204993295,0.0029142385490395625,0.015011041666666667,0.016095929109073683,0.22009207722023655,1.0507729166666668,0.05,0.0,0.9006625,0.0,0.1602709796090404,0,0.01458333333333334,1,0,0,Off,0,0,Off,0,0,Off,0.03243489419633949,0.024326170647254612,On,0,0,Off,0.003518405062134503,0.0,On,0.012577524046939178,0,On,0.006397437741515965,0,On,0.1812597452823811,0.1359448089617858,On,On,17415.9303113141,20.000000000000057,0.8,4751.49537424146,26.39581596111111,1.0507729166666668,1,21116.65276888889,21116.65276888889,Off,0.0,23.888888888888914,0,0.0,0.05,0.0,0.0,0,0,0,11489.55984,Off,0.0,0,74.28508477159443,51.666666666666686,46.10666666666668,0.0,47.55456346243731,0.0,0.0,0.0,116.07044495561628,47.61855458046345,47.65055013947653,47.55456346243731,12.43753247303448,19.930903867084897,0.0,9.509429496238448,0.8277693228475277,2.2,9.236100170605994,14722.75215815787,581.8120273299492,143.1440191994925,-2943.914341337677,-0.0,-0.0,355.49905260398805,0.0,2.0,0.12708724483380818,0.0,0,1.1894108734606428,131.99922844444444,-104.76286442253902,0.19320251950503767,9.196676391554636,0.002728746959078975,-120.20598839883783,1.2223243085906228,0.44392672539977596,-4239.231194146994,69.54784723548362,0.18362751396817684,329.1980152168803,-186.05399601738782
2025-01-01 03:58:00,1.3369609229959771,0.17485431294237375,0.9006625,0.02228268204993295,0.0029142385490395625,0.015011041666666667,0.016095929109073683,0.22009207722023655,1.0507729166666668,0.05,0.0,0.9006625,0.0,0.1602709796090404,0,0.01458333333333334,1,0,0,Off,0,0,Off,0,0,Off,0.03243489419633949,0.024326170647254612,On,0,0,Off,0.003518405062134503,0.0,On,0.012577524046939178,0,On,0.006397437741515965,0,On,0.1812597452823811,0.1359448089617858,On,On,17415.9303113141,20.000000000000057,0.8,4751.49537424146,26.39581596111111,1.0507729166666668,1,21116.65276888889,21116.65276888889,Off,0.0,23.888888888888914,0,0.0,0.05,0.0,0.0,0,0,0,11489.55984,Off,0.0,0,73.75228601781642,51.666666666666686,46.10666666666668,0.0,47.53823818760704,0.0,0.0,0.0,115.23794690283815,47.60312240881024,47.63556451941185,47.53823818760704,12.43753247303448,20.114016377141333,0.0,9.595163110602007,0.8337629257540073,2.2,9.236100170605994,14666.603858999268,525.6621880949351,141.95119472116713,-2990.624162968068,-0.0,-0.0,355.49905260398805,0.0,2.0,0.12778401849186993,0.0,0,1.1959319855228594,131.99922844444444,-114.20134195075121,0.19099478133967737,9.280440294281345,0.0027283302312273547,-121.27793622487602,1.221561402963847,0.4444052040228448,-4293.576673567969,67.74348742144409,0.1835541148693487,327.6291390114008,-185.67794429023368
2025-01-01 03:59:00,0.28618800632931024,0.17485431294237375,0.0,0.004769800105488504,0.0029142385490395625,0.0,0.016095929109073683,0.22009207722023655,0.0,0.05,0.0,0.0,0.0,0.1602709796090404,0,0.01458333333333334,1,0,0,Off,0,0,Off,0,0,Off,0.03243489419633949,0.024326170647254612,On,0,0,Off,0.003518405062134503,0.0,On,0.012577524046939178,0,On,0.006397437741515965,0,On,0.1812597452823811,0.1359448089617858,On,Off,0.0,20.000000000000057,0.0,0.0,0.0,0.0,0,0.0,21116.65276888889,Off,0.0,23.888888888888914,0,0.0,0.05,0.0,0.0,0,0,0,11489.55984,Off,0.0,0,73.23412057672422,51.666666666666686,46.10666666666668,0.0,47.522030853629765,0.0,0.0,0.0,114.42831340113159,47.58780092211958,47.62068595636448,47.522030853629765,12.43753247303448,20.291786022021334,0.0,9.675855190947106,0.8397478793856978,2.2,9.236100170605994,-2803.940078995609,-4278.759629922503,140.7459339292139,-3036.252557686564,-0.0,-0.0,355.49905260398805,0.0,2.0,0.12845887716747234,0.0,0,1.202247995031606,131.99922844444444,-123.18657391303267,0.18887737694803755,9.361053430958005,0.002727909524585979,-122.30741006094834,1.220821680188454,0.4448550757464963,-4344.8197113866445,66.06008146414136,0.18348079239279205,326.06362175170545,-185.31768782249156
2025-01-01 04:00:00,0.285311387567247,0.17419684887082632,0.0,0.00475518979278745,0.002903280814513772,0.0,0.016095929109073683,0.2192154584581733,0.0,0.05,0.0,0.0,0.0,0.15961351553749298,0,0.01458333333333334,1,0,0,Off,0,0,Off,0,0,Off,0.03155827543427626,0.023668706575707184,On,0,0,Off,0.003518405062134503,0.0,On,0.012577524046939178,0,On,0.006397437741515965,0,On,0.1812597452823811,0.1359448089617858,On,Off,0.0,20.000000000000057,0.0,0.0,0.0,0.0,0,0.0,21116.65276888889,Off,0.0,23.888888888888914,0,0.0,0.05,0.0,0.0,0,0,0,11489.55984,Off,0.0,0,73.57843291571831,51.666666666666686,46.10666666666668,0.0,47.505938232123185,0.0,0.0,0.0,114.96630143080986,47.57258708043,47.60591150458341,47.505938232123185,12.43753247303448,20.148221952109285,0.0,9.580352818151127,0.8457212095996622,2.2,9.236100170605994,-2759.4094895206185,-4215.933614997508,139.52913049010868,-2999.3822387475116,-0.0,-0.0,354.62243384192476,0.0,2.0,0.12791399247710336,0.0,0,1.1971484134303636,131.99922844444444,-114.64968461503193,0.19053214397861548,9.29522415238836,0.0027274849896759133,-121.16481556580715,1.2214195628492306,0.4443225847148136,-4284.181308341641,68.2476933441333,0.18340758308886124,324.50223646516855,-184.97310597505987
2025-01-01 04:01:00,0.285311387567247,0.17419684887082632,0.0,0.00475518979278745,0.002903280814513772,0.0,0.016095929109073683,0.2192154584581733,0.0,0.05,0.0,0.0,0.0,0.15961351553749298,0,0.01458333333333334,1,0,0,Off,0,0,Off,0,0,Off,0.03155827543427626,0.023668706575707184,On,0,0,Off,0.003518405062134503,0.0,On,0.012577524046939178,0,On,0.006397437741515965,0,On,0.1812597452823811,0.1359448089617858,On,Off,0.0,20.000000000000057,0.0,0.0,0.0,0.0,0,0.0,21116.65276888889,Off,0.0,23.888888888888914,0,0.0,0.05,0.0,0.0,0,0,0,11489.55984,Off,0.0,0,73.91506414237116,51.666666666666686,46.10666666666668,0.0,47.557301710423076,0.0,0.0,0.0,115.49228772245493,47.557301710423076,47.55730171042308,47.557301710423076,12.43753247303448,20.00949111796434,0.0,9.490847303435116,0.8516800118816351,2.2,9.236100170605994,-2716.645715776994,-4157.46535224214,138.30172847429554,-2963.9249156575065,-0.0,-0.0,354.62243384192476,0.0,2.0,0.1273864860605652,0.0,0,1.1922114752783781,131.99922844444444,-107.3432339614123,0.192146057010884,9.231158368873206,0.0027270646266340805,-120.05626388997322,1.2219978809672405,0.44382295030986335,-4227.46565724735,70.0003050052095,0.1833345227122388,322.9457358301544,-184.64400735585883
2025-01-01 04:02:00,0.285311387567247,0.17419684887082632,0.0,0.00475518979278745,0.002903280814513772,0.0,0.016095929109073683,0.2192154584581733,0.0,0.05,0.0,0.0,0.0,0.15961351553749298,0,0.01458333333333334,1,0,0,Off,0,0,Off,0,0,Off,0.03155827543427626,0.023668706575707184,On,0,0,Off,0.003518405062134503,0.0,On,0.012577524046939178,0,On,0.006397437741515965,0,On,0.1812597452823811,0.1359448089617858,On,Off,0.0,20.000000000000057,0.0,0.0,0.0,0.0,0,0.0,21116.65276888889,Off,0.0,23.888888888888914,0,0.0,0.05,0.0,0.0,0,0,0,11489.55984,Off,0.0,0,74.23400842070096,51.666666666666686,46.10666666666668,0.0,47.54101771328731,0.0,0.0,0.0,115.99063815734524,47.541946407792544,47.54241075504516,47.54101771328731,12.43753247303448,19.87523863932155,0.0,9.406795934708066,0.8576214654533492,2.2,9.236100170605994,-2675.196541748916,-4102.619648829423,137.06470821038755,-2929.7732588221443,-0.0,-0.0,354.62243384192476,0.0,2.0,0.1268750992986745,0.0,0,1.187425401145352,131.99922844444444,-100.04571676869668,0.19372190645379295,9.168682300517782,0.002726648306664298,-118.97937762501175,1.2225580588600926,0.44335324919990476,-4174.3076137291855,71.6879648997631,0.1832616460470191,321.39484856704854,-184.330140356661
2025-01-01 04:03:00,0.285311387567247,0.17419684887082632,0.0,0.00475518979278745,0.002903280814513772,0.0,0.016095929109073683,0.2192154584581733,0.0,0.05,0.0,0.0,0.0,0.15961351553749298,0,0.01458333333333334,1,0,0,Off,0,0,Off,0,0,Off,0.03155827543427626,0.023668706575707184,On,0,0,Off,0.003518405062134503,0.0,On,0.012577524046939178,0,On,0.006397437741515965,0,On,0.1812597452823811,0.1359448089617858,On,Off,0.0,20.000000000000057,0.0,0.0,0.0,0.0,0,0.0,21116.65276888889,Off,0.0,23.888888888888914,0,0.0,0.05,0.0,0.0,0,0,0,11489.55984,Off,0.0,0,74.54149994135622,51.666666666666686,46.10666666666668,0.0,47.524664034536286,0.0,0.0,0.0,116.47109365836909,47.52652484686983,47.52745525303661,47.524664034536286,12.43753247303448,19.745188189917897,0.0,9.327757139598239,0.8635428443515125,2.2,9.236100170605994,-2635.2041170644725,-4051.1370139754545,135.81907279366806,-2896.8419460672458,-0.0,-0.0,354.62243384192476,0.0,2.0,0.12637886192036032,0.0,0,1.182781110254033,131.99922844444444,-92.98460483915177,0.1952617094434947,9.108378399234102,0.002726235910068108,-117.93230336904739,1.2231011998863675,0.44291110522874566,-4124.409636365448,73.27262238999334,0.18318898676848475,319.85027663649623,-184.03120384282818
2025-01-01 04:04:00,0.285311387567247,0.17419684887082632,0.0,0.00475518979278745,0.002903280814513772,0.0,0.016095929109073683,0.2192154584581733,0.0,0.05,0.0,0.0,0.0,0.15961351553749298,0,0.01458333333333334,1,0,0,Off,0,0,Off,0,0,Off,0.03155827543427626,0.023668706575707184,On,0,0,Off,0.003518405062134503,0.0,On,0.012577524046939178,0,On,0.006397437741515965,0,On,0.1812597452823811,0.1359448089617858,On,Off,0.0,20.000000000000057,0.0,0.0,0.0,0.0,0,0.0,21116.65276888889,Off,0.0,23.888888888888914,0,0.0,0.05,0.0,0.0,0,0,0,11489.55984,Off,0.0,0,74.83817075980654,51.666666666666686,46.10666666666668,0.0,47.508243199444046,0.0,0.0,0.0,116.93464181219773,47.51103940687983,47.51243751059773,47.508243199444046,12.43753247303448,19.619106589179644,0.0,9.253351246442673,0.8694415259682673,2.2,9.236100170605994,-2596.643853746831,-4002.7595226972435,134.56583607678175,-2865.058198182634,-0.0,-0.0,354.62243384192476,0.0,2.0,0.1258969596133459,0.0,0,1.1782709814471786,131.99922844444444,-86.2080894061221,0.19676709433079795,9.050125168369572,0.002725827324275933,-116.91347407972998,1.2236282326160772,0.4424944740583363,-4077.51617608778,74.75665339053657,0.18311657733567283,318.3126931130009,-183.74685703621913
2025-01-01 04:05:00,0.285311387567247,0.17419684887082632,0.0,0.00475518979278745,0.002903280814513772,0.0,0.016095929109073683,0.2192154584581733,0.0,0.05,0.0,0.0,0.0,0.15961351553749298,0,0.01458333333333334,1,0,0,Off,0,0,Off,0,0,Off,0.03155827543427626,0.023668706575707184,On,0,0,Off,0.003518405062134503,0.0,On,0.012577524046939178,0,On,0.006397437741515965,0,On,0.1812597452823811,0.1359448089617858,On,Off,0.0,20.000000000000057,0.0,0.0,0.0,0.0,0,0.0,21116.65276888889,Off,0.0,23.888888888888914,0,0.0,0.05,0.0,0.0,0,0,0,11489.55984,Off,0.0,0,75.12456908708718,51.666666666666686,46.10666666666668,0.0,47.49175759394661,0.0,0.0,0.0,117.38213919857371,47.495492335742625,47.49735970664064,47.49175759394661,12.43753247303448,19.496791773433685,-0.0032082265663717635,9.183246060985098,0.8753149974054181,2.2,9.236100170605994,-2559.4780910247678,-3957.262371560092,133.30601278170073,-2834.35844459036,-0.0,-0.0,354.62243384192476,0.0,2.0,0.1254286896813649,0.0,0,1.1738884381829728,131.99922844444444,-79.74208027633271,0.19823942179484946,8.993110295905103,0.0027254224427613314,-115.92152885613359,1.2241399600960097,0.44210156519049726,-4033.4040219360136,76.14165037592117,0.18304444891050017,316.7827406385501,-183.47672785684935
2025-01-01 04:06:00,0.285311387567247,0.17419684887082632,0.0,0.00475518979278745,0.002903280814513772,0.0,0.016095929109073683,0.2192154584581733,0.0,0.05,0.0,0.0,0.0,0.15961351553749298,0,0.01458333333333334,1,0,0,Off,0,0,Off,0,0,Off,0.03155827543427626,0.023668706575707184,On,0,0,Off,0.003518405062134503,0.0,On,0.012577524046939178,0,On,0.006397437741515965,0,On,0.1812597452823811,0.1359448089617858,On,Off,0.0,20.000000000000057,0.0,0.0,0.0,0.0,0,0.0,21116.65276888889,Off,0.0,23.888888888888914,0,0.0,0.05,0.0,0.0,0,0,0,11489.55984,Off,0.0,0,75.4011838180572,51.666666666666686,46.10666666666668,0.0,47.47520948311856,0.0,0.0,0.0,117.81434971571437,47.479885767491545,47.48222390967804,47.47520948311856,12.43753247303448,19.37806367177421,-0.12193632822584632,9.11714589559537,0.8811608599749896,2.2,9.236100170605994,-2523.65674076067,-3914.444034299954,132.0406104361342,-2804.685813650285,-0.0,-0.0,354.62243384192476,0.0,2.0,0.1249734272956967,0.0,0,1.1696276326827866,131.99922844444444,-73.59336095230985,0.19967987866358292,8.937955045561376,0.0027250211642558778,-114.9552519818771,1.224637097281148,0.44173078260161325,-3991.8749683381793,77.43093403822512,0.18297263129944472,315.2610303665953,-183.22041993046113
2025-01-01 04:07:00,0.285311387567247,0.17419684887082632,0.0,0.00475518979278745,0.002903280814513772,0.0,0.016095929109073683,0.2192154584581733,0.0,0.05,0.0,0.0,0.0,0.15961351553749298,0,0.01458333333333334,1,0,0,Off,0,0,Off,0,0,Off,0.03155827543427626,0.023668706575707184,On,0,0,Off,0.003518405062134503,0.0,On,0.012577524046939178,0,On,0.006397437741515965,0,On,0.1812597452823811,0.1359448089617858,On,Off,0.0,20.000000000000057,0.0,0.0,0.0,0.0,0,0.0,21116.65276888889,Off,0.0,23.888888888888914,0,0.0,0.05,0.0,0.0,0,0,0,11489.55984,Off,0.0,0,75.66845966525554,51.666666666666686,46.10666666666668,0.0,47.458601024245176,0.0,0.0,0.0,118.23196822696178,47.46422173459567,47.46703208977092,47.458601024245176,12.43753247303448,19.262758578065803,-0.2372414219342538,9.05478405467589,0.8869768321343411,2.2,9.236100170605994,-2489.124687262725,-3874.122140808743,130.77062271899223,-2775.9885642480235,-0.0,-0.0,354.62243384192476,0.0,2.0,0.12453060478071862,0.0,0,1.1654832520644416,131.99922844444444,-67.75855685662623,0.20108953439145089,8.883874108788376,0.0027246233921920725,-114.01353540547802,1.2251202940555104,0.4413806842371391,-3952.7507604814064,78.62861967266342,0.18290115291431214,313.7481413187317,-182.97751859973948
2025-01-01 04:08:00,1.3360843042339139,0.17419684887082632,0.9006625,0.022268071737231897,0.002903280814513772,0.015011041666666667,0.016095929109073683,0.2192154584581733,1.0507729166666668,0.05,0.0,0.9006625,0.0,0.15961351553749298,0,0.01458333333333334,1,0,0,Off,0,0,Off,0,0,Off,0.03155827543427626,0.023668706575707184,On,0,0,Off,0.003518405062134503,0.0,On,0.012577524046939178,0,On,0.006397437741515965,0,On,0.1812597452823811,0.1359448089617858,On,On,17415.9303113141,20.000000000000057,0.8,4751.49537424146,26.39581596111111,1.0507729166666668,1,21116.65276888889,21116.65276888889,Off,0.0,23.888888888888914,0,0.0,0.05,0.0,0.0,0,0,0,11489.55984,Off,0.0,0,75.92680691111268,51.666666666666686,46.10666666666668,0.0,47.44193427656,0.0,0.0,0.0,118.63563579861356,47.448502177138366,47.451786127427546,47.44193427656,12.43753247303448,19.15072552560696,-0.34927447439309844,8.995917529910717,0.8927607510993577,2.2,9.236100170605994,14960.105094488805,915.3651100646048,129.49702398952527,-2748.219058153318,-0.0,-0.0,354.62243384192476,0.0,2.0,0.12409969835843795,0.0,0,1.1614503942841437,131.99922844444444,-62.2285925139028,0.20246937622773836,8.831496310902121,0.002724229034287052,-113.09535464211118,1.2255901500036575,0.44104995354624044,-3915.86950017125,79.73923599439463,0.18283004074915468,312.2446200884861,-182.74759609896083
2025-01-01 04:09:00,1.3360843042339139,0.17419684887082632,0.9006625,0.022268071737231897,0.002903280814513772,0.015011041666666667,0.016095929109073683,0.2192154584581733,1.0507729166666668,0.05,0.0,0.9006625,0.0,0.15961351553749298,0,0.01458333333333334,1,0,0,Off,0,0,Off,0,0,Off,0.03155827543427626,0.023668706575707184,On,0,0,Off,0.003518405062134503,0.0,On,0.012577524046939178,0,On,0.006397437741515965,0,On,0.1812597452823811,0.1359448089617858,On,On,17415.9303113141,20.000000000000057,0.8,4751.49537424146,26.39581596111111,1.0507729166666668,1,21116.65276888889,21116.65276888889,Off,0.0,23.888888888888914,0,0.0,0.05,0.0,0.0,0,0,0,11489.55984,Off,0.0,0,75.32812036355193,51.666666666666686,46.10666666666668,0.0,47.42521120883361,0.0,0.0,0.0,117.70018806804988,47.43272894996988,47.43648782053802,47.42521120883361,12.43753247303448,19.358051347583853,-0.1419486524162039,9.111816583740989,0.898510573349692,2.2,9.236100170605994,14896.839086894895,839.9873298439038,128.22076472410703,-2799.6966458351085,-0.0,-0.0,354.62243384192476,0.0,2.0,0.12489661966671471,0.0,0,1.1689087892678132,131.99922844444444,-74.01701242602087,0.19984235148049875,8.927502792046377,0.0027238380022171073,-114.34835430829455,1.2247217570321458,0.4417008747749218,-3988.52936444084,77.02132004328338,0.1827593203707636,310.7509808346774,-182.5302161105704
2025-01-01 04:10:00,1.3360843042339139,0.17419684887082632,0.9006625,0.022268071737231897,0.002903280814513772,0.015011041666666667,0.016095929109073683,0.2192154584581733,1.0507729166666668,0.05,0.0,0.9006625,0.0,0.15961351553749298,0,0.01458333333333334,1,0,0,Off,0,0,Off,0,0,Off,0.03155827543427626,0.023668706575707184,On,0,0,Off,0.003518405062134503,0.0,On,0.012577524046939178,0,On,0.006397437741515965,0,On,0.1812597452823811,0.1359448089617858,On,On,17415.9303113141,20.000000000000057,0.8,4751.49537424146,26.39581596111111,1.0507729166666668,1,21116.65276888889,21116.65276888889,Off,0.0,23.888888888888914,0,0.0,0.05,0.0,0.0,0,0,0,11489.55984,Off,0.0,0,74.74769507838437,51.666666666666686,46.10666666666668,0.0,47.408620633173385,0.0,0.0,0.0,116.79327355997557,47.41708009546109,47.42130982660495,47.408620633173385,12.43753247303448,19.558695897739046,0.0,9.220448330502117,0.9042243743064642,2.2,9.236100170605994,14836.25953375511,769.4603059186707,126.94276639107963,-2849.8791751670165,-0.0,-0.0,354.62243384192476,0.0,2.0,0.1256657777413383,0.0,0,1.1761073478530095,131.99922844444444,-84.41403623389803,0.1973350912397682,9.019541268835798,0.0027234423575123352,-115.54851518335838,1.2238825329071503,0.4423101110856119,-4056.8041720663077,74.76910374351822,0.18268901591932818,309.2677054899093,-182.32493909882967
2025-01-01 04:11:00,1.3360843042339139,0.17419684887082632,0.9006625,0.022268071737231897,0.002903280814513772,0.015011041666666667,0.016095929109073683,0.2192154584581733,1.0507729166666668,0.05,0.0,0.9006625,0.0,0.15961351553749298,0,0.01458333333333334,1,0,0,Off,0,0,Off,0,0,Off,0.03155827543427626,0.023668706575707184,On,0,0,Off,0.003518405062134503,0.0,On,0.012577524046939178,0,On,0.006397437741515965,0,On,0.1812597452823811,0.1359448089617858,On,On,17415.9303113141,20.000000000000057,0.8,4751.49537424146,26.39581596111111,1.0507729166666668,1,21116.65276888889,21116.65276888889,Off,0.0,23.888888888888914,0,0.0,0.05,0.0,0.0,0,0,0,11489.55984,Off,0.0,0,74.18433250810163,51.666666666666686,46.10666666666668,0.0,47.39215852139175,0.0,0.0,0.0,115.9130195439088,47.40155181997109,47.40624846926077,47.39215852139175,12.43753247303448,19.753102068553456,0.0,9.322434241145652,0.9099003474603614,2.2,9.236100170605994,14777.066886424345,703.0561453257578,125.66391667239614,-2898.841630527699,-0.0,-0.0,354.62243384192476,0.0,2.0,0.12640908331484838,0.0,0,1.183063952605854,131.99922844444444,-94.64422820398059,0.1949381976400262,9.108584072381863,0.0027230422861136954,-116.69935346899035,1.2230705107366713,0.4428813130063625,-4121.052371796615,72.61314288091287,0.1826191501158749,307.7952441108318,-182.13132743843565
2025-01-01 04:12:00,1.3360843042339139,0.17419684887082632,0.9006625,0.022268071737231897,0.002903280814513772,0.015011041666666667,0.016095929109073683,0.2192154584581733,1.0507729166666668,0.05,0.0,0.9006625,0.0,0.15961351553749298,0,0.01458333333333334,1,0,0,Off,0,0,Off,0,0,Off,0.03155827543427626,0.023668706575707184,On,0,0,Off,0.003518405062134503,0.0,On,0.012577524046939178,0,On,0.006397437741515965,0,On,0.1812597452823811,0.1359448089617858,On,On,17415.9303113141,20.000000000000057,0.8,4751.49537424146,26.39581596111111,1.0507729166666668,1,21116.65276888889,21116.65276888889,Off,0.0,23.888888888888914,0,0.0,0.05,0.0,0.0,0,0,0,11489.55984,Off,0.0,0,73.63710301896998,51.666666666666686,46.10666666666668,0.0,47.37582110949689,0.0,0.0,0.0,115.05797346714058,47.386140578848284,47.39130031352398,47.37582110949689,12.43753247303448,19.941612779068056,0.0,9.418288257599544,0.9155368028878452,2.2,9.236100170605994,14719.430474849183,640.5156677572531,124.38506722344866,-2946.637940830421,-0.0,-0.0,354.62243384192476,0.0,2.0,0.12712803983737306,0.0,0,1.1897926743320553,131.99922844444444,-104.48432947642183,0.1926439747420655,9.194849598051075,0.0027226379618289563,-117.80365689347019,1.222284154330709,0.44341750068034586,-4181.570088888032,70.59038240382496,0.18254974427727824,306.33401538540585,-181.9489481619572
2025-01-01 04:13:00,1.3360843042339139,0.17419684887082632,0.9006625,0.022268071737231897,0.002903280814513772,0.015011041666666667,0.016095929109073683,0.2192154584581733,1.0507729166666668,0.05,0.0,0.9006625,0.0,0.15961351553749298,0,0.01458333333333334,1,0,0,Off,0,0,Off,0,0,Off,0.03155827543427626,0.023668706575707184,On,0,0,Off,0.003518405062134503,0.0,On,0.012577524046939178,0,On,0.006397437741515965,0,On,0.1812597452823811,0.1359448089617858,On,On,17415.9303113141,20.000000000000057,0.8,4751.49537424146,26.39581596111111,1.0507729166666668,1,21116.65276888889,21116.65276888889,Off,0.0,23.888888888888914,0,0.0,0.05,0.0,0.0,0,0,0,11489.55984,Off,0.0,0,73.10520389943429,51.666666666666686,46.10666666666668,0.0,47.35960483843962,0.0,0.0,0.0,114.22688109286607,47.370843020565516,47.37646211162846,47.35960483843962,12.43753247303448,20.124523838432363,0.0,9.508457196984029,0.9211321652125765,2.2,9.236100170605994,14663.34740380113,581.5772354826786,123.1070326946608,-2993.3134258404075,-0.0,-0.0,354.62243384192476,0.0,2.0,0.12782395077918093,0.0,0,1.1963057122236938,131.99922844444444,-113.891915514489,0.19044568587330085,9.27852854624709,0.0027222295489181866,-118.86385297763874,1.2215221345729852,0.44392129604776087,-4238.61545210197,68.69731334318875,0.1824808183381653,304.88440728142785,-181.77737458676705
2025-01-01 04:14:00,0.285311387567247,0.17419684887082632,0.0,0.00475518979278745,0.002903280814513772,0.0,0.016095929109073683,0.2192154584581733,0.0,0.05,0.0,0.0,0.0,0.15961351553749298,0,0.01458333333333334,1,0,0,Off,0,0,Off,0,0,Off,0.03155827543427626,0.023668706575707184,On,0,0,Off,0.003518405062134503,0.0,On,0.012577524046939178,0,On,0.006397437741515965,0,On,0.1812597452823811,0.1359448089617858,On,Off,0.0,20.000000000000057,0.0,0.0,0.0,0.0,0,0.0,21116.65276888889,Off,0.0,23.888888888888914,0,0.0,0.05,0.0,0.0,0,0,0,11489.55984,Off,0.0,0,72.5879252428649,51.666666666666686,46.10666666666668,0.0,47.34350632614415,0.0,0.0,0.0,113.41863319197641,47.35565596035299,47.36173077745741,47.34350632614415,12.43753247303448,20.302096634921902,0.0,9.593336015281805,0.9266849711343643,2.2,9.236100170605994,-2807.132330944647,-4225.486333688957,121.83059000309541,-3038.907488307833,-0.0,-0.0,354.62243384192476,0.0,2.0,0.1284979712047215,0.0,0,1.2026138765412135,131.99922844444444,-122.84727647873893,0.1883373389026803,9.359058635595055,0.0027218172033465376,-119.88210119514241,1.2207832748219727,0.4443950123908777,-4292.417434509736,66.93110082077982,0.18241239087823002,303.44677780381534,-181.61618780071993
2025-01-01 04:15:00,0.285311387567247,0.17419684887082632,0.0,0.00475518979278745,0.002903280814513772,0.0,0.016095929109073683,0.2192154584581733,0.0,0.05,0.0,0.0,0.0,0.15961351553749298,0,0.01458333333333334,1,0,0,Off,0,0,Off,0,0,Off,0.03155827543427626,0.023668706575707184,On,0,0,Off,0.003518405062134503,0.0,On,0.012577524046939178,0,On,0.006397437741515965,0,On,0.1812597452823811,0.1359448089617858,On,Off,0.0,20.000000000000057,0.0,0.0,0.0,0.0,0,0.0,21116.65276888889,Off,0.0,23.888888888888914,0,0.0,0.05,0.0,0.0,0,0,0,11489.55984,Off,0.0,0,72.93311164640589,51.666666666666686,46.10666666666668,0.0,47.32752234705606,0.0,0.0,0.0,113.95798694750921,47.340576360918696,47.34710336785002,47.32752234705606,12.43753247303448,20.15834027320695,0.0,9.50178596085736,0.93219386660103,2.2,9.236100170605994,-2761.633814797537,-4165.360288157749,120.5564779632706,-3001.9749242327325,-0.0,-0.0,354.62243384192476,0.0,2.0,0.1279524289028623,0.0,0,1.197508140347053,131.99922844444444,-114.2813244067294,0.18999001867998502,9.293133628601662,0.0027214010737094717,-118.75230407349386,1.2213819122099958,0.44388404184794805,-4234.391016595098,69.03072843734915,0.18234447915404534,302.0214558404888,-181.4649778772182
2025-01-01 04:16:00,0.285311387567247,0.17419684887082632,0.0,0.00475518979278745,0.002903280814513772,0.0,0.016095929109073683,0.2192154584581733,0.0,0.05,0.0,0.0,0.0,0.15961351553749298,0,0.01458333333333334,1,0,0,Off,0,0,Off,0,0,Off,0.03155827543427626,0.023668706575707184,On,0,0,Off,0.003518405062134503,0.0,On,0.012577524046939178,0,On,0.006397437741515965,0,On,0.1812597452823811,0.1359448089617858,On,Off,0.0,20.000000000000057,0.0,0.0,0.0,0.0,0,0.0,21116.65276888889,Off,0.0,23.888888888888914,0,0.0,0.05,0.0,0.0,0,0,0,11489.55984,Off,0.0,0,73.26508083380081,51.666666666666686,46.10666666666668,0.0,47.31146288974176,0.0,0.0,0.0,114.47668880281377,47.32542505158668,47.332406132509135,47.31146288974176,12.43753247303448,20.01943808439743,0.0,9.416004555647511,0.9376576035946945,2.2,9.236100170605994,-2718.786842391119,-4109.404784292221,119.28539874079328,-2966.4615714675356,-0.0,-0.0,354.62243384192476,0.0,2.0,0.12742433984398693,0.0,0,1.1925657492392487,131.99922844444444,-106.94770476550815,0.19160176433349743,9.228982987299647,0.002720989067811963,-117.6562985443002,1.2219609006176373,0.44340473366063987,-4180.126776355817,70.7219920635963,0.18227709913573958,300.608742103676,-181.3233433628827
2025-01-01 04:17:00,0.285311387567247,0.17419684887082632,0.0,0.00475518979278745,0.002903280814513772,0.0,0.016095929109073683,0.2192154584581733,0.0,0.05,0.0,0.0,0.0,0.15961351553749298,0,0.01458333333333334,1,0,0,Off,0,0,Off,0,0,Off,0.03155827543427626,0.023668706575707184,On,0,0,Off,0.003518405062134503,0.0,On,0.012577524046939178,0,On,0.006397437741515965,0,On,0.1812597452823811,0.1359448089617858,On,Off,0.0,20.000000000000057,0.0,0.0,0.0,0.0,0,0.0,21116.65276888889,Off,0.0,23.888888888888914,0,0.0,0.05,0.0,0.0,0,0,0,11489.55984,Off,0.0,0,73.58483667744056,51.666666666666686,46.10666666666668,0.0,47.29533086841458,0.0,0.0,0.0,114.97630730850088,47.31020477813488,47.317641732995035,47.29533086841458,12.43753247303448,19.885018680657684,0.0,9.335463964492916,0.9430750364790268,2.2,9.236100170605994,-2677.2573593208654,-4056.9310121907656,118.01802005926018,-2932.2557847114444,-0.0,-0.0,354.62243384192476,0.0,2.0,0.12691238315303932,0.0,0,1.1877743411341293,131.99922844444444,-99.62400845134567,0.19317554717961266,9.166423913121434,0.002720581057871991,-116.59162392316082,1.2225217328268376,0.44295423671855466,-4129.271194904399,72.3401827136333,0.18221026554921232,299.2089101799077,-181.19089012064754
2025-01-01 04:18:00,0.285311387567247,0.17419684887082632,0.0,0.00475518979278745,0.002903280814513772,0.0,0.016095929109073683,0.2192154584581733,0.0,0.05,0.0,0.0,0.0,0.15961351553749298,0,0.01458333333333334,1,0,0,Off,0,0,Off,0,0,Off,0.03155827543427626,0.023668706575707184,On,0,0,Off,0.003518405062134503,0.0,On,0.012577524046939178,0,On,0.006397437741515965,0,On,0.1812597452823811,0.1359448089617858,On,Off,0.0,20.000000000000057,0.0,0.0,0.0,0.0,0,0.0,21116.65276888889,Off,0.0,23.888888888888914,0,0.0,0.05,0.0,0.0,0,0,0,11489.55984,Off,0.0,0,73.89312761302459,51.666666666666686,46.10666666666668,0.0,47.27912897602194,0.0,0.0,0.0,115.45801189535092,47.29491807779428,47.302812628680456,47.27912897602194,12.43753247303448,19.754805665338075,0.0,9.259735263282998,0.9484451181641823,2.2,9.236100170605994,-2637.187479442652,-4007.6744519358354,116.754975772606,-2899.272168900614,-0.0,-0.0,354.62243384192476,0.0,2.0,0.12641558857291865,0.0,0,1.1831248353851884,131.99922844444444,-92.53774438396331,0.19471337644527878,9.106039888229654,0.002720176925504525,-115.5564475228943,1.2230655123107586,0.4425302363471448,-4081.5365946009183,73.86214266508337,0.1821439919207356,297.82220762185955,-181.06723184925355
2025-01-01 04:19:00,0.285311387567247,0.17419684887082632,0.0,0.00475518979278745,0.002903280814513772,0.0,0.016095929109073683,0.2192154584581733,0.0,0.05,0.0,0.0,0.0,0.15961351553749298,0,0.01458333333333334,1,0,0,Off,0,0,Off,0,0,Off,0.03155827543427626,0.023668706575707184,On,0,0,Off,0.003518405062134503,0.0,On,0.012577524046939178,0,On,0.006397437741515965,0,On,0.1812597452823811,0.1359448089617858,On,Off,0.0,20.000000000000057,0.0,0.0,0.0,0.0,0,0.0,21116.65276888889,Off,0.0,23.888888888888914,0,0.0,0.05,0.0,0.0,0,0,0,11489.55984,Off,0.0,0,74.19058590182222,51.666666666666686,46.10666666666668,0.0,47.2628597405278,0.0,0.0,0.0,115.92279047159721,47.27956733231391,47.28792112820697,47.2628597405278,12.43753247303448,19.62856578368945,0.0,9.188451104689333,0.9537668961983456,2.2,9.236100170605994,-2598.5525189081172,-3961.389194015813,115.49686592786966,-2867.4378770163485,-0.0,-0.0,354.62243384192476,0.0,2.0,0.12593314176031034,0.0,0,1.1786096105447008,131.99922844444444,-85.73707573369367,0.1962168739284469,9.047709341310718,0.0027197765593709733,-114.54921977478804,1.2235931677892589,0.4421307491811135,-4036.6768179115697,75.28762389575694,0.18207829062260342,296.4488570537045,-180.95199112583484
2025-01-01 04:20:00,0.285311387567247,0.17419684887082632,0.0,0.00475518979278745,0.002903280814513772,0.0,0.016095929109073683,0.2192154584581733,0.0,0.05,0.0,0.0,0.0,0.15961351553749298,0,0.01458333333333334,1,0,0,Off,0,0,Off,0,0,Off,0.03155827543427626,0.023668706575707184,On,0,0,Off,0.003518405062134503,0.0,On,0.012577524046939178,0,On,0.006397437741515965,0,On,0.1812597452823811,0.1359448089617858,On,Off,0.0,20.000000000000057,0.0,0.0,0.0,0.0,0,0.0,21116.65276888889,Off,0.0,23.888888888888914,0,0.0,0.05,0.0,0.0,0,0,0,11489.55984,Off,0.0,0,74.47775996460174,51.666666666666686,46.10666666666668,0.0,47.246525550512686,0.0,0.0,0.0,116.37149994469021,47.26415479209525,47.27296941288653,47.246525550512686,12.43753247303448,19.50609689633299,0.0,9.121290734201347,0.9590395088055108,2.2,9.236100170605994,-2561.314731896317,-3917.859062182211,114.24425721391225,-2836.689275002719,-0.0,-0.0,354.62243384192476,0.0,2.0,0.12546433995843714,0.0,0,1.174222089504528,131.99922844444444,-79.24789073552282,0.19768739470902186,8.990618809534244,0.002719379854106204,-113.56859491973447,1.2241055024806222,0.44175404182496675,-3994.4772658711536,76.6182036889426,0.18201317291958904,295.0890572848222,-180.84480007090997
2025-01-01 04:21:00,0.285311387567247,0.17419684887082632,0.0,0.00475518979278745,0.002903280814513772,0.0,0.016095929109073683,0.2192154584581733,0.0,0.05,0.0,0.0,0.0,0.15961351553749298,0,0.01458333333333334,1,0,0,Off,0,0,Off,0,0,Off,0.03155827543427626,0.023668706575707184,On,0,0,Off,0.003518405062134503,0.0,On,0.012577524046939178,0,On,0.006397437741515965,0,On,0.1812597452823811,0.1359448089617858,On,Off,0.0,20.000000000000057,0.0,0.0,0.0,0.0,0,0.0,21116.65276888889,Off,0.0,23.888888888888914,0,0.0,0.05,0.0,0.0,0,0,0,11489.55984,Off,0.0,0,74.7551389086574,51.666666666666686,46.10666666666668,0.0,47.23012867364934,0.0,0.0,0.0,116.80490454477719,47.24868259360945,47.257959553589515,47.23012867364934,12.43753247303448,19.387218855636036,-0.1127811443640212,9.057969171058128,0.9642621809115702,2.2,9.236100170605994,-2525.4239488025914,-3876.8908074543456,112.9976837236351,-2806.9694312069846,-0.0,-0.0,354.62243384192476,0.0,2.0,0.12500855825573834,0.0,0,1.1699564237107398,131.99922844444444,-73.07695143753178,0.19912612067492272,8.935390581596538,0.002718986709542638,-112.61337073321354,1.224603231527722,0.44139857215801054,-3954.7476980821903,77.8568906278448,0.18194864901569288,293.74298442097836,-180.74530069734325
2025-01-01 04:22:00,0.285311387567247,0.17419684887082632,0.0,0.00475518979278745,0.002903280814513772,0.0,0.016095929109073683,0.2192154584581733,0.0,0.05,0.0,0.0,0.0,0.15961351553749298,0,0.01458333333333334,1,0,0,Off,0,0,Off,0,0,Off,0.03155827543427626,0.023668706575707184,On,0,0,Off,0.003518405062134503,0.0,On,0.012577524046939178,0,On,0.006397437741515965,0,On,0.1812597452823811,0.1359448089617858,On,Off,0.0,20.000000000000057,0.0,0.0,0.0,0.0,0,0.0,21116.65276888889,Off,0.0,23.888888888888914,0,0.0,0.05,0.0,0.0,0,0,0,11489.55984,Off,0.0,0,75.02316766067338,51.666666666666686,46.10666666666668,0.0,47.21367126977431,0.0,0.0,0.0,117.22369946980216,47.233152771719304,47.2428935226918,47.21367126977431,12.43753247303448,19.271767878097297,-0.2282321219027601,8.998229735354538,0.9694342201933671,2.2,9.236100170605994,-2490.8249754818958,-3838.30969013536,111.7576478104096,-2778.226547422597,-0.0,-0.0,354.62243384192476,0.0,2.0,0.12456522887617959,0.0,0,1.1658072993414037,131.99922844444444,-67.22086190122357,0.20053411682036634,8.881238214324501,0.00271859703015972,-111.68245142631017,1.225087005015221,0.4410629489244564,-3917.317232923341,79.00754278798084,0.1818847281007516,292.41079296406366,-180.65314515365407
2025-01-01 04:23:00,1.3360843042339139,0.17419684887082632,0.9006625,0.022268071737231897,0.002903280814513772,0.015011041666666667,0.016095929109073683,0.2192154584581733,1.0507729166666668,0.05,0.0,0.9006625,0.0,0.15961351553749298,0,0.01458333333333334,1,0,0,Off,0,0,Off,0,0,Off,0.03155827543427626,0.023668706575707184,On,0,0,Off,0.003518405062134503,0.0,On,0.012577524046939178,0,On,0.006397437741515965,0,On,0.1812597452823811,0.1359448089617858,On,On,17415.9303113141,20.000000000000057,0.8,4751.49537424146,26.39581596111111,1.0507729166666668,1,21116.65276888889,21116.65276888889,Off,0.0,23.888888888888914,0,0.0,0.05,0.0,0.0,0,0,0,11489.55984,Off,0.0,0,75.28225671786387,51.666666666666686,46.10666666666668,0.0,47.19715540062516,0.0,0.0,0.0,117.62852612166229,47.217567268857366,47.227773202973474,47.19715540062516,12.43753247303448,19.159592919249143,-0.3404070807509143,8.94183879321643,0.9745550131730004,2.2,9.236100170605994,14958.469289116469,949.5390128462782,110.52462098603445,-2750.4129308696793,-0.0,-0.0,354.62243384192476,0.0,2.0,0.12413382792690487,0.0,0,1.161769813277719,131.99922844444444,-61.67052516987761,0.20191236630105922,8.828791550450955,0.002718210724672542,-110.7748238180657,1.2255574227386838,0.440745903437904,-3882.0308075807507,80.07444618556902,0.18182141839663185,291.0926168947268,-180.56799590869235
2025-01-01 04:24:00,1.3360843042339139,0.17419684887082632,0.9006625,0.022268071737231897,0.002903280814513772,0.015011041666666667,0.016095929109073683,0.2192154584581733,1.0507729166666668,0.05,0.0,0.9006625,0.0,0.15961351553749298,0,0.01458333333333334,1,0,0,Off,0,0,Off,0,0,Off,0.03155827543427626,0.023668706575707184,On,0,0,Off,0.003518405062134503,0.0,On,0.012577524046939178,0,On,0.006397437741515965,0,On,0.1812597452823811,0.1359448089617858,On,On,17415.9303113141,20.000000000000057,0.8,4751.49537424146,26.39581596111111,1.0507729166666668,1,21116.65276888889,21116.65276888889,Off,0.0,23.888888888888914,0,0.0,0.05,0.0,0.0,0,0,0,11489.55984,Off,0.0,0,74.68430110376819,51.666666666666686,46.10666666666668,0.0,47.180583037429024,0.0,0.0,0.0,116.6942204746378,47.20192794217849,47.21260039455323,47.180583037429024,12.43753247303448,19.366780734271185,-0.13321926572887222,9.060075384755981,0.9796240213784815,2.2,9.236100170605994,14895.240693796406,872.7436705282885,109.29904473508722,-2801.872485835888,-0.0,-0.0,354.62243384192476,0.0,2.0,0.12493012569983232,0.0,0,1.1692223725874353,131.99922844444444,-73.43956552373228,0.1992949792089437,8.924044892440989,0.0027178277057102185,-112.0145970955019,1.2246896511680532,0.4414104004591588,-3956.068286062268,77.31658234909615,0.18175872720274538,289.78857073258047,-180.48952599749325
2025-01-01 04:25:00,1.3360843042339139,0.17419684887082632,0.9006625,0.022268071737231897,0.002903280814513772,0.015011041666666667,0.016095929109073683,0.2192154584581733,1.0507729166666668,0.05,0.0,0.9006625,0.0,0.15961351553749298,0,0.01458333333333334,1,0,0,Off,0,0,Off,0,0,Off,0.03155827543427626,0.023668706575707184,On,0,0,Off,0.003518405062134503,0.0,On,0.012577524046939178,0,On,0.006397437741515965,0,On,0.1812597452823811,0.1359448089617858,On,On,17415.9303113141,20.000000000000057,0.8,4751.49537424146,26.39581596111111,1.0507729166666668,1,21116.65276888889,21116.65276888889,Off,0.0,23.888888888888914,0,0.0,0.05,0.0,0.0,0,0,0,11489.55984,Off,0.0,0,74.10459729262054,51.666666666666686,46.10666666666668,0.0,47.16414299470227,0.0,0.0,0.0,115.78843326971959,47.18641283631334,47.197547757118876,47.16414299470227,12.43753247303448,19.567290650519627,0.0,9.170919369973245,0.9846407776831041,2.2,9.236100170605994,14834.69793305561,800.8675712459608,108.0813299061978,-2852.036754068592,-0.0,-0.0,354.62243384192476,0.0,2.0,0.12569867968718454,0.0,0,1.1764152775134462,131.99922844444444,-83.81805803182502,0.19679691731588544,9.016740037752424,0.002717440125632791,-113.20215899118236,1.2238510310299622,0.4420324433820078,-4025.654832560546,75.02702956504623,0.18169666093949147,288.49875054523613,-180.41742063903834
2025-01-01 04:26:00,1.3360843042339139,0.17419684887082632,0.9006625,0.022268071737231897,0.002903280814513772,0.015011041666666667,0.016095929109073683,0.2192154584581733,1.0507729166666668,0.05,0.0,0.9006625,0.0,0.15961351553749298,0,0.01458333333333334,1,0,0,Off,0,0,Off,0,0,Off,0.03155827543427626,0.023668706575707184,On,0,0,Off,0.003518405062134503,0.0,On,0.012577524046939178,0,On,0.006397437741515965,0,On,0.1812597452823811,0.1359448089617858,On,On,17415.9303113141,20.000000000000057,0.8,4751.49537424146,26.39581596111111,1.0507729166666668,1,21116.65276888889,21116.65276888889,Off,0.0,23.888888888888914,0,0.0,0.05,0.0,0.0,0,0,0,11489.55984,Off,0.0,0,73.54194683890604,51.666666666666686,46.10666666666668,0.0,47.147831246353725,0.0,0.0,0.0,114.90929193579069,47.17101815958614,47.182611616202344,47.147831246353725,12.43753247303448,19.76156552442967,0.0,9.274998997361896,0.9896048829550862,2.2,9.236100170605994,14775.541450360834,733.180222762875,106.87185570744455,-2900.9807944359645,-0.0,-0.0,354.62243384192476,0.0,2.0,0.12644139995483913,0.0,0,1.1833664043825762,131.99922844444444,-94.03050035922693,0.19440881555005188,9.105737144947135,0.002717048168092355,-114.34098533289625,1.2230395958344664,0.4426157297445099,-4091.1514417152734,72.8362902366884,0.1816352251879912,287.2232348726422,-180.35137916519764
2025-01-01 04:27:00,1.3360843042339139,0.17419684887082632,0.9006625,0.022268071737231897,0.002903280814513772,0.015011041666666667,0.016095929109073683,0.2192154584581733,1.0507729166666668,0.05,0.0,0.9006625,0.0,0.15961351553749298,0,0.01458333333333334,1,0,0,Off,0,0,Off,0,0,Off,0.03155827543427626,0.023668706575707184,On,0,0,Off,0.003518405062134503,0.0,On,0.012577524046939178,0,On,0.006397437741515965,0,On,0.1812597452823811,0.1359448089617858,On,On,17415.9303113141,20.000000000000057,0.8,4751.49537424146,26.39581596111111,1.0507729166666668,1,21116.65276888889,21116.65276888889,Off,0.0,23.888888888888914,0,0.0,0.05,0.0,0.0,0,0,0,11489.55984,Off,0.0,0,72.99542021887653,51.666666666666686,46.10666666666668,0.0,47.13164403046542,0.0,0.0,0.0,114.05534409199457,47.15574036928922,47.167788538701124,47.13164403046542,12.43753247303448,19.949948236011643,0.0,9.372834653448312,0.9945160028279502,2.2,9.236100170605994,14717.94052366435,669.4196724704238,105.67097059711745,-2948.758597596388,-0.0,-0.0,354.62243384192476,0.0,2.0,0.12715978934934055,0.0,0,1.1900898183515876,131.99922844444444,-103.8536238952867,0.19212300542856772,9.19195904991388,0.002716652004751954,-115.43383156272424,1.2222538097706765,0.44316332343394443,-4152.85683745086,70.78113567982416,0.18157442472845026,285.9620856157879,-180.29111501867044
2025-01-01 04:28:00,1.3360843042339139,0.17419684887082632,0.9006625,0.022268071737231897,0.002903280814513772,0.015011041666666667,0.016095929109073683,0.2192154584581733,1.0507729166666668,0.05,0.0,0.9006625,0.0,0.15961351553749298,0,0.01458333333333334,1,0,0,Off,0,0,Off,0,0,Off,0.03155827543427626,0.023668706575707184,On,0,0,Off,0.003518405062134503,0.0,On,0.012577524046939178,0,On,0.006397437741515965,0,On,0.1812597452823811,0.1359448089617858,On,On,17415.9303113141,20.000000000000057,0.8,4751.49537424146,26.39581596111111,1.0507729166666668,1,21116.65276888889,21116.65276888889,Off,0.0,23.888888888888914,0,0.0,0.05,0.0,0.0,0,0,0,11489.55984,Off,0.0,0,72.46421483985529,51.666666666666686,46.10666666666668,0.0,47.11557779003771,0.0,0.0,0.0,113.22533568727388,47.14057611581654,47.15307527870596,47.11557779003771,12.43753247303448,20.132734552023475,0.0,9.464879271059305,0.9993738645381165,2.2,9.236100170605994,14661.89222226671,609.3215421149953,104.4789938791184,-2995.4155369497944,-0.0,-0.0,354.62243384192476,0.0,2.0,0.1278551507710869,0.0,0,1.1965977132791368,131.99922844444444,-113.24498593952234,0.18993277457615956,9.275596459817812,0.002716251797841228,-116.4830969437167,1.2214923440941816,0.44367788721084556,-4211.031742726475,68.85791060001108,0.18151426357780762,284.7153489037096,-180.23635502459118
2025-01-01 04:29:00,0.285311387567247,0.17419684887082632,0.0,0.00475518979278745,0.002903280814513772,0.0,0.016095929109073683,0.2192154584581733,0.0,0.05,0.0,0.0,0.0,0.15961351553749298,0,0.01458333333333334,1,0,0,Off,0,0,Off,0,0,Off,0.03155827543427626,0.023668706575707184,On,0,0,Off,0.003518405062134503,0.0,On,0.012577524046939178,0,On,0.006397437741515965,0,On,0.1812597452823811,0.1359448089617858,On,Off,0.0,20.000000000000057,0.0,0.0,0.0,0.0,0,0.0,21116.65276888889,Off,0.0,23.888888888888914,0,0.0,0.05,0.0,0.0,0,0,0,11489.55984,Off,0.0,0,71.9476209215131,51.666666666666686,46.10666666666668,0.0,47.09962914501807,0.0,0.0,0.0,112.41815768986422,47.1255222162947,47.13846875193301,47.09962914501807,12.43753247303448,20.310185815571558,0.0,9.551533605089476,1.0041782538558495,2.2,9.236100170605994,-2808.5534876630577,-4198.844052202495,103.29621706792099,-3040.9910623191213,-0.0,-0.0,354.62243384192476,0.0,2.0,0.12852863874196843,0.0,0,1.2029008943478505,131.99922844444444,-122.18485918586111,0.18783215265908407,9.356086058109046,0.002715847701394672,-117.49091570081089,1.220754022529742,0.4441617725084303,-4265.907693483256,67.06364128076098,0.18145474502634254,283.48305593224313,-180.18683886432214
2025-01-01 04:30:00,0.31077463843225445,0.19088758164371458,0.0,0.005179577307204241,0.0031814596940619097,0.0,0.016810271245613836,0.24396436718664063,0.0,0.05,0.0,0.0,0.0,0.17630424831038125,0,0.01458333333333334,1,0,0,Off,0,0,Off,0,0,Off,0.03155827543427626,0.023668706575707184,On,0,0,Off,0.003518405062134503,0.0,On,0.013291866183479335,0,On,0.008892036106132253,0,On,0.20351405564623212,0.15263554173467406,On,Off,0.0,20.000000000000057,0.0,0.0,0.0,0.0,0,0.0,21116.65276888889,Off,0.0,23.888888888888914,0,0.0,0.05,0.0,0.0,0,0,0,11489.55984,Off,0.0,0,72.12762689887299,51.666666666666686,46.10666666666668,0.0,47.08379487184745,0.39508233187359515,954.2905273398096,0.0,112.69941702948904,47.11057563530183,47.12396601702902,47.08379487184745,12.43753247303448,20.16631108371994,0.0,9.461664398469507,1.008929012101506,-1.1,9.236100170605994,-3368.6983236870296,-3120.384861312952,-451.1729891019461,-3629.997944212228,-0.0,-0.0,378.52788298146265,0.0,2.0,0.12933931958361908,0.0,0,1.210488064950427,131.99922844444444,-117.22826245626419,0.1894821940572242,9.289374757058475,0.002715439862166113,132.7922809998889,1.2213531158525246,0.2288281877508788,-3189.5214655894397,69.13660427648769,0.0973806868630867,-271.0306705248923,-180.14231857705377
2025-01-01 04:31:00,0.31077463843225445,0.19088758164371458,0.0,0.005179577307204241,0.0031814596940619097,0.0,0.016810271245613836,0.24396436718664063,0.0,0.05,0.0,0.0,0.0,0.17630424831038125,0,0.01458333333333334,1,0,0,Off,0,0,Off,0,0,Off,0.03155827543427626,0.023668706575707184,On,0,0,Off,0.003518405062134503,0.0,On,0.013291866183479335,0,On,0.008892036106132253,0,On,0.20351405564623212,0.15263554173467406,On,Off,0.0,20.000000000000057,0.0,0.0,0.0,0.0,0,0.0,21116.65276888889,Off,0.0,23.888888888888914,0,0.0,0.05,0.0,0.0,0,0,0,11489.55984,Off,0.0,0,72.15989000987575,51.666666666666686,46.10666666666668,0.0,47.04885590162429,0.3954811542375394,954.2905273398097,0.0,112.74982814043085,46.96871375151178,47.04885590162429,46.928642676455524,12.43753247303448,20.015658253274356,0.0,9.414265453910282,0.9925687679338034,-1.1,9.236100170605994,-3310.0346523627372,-3098.023549270367,-447.24322480961763,-3587.665476874055,-0.0,-0.0,378.52788298146265,0.0,2.0,0.1287430140320458,0.0,0,1.2049072349633287,131.99922844444444,-100.89705847014491,0.1911040696171751,9.21313896213223,0.0027159005900087557,132.48117643973646,1.2207940198228826,0.2283141394651437,-3168.074532479381,70.05098320901442,0.09700223086745559,-267.88297052138375,-179.36025428823388
2025-01-01 04:32:00,0.31077463843225445,0.19088758164371458,0.0,0.005179577307204241,0.0031814596940619097,0.0,0.016810271245613836,0.24396436718664063,0.0,0.05,0.0,0.0,0.0,0.17630424831038125,0,0.01458333333333334,1,0,0,Off,0,0,Off,0,0,Off,0.03155827543427626,0.023668706575707184,On,0,0,Off,0.003518405062134503,0.0,On,0.013291866183479335,0,On,0.008892036106132253,0,On,0.20351405564623212,0.15263554173467406,On,Off,0.0,20.000000000000057,0.0,0.0,0.0,0.0,0,0.0,21116.65276888889,Off,0.0,23.888888888888914,0,0.0,0.05,0.0,0.0,0,0,0,11489.55984,Off,0.0,0,72.17855748892639,51.666666666666686,46.10666666666668,0.0,47.01384258584151,0.39588163382874736,954.2905273398097,0.0,112.77899607644747,46.826845165301336,47.01384258584151,46.73334645503125,12.43753247303448,19.870063705502332,0.0,9.369485119632134,0.9765818241658832,-1.1,9.236100170605994,-3256.141621320442,-3076.939220898917,-443.80391070303483,-3546.940459252946,-0.0,-0.0,378.52788298146265,0.0,2.0,0.12816531336501058,0.0,0,1.1995005282881175,131.99922844444444,-87.729045048959,0.19286866040476394,9.146914637119034,0.0027163604489709456,132.17589282529977,1.221400263688362,0.22782742487820798,-3147.8568183375123,70.91759743859518,0.0966309784336754,-264.81895662095855,-178.98495408207626
2025-01-01 04:33:00,0.31077463843225445,0.19088758164371458,0.0,0.005179577307204241,0.0031814596940619097,0.0,0.016810271245613836,0.24396436718664063,0.0,0.05,0.0,0.0,0.0,0.17630424831038125,0,0.01458333333333334,1,0,0,Off,0,0,Off,0,0,Off,0.03155827543427626,0.023668706575707184,On,0,0,Off,0.003518405062134503,0.0,On,0.013291866183479335,0,On,0.008892036106132253,0,On,0.20351405564623212,0.15263554173467406,On,Off,0.0,20.000000000000057,0.0,0.0,0.0,0.0,0,0.0,21116.65276888889,Off,0.0,23.888888888888914,0,0.0,0.05,0.0,0.0,0,0,0,11489.55984,Off,0.0,0,72.18461515197792,51.666666666666686,46.10666666666668,0.0,46.97875796224729,0.39628374342138717,954.2905273398098,0.0,112.7884611749655,46.68497270106151,46.97875796224729,46.53808007046863,12.43753247303448,19.729162862069927,0.0,9.32710555888376,0.9608490885949552,-1.1,9.236100170605994,-3207.8127986416753,-3056.9778660672027,-441.11770840314244,-3507.702941646616,-0.0,-0.0,378.52788298146265,0.0,2.0,0.1276048985382089,0.0,0,1.1942555999751452,131.99922844444444,-78.63773997652149,0.19459471885162036,9.082382332180138,0.002716819020529282,131.8762546894173,1.2219875272776615,0.22736584454324973,-3128.7627997988584,71.78493373165571,0.09626423148794785,-261.81515589556426,-179.30255250757818
2025-01-01 04:34:00,0.31077463843225445,0.19088758164371458,0.0,0.005179577307204241,0.0031814596940619097,0.0,0.016810271245613836,0.24396436718664063,0.0,0.05,0.0,0.0,0.0,0.17630424831038125,0,0.01458333333333334,1,0,0,Off,0,0,Off,0,0,Off,0.03155827543427626,0.023668706575707184,On,0,0,Off,0.003518405062134503,0.0,On,0.013291866183479335,0,On,0.008892036106132253,0,On,0.20351405564623212,0.15263554173467406,On,Off,0.0,20.000000000000057,0.0,0.0,0.0,0.0,0,0.0,21116.65276888889,Off,0.0,23.888888888888914,0,0.0,0.05,0.0,0.0,0,0,0,11489.55984,Off,0.0,0,72.17894550495745,51.666666666666686,46.10666666666668,0.0,46.94360485127363,0.39668745805621575,954.2905273398097,0.0,112.77960235149601,46.543098978387434,46.94360485127363,46.342846041944334,12.43753247303448,19.59262944270653,0.0,9.286946305213707,0.9452589553300323,-1.1,9.236100170605994,-3162.499315120151,-3038.1088727210235,-438.98006811028483,-3469.8458709108,-0.0,-0.0,378.52788298146265,0.0,2.0,0.12706058739412582,0.0,0,1.1891613861996808,131.99922844444444,-71.18132719081379,0.19628472117609208,9.02009544877335,0.0027172763326408673,131.58193586623858,1.2225571175321903,0.22692758048023548,-3110.7049046367815,72.59603191575783,0.0958994252307972,-258.8498704100193,-180.1301977002655
2025-01-01 04:35:00,0.31077463843225445,0.19088758164371458,0.0,0.005179577307204241,0.0031814596940619097,0.0,0.016810271245613836,0.24396436718664063,0.0,0.05,0.0,0.0,0.0,0.17630424831038125,0,0.01458333333333334,1,0,0,Off,0,0,Off,0,0,Off,0.03155827543427626,0.023668706575707184,On,0,0,Off,0.003518405062134503,0.0,On,0.013291866183479335,0,On,0.008892036106132253,0,On,0.20351405564623212,0.15263554173467406,On,Off,0.0,20.000000000000057,0.0,0.0,0.0,0.0,0,0.0,21116.65276888889,Off,0.0,23.888888888888914,0,0.0,0.05,0.0,0.0,0,0,0,11489.55984,Off,0.0,0,72.162210757914,51.666666666666686,46.10666666666668,0.0,46.908385878804104,0.39709275480068074,954.2905273398096,0.0,112.75345430924062,46.40122643354018,46.908385878804104,46.14764671090822,12.43753247303448,19.460219086671835,-0.03978091332822231,9.248850467210326,0.9297223650010069,-1.1,9.236100170605994,-3119.0507674680453,-3020.248172476519,-436.9803669287901,-3433.2867617952843,-0.0,-0.0,378.52788298146265,0.0,2.0,0.12653151153312345,0.0,0,1.1842097596002947,131.99922844444444,-64.29188865422347,0.19794030691063322,8.959926739906841,0.002717732411545766,131.2926793553489,1.2231100056149904,0.2265110510500611,-3093.6070712998817,73.35889882336267,0.09553448600421552,-255.90599096531125,-181.07437596347881
2025-01-01 04:36:00,0.31077463843225445,0.19088758164371458,0.4645728511809253,0.005179577307204241,0.0031814596940619097,0.007742880853015421,0.016810271245613836,0.24396436718664063,0.0,0.05,0.4645728511809253,0.0,0.0,0.17630424831038125,0,0.01458333333333334,1,0,0,Off,0,0,Off,0,0,Off,0.03155827543427626,0.023668706575707184,On,0,0,Off,0.003518405062134503,0.0,On,0.013291866183479335,0,On,0.008892036106132253,0,On,0.20351405564623212,0.15263554173467406,On,Off,0.0,20.000000000000057,0.0,0.0,0.0,0.0,0,0.0,21116.65276888889,Off,0.0,23.888888888888914,0,0.0,0.05,0.0,0.0,0,0,0,11489.55984,On,10550.56,0,73.96011019289742,51.666666666666686,46.10666666666668,0.0,46.87310352471359,0.3974996122086973,954.2905273398098,10550.56,115.5626721764022,46.259357365211656,46.87310352471359,45.9524842854607,12.43753247303448,19.331731592721294,-0.16826840727876302,9.212680598341562,0.9141782950618137,-1.1,9.236100170605994,-3077.1491474651198,-3003.328013496861,-435.29139967128526,-3397.95677008763,-0.0,-0.0,378.52788298146265,0.0,2.0,0.12601696908185112,0.0,0,1.1793941513368478,131.99922844444444,-57.72026035895249,0.19956269596764686,8.901069005317197,0.0027181872821423598,131.0082664328608,1.223646983017245,0.22611486955011295,-3077.402730276518,74.07471677965704,0.09516797066140266,-252.97194797970712,-182.31945169157814
2025-01-01 04:37:00,0.31077463843225445,0.19088758164371458,0.4645728511809253,0.005179577307204241,0.0031814596940619097,0.007742880853015421,0.016810271245613836,0.24396436718664063,0.0,0.05,0.4645728511809253,0.0,0.0,0.17630424831038125,0,0.01458333333333334,1,0,0,Off,0,0,Off,0,0,Off,0.03155827543427626,0.023668706575707184,On,0,0,Off,0.003518405062134503,0.0,On,0.013291866183479335,0,On,0.008892036106132253,0,On,0.20351405564623212,0.15263554173467406,On,Off,0.0,20.000000000000057,0.0,0.0,0.0,0.0,0,0.0,21116.65276888889,Off,0.0,23.888888888888914,0,0.0,0.05,0.0,0.0,0,0,0,11489.55984,On,10550.56,0,77.62715868306826,51.666666666666686,46.10666666666668,0.0,47.51986683249888,0.3901714748789158,954.2905273398098,10550.56,121.29243544229416,47.51986683249888,47.519866832498884,47.51986683249888,12.43753247303448,19.20698884892916,-0.29301115107089615,9.178313940600235,0.8985696296398384,-1.1,9.236100170605994,-3036.7227663053936,-2987.288236088681,-433.78762163340343,-3363.794344731952,-0.0,-0.0,378.52788298146265,0.0,2.0,0.12551633829899816,0.0,0,1.1747087425258131,131.99922844444444,-51.456304554903966,0.2011529369580479,8.843442016768353,0.0027186409681948962,130.72849877659343,1.224168752925012,0.22573779508050182,-3062.0325431680158,74.74430707933465,0.09479850633765224,-250.03708252886858,-183.75053910453485
2025-01-01 04:38:00,1.3615475550989213,0.19088758164371458,1.3652353511809254,0.02269245925164869,0.0031814596940619097,0.022753922519682092,0.016810271245613836,0.24396436718664063,1.0507729166666668,0.05,0.4645728511809253,0.9006625,0.0,0.17630424831038125,0,0.01458333333333334,1,0,0,Off,0,0,Off,0,0,Off,0.03155827543427626,0.023668706575707184,On,0,0,Off,0.003518405062134503,0.0,On,0.013291866183479335,0,On,0.008892036106132253,0,On,0.20351405564623212,0.15263554173467406,On,On,17415.9303113141,20.000000000000057,0.8,4751.49537424146,26.39581596111111,1.0507729166666668,1,21116.65276888889,21116.65276888889,Off,0.0,23.888888888888914,0,0.0,0.05,0.0,0.0,0,0,0,11489.55984,On,10550.56,0,81.33235554045677,51.666666666666686,46.10666666666668,0.0,48.779614497845174,0.37664672403420973,954.2905273398096,10550.56,127.08180553196371,48.77961449784517,48.779614497845174,48.779614497845174,12.43753247303448,19.08582637885213,-0.41417362114792766,9.145639311761915,0.8828532396734973,-1.1,9.236100170605994,14418.202895107263,1779.4218266454627,-432.19494274569826,-3330.7427506212416,-0.0,-0.0,378.52788298146265,0.0,2.0,0.1250290447567415,0.0,0,1.1701481570910974,131.99922844444444,-45.512548567058204,0.2027119991684353,8.787668053341989,0.002719093492443721,130.45319156407078,1.2246759650620496,0.22537870067942833,-3047.442910052929,75.36936245693191,0.09442503150287043,-247.09351891132047,-185.10142383437778
2025-01-01 04:39:00,1.3615475550989213,0.19088758164371458,1.3652353511809254,0.02269245925164869,0.0031814596940619097,0.022753922519682092,0.016810271245613836,0.24396436718664063,1.0507729166666668,0.05,0.4645728511809253,0.9006625,0.0,0.17630424831038125,0,0.01458333333333334,1,0,0,Off,0,0,Off,0,0,Off,0.03155827543427626,0.023668706575707184,On,0,0,Off,0.003518405062134503,0.0,On,0.013291866183479335,0,On,0.008892036106132253,0,On,0.20351405564623212,0.15263554173467406,On,On,17415.9303113141,20.000000000000057,0.8,4751.49537424146,26.39581596111111,1.0507729166666668,1,21116.65276888889,21116.65276888889,Off,0.0,23.888888888888914,0,0.0,0.05,0.0,0.0,0,0,0,11489.55984,On,10550.56,0,84.17780588726309,51.666666666666686,46.10666666666668,0.0,50.03859243621211,0.36403564560765417,954.2905273398096,10550.56,131.52782169884858,50.038592436212106,50.03859243621211,50.03859243621211,12.43753247303448,19.284317823526237,-0.2156821764738197,9.286048358598473,0.867004209920746,-1.1,9.236100170605994,14352.602554278235,1713.3879149325376,-431.21884806239495,-3384.9558722456177,-0.0,-0.0,378.52788298146265,0.0,2.0,0.1258268095014581,0.0,0,1.1776144458053608,131.99922844444444,-56.89976777170955,0.2002523599683167,8.880568793095154,0.002719544876677852,130.42170769896492,1.2238443759077722,0.22691777137701452,-3110.30153489435,72.19407558542767,0.09404690275324748,-244.13690334449572,-187.08194471789923
2025-01-01 04:40:00,1.3615475550989213,0.19088758164371458,1.3652353511809254,0.02269245925164869,0.0031814596940619097,0.022753922519682092,0.016810271245613836,0.24396436718664063,1.0507729166666668,0.05,0.4645728511809253,0.9006625,0.0,0.17630424831038125,0,0.01458333333333334,1,0,0,Off,0,0,Off,0,0,Off,0.03155827543427626,0.023668706575707184,On,0,0,Off,0.003518405062134503,0.0,On,0.013291866183479335,0,On,0.008892036106132253,0,On,0.20351405564623212,0.15263554173467406,On,On,17415.9303113141,20.000000000000057,0.8,4751.49537424146,26.39581596111111,1.0507729166666668,1,21116.65276888889,21116.65276888889,Off,0.0,23.888888888888914,0,0.0,0.05,0.0,0.0,0,0,0,11489.55984,On,10550.56,0,87.03922099410578,51.666666666666686,46.10666666666668,0.0,51.2969792535173,0.3522470666283998,954.2905273398097,10550.56,135.99878280329028,51.29697925351729,51.2969792535173,51.2969792535173,12.43753247303448,19.476268153151512,-0.02373184684854479,9.41872909845685,0.8509774571469311,-1.1,9.236100170605994,14289.834433581533,1650.910236870387,-429.7329646172218,-3437.709856249618,-0.0,-0.0,378.52788298146265,0.0,2.0,0.12659570262773737,0.0,0,1.18481052473619,131.99922844444444,-66.91390446441069,0.19790682832722406,8.969603815718157,0.0027199964586106353,130.38243084128501,1.2230412529315218,0.2283625976779096,-3170.0921711927426,69.50703382166952,0.0936629815472265,-241.15922218320117,-188.57374243402066
2025-01-01 04:41:00,1.3615475550989213,0.19088758164371458,0.9006625,0.02269245925164869,0.0031814596940619097,0.015011041666666667,0.016810271245613836,0.24396436718664063,1.0507729166666668,0.05,0.0,0.9006625,0.0,0.17630424831038125,0,0.01458333333333334,1,0,0,Off,0,0,Off,0,0,Off,0.03155827543427626,0.023668706575707184,On,0,0,Off,0.003518405062134503,0.0,On,0.013291866183479335,0,On,0.008892036106132253,0,On,0.20351405564623212,0.15263554173467406,On,On,17415.9303113141,20.000000000000057,0.8,4751.49537424146,26.39581596111111,1.0507729166666668,1,21116.65276888889,21116.65276888889,Off,0.0,23.888888888888914,0,0.0,0.05,0.0,0.0,0,0,0,11489.55984,Off,0.0,0,88.09025406299726,51.666666666666686,46.10666666666668,0.0,52.55477163320104,0.34120309437491847,954.2905273398096,0.0,137.64102197343323,52.55477163320104,52.55477163320106,52.55477163320104,12.43753247303448,19.66211788292807,0.0,9.544272172590832,0.8347767592895223,-1.1,9.236100170605994,14228.585640819972,1591.4113198927416,-428.6231513423004,-3489.0929376490667,-0.0,-0.0,378.52788298146265,0.0,2.0,0.12733777013543196,0.0,0,1.191755542417925,131.99922844444444,-76.77961582652357,0.19566636305584167,9.055741507797519,0.002720448200995022,130.33587997417854,1.2222646475417984,0.22972133148656096,-3227.014675208928,66.93062086020977,0.0932732874229384,-238.16162804966106,-190.46152329263933
2025-01-01 04:42:00,1.3615475550989213,0.19088758164371458,0.9006625,0.02269245925164869,0.0031814596940619097,0.015011041666666667,0.016810271245613836,0.24396436718664063,1.0507729166666668,0.05,0.0,0.9006625,0.0,0.17630424831038125,0,0.01458333333333334,1,0,0,Off,0,0,Off,0,0,Off,0.03155827543427626,0.023668706575707184,On,0,0,Off,0.003518405062134503,0.0,On,0.013291866183479335,0,On,0.008892036106132253,0,On,0.20351405564623212,0.15263554173467406,On,On,17415.9303113141,20.000000000000057,0.8,4751.49537424146,26.39581596111111,1.0507729166666668,1,21116.65276888889,21116.65276888889,Off,0.0,23.888888888888914,0,0.0,0.05,0.0,0.0,0,0,0,11489.55984,Off,0.0,0,87.22616868183046,51.666666666666686,46.10666666666668,0.0,52.516299145489526,0.3415306227133714,954.2905273398098,0.0,136.2908885653601,52.40959363281518,52.516299145489526,52.35624087647801,12.43753247303448,19.84220739660677,0.0,9.66316800036296,0.8183766682736825,-1.1,9.236100170605994,14169.015888625614,1534.7635568032943,-427.49603416412253,-3539.1695095694427,-0.0,-0.0,378.52788298146265,0.0,2.0,0.12805462328838368,0.0,0,1.1984645786859653,131.99922844444444,-86.27279610050593,0.19352359630820362,9.139197210705543,0.002720900069019004,130.28248166914724,1.221513041697127,0.23100075480413626,-3281.233696204687,64.50187876652146,0.09287713168971413,-235.13989676905734,-192.35613739506516
2025-01-01 04:43:00,1.3615475550989213,0.19088758164371458,0.9006625,0.02269245925164869,0.0031814596940619097,0.015011041666666667,0.016810271245613836,0.24396436718664063,1.0507729166666668,0.05,0.0,0.9006625,0.0,0.17630424831038125,0,0.01458333333333334,1,0,0,Off,0,0,Off,0,0,Off,0.03155827543427626,0.023668706575707184,On,0,0,Off,0.003518405062134503,0.0,On,0.013291866183479335,0,On,0.008892036106132253,0,On,0.20351405564623212,0.15263554173467406,On,On,17415.9303113141,20.000000000000057,0.8,4751.49537424146,26.39581596111111,1.0507729166666668,1,21116.65276888889,21116.65276888889,Off,0.0,23.888888888888914,0,0.0,0.05,0.0,0.0,0,0,0,11489.55984,Off,0.0,0,86.3772292289103,51.666666666666686,46.10666666666668,0.0,52.47794992066884,0.3418577280601304,954.2905273398096,0.0,134.96442067017233,52.26459513971487,52.47794992066884,52.157917749237896,12.43753247303448,20.01682989767346,0.0,9.775845945122978,0.8017711072088085,-1.1,9.236100170605994,14111.113901795537,1480.8183259901089,-426.36851710007886,-3587.9939462713533,-0.0,-0.0,378.52788298146265,0.0,2.0,0.12874765730279528,0.0,0,1.2049506913835626,131.99922844444444,-95.35034622867082,0.1914720933680326,9.220158566488015,0.002721352029837479,130.22261327690873,1.2207851241084804,0.23220676227188577,-3332.894410288372,62.21736203702075,0.09247428355863975,-232.0934397701056,-194.2750773299733
2025-01-01 04:44:00,1.3615475550989213,0.19088758164371458,0.9006625,0.02269245925164869,0.0031814596940619097,0.015011041666666667,0.016810271245613836,0.24396436718664063,1.0507729166666668,0.05,0.0,0.9006625,0.0,0.17630424831038125,0,0.01458333333333334,1,0,0,Off,0,0,Off,0,0,Off,0.03155827543427626,0.023668706575707184,On,0,0,Off,0.003518405062134503,0.0,On,0.013291866183479335,0,On,0.008892036106132253,0,On,0.20351405564623212,0.15263554173467406,On,On,17415.9303113141,20.000000000000057,0.8,4751.49537424146,26.39581596111111,1.0507729166666668,1,21116.65276888889,21116.65276888889,Off,0.0,23.888888888888914,0,0.0,0.05,0.0,0.0,0,0,0,11489.55984,Off,0.0,0,85.54273299724525,51.666666666666686,46.10666666666668,0.0,52.439720657355714,0.34218443441532825,954.2905273398097,0.0,133.66052030819571,52.11977300744664,52.439720657355714,51.959799182492105,12.43753247303448,20.18624413070994,0.0,9.882688476337842,0.7849568027255632,-1.1,9.236100170605994,14054.852487838658,1429.4420205356346,-425.22264325061735,-3635.6136469864923,-0.0,-0.0,378.52788298146265,0.0,2.0,0.12941810652559213,0.0,0,1.2112254327766947,131.99922844444444,-103.99205947041148,0.18950614082523765,9.298063433072121,0.002721804052334352,130.15661453173558,1.2200797355917559,0.23334455534909612,-3382.127546448905,60.07419274307932,0.09206457523930585,-229.02220963923313,-196.20043361138426
2025-01-01 04:45:00,0.36836027595562365,0.2078202090944708,0.0,0.006139337932593728,0.003463670151574513,0.0,0.04204185599697864,0.27631841995864503,0.0,0.05,0.0,0.0,0.0,0.19323687576113746,0,0.01458333333333334,1,0,0,Off,0,0,Off,0,0,Off,0.03155827543427626,0.023668706575707184,On,0,0,Off,0.003518405062134503,0.0,On,0.03852345093484414,0,On,0.018669252277128345,0,On,0.22609089224724044,0.16956816918543027,On,Off,0.0,20.000000000000057,0.0,0.0,0.0,0.0,0,0.0,21116.65276888889,Off,0.0,23.888888888888914,0,0.0,0.05,0.0,0.0,0,0,0,11489.55984,Off,0.0,0,84.56786810683465,51.666666666666686,46.10666666666668,0.0,52.4016082090755,0.6609010529328821,1841.3774964162524,0.0,132.13729391692914,51.97512423553911,52.4016082090755,51.76188224877092,12.43753247303448,20.350683978296207,0.0,9.984041870257098,0.7679340796561661,-1.1,9.236100170605994,-3359.735307696895,-3370.985497956071,-424.04503750565345,-3682.0713492456007,-0.0,-0.0,434.53314194276135,0.0,2.0,0.13006708596444558,0.0,0,1.2172992382339938,131.99922844444444,-112.1971003940554,0.18762058785782645,9.373783147658235,0.002722256106943684,130.5589097762212,1.2193958279003532,0.23441878908933136,-3429.053180952905,58.06768299683443,0.09164792269592094,-225.9268337958163,-198.11820370983716
2025-01-01 04:46:00,0.36836027595562365,0.2078202090944708,0.0,0.006139337932593728,0.003463670151574513,0.0,0.04204185599697864,0.27631841995864503,0.0,0.05,0.0,0.0,0.0,0.19323687576113746,0,0.01458333333333334,1,0,0,Off,0,0,Off,0,0,Off,0.03155827543427626,0.023668706575707184,On,0,0,Off,0.003518405062134503,0.0,On,0.03852345093484414,0,On,0.018669252277128345,0,On,0.22609089224724044,0.16956816918543027,On,Off,0.0,20.000000000000057,0.0,0.0,0.0,0.0,0,0.0,21116.65276888889,Off,0.0,23.888888888888914,0,0.0,0.05,0.0,0.0,0,0,0,11489.55984,Off,0.0,0,84.29792034511905,51.666666666666686,46.10666666666668,0.0,52.34592058464772,0.6618232653138161,1841.3774964162524,0.0,131.71550053924852,51.712735140570004,52.34592058464772,51.396142418531156,12.43753247303448,20.195153886498453,0.0,9.908730074825439,0.7507061976316864,-1.1,9.236100170605994,-3306.5607473305413,-3334.2213491051803,-422.82533455926716,-3638.124882839286,-0.0,-0.0,434.53314194276135,0.0,2.0,0.1294533146875081,0.0,0,1.211554946337809,131.99922844444444,-102.96900643401672,0.18946448789107295,9.303237837403973,0.002722709813110356,130.25962702700292,1.2200420111983687,0.23362103898633796,-3394.163970525303,59.94262142012276,0.0912243111148189,-222.80848030934814,-200.01685424991905
2025-01-01 04:47:00,0.36836027595562365,0.2078202090944708,0.0,0.006139337932593728,0.003463670151574513,0.0,0.04204185599697864,0.27631841995864503,0.0,0.05,0.0,0.0,0.0,0.19323687576113746,0,0.01458333333333334,1,0,0,Off,0,0,Off,0,0,Off,0.03155827543427626,0.023668706575707184,On,0,0,Off,0.003518405062134503,0.0,On,0.03852345093484414,0,On,0.018669252277128345,0,On,0.22609089224724044,0.16956816918543027,On,Off,0.0,20.000000000000057,0.0,0.0,0.0,0.0,0,0.0,21116.65276888889,Off,0.0,23.888888888888914,0,0.0,0.05,0.0,0.0,0,0,0,11489.55984,Off,0.0,0,84.01390890416937,51.666666666666686,46.10666666666668,0.0,52.290162448702226,0.6627492275808432,1841.3774964162526,0.0,131.27173266276463,51.45040212523263,52.290162448702226,51.03052196349783,12.43753247303448,20.044917515948406,0.0,9.837869197505277,0.7332788145937922,-1.1,9.236100170605994,-3256.345473275775,-3299.9656599934574,-421.55556994994674,-3595.8718289272283,-0.0,-0.0,434.53314194276135,0.0,2.0,0.12885894261365058,0.0,0,1.205992211789177,131.99922844444444,-95.00678629130817,0.19126591583061206,9.23467634603205,0.0027231622394873057,129.9660945691257,1.2206668411093686,0.2328679404291524,-3361.4454845663995,61.47982457294193,0.09079378319658991,-219.6687491879003,-201.88682076204645
2025-01-01 04:48:00,0.36836027595562365,0.2078202090944708,0.0,0.006139337932593728,0.003463670151574513,0.0,0.04204185599697864,0.27631841995864503,0.0,0.05,0.0,0.0,0.0,0.19323687576113746,0,0.01458333333333334,1,0,0,Off,0,0,Off,0,0,Off,0.03155827543427626,0.023668706575707184,On,0,0,Off,0.003518405062134503,0.0,On,0.03852345093484414,0,On,0.018669252277128345,0,On,0.22609089224724044,0.16956816918543027,On,Off,0.0,20.000000000000057,0.0,0.0,0.0,0.0,0,0.0,21116.65276888889,Off,0.0,23.888888888888914,0,0.0,0.05,0.0,0.0,0,0,0,11489.55984,Off,0.0,0,83.71690134209464,51.666666666666686,46.10666666666668,0.0,52.234336979170315,0.6636789074199847,1841.3774964162524,0.0,130.80765834702288,51.188128111151315,52.234336979170315,50.66502367714181,12.43753247303448,19.899579921895583,0.0,9.771034897835852,0.7156595310442619,-1.1,9.236100170605994,-3207.7419532378503,-3267.799639094533,-420.2298451323263,-3555.1817904680283,-0.0,-0.0,434.53314194276135,0.0,2.0,0.12828254312490212,0.0,0,1.200597682855364,131.99922844444444,-87.09330471258347,0.19302783270816218,9.168625819841523,0.002723613415283569,129.67795831561244,1.2212718968227787,0.23215539701288293,-3330.6831424091856,62.883503314652295,0.09035642919670284,-216.50958029608728,-203.7202648362391
2025-01-01 04:49:00,0.36836027595562365,0.2078202090944708,0.0,0.006139337932593728,0.003463670151574513,0.0,0.04204185599697864,0.27631841995864503,0.0,0.05,0.0,0.0,0.0,0.19323687576113746,0,0.01458333333333334,1,0,0,Off,0,0,Off,0,0,Off,0.03155827543427626,0.023668706575707184,On,0,0,Off,0.003518405062134503,0.0,On,0.03852345093484414,0,On,0.018669252277128345,0,On,0.22609089224724044,0.16956816918543027,On,Off,0.0,20.000000000000057,0.0,0.0,0.0,0.0,0,0.0,21116.65276888889,Off,0.0,23.888888888888914,0,0.0,0.05,0.0,0.0,0,0,0,11489.55984,Off,0.0,0,83.40770373838896,51.666666666666686,46.10666666666668,0.0,52.17844711863171,0.6646122760127539,1841.3774964162526,0.0,130.32453709123274,50.92591579817317,52.17844711863171,50.29965013794391,12.43753247303448,19.75884338936826,0.0,9.707888827123442,0.6978574972758651,-1.1,9.236100170605994,-3160.8763882760286,-3237.4412104988523,-418.8440099953922,-3515.953960765125,-0.0,-0.0,434.53314194276135,0.0,2.0,0.1277230590211134,0.0,0,1.1953614651889497,131.99922844444444,-79.45556945366502,0.1947522403016342,9.104931438302117,0.00272406336778733,129.39493810291188,1.221858360431207,0.23148015994543067,-3301.7051508174754,64.26394031862348,0.08991237831141928,-213.3331744047006,-205.51083559069156
2025-01-01 04:50:00,0.36836027595562365,0.2078202090944708,0.0,0.006139337932593728,0.003463670151574513,0.0,0.04204185599697864,0.27631841995864503,0.0,0.05,0.0,0.0,0.0,0.19323687576113746,0,0.01458333333333334,1,0,0,Off,0,0,Off,0,0,Off,0.03155827543427626,0.023668706575707184,On,0,0,Off,0.003518405062134503,0.0,On,0.03852345093484414,0,On,0.018669252277128345,0,On,0.22609089224724044,0.16956816918543027,On,Off,0.0,20.000000000000057,0.0,0.0,0.0,0.0,0,0.0,21116.65276888889,Off,0.0,23.888888888888914,0,0.0,0.05,0.0,0.0,0,0,0,11489.55984,Off,0.0,0,83.08700118289897,51.666666666666686,46.10666666666668,0.0,52.12249563192864,0.6655493071188464,1841.3774964162524,0.0,129.82343934827963,50.663767718688334,52.12249563192864,49.934403762068186,12.43753247303448,19.622455127892884,0.0,9.648151930262358,0.6798830766405858,-1.1,9.236100170605994,-3115.709669845395,-3208.814924717369,-417.3953891336629,-3478.1019194611913,-0.0,-0.0,434.53314194276135,0.0,2.0,0.12717959904383663,0.0,0,1.190275217492661,131.99922844444444,-72.14089232696503,0.19644075466085786,9.042038914959972,0.002724512122781056,129.1167897066405,1.2224272329417492,0.23083955996790373,-3274.3694468226117,65.55452210524251,0.08946179126448256,-210.14192588870412,-207.2534632449588
2025-01-01 04:51:00,0.36836027595562365,0.2078202090944708,0.0,0.006139337932593728,0.003463670151574513,0.0,0.04204185599697864,0.27631841995864503,0.0,0.05,0.0,0.0,0.0,0.19323687576113746,0,0.01458333333333334,1,0,0,Off,0,0,Off,0,0,Off,0.03155827543427626,0.023668706575707184,On,0,0,Off,0.003518405062134503,0.0,On,0.03852345093484414,0,On,0.018669252277128345,0,On,0.22609089224724044,0.16956816918543027,On,Off,0.0,20.000000000000057,0.0,0.0,0.0,0.0,0,0.0,21116.65276888889,Off,0.0,23.888888888888914,0,0.0,0.05,0.0,0.0,0,0,0,11489.55984,Off,0.0,0,82.75539105571545,51.666666666666686,46.10666666666668,0.0,52.06648513282717,0.666489976663873,1841.3774964162524,0.0,129.30529852455538,50.40168626276462,52.06648513282717,49.56928682773336,12.43753247303448,19.490194893423713,-0.009805106576344258,9.591582409844959,0.6617475575565185,-1.1,9.236100170605994,-3072.1905105408773,-3181.7568382423497,-415.88254465265095,-3441.549859067244,-0.0,-0.0,434.53314194276135,0.0,2.0,0.12665139090172123,0.0,0,1.185331711883549,131.99922844444444,-65.17379341639455,0.19809472755548604,8.981981996798979,0.0027249597047423516,128.84329547041682,1.2229793848088353,0.2302312827981405,-3248.5530685379044,66.79623029555465,0.08900485393795911,-206.93836555450025,-208.94417909815073
2025-01-01 04:52:00,0.36836027595562365,0.2078202090944708,0.0,0.006139337932593728,0.003463670151574513,0.0,0.04204185599697864,0.27631841995864503,0.0,0.05,0.0,0.0,0.0,0.19323687576113746,0,0.01458333333333334,1,0,0,Off,0,0,Off,0,0,Off,0.03155827543427626,0.023668706575707184,On,0,0,Off,0.003518405062134503,0.0,On,0.03852345093484414,0,On,0.018669252277128345,0,On,0.22609089224724044,0.16956816918543027,On,Off,0.0,20.000000000000057,0.0,0.0,0.0,0.0,0,0.0,21116.65276888889,Off,0.0,23.888888888888914,0,0.0,0.05,0.0,0.0,0,0,0,11489.55984,Off,0.0,0,82.41340817612684,51.666666666666686,46.10666666666668,0.0,52.01041810334572,0.6674342624437829,1841.3774964162526,0.0,128.77095027519817,50.139673696368604,52.01041810334572,49.204301492880056,12.43753247303448,19.361865633743477,-0.1381343662565797,9.537969832633893,0.6434629079261561,-1.1,9.236100170605994,-3030.2560420498226,-3156.2165375439627,-414.30507086409085,-3406.229752082556,-0.0,-0.0,434.53314194276135,0.0,2.0,0.12613774561380273,0.0,0,1.1805245001814542,131.99922844444444,-58.55943191002817,0.19971534031264043,8.92323939973721,0.0027254061369921365,128.5742572925634,1.2235155941853308,0.22965331385840593,-3224.1490871529754,67.93254960901322,0.08854177191145808,-203.72511227850973,-210.57995858558115
2025-01-01 04:53:00,0.36836027595562365,0.2078202090944708,0.0,0.006139337932593728,0.003463670151574513,0.0,0.04204185599697864,0.27631841995864503,0.0,0.05,0.0,0.0,0.0,0.19323687576113746,0,0.01458333333333334,1,0,0,Off,0,0,Off,0,0,Off,0.03155827543427626,0.023668706575707184,On,0,0,Off,0.003518405062134503,0.0,On,0.03852345093484414,0,On,0.018669252277128345,0,On,0.22609089224724044,0.16956816918543027,On,Off,0.0,20.000000000000057,0.0,0.0,0.0,0.0,0,0.0,21116.65276888889,Off,0.0,23.888888888888914,0,0.0,0.05,0.0,0.0,0,0,0,11489.55984,Off,0.0,0,82.06154037334011,51.666666666666686,46.10666666666668,0.0,51.954296907542506,0.6683821439179977,1841.3774964162524,0.0,128.2211568333439,49.87773217436214,51.954296907542506,48.83944980777196,12.43753247303448,19.237287698289965,-0.2627123017100921,9.487124274122326,0.625041566431047,-1.1,9.236100170605994,-2989.8391610246276,-3132.009669039047,-412.8977055533313,-3372.0795732872684,-0.0,-0.0,434.53314194276135,0.0,2.0,0.1256380355833564,0.0,0,1.1758477087019674,131.99922844444444,-52.29272968012046,0.20130366025295113,8.86573010751383,0.0027258514418033,128.30949225209793,1.2240365705165044,0.22910382756581216,-3201.0613709218487,69.05170188280191,0.08807276579093044,-200.50483230352268,-212.39287324980862
2025-01-01 04:54:00,1.4191331926222905,0.2078202090944708,0.9006625,0.023652219877038177,0.003463670151574513,0.015011041666666667,0.04204185599697864,0.27631841995864503,1.0507729166666668,0.05,0.0,0.9006625,0.0,0.19323687576113746,0,0.01458333333333334,1,0,0,Off,0,0,Off,0,0,Off,0.03155827543427626,0.023668706575707184,On,0,0,Off,0.003518405062134503,0.0,On,0.03852345093484414,0,On,0.018669252277128345,0,On,0.22609089224724044,0.16956816918543027,On,On,17415.9303113141,20.000000000000057,0.8,4751.49537424146,26.39581596111111,1.0507729166666668,1,21116.65276888889,21116.65276888889,Off,0.0,23.888888888888914,0,0.0,0.05,0.0,0.0,0,0,0,11489.55984,Off,0.0,0,81.7002385588306,51.666666666666686,46.10666666666668,0.0,51.89812380187204,0.6693336020572254,1841.3774964162526,0.0,127.65662274817282,49.615863750264204,51.89812380187204,48.47473372446029,12.43753247303448,19.116295094054507,-0.3837049059455495,9.438876911045048,0.6064874162527061,-1.1,9.236100170605994,14465.058409755704,1642.3476286733185,-410.92636510083645,-3339.042129679762,-0.0,-0.0,434.53314194276135,0.0,2.0,0.12515168054382916,0.0,0,1.1712959067242585,131.99922844444444,-46.36291382139237,0.2028606757524794,8.810075594879116,0.0027262956404846927,128.0488297512489,1.224542969727123,0.22858119850251538,-3179.2046310696323,70.05688550149087,0.08759784008832386,-197.27867059064258,-213.64769451019384
2025-01-01 04:55:00,1.4191331926222905,0.2078202090944708,0.9006625,0.023652219877038177,0.003463670151574513,0.015011041666666667,0.04204185599697864,0.27631841995864503,1.0507729166666668,0.05,0.0,0.9006625,0.0,0.19323687576113746,0,0.01458333333333334,1,0,0,Off,0,0,Off,0,0,Off,0.03155827543427626,0.023668706575707184,On,0,0,Off,0.003518405062134503,0.0,On,0.03852345093484414,0,On,0.018669252277128345,0,On,0.22609089224724044,0.16956816918543027,On,On,17415.9303113141,20.000000000000057,0.8,4751.49537424146,26.39581596111111,1.0507729166666668,1,21116.65276888889,21116.65276888889,Off,0.0,23.888888888888914,0,0.0,0.05,0.0,0.0,0,0,0,11489.55984,Off,0.0,0,80.48143592677152,51.666666666666686,46.10666666666668,0.0,51.84190094332233,0.6702886192264361,1841.3774964162526,0.0,125.7522436355805,49.35407038392029,51.84190094332233,48.110155104219274,12.43753247303448,19.314960455344348,-0.1850395446557087,9.564563250063884,0.587832512510099,-1.1,9.236100170605994,14399.337117577019,1582.4850787895812,-409.41264405238036,-3393.3558652474,-0.0,-0.0,434.53314194276135,0.0,2.0,0.12594972375146168,0.0,0,1.178764801575908,131.99922844444444,-57.77047043244025,0.2003969540605032,8.902981740168253,0.0027267387534489805,128.00207057152872,1.2237108358958573,0.2299401850600427,-3236.2465136478613,67.23621819598227,0.08711772525905558,-194.0526241752931,-215.36001987708727
2025-01-01 04:56:00,1.4191331926222905,0.2078202090944708,0.9006625,0.023652219877038177,0.003463670151574513,0.015011041666666667,0.04204185599697864,0.27631841995864503,1.0507729166666668,0.05,0.0,0.9006625,0.0,0.19323687576113746,0,0.01458333333333334,1,0,0,Off,0,0,Off,0,0,Off,0.03155827543427626,0.023668706575707184,On,0,0,Off,0.003518405062134503,0.0,On,0.03852345093484414,0,On,0.018669252277128345,0,On,0.22609089224724044,0.16956816918543027,On,On,17415.9303113141,20.000000000000057,0.8,4751.49537424146,26.39581596111111,1.0507729166666668,1,21116.65276888889,21116.65276888889,Off,0.0,23.888888888888914,0,0.0,0.05,0.0,0.0,0,0,0,11489.55984,Off,0.0,0,79.28084956630497,51.666666666666686,46.10666666666668,0.0,51.78581732370908,0.6712439902697851,1841.3774964162526,0.0,123.87632744735151,49.09253021472203,51.78581732370908,47.745886660228514,12.43753247303448,19.507086445505216,0.0,9.683283801857069,0.5690698500833724,-1.1,9.236100170605994,14336.44651036221,1525.9477241741802,-407.3347911523496,-3446.20961182632,-0.0,-0.0,434.53314194276135,0.0,2.0,0.12671891675623462,0.0,0,1.1859636870727426,131.99922844444444,-67.80733106833068,0.19804743766114152,8.9920250939157,0.002727182005813703,127.94825517380518,1.22290715673193,0.23121651823987693,-3290.4366756480617,64.88902558078189,0.0866321532307739,-190.82587644537043,-216.50891470697917
2025-01-01 04:57:00,1.4191331926222905,0.2078202090944708,0.9006625,0.023652219877038177,0.003463670151574513,0.015011041666666667,0.04204185599697864,0.27631841995864503,1.0507729166666668,0.05,0.0,0.9006625,0.0,0.19323687576113746,0,0.01458333333333334,1,0,0,Off,0,0,Off,0,0,Off,0.03155827543427626,0.023668706575707184,On,0,0,Off,0.003518405062134503,0.0,On,0.03852345093484414,0,On,0.018669252277128345,0,On,0.22609089224724044,0.16956816918543027,On,On,17415.9303113141,20.000000000000057,0.8,4751.49537424146,26.39581596111111,1.0507729166666668,1,21116.65276888889,21116.65276888889,Off,0.0,23.888888888888914,0,0.0,0.05,0.0,0.0,0,0,0,11489.55984,Off,0.0,0,78.09728887604317,51.666666666666686,46.10666666666668,0.0,51.72986900152423,0.6721997739759801,1841.3774964162524,0.0,122.02701386881745,48.831239458375045,51.72986900152423,47.38192468680045,12.43753247303448,19.693113007264298,0.0,9.795590641740134,0.5502315968931856,-1.1,9.236100170605994,14275.074227203642,1472.1532849916716,-405.6855134162509,-3497.6915592334935,-0.0,-0.0,434.53314194276135,0.0,2.0,0.12746130198060365,0.0,0,1.1929116782682065,131.99922844444444,-77.69766681972293,0.19580308479897937,9.078173570019572,0.0027276253630010047,127.88785162495476,1.2221299863883224,0.23241744809237272,-3341.974648436571,62.632559186782544,0.08614187130247529,-187.60432439128488,-218.08118902496602
2025-01-01 04:58:00,1.4191331926222905,0.2078202090944708,0.9006625,0.023652219877038177,0.003463670151574513,0.015011041666666667,0.04204185599697864,0.27631841995864503,1.0507729166666668,0.05,0.0,0.9006625,0.0,0.19323687576113746,0,0.01458333333333334,1,0,0,Off,0,0,Off,0,0,Off,0.03155827543427626,0.023668706575707184,On,0,0,Off,0.003518405062134503,0.0,On,0.03852345093484414,0,On,0.018669252277128345,0,On,0.22609089224724044,0.16956816918543027,On,On,17415.9303113141,20.000000000000057,0.8,4751.49537424146,26.39581596111111,1.0507729166666668,1,21116.65276888889,21116.65276888889,Off,0.0,23.888888888888914,0,0.0,0.05,0.0,0.0,0,0,0,11489.55984,Off,0.0,0,76.92983247774958,51.666666666666686,46.10666666666668,0.0,51.674052297656225,0.6731560253431214,1841.3774964162526,0.0,120.20286324648373,48.570194577923466,51.674052297656225,47.01826571805709,12.43753247303448,19.873379992841937,0.0,9.901937371536803,0.531311788348264,-1.1,9.236100170605994,14215.380126831715,1420.9773370577036,-403.5181311829414,-3547.866036278063,-0.0,-0.0,434.53314194276135,0.0,2.0,0.12817848756478983,0.0,0,1.1996238257636989,131.99922844444444,-87.21729014708134,0.19365652732118216,9.161642117390027,0.002728068792686451,127.82124594597734,1.2213778092985577,0.23354895241240245,-3391.0230098843435,60.50497270058725,0.08564664201380545,-184.38728062170202,-219.13085056123938
2025-01-01 04:59:00,1.4191331926222905,0.2078202090944708,0.9006625,0.023652219877038177,0.003463670151574513,0.015011041666666667,0.04204185599697864,0.27631841995864503,1.0507729166666668,0.05,0.0,0.9006625,0.0,0.19323687576113746,0,0.01458333333333334,1,0,0,Off,0,0,Off,0,0,Off,0.03155827543427626,0.023668706575707184,On,0,0,Off,0.003518405062134503,0.0,On,0.03852345093484414,0,On,0.018669252277128345,0,On,0.22609089224724044,0.16956816918543027,On,On,17415.9303113141,20.000000000000057,0.8,4751.49537424146,26.39581596111111,1.0507729166666668,1,21116.65276888889,21116.65276888889,Off,0.0,23.888888888888914,0,0.0,0.05,0.0,0.0,0,0,0,11489.55984,Off,0.0,0,75.77768600857104,51.666666666666686,46.10666666666668,0.0,51.61836373606888,0.6741127965387999,1841.3774964162524,0.0,118.40263438839224,48.3093922278209,51.61836373606888,46.65490647369691,12.43753247303448,20.048180108221892,0.0,10.002718379022504,0.5123406282463465,-1.1,9.236100170605994,14157.353188152885,1372.275523740971,-401.7440565630154,-3596.7873466017054,-0.0,-0.0,434.53314194276135,0.0,2.0,0.12887186590102498,0.0,0,1.206113160972898,131.99922844444444,-96.32291850226906,0.19160133020198375,9.242618022777204,0.002728512264368756,127.74878016700443,1.220649316456581,0.23461620271775607,-3437.7237155143353,58.50386501384627,0.0851471765701671,-181.18018296981603,-220.56387359319942
2025-01-01 05:00:00,0.3687623793912962,0.2078202090944708,0.0,0.006146039656521603,0.003463670151574513,0.0,0.042443959432651154,0.27631841995864503,0.0,0.05,0.0,0.0,0.0,0.19323687576113746,0,0.01458333333333334,1,0,0,Off,0,0,Off,0,0,Off,0.03155827543427626,0.023668706575707184,On,0,0,Off,0.0039205084978070175,0.0,On,0.03852345093484414,0,On,0.018669252277128345,0,On,0.22609089224724044,0.16956816918543027,On,Off,0.0,20.000000000000057,0.0,0.0,0.0,0.0,0,0.0,21116.65276888889,Off,0.0,23.888888888888914,0,0.0,0.05,0.0,0.0,0,0,0,11489.55984,Off,0.0,0,74.89609609948867,51.666666666666686,46.10666666666668,0.0,51.56280001581168,0.135178278109034,368.72352300500626,0.0,117.02515015545106,48.0488292275439,51.56280001581168,46.291843833410006,12.43753247303448,20.217771636494874,0.0,10.09828286788423,0.4933131956996587,-1.1,9.236100170605994,-3314.5616754608536,-3425.576065963625,-399.49903896813737,-3644.5028169882517,-0.0,-0.0,434.9352453784338,0.0,2.0,0.12954266878189333,0.0,0,1.2123912122556753,131.99922844444444,-104.99410385103553,0.18963177961351563,9.320538802018419,0.0027289557491506243,127.67076262316142,1.2199433507736328,0.2356237459698195,-3482.2033935839218,56.62732762029671,0.08464326927256005,-177.98246893602,-221.5165700321174
2025-01-01 05:01:00,0.3687623793912962,0.2078202090944708,0.0,0.006146039656521603,0.003463670151574513,0.0,0.042443959432651154,0.27631841995864503,0.0,0.05,0.0,0.0,0.0,0.19323687576113746,0,0.01458333333333334,1,0,0,Off,0,0,Off,0,0,Off,0.03155827543427626,0.023668706575707184,On,0,0,Off,0.0039205084978070175,0.0,On,0.03852345093484414,0,On,0.018669252277128345,0,On,0.22609089224724044,0.16956816918543027,On,Off,0.0,20.000000000000057,0.0,0.0,0.0,0.0,0,0.0,21116.65276888889,Off,0.0,23.888888888888914,0,0.0,0.05,0.0,0.0,0,0,0,11489.55984,Off,0.0,0,75.13271113461983,51.666666666666686,46.10666666666668,0.0,51.53672349214499,0.13526843290447743,368.7235230050062,0.0,117.39486114784347,47.98424640538451,51.53672349214499,46.208007862004266,12.43753247303448,20.06616789707064,0.0,10.01745206432635,0.4742574904820662,-1.1,9.236100170605994,-3263.0760123469777,-3385.9468789619873,-397.6133945209115,-3601.8365574983527,-0.0,-0.0,434.9352453784338,0.0,2.0,0.128943103886532,0.0,0,1.206779878035466,131.99922844444444,-96.17470022705886,0.19144999598993157,9.25198210303546,0.0027293992195738656,127.39195621340838,1.2205737804741212,0.2347718229510347,-3444.5689498465294,58.622070884542005,0.08413558853239322,-174.79908304377528,-222.81431147713624
2025-01-01 05:02:00,0.3687623793912962,0.2078202090944708,0.0,0.006146039656521603,0.003463670151574513,0.0,0.042443959432651154,0.27631841995864503,0.0,0.05,0.0,0.0,0.0,0.19323687576113746,0,0.01458333333333334,1,0,0,Off,0,0,Off,0,0,Off,0.03155827543427626,0.023668706575707184,On,0,0,Off,0.0039205084978070175,0.0,On,0.03852345093484414,0,On,0.018669252277128345,0,On,0.22609089224724044,0.16956816918543027,On,Off,0.0,20.000000000000057,0.0,0.0,0.0,0.0,0,0.0,21116.65276888889,Off,0.0,23.888888888888914,0,0.0,0.05,0.0,0.0,0,0,0,11489.55984,Off,0.0,0,75.35546028031179,51.666666666666686,46.10666666666668,0.0,51.51057062612449,0.1353589725033869,368.7235230050063,0.0,117.74290668798716,47.91961442821844,51.51057062612449,46.12413632926542,12.43753247303448,19.919681934869264,0.0,9.941349850841968,0.45516942530023746,-1.1,9.236100170605994,-3214.4756903324997,-3349.0320621448777,-395.46235077298326,-3560.7988596853866,-0.0,-0.0,434.9352453784338,0.0,2.0,0.1283623494166653,0.0,0,1.201344590787138,131.99922844444444,-88.61207602554686,0.19322637559881908,9.18532385437578,0.0027298414929963935,127.11827436454541,1.2211835378165725,0.23396690218287486,-3409.2609221821913,60.22886003731338,0.08362395573402717,-171.62954914050354,-223.83280163247971
2025-01-01 05:03:00,0.3687623793912962,0.2078202090944708,0.4645728511809253,0.006146039656521603,0.003463670151574513,0.007742880853015421,0.042443959432651154,0.27631841995864503,0.0,0.05,0.4645728511809253,0.0,0.0,0.19323687576113746,0,0.01458333333333334,1,0,0,Off,0,0,Off,0,0,Off,0.03155827543427626,0.023668706575707184,On,0,0,Off,0.0039205084978070175,0.0,On,0.03852345093484414,0,On,0.018669252277128345,0,On,0.22609089224724044,0.16956816918543027,On,Off,0.0,20.000000000000057,0.0,0.0,0.0,0.0,0,0.0,21116.65276888889,Off,0.0,23.888888888888914,0,0.0,0.05,0.0,0.0,0,0,0,11489.55984,On,10550.56,0,77.39053719679251,51.666666666666686,46.10666666666668,0.0,51.484344489597596,0.13544988755405757,368.7235230050063,10550.56,120.92271436998828,47.854936176580686,51.484344489597596,46.04023202007224,12.43753247303448,19.77792987823594,0.0,9.869539249391556,0.4360686872362823,-1.1,9.236100170605994,-3167.4107039111645,-3314.2740565640056,-393.15085041832407,-3521.263930717222,-0.0,-0.0,434.9352453784338,0.0,2.0,0.12779901272680366,0.0,0,1.1960723167267715,131.99922844444444,-81.08201857237594,0.1949638748840845,9.120376248238692,0.0027302825959030263,126.84940505707577,1.2217741608984958,0.23320482547026633,-3376.0553926996377,61.78133613563194,0.08310883047373101,-168.47732241757623,-224.67352800074784
2025-01-01 05:04:00,0.3687623793912962,0.2078202090944708,0.4645728511809253,0.006146039656521603,0.003463670151574513,0.007742880853015421,0.042443959432651154,0.27631841995864503,0.0,0.05,0.4645728511809253,0.0,0.0,0.19323687576113746,0,0.01458333333333334,1,0,0,Off,0,0,Off,0,0,Off,0.03155827543427626,0.023668706575707184,On,0,0,Off,0.0039205084978070175,0.0,On,0.03852345093484414,0,On,0.018669252277128345,0,On,0.22609089224724044,0.16956816918543027,On,Off,0.0,20.000000000000057,0.0,0.0,0.0,0.0,0,0.0,21116.65276888889,Off,0.0,23.888888888888914,0,0.0,0.05,0.0,0.0,0,0,0,11489.55984,On,10550.56,0,81.23741077276652,51.666666666666686,46.10666666666668,0.0,51.45808693081832,0.13554103396223957,368.7235230050063,10550.56,126.9334543324477,49.19258718870796,51.45808693081832,48.05983731765279,12.43753247303448,19.640623628888324,0.0,9.801673041872442,0.41697044707507763,-1.1,9.236100170605994,-3122.010709854861,-3281.5193773410265,-391.1192166384525,-3483.1349302021895,-0.0,-0.0,434.9352453784338,0.0,2.0,0.12725206634435968,0.0,0,1.1909534397275137,131.99922844444444,-73.81102503110529,0.19666448765988567,9.057713557192237,0.0027307225530434566,126.58510110547458,1.22234679601859,0.23248231188577564,-3344.773495833305,63.25411849227861,0.08259056038598754,-165.3450423522846,-225.7741742861679
2025-01-01 05:05:00,0.3687623793912962,0.2078202090944708,0.4645728511809253,0.006146039656521603,0.003463670151574513,0.007742880853015421,0.042443959432651154,0.27631841995864503,0.0,0.05,0.4645728511809253,0.0,0.0,0.19323687576113746,0,0.01458333333333334,1,0,0,Off,0,0,Off,0,0,Off,0.03155827543427626,0.023668706575707184,On,0,0,Off,0.0039205084978070175,0.0,On,0.03852345093484414,0,On,0.018669252277128345,0,On,0.22609089224724044,0.16956816918543027,On,Off,0.0,20.000000000000057,0.0,0.0,0.0,0.0,0,0.0,21116.65276888889,Off,0.0,23.888888888888914,0,0.0,0.05,0.0,0.0,0,0,0,11489.55984,On,10550.56,0,85.07093243374617,51.666666666666686,46.10666666666668,0.0,51.43183956430252,0.13563226766945766,368.72352300500626,10550.56,132.92333192772838,50.52943904157554,51.43183956430252,50.07823878021206,12.43753247303448,19.507518893643756,0.0,9.737457894598078,0.3978727995064581,-1.1,9.236100170605994,-3078.239940281796,-3250.618539079944,-388.8703683596118,-3446.32894083553,-0.0,-0.0,434.9352453784338,0.0,2.0,0.12672064526128404,0.0,0,1.185979864169849,131.99922844444444,-66.84624482469965,0.1983298230189695,8.997208835918336,0.002731161387809238,126.32514675932964,1.2229024125501273,0.23179659442385298,-3315.2640088440467,64.64546976410253,0.08206903369529821,-162.2325142924765,-226.63785406713532
2025-01-01 05:06:00,0.3687623793912962,0.2078202090944708,0.0,0.006146039656521603,0.003463670151574513,0.0,0.042443959432651154,0.27631841995864503,0.0,0.05,0.0,0.0,0.0,0.19323687576113746,0,0.01458333333333334,1,0,0,Off,0,0,Off,0,0,Off,0.03155827543427626,0.023668706575707184,On,0,0,Off,0.0039205084978070175,0.0,On,0.03852345093484414,0,On,0.018669252277128345,0,On,0.22609089224724044,0.16956816918543027,On,Off,0.0,20.000000000000057,0.0,0.0,0.0,0.0,0,0.0,21116.65276888889,Off,0.0,23.888888888888914,0,0.0,0.05,0.0,0.0,0,0,0,11489.55984,Off,0.0,0,87.10383910666697,51.666666666666686,46.10666666666668,0.0,51.86549450894407,0.13414049379907,368.7235230050063,0.0,136.09974860416713,51.86549450894407,51.86549450894407,51.86549450894407,12.43753247303448,19.37840309089696,-0.12159690910309706,9.676640444845376,0.37879264753687153,-1.1,9.236100170605994,-3036.05059601582,-3221.440912503218,-386.61291665150935,-3410.773303375126,-0.0,-0.0,434.9352453784338,0.0,2.0,0.12620400089749595,0.0,0,1.1811445840848545,131.99922844444444,-60.21253801912762,0.19996122596271768,8.937345376749594,0.0027315991224149444,126.06934954245973,1.223441852384685,0.23114528342117427,-3287.396389570053,65.95547706683533,0.08154465395781262,-159.1425898643845,-227.47032678712486
2025-01-01 05:07:00,0.3687623793912962,0.2078202090944708,0.0,0.006146039656521603,0.003463670151574513,0.0,0.042443959432651154,0.27631841995864503,0.0,0.05,0.0,0.0,0.0,0.19323687576113746,0,0.01458333333333334,1,0,0,Off,0,0,Off,0,0,Off,0.03155827543427626,0.023668706575707184,On,0,0,Off,0.0039205084978070175,0.0,On,0.03852345093484414,0,On,0.018669252277128345,0,On,0.22609089224724044,0.16956816918543027,On,Off,0.0,20.000000000000057,0.0,0.0,0.0,0.0,0,0.0,21116.65276888889,Off,0.0,23.888888888888914,0,0.0,0.05,0.0,0.0,0,0,0,11489.55984,Off,0.0,0,87.26328468889984,51.666666666666686,46.10666666666668,0.0,51.8389382730377,0.13423090343105132,368.72352300500626,0.0,136.348882326406,51.79837561933366,51.8389382730377,51.77809429248165,12.43753247303448,19.253086175181757,-0.24691382481830004,9.618997289920165,0.3597384755019563,-1.1,9.236100170605994,-2995.3832548148243,-3193.882106558232,-384.3325911110404,-3376.4028553104467,-0.0,-0.0,434.9352453784338,0.0,2.0,0.12570146601368637,0.0,0,1.1764413547727546,131.99922844444444,-53.91564488281142,0.20155987101394893,8.880146611671144,0.0027320357780318324,125.8175341334964,1.2239658675084355,0.23052626822963607,-3261.0557676360327,67.1736610778008,0.08101760122186391,-156.07670227571535,-228.2558888353251
2025-01-01 05:08:00,1.419535296057963,0.2078202090944708,0.9006625,0.02365892160096605,0.003463670151574513,0.015011041666666667,0.042443959432651154,0.27631841995864503,1.0507729166666668,0.05,0.0,0.9006625,0.0,0.19323687576113746,0,0.01458333333333334,1,0,0,Off,0,0,Off,0,0,Off,0.03155827543427626,0.023668706575707184,On,0,0,Off,0.0039205084978070175,0.0,On,0.03852345093484414,0,On,0.018669252277128345,0,On,0.22609089224724044,0.16956816918543027,On,On,17415.9303113141,20.000000000000057,0.8,4751.49537424146,26.39581596111111,1.0507729166666668,1,21116.65276888889,21116.65276888889,Off,0.0,23.888888888888914,0,0.0,0.05,0.0,0.0,0,0,0,11489.55984,Off,0.0,0,87.41291082306401,51.666666666666686,46.10666666666668,0.0,51.81232140261337,0.13432164186192788,368.72352300500637,0.0,136.58267316103752,51.731223606094176,51.81232140261337,51.69067470783458,12.43753247303448,19.13139496786734,-0.36860503213271656,9.56432763192496,0.340718997128934,-1.1,9.236100170605994,14459.756167897505,1583.6974372049185,-382.0297737303321,-3343.1582019793964,-0.0,-0.0,434.9352453784338,0.0,2.0,0.12521243316784708,0.0,0,1.1718644911773457,131.99922844444444,-47.95118681563167,0.20312681849092992,8.824119951503205,0.0027324713748857737,125.56953855169957,1.224475143142845,0.229937644947689,-3236.1392639437163,68.34132690717493,0.08048806638075498,-153.03628750661676,-228.99348622371537
2025-01-01 05:09:00,1.419535296057963,0.2078202090944708,0.9006625,0.02365892160096605,0.003463670151574513,0.015011041666666667,0.042443959432651154,0.27631841995864503,1.0507729166666668,0.05,0.0,0.9006625,0.0,0.19323687576113746,0,0.01458333333333334,1,0,0,Off,0,0,Off,0,0,Off,0.03155827543427626,0.023668706575707184,On,0,0,Off,0.0039205084978070175,0.0,On,0.03852345093484414,0,On,0.018669252277128345,0,On,0.22609089224724044,0.16956816918543027,On,On,17415.9303113141,20.000000000000057,0.8,4751.49537424146,26.39581596111111,1.0507729166666668,1,21116.65276888889,21116.65276888889,Off,0.0,23.888888888888914,0,0.0,0.05,0.0,0.0,0,0,0,11489.55984,Off,0.0,0,86.70466477684812,51.666666666666686,46.10666666666668,0.0,51.78564607826309,0.13441270272954345,368.7235230050063,0.0,135.47603871382518,51.664040509142616,51.78564607826309,51.603237724582385,12.43753247303448,19.329396936472342,-0.17060306352771448,9.68394405318077,0.3217425830131726,-1.1,9.236100170605994,14394.225540139989,1526.4211781395552,-379.7091364556892,-3397.3161457482133,-0.0,-0.0,434.9352453784338,0.0,2.0,0.12600760923287407,0.0,0,1.1793065524109145,131.99922844444444,-59.323870804330454,0.20066774465840176,8.916599074377508,0.0027329059323329147,125.50988060053544,1.2236458800972325,0.2312235967272042,-3290.738886245346,65.6646901434408,0.07995623549276436,-150.0226920958847,-229.68644435980448
2025-01-01 05:10:00,1.419535296057963,0.2078202090944708,0.9006625,0.02365892160096605,0.003463670151574513,0.015011041666666667,0.042443959432651154,0.27631841995864503,1.0507729166666668,0.05,0.0,0.9006625,0.0,0.19323687576113746,0,0.01458333333333334,1,0,0,Off,0,0,Off,0,0,Off,0.03155827543427626,0.023668706575707184,On,0,0,Off,0.0039205084978070175,0.0,On,0.03852345093484414,0,On,0.018669252277128345,0,On,0.22609089224724044,0.16956816918543027,On,On,17415.9303113141,20.000000000000057,0.8,4751.49537424146,26.39581596111111,1.0507729166666668,1,21116.65276888889,21116.65276888889,Off,0.0,23.888888888888914,0,0.0,0.05,0.0,0.0,0,0,0,11489.55984,Off,0.0,0,86.01427621392789,51.666666666666686,46.10666666666668,0.0,51.759101312341585,0.1345034405570552,368.7235230050063,0.0,134.3973065842623,51.597004545018486,51.759101312341585,51.51595616135694,12.43753247303448,19.520890133306914,0.0,9.796908254333887,0.30281709678121427,-1.1,9.236100170605994,14331.519182263317,1472.35615341205,-377.37304813528226,-3450.019381302634,-0.0,-0.0,434.9352453784338,0.0,2.0,0.1267740841473285,0.0,0,1.186479999271605,131.99922844444444,-69.32699312658198,0.19832242631727448,9.005234736867665,0.0027333405776813237,125.44383284619984,1.2228449335228906,0.23243150088257458,-3342.5808883120976,63.44166748268749,0.07942228503806696,-147.03714882390463,-230.3358993113776
2025-01-01 05:11:00,1.419535296057963,0.2078202090944708,0.9006625,0.02365892160096605,0.003463670151574513,0.015011041666666667,0.042443959432651154,0.27631841995864503,1.0507729166666668,0.05,0.0,0.9006625,0.0,0.19323687576113746,0,0.01458333333333334,1,0,0,Off,0,0,Off,0,0,Off,0.03155827543427626,0.023668706575707184,On,0,0,Off,0.0039205084978070175,0.0,On,0.03852345093484414,0,On,0.018669252277128345,0,On,0.22609089224724044,0.16956816918543027,On,On,17415.9303113141,20.000000000000057,0.8,4751.49537424146,26.39581596111111,1.0507729166666668,1,21116.65276888889,21116.65276888889,Off,0.0,23.888888888888914,0,0.0,0.05,0.0,0.0,0,0,0,11489.55984,Off,0.0,0,85.34056256181765,51.666666666666686,46.10666666666668,0.0,51.73268318114513,0.13459386722484956,368.7235230050063,0.0,133.34462900284007,51.53011200396297,51.73268318114513,51.428826415371894,12.43753247303448,19.70631158158743,0.0,9.90375463850815,0.2839499875306413,-1.1,9.236100170605994,14270.324141217721,1420.9344192560297,-375.02435537816507,-3501.355618914853,-0.0,-0.0,434.9352453784338,0.0,2.0,0.12751388566153266,0.0,0,1.1934038094962092,131.99922844444444,-79.18579655995862,0.19608187554541764,9.091705706233341,0.002733775278840821,125.3718171743558,1.222070370820845,0.23356824007322025,-3391.8632230719754,61.30226808654521,0.07888638427994556,-144.08079350674697,-230.94356187141813
2025-01-01 05:12:00,1.419535296057963,0.2078202090944708,0.9006625,0.02365892160096605,0.003463670151574513,0.015011041666666667,0.042443959432651154,0.27631841995864503,1.0507729166666668,0.05,0.0,0.9006625,0.0,0.19323687576113746,0,0.01458333333333334,1,0,0,Off,0,0,Off,0,0,Off,0.03155827543427626,0.023668706575707184,On,0,0,Off,0.0039205084978070175,0.0,On,0.03852345093484414,0,On,0.018669252277128345,0,On,0.22609089224724044,0.16956816918543027,On,On,17415.9303113141,20.000000000000057,0.8,4751.49537424146,26.39581596111111,1.0507729166666668,1,21116.65276888889,21116.65276888889,Off,0.0,23.888888888888914,0,0.0,0.05,0.0,0.0,0,0,0,11489.55984,Off,0.0,0,84.68260897125555,51.666666666666686,46.10666666666668,0.0,51.70638802163339,0.13468399379356505,368.72352300500626,0.0,132.31657651758678,51.46335942188786,51.70638802163339,51.34184512201511,12.43753247303448,19.88599877138109,0.0,10.004920985395346,0.26514827637961774,-1.1,9.236100170605994,14210.800200892467,1372.0337380906676,-372.6656766919515,-3551.3888116971666,-0.0,-0.0,434.9352453784338,0.0,2.0,0.12822860994374582,0.0,0,1.2000929216404088,131.99922844444444,-88.67654410290012,0.19393876886606062,9.174804800142432,0.0027342100058046215,125.29418271970113,1.2213206871832012,0.23463947366359753,-3438.7467524993713,59.28511634857904,0.0783486946769387,-141.15466482932362,-231.51101186262787
2025-01-01 05:13:00,1.419535296057963,0.2078202090944708,0.9006625,0.02365892160096605,0.003463670151574513,0.015011041666666667,0.042443959432651154,0.27631841995864503,1.0507729166666668,0.05,0.0,0.9006625,0.0,0.19323687576113746,0,0.01458333333333334,1,0,0,Off,0,0,Off,0,0,Off,0.03155827543427626,0.023668706575707184,On,0,0,Off,0.0039205084978070175,0.0,On,0.03852345093484414,0,On,0.018669252277128345,0,On,0.22609089224724044,0.16956816918543027,On,On,17415.9303113141,20.000000000000057,0.8,4751.49537424146,26.39581596111111,1.0507729166666668,1,21116.65276888889,21116.65276888889,Off,0.0,23.888888888888914,0,0.0,0.05,0.0,0.0,0,0,0,11489.55984,Off,0.0,0,84.03962656549906,51.666666666666686,46.10666666666668,0.0,51.680212372438746,0.1347738307002878,368.7235230050063,0.0,131.31191650859228,51.39674352475807,51.680212372438746,51.25500910091774,12.43753247303448,20.060242433786225,0.0,10.100786941622193,0.24641857151911847,-1.1,9.236100170605994,14152.936518372557,1325.5119064288474,-370.29953279822746,-3600.1729590606774,-0.0,-0.0,434.9352453784338,0.0,2.0,0.12891963930408432,0.0,0,1.2065602727592561,131.99922844444444,-97.75607925929853,0.1918867088678687,9.254701774077759,0.0027346447302541727,125.21123940624615,1.220594582631322,0.2356500886806209,-3483.371454117469,57.3879863048567,0.07780937008787943,-138.2597086983022,-232.03982409992528
2025-01-01 05:14:00,0.3687623793912962,0.2078202090944708,0.0,0.006146039656521603,0.003463670151574513,0.0,0.042443959432651154,0.27631841995864503,0.0,0.05,0.0,0.0,0.0,0.19323687576113746,0,0.01458333333333334,1,0,0,Off,0,0,Off,0,0,Off,0.03155827543427626,0.023668706575707184,On,0,0,Off,0.0039205084978070175,0.0,On,0.03852345093484414,0,On,0.018669252277128345,0,On,0.22609089224724044,0.16956816918543027,On,Off,0.0,20.000000000000057,0.0,0.0,0.0,0.0,0,0.0,21116.65276888889,Off,0.0,23.888888888888914,0,0.0,0.05,0.0,0.0,0,0,0,11489.55984,Off,0.0,0,83.41091852168968,51.666666666666686,46.10666666666668,0.0,51.654152946106336,0.13486338784902482,368.72352300500626,0.0,130.3295601901401,51.33026120242174,51.654152946106336,51.168315330579446,12.43753247303448,20.229299156042597,0.0,10.191687890533046,0.2277670791609911,-1.1,9.236100170605994,-3319.2237850647307,-3470.2524735146358,-367.92832633864487,-3647.755132038119,-0.0,-0.0,434.9352453784338,0.0,2.0,0.12958819684439626,0.0,0,1.2128173098759314,131.99922844444444,-106.40389840504564,0.18992001397584563,9.333004691344733,0.0027350794253578237,125.12326704172749,1.2198909078470046,0.23660437571547616,-3525.8617727838896,55.60929926925367,0.07726855686019587,-135.3967819106306,-232.53154442801423
2025-01-01 05:15:00,0.3687623793912962,0.2078202090944708,0.0,0.006146039656521603,0.003463670151574513,0.0,0.042443959432651154,0.27631841995864503,0.0,0.05,0.0,0.0,0.0,0.19323687576113746,0,0.01458333333333334,1,0,0,Off,0,0,Off,0,0,Off,0.03155827543427626,0.023668706575707184,On,0,0,Off,0.0039205084978070175,0.0,On,0.03852345093484414,0,On,0.018669252277128345,0,On,0.22609089224724044,0.16956816918543027,On,Off,0.0,20.000000000000057,0.0,0.0,0.0,0.0,0,0.0,21116.65276888889,Off,0.0,23.888888888888914,0,0.0,0.05,0.0,0.0,0,0,0,11489.55984,Off,0.0,0,83.21241473335249,51.666666666666686,46.10666666666668,0.0,51.62820660880767,1.0445304224638008,2853.911107584313,0.0,130.01939802086326,51.263909489486764,51.62820660880767,51.081760929826316,12.43753247303448,20.07717346994482,0.0,10.10643204413559,0.20919961601619724,-1.1,9.236100170605994,-3267.554804911158,-3428.308567450634,-365.5543432419528,-3604.927221135681,-0.0,-0.0,434.9352453784338,0.0,2.0,0.12898667938698807,0.0,0,1.2071877016067987,131.99922844444444,-97.56282915391077,0.1917463435700242,9.263450003026724,0.0027355140656191734,124.85961489288577,1.2205234646983671,0.2357094640328154,-3486.005170810742,57.69660336010777,0.0767263939614246,-132.56665601963343,-232.98768722231935
2025-01-01 05:16:00,0.3687623793912962,0.2078202090944708,0.0,0.006146039656521603,0.003463670151574513,0.0,0.042443959432651154,0.27631841995864503,0.0,0.05,0.0,0.0,0.0,0.19323687576113746,0,0.01458333333333334,1,0,0,Off,0,0,Off,0,0,Off,0.03155827543427626,0.023668706575707184,On,0,0,Off,0.0039205084978070175,0.0,On,0.03852345093484414,0,On,0.018669252277128345,0,On,0.22609089224724044,0.16956816918543027,On,Off,0.0,20.000000000000057,0.0,0.0,0.0,0.0,0,0.0,21116.65276888889,Off,0.0,23.888888888888914,0,0.0,0.05,0.0,0.0,0,0,0,11489.55984,Off,0.0,0,82.5683789913301,51.666666666666686,46.10666666666668,0.0,51.552627479071795,1.0465486893323916,2853.9111075843134,0.0,129.01309217395328,50.867180349856525,51.552627479071795,50.5244567852489,12.43753247303448,19.9301851797606,0.0,10.026142447863432,0.19072162218728692,-1.1,9.236100170605994,-3218.780928432154,-3389.217639396229,-363.1797516947169,-3563.735151784668,-0.0,-0.0,434.9352453784338,0.0,2.0,0.12840403735285644,0.0,0,1.2017347486244783,131.99922844444444,-89.98102202591988,0.19353066068510832,9.196531946319341,0.002735947565247977,124.60067458916242,1.2211352734423455,0.23486356423391794,-3448.608608517388,59.39096912115891,0.07618301312370052,-129.77002121480484,-233.40973047991207
2025-01-01 05:17:00,0.3687623793912962,0.2078202090944708,0.0,0.006146039656521603,0.003463670151574513,0.0,0.042443959432651154,0.27631841995864503,0.0,0.05,0.0,0.0,0.0,0.19323687576113746,0,0.01458333333333334,1,0,0,Off,0,0,Off,0,0,Off,0.03155827543427626,0.023668706575707184,On,0,0,Off,0.0039205084978070175,0.0,On,0.03852345093484414,0,On,0.018669252277128345,0,On,0.22609089224724044,0.16956816918543027,On,Off,0.0,20.000000000000057,0.0,0.0,0.0,0.0,0,0.0,21116.65276888889,Off,0.0,23.888888888888914,0,0.0,0.05,0.0,0.0,0,0,0,11489.55984,Off,0.0,0,81.91193551505101,51.666666666666686,46.10666666666668,0.0,51.47698828175899,1.048576384164966,2853.911107584313,0.0,127.9873992422672,50.470585003842494,51.47698828175899,49.967383364884256,12.43753247303448,19.787949127317056,0.0,9.950368219740271,0.17233817424538111,-1.1,9.236100170605994,-3171.551347316991,-3352.4138659083137,-360.8066017409777,-3524.0526062573886,-0.0,-0.0,434.9352453784338,0.0,2.0,0.1278388740882488,0.0,0,1.196445379631674,131.99922844444444,-82.43398643803596,0.19527593091303244,9.13204854672006,0.002736379949122928,124.34616318486214,1.2217278769791045,0.23406243258387213,-3413.438706204838,61.024840296524346,0.07563853899557202,-127.00749017396414,-233.7991115670136
2025-01-01 05:18:00,0.3687623793912962,0.2078202090944708,0.0,0.006146039656521603,0.003463670151574513,0.0,0.042443959432651154,0.27631841995864503,0.0,0.05,0.0,0.0,0.0,0.19323687576113746,0,0.01458333333333334,1,0,0,Off,0,0,Off,0,0,Off,0.03155827543427626,0.023668706575707184,On,0,0,Off,0.0039205084978070175,0.0,On,0.03852345093484414,0,On,0.018669252277128345,0,On,0.22609089224724044,0.16956816918543027,On,Off,0.0,20.000000000000057,0.0,0.0,0.0,0.0,0,0.0,21116.65276888889,Off,0.0,23.888888888888914,0,0.0,0.05,0.0,0.0,0,0,0,11489.55984,Off,0.0,0,81.24386738035071,51.666666666666686,46.10666666666668,0.0,51.401291872286826,1.0506134942529652,2853.911107584313,0.0,126.94354278179799,50.07412602905881,51.401291872286826,49.41054310744481,12.43753247303448,19.6501760497909,0.0,9.878749136092539,0.15405399852526566,-1.1,9.236100170605994,-3125.9950435437654,-3317.7340719412955,-358.43682761264984,-3485.782277268753,-0.0,-0.0,434.9352453784338,0.0,2.0,0.12729015843785885,0.0,0,1.1913099440349288,131.99922844444444,-75.14801165344613,0.19698415547930717,9.069138444814573,0.0027368112405024353,124.09585524389759,1.2223024259831416,0.2333027028444516,-3380.308025246548,62.57395330525261,0.07509308930301119,-124.27960188786233,-234.1572257247875
2025-01-01 05:19:00,0.3687623793912962,0.2078202090944708,0.0,0.006146039656521603,0.003463670151574513,0.0,0.042443959432651154,0.27631841995864503,0.0,0.05,0.0,0.0,0.0,0.19323687576113746,0,0.01458333333333334,1,0,0,Off,0,0,Off,0,0,Off,0.03155827543427626,0.023668706575707184,On,0,0,Off,0.0039205084978070175,0.0,On,0.03852345093484414,0,On,0.018669252277128345,0,On,0.22609089224724044,0.16956816918543027,On,Off,0.0,20.000000000000057,0.0,0.0,0.0,0.0,0,0.0,21116.65276888889,Off,0.0,23.888888888888914,0,0.0,0.05,0.0,0.0,0,0,0,11489.55984,Off,0.0,0,80.56483941311686,51.666666666666686,46.10666666666668,0.0,51.32554093338116,1.052660010949694,2853.9111075843134,0.0,125.8825615829951,49.67780584044145,51.32554093338116,48.8539382939716,12.43753247303448,19.516620592640937,0.0,9.810979736965686,0.1358734845608077,-1.1,9.236100170605994,-3082.075620528199,-3285.0207723793405,-356.0722503642412,-3448.840825910196,-0.0,-0.0,434.9352453784338,0.0,2.0,0.12675702201437802,0.0,0,1.186320314588203,131.99922844444444,-68.17003999643673,0.19865695002851144,9.007686987804982,0.0027372414613730206,123.84955346978253,1.2228598938294186,0.23258152511698468,-3349.0575304443337,64.03675806499332,0.07454677501820538,-121.58682544090061,-234.48542492334056
2025-01-01 05:20:00,0.3687623793912962,0.2078202090944708,0.0,0.006146039656521603,0.003463670151574513,0.0,0.042443959432651154,0.27631841995864503,0.0,0.05,0.0,0.0,0.0,0.19323687576113746,0,0.01458333333333334,1,0,0,Off,0,0,Off,0,0,Off,0.03155827543427626,0.023668706575707184,On,0,0,Off,0.0039205084978070175,0.0,On,0.03852345093484414,0,On,0.018669252277128345,0,On,0.22609089224724044,0.16956816918543027,On,Off,0.0,20.000000000000057,0.0,0.0,0.0,0.0,0,0.0,21116.65276888889,Off,0.0,23.888888888888914,0,0.0,0.05,0.0,0.0,0,0,0,11489.55984,Off,0.0,0,79.87543073896639,51.666666666666686,46.10666666666668,0.0,51.249738001133764,1.0547159290405068,2853.9111075843143,0.0,124.80536052963498,49.28162671481379,51.249738001133764,48.297571071653806,12.43753247303448,19.387069202982687,-0.11293079701736985,9.746795314256389,0.11780069856504116,-1.1,9.236100170605994,-3039.7447007441274,-3254.13585636372,-353.7145808934733,-3413.1552100266663,-0.0,-0.0,434.9352453784338,0.0,2.0,0.1262387131292453,0.0,0,1.1814694562302752,131.99922844444444,-61.524736095894866,0.20029566545425864,8.948298450247684,0.002737670632617502,123.60708146889739,1.2234011260816742,0.23189642946349376,-3319.5495172863953,65.41366092267546,0.07399970053405461,-118.92956372995867,-234.7850171635146
2025-01-01 05:21:00,0.3687623793912962,0.2078202090944708,0.0,0.006146039656521603,0.003463670151574513,0.0,0.042443959432651154,0.27631841995864503,0.0,0.05,0.0,0.0,0.0,0.19323687576113746,0,0.01458333333333334,1,0,0,Off,0,0,Off,0,0,Off,0.03155827543427626,0.023668706575707184,On,0,0,Off,0.0039205084978070175,0.0,On,0.03852345093484414,0,On,0.018669252277128345,0,On,0.22609089224724044,0.16956816918543027,On,Off,0.0,20.000000000000057,0.0,0.0,0.0,0.0,0,0.0,21116.65276888889,Off,0.0,23.888888888888914,0,0.0,0.05,0.0,0.0,0,0,0,11489.55984,Off,0.0,0,79.17615947856771,51.666666666666686,46.10666666666668,0.0,51.17388548388798,1.0567812462936443,2853.911107584313,0.0,123.71274918526206,48.88559080869017,51.17388548388798,47.741443471091266,12.43753247303448,19.261330943763014,-0.23866905623704326,9.685961838843228,0.0998393968629698,-1.1,9.236100170605994,-2998.942331508039,-3224.9559436064296,-351.36542325037306,-3378.6599177396765,-0.0,-0.0,434.9352453784338,0.0,2.0,0.12573456167895294,0.0,0,1.1767510974553026,131.99922844444444,-55.21765914679605,0.20190148167228233,8.890873903049012,0.0027380987741392913,123.36827833290218,1.2239268781043602,0.23124522785926147,-3291.6625255424747,66.70658193604483,0.07345196384225618,-116.30815710497437,-235.05726614539873
2025-01-01 05:22:00,1.419535296057963,0.2078202090944708,0.9006625,0.02365892160096605,0.003463670151574513,0.015011041666666667,0.042443959432651154,0.27631841995864503,1.0507729166666668,0.05,0.0,0.9006625,0.0,0.19323687576113746,0,0.01458333333333334,1,0,0,Off,0,0,Off,0,0,Off,0.03155827543427626,0.023668706575707184,On,0,0,Off,0.0039205084978070175,0.0,On,0.03852345093484414,0,On,0.018669252277128345,0,On,0.22609089224724044,0.16956816918543027,On,On,17415.9303113141,20.000000000000057,0.8,4751.49537424146,26.39581596111111,1.0507729166666668,1,21116.65276888889,21116.65276888889,Off,0.0,23.888888888888914,0,0.0,0.05,0.0,0.0,0,0,0,11489.55984,Off,0.0,0,78.46749801550847,51.666666666666686,46.10666666666668,0.0,51.09798567568327,1.058855963149331,2853.911107584313,0.0,122.60546564923197,48.489700170949234,51.09798567568327,47.18555741858222,12.43753247303448,19.139231815993103,-0.3607681840069539,9.628269076712769,0.08199303920102549,-1.1,9.236100170605994,14456.326057394741,1554.1140557285553,-349.02627816138676,-3345.295234556978,-0.0,-0.0,434.9352453784338,0.0,2.0,0.12524395757859286,0.0,0,1.1721595284721544,131.99922844444444,-49.24426474081295,0.20347546399750524,8.834628234939807,0.0027385259049537035,123.1329952557658,1.2244378382330057,0.23062594772146305,-3265.287835770941,67.90651725803633,0.07290365671318592,-113.7228869182685,-235.30339124311826
2025-01-01 05:23:00,1.419535296057963,0.2078202090944708,0.9006625,0.02365892160096605,0.003463670151574513,0.015011041666666667,0.042443959432651154,0.27631841995864503,1.0507729166666668,0.05,0.0,0.9006625,0.0,0.19323687576113746,0,0.01458333333333334,1,0,0,Off,0,0,Off,0,0,Off,0.03155827543427626,0.023668706575707184,On,0,0,Off,0.0039205084978070175,0.0,On,0.03852345093484414,0,On,0.018669252277128345,0,On,0.22609089224724044,0.16956816918543027,On,On,17415.9303113141,20.000000000000057,0.8,4751.49537424146,26.39581596111111,1.0507729166666668,1,21116.65276888889,21116.65276888889,Off,0.0,23.888888888888914,0,0.0,0.05,0.0,0.0,0,0,0,11489.55984,Off,0.0,0,76.90139541552053,51.666666666666686,46.10666666666668,0.0,51.02204076633556,1.0609400824938717,2853.911107584313,0.0,120.15843033675083,48.09395675233547,51.02204076633556,46.629914745335434,12.43753247303448,19.336838530943762,-0.1631614690562948,9.745018686042672,0.06426480187448172,-1.1,9.236100170605994,14390.897787172094,1498.0622412686294,-346.698546874608,-3399.358268145388,-0.0,-0.0,434.9352453784338,0.0,2.0,0.12603744195620908,0.0,0,1.1795857571852884,131.99922844444444,-60.60950137505033,0.2010165809494551,8.926838551911288,0.002738952043258677,123.06099750250291,1.2236102824142152,0.23187743718978046,-3318.733972650127,65.30083967729627,0.07235486487618388,-111.17397897300441,-235.52456790160358
2025-01-01 05:24:00,1.419535296057963,0.2078202090944708,1.3652353511809254,0.02365892160096605,0.003463670151574513,0.022753922519682092,0.042443959432651154,0.27631841995864503,1.0507729166666668,0.05,0.4645728511809253,0.9006625,0.0,0.19323687576113746,0,0.01458333333333334,1,0,0,Off,0,0,Off,0,0,Off,0.03155827543427626,0.023668706575707184,On,0,0,Off,0.0039205084978070175,0.0,On,0.03852345093484414,0,On,0.018669252277128345,0,On,0.22609089224724044,0.16956816918543027,On,On,17415.9303113141,20.000000000000057,0.8,4751.49537424146,26.39581596111111,1.0507729166666668,1,21116.65276888889,21116.65276888889,Off,0.0,23.888888888888914,0,0.0,0.05,0.0,0.0,0,0,0,11489.55984,On,10550.56,0,77.17873993652728,51.666666666666686,46.10666666666668,0.0,50.94623977696549,1.0630284493476505,2853.9111075843134,10550.56,120.59178115082386,47.69853867984232,50.94623977696549,46.07468813128074,12.43753247303448,19.527948060763304,0.0,9.8552571099738,0.046657590718016353,-1.1,9.236100170605994,14328.291484091005,1445.15720141562,-344.3835368053703,-3451.9679851978,-0.0,-0.0,434.9352453784338,0.0,2.0,0.12680228664749116,0.0,0,1.1867439467700036,131.99922844444444,-70.60608740372781,0.1986713795085494,9.015920612347163,0.0027393782204326715,122.98324321419281,1.2228109887132514,0.23305296181507168,-3369.4641957329077,63.12602290706782,0.07180566820198853,-108.6616068766861,-235.72192992868418
2025-01-01 05:25:00,1.419535296057963,0.2078202090944708,1.3652353511809254,0.02365892160096605,0.003463670151574513,0.022753922519682092,0.042443959432651154,0.27631841995864503,1.0507729166666668,0.05,0.4645728511809253,0.9006625,0.0,0.19323687576113746,0,0.01458333333333334,1,0,0,Off,0,0,Off,0,0,Off,0.03155827543427626,0.023668706575707184,On,0,0,Off,0.0039205084978070175,0.0,On,0.03852345093484414,0,On,0.018669252277128345,0,On,0.22609089224724044,0.16956816918543027,On,On,17415.9303113141,20.000000000000057,0.8,4751.49537424146,26.39581596111111,1.0507729166666668,1,21116.65276888889,21116.65276888889,Off,0.0,23.888888888888914,0,0.0,0.05,0.0,0.0,0,0,0,11489.55984,On,10550.56,0,79.2970390508193,51.666666666666686,46.10666666666668,0.0,50.87061779713251,1.0651200929219449,2853.9111075843134,10550.56,123.90162351690515,48.70581502689386,50.87061779713251,47.62341364177454,12.43753247303448,19.712996844541237,0.0,9.959511477739094,0.029174054028861373,-1.1,9.236100170605994,14267.194286956965,1394.8541935564563,-342.0597748742229,-3503.212093082272,-0.0,-0.0,434.9352453784338,0.0,2.0,0.1275405155787105,0.0,0,1.1936530391737594,131.99922844444444,-80.45917665329677,0.1964308778325972,9.101430991156002,0.0027398044067287104,122.90011125222502,1.222038027481969,0.23415924613172368,-3417.6760861478856,61.03490546288178,0.07125614088990512,-106.18589530884128,-235.87387956538163
2025-01-01 05:26:00,1.419535296057963,0.2078202090944708,1.3652353511809254,0.02365892160096605,0.003463670151574513,0.022753922519682092,0.042443959432651154,0.27631841995864503,1.0507729166666668,0.05,0.4645728511809253,0.9006625,0.0,0.19323687576113746,0,0.01458333333333334,1,0,0,Off,0,0,Off,0,0,Off,0.03155827543427626,0.023668706575707184,On,0,0,Off,0.0039205084978070175,0.0,On,0.03852345093484414,0,On,0.018669252277128345,0,On,0.22609089224724044,0.16956816918543027,On,On,17415.9303113141,20.000000000000057,0.8,4751.49537424146,26.39581596111111,1.0507729166666668,1,21116.65276888889,21116.65276888889,Off,0.0,23.888888888888914,0,0.0,0.05,0.0,0.0,0,0,0,11489.55984,On,10550.56,0,81.4295683496169,51.666666666666686,46.10666666666668,0.0,50.795210114956234,1.067214021501157,2853.9111075843134,10550.56,127.2337005462764,49.71265131312236,50.795210114956234,49.17137191220542,12.43753247303448,19.892321829903544,0.0,10.058213251050837,0.011817448122110469,-1.1,9.236100170605994,14207.766104927994,1347.0279619139637,-339.80718142597163,-3553.1545333719237,-0.0,-0.0,434.9352453784338,0.0,2.0,0.12825372146092767,0.0,0,1.2003279405962783,131.99922844444444,-89.9449183926153,0.19428775913366023,9.184283814593922,0.0027402305743274846,122.81191639597878,1.2212898966241346,0.2352018145800089,-3463.5301292077297,59.06271688023353,0.07070637877407204,-103.74704255384795,-236.0601388721237
2025-01-01 05:27:00,1.419535296057963,0.2078202090944708,1.3652353511809254,0.02365892160096605,0.003463670151574513,0.022753922519682092,0.042443959432651154,0.27631841995864503,1.0507729166666668,0.05,0.4645728511809253,0.9006625,0.0,0.19323687576113746,0,0.01458333333333334,1,0,0,Off,0,0,Off,0,0,Off,0.03155827543427626,0.023668706575707184,On,0,0,Off,0.0039205084978070175,0.0,On,0.03852345093484414,0,On,0.018669252277128345,0,On,0.22609089224724044,0.16956816918543027,On,On,17415.9303113141,20.000000000000057,0.8,4751.49537424146,26.39581596111111,1.0507729166666668,1,21116.65276888889,21116.65276888889,Off,0.0,23.888888888888914,0,0.0,0.05,0.0,0.0,0,0,0,11489.55984,On,10550.56,0,83.57554112774321,51.666666666666686,46.10666666666668,0.0,50.72001318394007,1.0693103124850232,2853.911107584313,10550.56,130.58678301209875,50.71904458231324,50.72001318394007,50.718560281499826,12.43753247303448,20.066213244286022,0.0,10.151735910703755,-0.005412198178072118,-1.1,9.236100170605994,14149.99620802282,1301.5375480822772,-337.52371171910033,-3601.849290084852,-0.0,-0.0,434.9352453784338,0.0,2.0,0.12894328345070966,0.0,0,1.2067815585785109,131.99922844444444,-99.02005858486176,0.19223563236082658,9.26466473482071,0.0027406566969743664,122.71893859275211,1.2205652986643867,0.23618543084239257,-3507.1656551462193,57.20782898703628,0.07015637725828099,-101.34478449795925,-236.17892722114107
2025-01-01 05:28:00,0.3687623793912962,0.2078202090944708,0.0,0.006146039656521603,0.003463670151574513,0.0,0.042443959432651154,0.27631841995864503,0.0,0.05,0.0,0.0,0.0,0.19323687576113746,0,0.01458333333333334,1,0,0,Off,0,0,Off,0,0,Off,0.03155827543427626,0.023668706575707184,On,0,0,Off,0.0039205084978070175,0.0,On,0.03852345093484414,0,On,0.018669252277128345,0,On,0.22609089224724044,0.16956816918543027,On,Off,0.0,20.000000000000057,0.0,0.0,0.0,0.0,0,0.0,21116.65276888889,Off,0.0,23.888888888888914,0,0.0,0.05,0.0,0.0,0,0,0,11489.55984,Off,0.0,0,83.99673441091029,51.666666666666686,46.10666666666668,0.0,51.72499204168406,1.0419572011305644,2853.9111075843134,0.0,131.24489751704732,51.724992041684054,51.72499204168406,51.72499204168406,12.43753247303448,20.234927206729115,0.0,10.24040894525864,-0.022511117439144093,-1.1,9.236100170605994,-3322.072178277192,-3493.2375372191464,-335.26005994033466,-3649.343416460865,-0.0,-0.0,434.9352453784338,0.0,2.0,0.12961042176232446,0.0,0,1.213025313118744,131.99922844444444,-107.66400719476118,0.19026882185801858,9.342010901711976,0.0027410827497940066,122.62143095839201,1.2198630866008762,0.23711427321031148,-3548.7063034081766,55.468766189030866,0.06960625235658652,-98.97937206150142,-236.28068787883325
2025-01-01 05:29:00,0.3687623793912962,0.2078202090944708,0.0,0.006146039656521603,0.003463670151574513,0.0,0.042443959432651154,0.27631841995864503,0.0,0.05,0.0,0.0,0.0,0.19323687576113746,0,0.01458333333333334,1,0,0,Off,0,0,Off,0,0,Off,0.03155827543427626,0.023668706575707184,On,0,0,Off,0.0039205084978070175,0.0,On,0.03852345093484414,0,On,0.018669252277128345,0,On,0.22609089224724044,0.16956816918543027,On,Off,0.0,20.000000000000057,0.0,0.0,0.0,0.0,0,0.0,21116.65276888889,Off,0.0,23.888888888888914,0,0.0,0.05,0.0,0.0,0,0,0,11489.55984,Off,0.0,0,83.36695909451926,51.666666666666686,46.10666666666668,0.0,51.64946920678635,1.0439640278324889,2853.9111075843134,0.0,130.26087358518635,51.32809996549754,51.64946920678635,51.167415344853154,12.43753247303448,20.082467813346693,0.0,10.153034924672262,-0.039477691238146484,-1.1,9.236100170605994,-3270.2983221444892,-3450.179354516429,-333.04630914673055,-3606.414388487936,-0.0,-0.0,434.9352453784338,0.0,2.0,0.1290076390035479,0.0,0,1.2073838628806735,131.99922844444444,-98.81917903498726,0.19210172308149787,9.2730065978826,0.0027415087091505527,122.37282947658221,1.2204970122391716,0.23619906426400458,-3507.773026582466,57.593672066036945,0.06905605381211467,-96.65074598380006,-236.39556316293047
2025-01-01 05:30:00,0.3687623793912962,0.2078202090944708,0.0,0.006146039656521603,0.003463670151574513,0.0,0.042443959432651154,0.27631841995864503,0.0,0.05,0.0,0.0,0.0,0.19323687576113746,0,0.01458333333333334,1,0,0,Off,0,0,Off,0,0,Off,0.03155827543427626,0.023668706575707184,On,0,0,Off,0.0039205084978070175,0.0,On,0.03852345093484414,0,On,0.018669252277128345,0,On,0.22609089224724044,0.16956816918543027,On,Off,0.0,20.000000000000057,0.0,0.0,0.0,0.0,0,0.0,21116.65276888889,Off,0.0,23.888888888888914,0,0.0,0.05,0.0,0.0,0,0,0,11489.55984,Off,0.0,0,83.199399021693,51.666666666666686,46.10666666666668,0.0,51.57388302477961,0.04285727730566548,116.93419137825838,0.0,129.9990609713953,50.931338720430304,51.57388302477961,50.61006656825566,12.43753247303448,19.935154730984795,0.0,10.070737490796374,-0.05631159223038907,0.6,9.236100170605994,-2889.0810888754154,-4573.595153879009,-118.65986714329789,-3230.617327918859,-0.0,-0.0,434.9352453784338,0.0,2.0,0.1272965498226437,0.0,0,1.1913697610729763,131.99922844444444,-93.39900633499033,0.19389250348835224,9.205914289004685,0.0027419335841267272,-79.09524776574867,1.221110156240056,0.37269159882479513,-4632.918233584157,59.32307970514809,0.1367490561857306,117.80280893632944,-236.46267607962733
2025-01-01 05:31:00,0.3687623793912962,0.2078202090944708,0.0,0.006146039656521603,0.003463670151574513,0.0,0.042443959432651154,0.27631841995864503,0.0,0.05,0.0,0.0,0.0,0.19323687576113746,0,0.01458333333333334,1,0,0,Off,0,0,Off,0,0,Off,0.03155827543427626,0.023668706575707184,On,0,0,Off,0.0039205084978070175,0.0,On,0.03852345093484414,0,On,0.018669252277128345,0,On,0.22609089224724044,0.16956816918543027,On,Off,0.0,20.000000000000057,0.0,0.0,0.0,0.0,0,0.0,21116.65276888889,Off,0.0,23.888888888888914,0,0.0,0.05,0.0,0.0,0,0,0,11489.55984,Off,0.0,0,83.47767667468453,51.666666666666686,46.10666666666668,0.0,51.5528133578509,0.042880362620096965,116.93419137825839,0.0,130.4338698041946,50.898507655307725,51.5528133578509,50.57135480403615,12.43753247303448,19.798966508239126,0.0,9.95106427839689,-0.06493403869667654,0.6,9.236100170605994,-2848.9701864522403,-4502.685776362796,-117.29412508817431,-3194.4516457166264,-0.0,-0.0,434.9352453784338,0.0,2.0,0.12676437931270523,0.0,0,1.186389171621347,131.99922844444444,-89.4537861140475,0.19551732105198985,9.14336566520271,0.002741659105571239,-78.20500185359907,1.2216780370930989,0.3718947635522468,-4564.595932998449,61.91015663565265,0.13689074479787305,119.4741323542123,-236.7682574423866
2025-01-01 05:32:00,0.3687623793912962,0.2078202090944708,0.0,0.006146039656521603,0.003463670151574513,0.0,0.042443959432651154,0.27631841995864503,0.0,0.05,0.0,0.0,0.0,0.19323687576113746,0,0.01458333333333334,1,0,0,Off,0,0,Off,0,0,Off,0.03155827543427626,0.023668706575707184,On,0,0,Off,0.0039205084978070175,0.0,On,0.03852345093484414,0,On,0.018669252277128345,0,On,0.22609089224724044,0.16956816918543027,On,Off,0.0,20.000000000000057,0.0,0.0,0.0,0.0,0,0.0,21116.65276888889,Off,0.0,23.888888888888914,0,0.0,0.05,0.0,0.0,0,0,0,11489.55984,Off,0.0,0,83.74456976170848,51.666666666666686,46.10666666666668,0.0,51.531674988362525,0.04290354821493393,116.93419137825838,0.0,130.8508902526695,50.86561878008072,51.531674988362525,50.53259067593982,12.43753247303448,19.666963122337293,0.0,9.838389895382784,-0.0735295612322496,0.6,9.236100170605994,-2807.7923249998485,-4436.207134443804,-115.71526391779669,-3159.5524595133893,-0.0,-0.0,434.9352453784338,0.0,2.0,0.12624750692420453,0.0,0,1.1815517574506469,131.99922844444444,-83.17511086489273,0.19710650209074143,9.082255625022007,0.0027413878425238515,-77.33935329043419,1.222228975905546,0.37114296583823264,-4500.479154119389,64.27201967558565,0.13703184516363828,121.14330021263613,-236.85856413043282
2025-01-01 05:33:00,0.3687623793912962,0.2078202090944708,0.0,0.006146039656521603,0.003463670151574513,0.0,0.042443959432651154,0.27631841995864503,0.0,0.05,0.0,0.0,0.0,0.19323687576113746,0,0.01458333333333334,1,0,0,Off,0,0,Off,0,0,Off,0.03155827543427626,0.023668706575707184,On,0,0,Off,0.0039205084978070175,0.0,On,0.03852345093484414,0,On,0.018669252277128345,0,On,0.22609089224724044,0.16956816918543027,On,Off,0.0,20.000000000000057,0.0,0.0,0.0,0.0,0,0.0,21116.65276888889,Off,0.0,23.888888888888914,0,0.0,0.05,0.0,0.0,0,0,0,11489.55984,Off,0.0,0,84.00057814867263,51.666666666666686,46.10666666666668,0.0,51.51047043126235,0.0429268316122279,116.93419137825839,0.0,131.25090335730098,50.83267445980785,51.51047043126235,50.493776474080605,12.43753247303448,19.538960645076298,0.0,9.73217826670817,-0.0820397176130235,0.6,9.236100170605994,-2767.398103154935,-4373.726503686344,-113.8058007851877,-3125.8572608829895,-0.0,-0.0,434.9352453784338,0.0,2.0,0.12574530181212548,0.0,0,1.1768516144756733,131.99922844444444,-76.47608765037961,0.1986610689838364,9.02250164823017,0.0027411197030006973,-76.49728760743511,1.2227636945853073,0.37043289256867806,-4440.226831327394,66.50032764105055,0.13717140120892996,122.79889934911714,-236.60470013430484
2025-01-01 05:34:00,0.3687623793912962,0.2078202090944708,0.0,0.006146039656521603,0.003463670151574513,0.0,0.042443959432651154,0.27631841995864503,0.0,0.05,0.0,0.0,0.0,0.19323687576113746,0,0.01458333333333334,1,0,0,Off,0,0,Off,0,0,Off,0.03155827543427626,0.023668706575707184,On,0,0,Off,0.0039205084978070175,0.0,On,0.03852345093484414,0,On,0.018669252277128345,0,On,0.22609089224724044,0.16956816918543027,On,Off,0.0,20.000000000000057,0.0,0.0,0.0,0.0,0,0.0,21116.65276888889,Off,0.0,23.888888888888914,0,0.0,0.05,0.0,0.0,0,0,0,11489.55984,Off,0.0,0,84.24621746196343,51.666666666666686,46.10666666666668,0.0,51.48920209128007,0.0429502104448877,116.93419137825838,0.0,131.63471478431785,50.79967695570427,51.48920209128007,50.45491438791638,12.43753247303448,19.414769170397292,-0.0852308296027644,9.631967153703675,-0.09041045645717466,0.6,9.236100170605994,-2728.397846257566,-4314.956945765709,-111.6930661648275,-3093.3031810860466,-0.0,-0.0,434.9352453784338,0.0,2.0,0.1252571022520369,0.0,0,1.1722825496104512,131.99922844444444,-70.02991054995309,0.20018221565148042,8.965423297640054,0.0027408545989442736,-75.67775048434825,1.2232829440122175,0.3697616852781889,-4383.545213624969,68.5882678592599,0.13730853260519058,124.43029178320371,-236.1233579480312
2025-01-01 05:35:00,0.3687623793912962,0.2078202090944708,0.0,0.006146039656521603,0.003463670151574513,0.0,0.042443959432651154,0.27631841995864503,0.0,0.05,0.0,0.0,0.0,0.19323687576113746,0,0.01458333333333334,1,0,0,Off,0,0,Off,0,0,Off,0.03155827543427626,0.023668706575707184,On,0,0,Off,0.0039205084978070175,0.0,On,0.03852345093484414,0,On,0.018669252277128345,0,On,0.22609089224724044,0.16956816918543027,On,Off,0.0,20.000000000000057,0.0,0.0,0.0,0.0,0,0.0,21116.65276888889,Off,0.0,23.888888888888914,0,0.0,0.05,0.0,0.0,0,0,0,11489.55984,Off,0.0,0,84.481978072689,51.666666666666686,46.10666666666668,0.0,51.467872259459085,0.04297368246102895,116.93419137825839,0.0,132.00309073857656,50.76662842186762,51.467872259459085,50.4160065030719,12.43753247303448,19.294208097439732,-0.20579190256032476,9.537347415441001,-0.09860005409665515,0.6,9.236100170605994,-2690.8440300585944,-4259.634659727971,-109.47057178659793,-3061.8309494951322,-0.0,-0.0,434.9352453784338,0.0,2.0,0.12478227592544507,0.0,0,1.1678386449794849,131.99922844444444,-63.948325941895746,0.20167111603258878,8.908817217994226,0.002740592446346448,-74.87973576379261,1.223787439998192,0.36912680838983697,-4330.175128987266,70.54046925929518,0.13744256409224836,126.02917603638399,-235.49974782298193
2025-01-01 05:36:00,1.419535296057963,0.2078202090944708,0.9006625,0.02365892160096605,0.003463670151574513,0.015011041666666667,0.042443959432651154,0.27631841995864503,1.0507729166666668,0.05,0.0,0.9006625,0.0,0.19323687576113746,0,0.01458333333333334,1,0,0,Off,0,0,Off,0,0,Off,0.03155827543427626,0.023668706575707184,On,0,0,Off,0.0039205084978070175,0.0,On,0.03852345093484414,0,On,0.018669252277128345,0,On,0.22609089224724044,0.16956816918543027,On,On,17415.9303113141,20.000000000000057,0.8,4751.49537424146,26.39581596111111,1.0507729166666668,1,21116.65276888889,21116.65276888889,Off,0.0,23.888888888888914,0,0.0,0.05,0.0,0.0,0,0,0,11489.55984,Off,0.0,0,84.70831178692897,51.666666666666686,46.10666666666668,0.0,51.446483118724565,0.04299724551839976,116.93419137825838,0.0,132.35673716707652,50.733530910524586,51.446483118724565,50.3770548064246,12.43753247303448,19.17711109630332,-0.32288890369673595,9.447951751804357,-0.1065766634251557,0.6,9.236100170605994,14761.269595668544,543.9727178463454,-107.16875239441111,-3031.3860794814536,-0.0,-0.0,434.9352453784338,0.0,2.0,0.12432024012864716,0.0,0,1.1635144470526344,131.99922844444444,-58.20988154253506,0.2031288535989021,8.854706802209076,0.002740333165053564,-74.10231459219335,1.224277842148737,0.3685259790339517,-4279.884881359543,72.36222496442821,0.13757298426758033,127.58913148118249,-234.7578838755936
2025-01-01 05:37:00,1.419535296057963,0.2078202090944708,0.9006625,0.02365892160096605,0.003463670151574513,0.015011041666666667,0.042443959432651154,0.27631841995864503,1.0507729166666668,0.05,0.0,0.9006625,0.0,0.19323687576113746,0,0.01458333333333334,1,0,0,Off,0,0,Off,0,0,Off,0.03155827543427626,0.023668706575707184,On,0,0,Off,0.0039205084978070175,0.0,On,0.03852345093484414,0,On,0.018669252277128345,0,On,0.22609089224724044,0.16956816918543027,On,On,17415.9303113141,20.000000000000057,0.8,4751.49537424146,26.39581596111111,1.0507729166666668,1,21116.65276888889,21116.65276888889,Off,0.0,23.888888888888914,0,0.0,0.05,0.0,0.0,0,0,0,11489.55984,Off,0.0,0,84.07714773743807,51.666666666666686,46.10666666666668,0.0,51.4250367523835,0.043020897575541894,116.93419137825836,0.0,131.37054333974697,50.70038638004252,51.4250367523835,50.33806119387203,12.43753247303448,19.379552311317532,-0.12044768868252476,9.534939953000011,-0.11431500014918435,0.6,9.236100170605994,14696.960905461176,492.9943208349305,-104.80606062492822,-3084.096613095838,-0.0,-0.0,434.9352453784338,0.0,2.0,0.12511849339824074,0.0,0,1.1709853078764072,131.99922844444444,-69.80803813551975,0.20056473938467134,8.948172727143866,0.0027400766784680384,-75.16373180946434,1.2234307862159597,0.36911064061966237,-4328.819094502445,70.31804109591542,0.13769939056179228,129.10498797777322,-233.91104860270144
2025-01-01 05:38:00,1.419535296057963,0.2078202090944708,0.9006625,0.02365892160096605,0.003463670151574513,0.015011041666666667,0.042443959432651154,0.27631841995864503,1.0507729166666668,0.05,0.0,0.9006625,0.0,0.19323687576113746,0,0.01458333333333334,1,0,0,Off,0,0,Off,0,0,Off,0.03155827543427626,0.023668706575707184,On,0,0,Off,0.0039205084978070175,0.0,On,0.03852345093484414,0,On,0.018669252277128345,0,On,0.22609089224724044,0.16956816918543027,On,On,17415.9303113141,20.000000000000057,0.8,4751.49537424146,26.39581596111111,1.0507729166666668,1,21116.65276888889,21116.65276888889,Off,0.0,23.888888888888914,0,0.0,0.05,0.0,0.0,0,0,0,11489.55984,Off,0.0,0,83.46399570877813,51.666666666666686,46.10666666666668,0.0,51.403722079510736,0.04304443019106771,116.93419137825838,0.0,130.41249329496583,50.66737296917864,51.403722079510736,50.2991984140126,12.43753247303448,19.575411664475226,0.0,9.616580039936503,-0.12179514242472163,0.6,9.236100170605994,14635.400273337033,445.31076899795335,-102.40654559106989,-3135.437896864504,-0.0,-0.0,434.9352453784338,0.0,2.0,0.12588841434903603,0.0,0,1.1781910062277925,131.99922844444444,-80.02738649099521,0.19811764406111768,9.037739605186063,0.002739816337927937,-76.18101136282277,1.222612394237357,0.36965851549154977,-4374.856282626471,68.67167738296436,0.1378214690322406,130.5726033215754,-232.9791489126453
2025-01-01 05:39:00,1.419535296057963,0.2078202090944708,0.9006625,0.02365892160096605,0.003463670151574513,0.015011041666666667,0.042443959432651154,0.27631841995864503,1.0507729166666668,0.05,0.0,0.9006625,0.0,0.19323687576113746,0,0.01458333333333334,1,0,0,Off,0,0,Off,0,0,Off,0.03155827543427626,0.023668706575707184,On,0,0,Off,0.0039205084978070175,0.0,On,0.03852345093484414,0,On,0.018669252277128345,0,On,0.22609089224724044,0.16956816918543027,On,On,17415.9303113141,20.000000000000057,0.8,4751.49537424146,26.39581596111111,1.0507729166666668,1,21116.65276888889,21116.65276888889,Off,0.0,23.888888888888914,0,0.0,0.05,0.0,0.0,0,0,0,11489.55984,Off,0.0,0,82.86766992347864,51.666666666666686,46.10666666666668,0.0,51.38253513157331,0.043067847318791395,116.93419137825838,0.0,129.48073425543538,50.63448693607014,51.38253513157331,50.26046283831856,12.43753247303448,19.76512734098351,0.0,9.693359177290194,-0.12900209382989247,0.6,9.236100170605994,14575.28300767238,400.33441633872644,-99.99386816730228,-3185.4906377588104,-0.0,-0.0,434.9352453784338,0.0,2.0,0.12663197794922623,0.0,0,1.1851500258550753,131.99922844444444,-90.0919112613418,0.1957783756540403,9.12508920926351,0.002739552297266593,-77.15713331613026,1.2218207256515496,0.3701730293326555,-4418.250669361601,67.08971145886676,0.13793898673982757,131.98878786373984,-231.98265603104213
2025-01-01 05:40:00,1.419535296057963,0.2078202090944708,0.9006625,0.02365892160096605,0.003463670151574513,0.015011041666666667,0.042443959432651154,0.27631841995864503,1.0507729166666668,0.05,0.0,0.9006625,0.0,0.19323687576113746,0,0.01458333333333334,1,0,0,Off,0,0,Off,0,0,Off,0.03155827543427626,0.023668706575707184,On,0,0,Off,0.0039205084978070175,0.0,On,0.03852345093484414,0,On,0.018669252277128345,0,On,0.22609089224724044,0.16956816918543027,On,On,17415.9303113141,20.000000000000057,0.8,4751.49537424146,26.39581596111111,1.0507729166666668,1,21116.65276888889,21116.65276888889,Off,0.0,23.888888888888914,0,0.0,0.05,0.0,0.0,0,0,0,11489.55984,Off,0.0,0,82.28725213540208,51.666666666666686,46.10666666666668,0.0,51.36147220141574,0.04309115264364913,116.93419137825838,0.0,128.57383146156576,50.6017247851906,51.36147220141574,50.221851077078036,12.43753247303448,19.94903806509468,0.0,9.76566954755309,-0.13592519095425606,0.6,9.236100170605994,14516.774092889924,357.88621377757227,-97.58695595236867,-3234.3132571323595,-0.0,-0.0,434.9352453784338,0.0,2.0,0.1273507387388515,0.0,0,1.1918769157149933,131.99922844444444,-99.77820667025006,0.19353942369988233,9.209014156316933,0.0027392847001263916,-78.09445857390918,1.2210542675465845,0.37065694392565496,-4459.20634602423,65.59718556034214,0.13805178166860008,133.3511970222451,-230.93815297461376
2025-01-01 05:41:00,1.419535296057963,0.2078202090944708,0.9006625,0.02365892160096605,0.003463670151574513,0.015011041666666667,0.042443959432651154,0.27631841995864503,1.0507729166666668,0.05,0.0,0.9006625,0.0,0.19323687576113746,0,0.01458333333333334,1,0,0,Off,0,0,Off,0,0,Off,0.03155827543427626,0.023668706575707184,On,0,0,Off,0.0039205084978070175,0.0,On,0.03852345093484414,0,On,0.018669252277128345,0,On,0.22609089224724044,0.16956816918543027,On,On,17415.9303113141,20.000000000000057,0.8,4751.49537424146,26.39581596111111,1.0507729166666668,1,21116.65276888889,21116.65276888889,Off,0.0,23.888888888888914,0,0.0,0.05,0.0,0.0,0,0,0,11489.55984,Off,0.0,0,81.72195002363925,51.666666666666686,46.10666666666668,0.0,51.340529784311535,0.04311434964528228,116.93419137825838,0.0,127.69054691193632,50.56908321177239,51.340529784311535,50.18335992550281,12.43753247303448,20.12743582041153,0.0,9.833845344746504,-0.1425574169530834,0.6,9.236100170605994,14459.867110664154,317.7934293101398,-95.20072896061404,-3281.954963582076,-0.0,-0.0,434.9352453784338,0.0,2.0,0.12804604379928802,0.0,0,1.1983842831564455,131.99922844444444,-109.04348244630238,0.19139421910196897,9.290410389953795,0.0027390136821335747,-78.99504082304074,1.2203117119531792,0.3711126112632674,-4497.897379025075,64.19543409375436,0.13815975119945148,134.65820349378143,-229.85893245439547
2025-01-01 05:42:00,0.3687623793912962,0.2078202090944708,0.0,0.006146039656521603,0.003463670151574513,0.0,0.042443959432651154,0.27631841995864503,0.0,0.05,0.0,0.0,0.0,0.19323687576113746,0,0.01458333333333334,1,0,0,Off,0,0,Off,0,0,Off,0.03155827543427626,0.023668706575707184,On,0,0,Off,0.0039205084978070175,0.0,On,0.03852345093484414,0,On,0.018669252277128345,0,On,0.22609089224724044,0.16956816918543027,On,Off,0.0,20.000000000000057,0.0,0.0,0.0,0.0,0,0.0,21116.65276888889,Off,0.0,23.888888888888914,0,0.0,0.05,0.0,0.0,0,0,0,11489.55984,Off,0.0,0,81.17106330256941,51.666666666666686,46.10666666666668,0.0,51.31970455021373,0.0431374416274523,116.93419137825839,0.0,126.82978641026469,50.536559075646615,51.31970455021373,50.14498633836306,12.43753247303448,20.300578454358497,0.0,9.898177447931856,-0.14889480957052187,0.6,9.236100170605994,-3011.390811789427,-4471.591616555038,-92.84754221559345,-3328.458593867457,-0.0,-0.0,434.9352453784338,0.0,2.0,0.1287190859503374,0.0,0,1.2046832917926176,131.99922844444444,-117.8674633004041,0.18933692205225824,9.369445272479219,0.0027387393719565207,-79.86070482040228,1.2195919017080317,0.3715420759924938,-4534.4755737376645,62.88395718262611,0.13826284220647206,135.90878630692063,-228.75632852251408
2025-01-01 05:43:00,0.3687623793912962,0.2078202090944708,0.0,0.006146039656521603,0.003463670151574513,0.0,0.042443959432651154,0.27631841995864503,0.0,0.05,0.0,0.0,0.0,0.19323687576113746,0,0.01458333333333334,1,0,0,Off,0,0,Off,0,0,Off,0.03155827543427626,0.023668706575707184,On,0,0,Off,0.0039205084978070175,0.0,On,0.03852345093484414,0,On,0.018669252277128345,0,On,0.22609089224724044,0.16956816918543027,On,Off,0.0,20.000000000000057,0.0,0.0,0.0,0.0,0,0.0,21116.65276888889,Off,0.0,23.888888888888914,0,0.0,0.05,0.0,0.0,0,0,0,11489.55984,Off,0.0,0,81.48244556233207,51.666666666666686,46.10666666666668,0.0,51.29899332347249,0.04316043173937891,116.93419137825839,0.0,127.31632119114386,50.504149382123515,51.29899332347249,50.106727411449036,12.43753247303448,20.152471762719678,0.0,9.787430559506907,-0.15493598230422362,0.6,9.236100170605994,-2962.9132132276727,-4406.130979856451,-90.53770944291364,-3288.66311423618,-0.0,-0.0,434.9352453784338,0.0,2.0,0.1281434719205087,0.0,0,1.1992961139771725,131.99922844444444,-109.18534436992648,0.19105962002844912,9.301495647139284,0.002738461892088723,-78.91032210185423,1.220207953992086,0.37080244908570875,-4471.547997933302,65.41701807685104,0.1383610430644718,137.1024407148692,-227.64015015778284
2025-01-01 05:44:00,0.3687623793912962,0.2078202090944708,0.0,0.006146039656521603,0.003463670151574513,0.0,0.042443959432651154,0.27631841995864503,0.0,0.05,0.0,0.0,0.0,0.19323687576113746,0,0.01458333333333334,1,0,0,Off,0,0,Off,0,0,Off,0.03155827543427626,0.023668706575707184,On,0,0,Off,0.0039205084978070175,0.0,On,0.03852345093484414,0,On,0.018669252277128345,0,On,0.22609089224724044,0.16956816918543027,On,Off,0.0,20.000000000000057,0.0,0.0,0.0,0.0,0,0.0,21116.65276888889,Off,0.0,23.888888888888914,0,0.0,0.05,0.0,0.0,0,0,0,11489.55984,Off,0.0,0,81.78024203730202,51.666666666666686,46.10666666666668,0.0,51.278206140572976,0.04318353081835648,116.93419137825839,0.0,127.7816281832844,50.47167500126113,51.278206140572976,50.06840943160522,12.43753247303448,20.009363403607956,0.0,9.683306420715121,-0.1606817157138431,0.6,9.236100170605994,-2917.20602626648,-4345.066708975606,-88.27963535244731,-3250.392236902851,-0.0,-0.0,434.9352453784338,0.0,2.0,0.12758606621414403,0.0,0,1.1940793480543128,131.99922844444444,-101.74903474206259,0.19274056983357984,9.23539093372787,0.002738187852796913,-77.98879732394656,1.220803811306224,0.37010570430014866,-4412.563591163895,67.49688218828818,0.1384543768538392,138.23910074131,-226.51873609375733
2025-01-01 05:45:00,0.4442622198187178,0.21725410153132071,0.0,0.007404370330311963,0.0036209016921886785,0.0,0.093978642140191,0.3002835776785268,0.0,0.05,0.0,0.0,0.0,0.20267076819798738,0,0.01458333333333334,1,0,0,Off,0,0,Off,0,0,Off,0.03155827543427626,0.023668706575707184,On,0,0,Off,0.0039205084978070175,0.0,On,0.09005813364238398,0,On,0.03005588674787689,0,On,0.23866941549637366,0.1790020616222802,On,Off,0.0,20.000000000000057,0.0,0.0,0.0,0.0,0,0.0,21116.65276888889,Off,0.0,23.888888888888914,0,0.0,0.05,0.0,0.0,0,0,0,11489.55984,Off,0.0,0,81.93006665382607,51.666666666666686,46.10666666666668,0.0,51.25734600164337,0.33108609835906605,896.0474435115586,0.0,128.01572914660323,50.439138755404805,51.25734600164337,50.03003513228553,12.43753247303448,19.870874452609588,0.0,9.585237426942626,-0.16613459775357606,0.6,9.236100170605994,-2798.3072957602,-4287.67525509126,-86.08000834528565,-3213.5270375696996,-0.0,-0.0,509.55458917841605,0.0,2.0,0.12704550471732975,0.0,0,1.1890202272674402,131.99922844444444,-94.33484736891646,0.19438276147695552,9.17166270899788,0.0027379171459635584,-76.82989230432048,1.221380993094298,0.3694482758118742,-4357.169298525449,69.49404343418993,0.1385428954088978,139.31907042456174,-225.3990787698474
2025-01-01 05:46:00,0.4442622198187178,0.21725410153132071,0.0,0.007404370330311963,0.0036209016921886785,0.0,0.093978642140191,0.3002835776785268,0.0,0.05,0.0,0.0,0.0,0.20267076819798738,0,0.01458333333333334,1,0,0,Off,0,0,Off,0,0,Off,0.03155827543427626,0.023668706575707184,On,0,0,Off,0.0039205084978070175,0.0,On,0.09005813364238398,0,On,0.03005588674787689,0,On,0.23866941549637366,0.1790020616222802,On,Off,0.0,20.000000000000057,0.0,0.0,0.0,0.0,0,0.0,21116.65276888889,Off,0.0,23.888888888888914,0,0.0,0.05,0.0,0.0,0,0,0,11489.55984,Off,0.0,0,81.92914933739587,51.666666666666686,46.10666666666668,0.0,51.22087974941723,0.3313974038553475,896.0474435115585,0.0,128.01429583968104,50.30298421003168,51.22087974941723,49.84403644033891,12.43753247303448,19.738076379750776,0.0,9.492757456445394,-0.17129870989317214,0.6,9.236100170605994,-2756.0223566470813,-4233.703044249491,-83.9440526474728,-3178.334450596453,-0.0,-0.0,509.55458917841605,0.0,2.0,0.12652608741419752,0.0,0,1.1841589952136886,131.99922844444444,-87.24249522904455,0.19597180342772585,9.110190680258444,0.002737650587829787,-75.96840871418664,1.2219349747418151,0.36882724107164067,-4305.074493063074,71.37144881358405,0.13862667414855565,140.34296329972622,-224.28701594719902
2025-01-01 05:47:00,0.4442622198187178,0.21725410153132071,0.0,0.007404370330311963,0.0036209016921886785,0.0,0.093978642140191,0.3002835776785268,0.0,0.05,0.0,0.0,0.0,0.20267076819798738,0,0.01458333333333334,1,0,0,Off,0,0,Off,0,0,Off,0.03155827543427626,0.023668706575707184,On,0,0,Off,0.0039205084978070175,0.0,On,0.09005813364238398,0,On,0.03005588674787689,0,On,0.23866941549637366,0.1790020616222802,On,Off,0.0,20.000000000000057,0.0,0.0,0.0,0.0,0,0.0,21116.65276888889,Off,0.0,23.888888888888914,0,0.0,0.05,0.0,0.0,0,0,0,11489.55984,Off,0.0,0,81.91734923965095,51.666666666666686,46.10666666666668,0.0,51.18435101095159,0.3317098302570604,896.0474435115586,0.0,127.99585818695459,50.16682985522419,51.18435101095159,49.6580692773605,12.43753247303448,19.60933256554671,0.0,9.405462914701133,-0.1761793563753407,0.6,9.236100170605994,-2715.2485453936556,-4182.895542184947,-81.87575159946434,-3144.364031859627,-0.0,-0.0,509.55458917841605,0.0,2.0,0.12602152123386037,0.0,0,1.1794367549758245,131.99922844444444,-80.4391027124444,0.19752596572155728,9.050809381204434,0.002737387138070581,-75.13058452133663,1.2224725271183503,0.36824006733888937,-4256.027906727399,73.13236454245182,0.13870580763846754,141.3116497551147,-223.18740135457904
2025-01-01 05:48:00,0.4442622198187178,0.21725410153132071,0.0,0.007404370330311963,0.0036209016921886785,0.0,0.093978642140191,0.3002835776785268,0.0,0.05,0.0,0.0,0.0,0.20267076819798738,0,0.01458333333333334,1,0,0,Off,0,0,Off,0,0,Off,0.03155827543427626,0.023668706575707184,On,0,0,Off,0.0039205084978070175,0.0,On,0.09005813364238398,0,On,0.03005588674787689,0,On,0.23866941549637366,0.1790020616222802,On,Off,0.0,20.000000000000057,0.0,0.0,0.0,0.0,0,0.0,21116.65276888889,Off,0.0,23.888888888888914,0,0.0,0.05,0.0,0.0,0,0,0,11489.55984,Off,0.0,0,81.89522463522336,51.666666666666686,46.10666666666668,0.0,51.147762223211934,0.3320233613481637,896.0474435115585,0.0,127.96128849253648,50.03067795179889,51.147762223211934,49.472135816092376,12.43753247303448,19.484437209694132,-0.015562790305924779,9.322998435526644,-0.18078283124578656,0.6,9.236100170605994,-2675.9488884909697,-4135.029611151228,-79.87802654591329,-3111.548390070053,-0.0,-0.0,509.55458917841605,0.0,2.0,0.12553108411229444,0.0,0,1.1748467487489833,131.99922844444444,-73.95508759933286,0.19904660943179797,8.992706286246596,0.0027371267083578944,-74.31528593654994,1.2229944663544792,0.36768452100547827,-4209.808832704361,74.7792215531322,0.13878040579094741,142.2262113411531,-222.10423788706638
2025-01-01 05:49:00,0.4442622198187178,0.21725410153132071,0.0,0.007404370330311963,0.0036209016921886785,0.0,0.093978642140191,0.3002835776785268,0.0,0.05,0.0,0.0,0.0,0.20267076819798738,0,0.01458333333333334,1,0,0,Off,0,0,Off,0,0,Off,0.03155827543427626,0.023668706575707184,On,0,0,Off,0.0039205084978070175,0.0,On,0.09005813364238398,0,On,0.03005588674787689,0,On,0.23866941549637366,0.1790020616222802,On,Off,0.0,20.000000000000057,0.0,0.0,0.0,0.0,0,0.0,21116.65276888889,Off,0.0,23.888888888888914,0,0.0,0.05,0.0,0.0,0,0,0,11489.55984,Off,0.0,0,81.86327477393264,51.666666666666686,46.10666666666668,0.0,51.11111570006125,0.33233798184057545,896.0474435115585,0.0,127.91136683426976,49.89453064459495,51.11111570006125,49.28623811686181,12.43753247303448,19.36320639401466,-0.13679360598539603,9.245045979575965,-0.18511621773856968,0.6,9.236100170605994,-2638.068087023245,-4089.9042994675074,-77.9528888500015,-3079.827102831478,-0.0,-0.0,509.55458917841605,0.0,2.0,0.12505413235891996,0.0,0,1.1703829522261964,131.99922844444444,-67.79557337018292,0.200534926322915,8.936499425200923,0.0027368692147021413,-73.52149814313262,1.2235015211905187,0.3671585983867493,-4166.220428261327,76.31612879381898,0.1388505906091189,143.08790107636543,-221.04078992636693
2025-01-01 05:50:00,0.4442622198187178,0.21725410153132071,0.0,0.007404370330311963,0.0036209016921886785,0.0,0.093978642140191,0.3002835776785268,0.0,0.05,0.0,0.0,0.0,0.20267076819798738,0,0.01458333333333334,1,0,0,Off,0,0,Off,0,0,Off,0.03155827543427626,0.023668706575707184,On,0,0,Off,0.0039205084978070175,0.0,On,0.09005813364238398,0,On,0.03005588674787689,0,On,0.23866941549637366,0.1790020616222802,On,Off,0.0,20.000000000000057,0.0,0.0,0.0,0.0,0,0.0,21116.65276888889,Off,0.0,23.888888888888914,0,0.0,0.05,0.0,0.0,0,0,0,11489.55984,Off,0.0,0,81.82195447129314,51.666666666666686,46.10666666666668,0.0,51.074413645268045,0.3326536772706751,896.0474435115586,0.0,127.84680386139553,49.75838997473612,51.074413645268045,49.10037813947016,12.43753247303448,19.245472656849234,-0.2545273431508228,9.171317349170131,-0.189187215742672,0.6,9.236100170605994,-2601.5468866003757,-4047.33712542766,-76.10157476036005,-3049.145132013072,-0.0,-0.0,509.55458917841605,0.0,2.0,0.12459008033105447,0.0,0,1.1660398843713817,131.99922844444444,-61.95634376572002,0.20199199275992302,8.882102009300551,0.002736614577000058,-72.74829525641934,1.2239943551169157,0.3666604785381524,-4125.085069364408,77.74794393674783,0.13891649340132287,143.8981090013159,-219.99968376167595
2025-01-01 05:51:00,1.4950351364853847,0.21725410153132071,0.9006625,0.02491725227475641,0.0036209016921886785,0.015011041666666667,0.093978642140191,0.3002835776785268,1.0507729166666668,0.05,0.0,0.9006625,0.0,0.20267076819798738,0,0.01458333333333334,1,0,0,Off,0,0,Off,0,0,Off,0.03155827543427626,0.023668706575707184,On,0,0,Off,0.0039205084978070175,0.0,On,0.09005813364238398,0,On,0.03005588674787689,0,On,0.23866941549637366,0.1790020616222802,On,On,17415.9303113141,20.000000000000057,0.8,4751.49537424146,26.39581596111111,1.0507729166666668,1,21116.65276888889,21116.65276888889,Off,0.0,23.888888888888914,0,0.0,0.05,0.0,0.0,0,0,0,11489.55984,Off,0.0,0,81.77168377039554,51.666666666666686,46.10666666666668,0.0,51.037658162299586,0.33297043392239545,896.0474435115585,0.0,127.76825589124303,49.622257888861604,51.037658162299586,48.91455775214262,12.43753247303448,19.131081401408977,-0.36891859859107967,9.101548887948933,-0.19300399385096467,0.6,9.236100170605994,14849.605514792083,744.334246896392,-74.32466420133412,-3019.4517590448854,-0.0,-0.0,509.55458917841605,0.0,2.0,0.12413838706663394,0.0,0,1.1618124823148397,131.99922844444444,-56.42762665554616,0.20341880431135168,8.828738855902238,0.0027363627186941077,-71.99482050636018,1.2244735809781413,0.36618849011954924,-4086.24102312338,79.07989577831161,0.1389782524052022,144.65833236803934,-218.98299656937346
2025-01-01 05:52:00,1.4950351364853847,0.21725410153132071,0.9006625,0.02491725227475641,0.0036209016921886785,0.015011041666666667,0.093978642140191,0.3002835776785268,1.0507729166666668,0.05,0.0,0.9006625,0.0,0.20267076819798738,0,0.01458333333333334,1,0,0,Off,0,0,Off,0,0,Off,0.03155827543427626,0.023668706575707184,On,0,0,Off,0.0039205084978070175,0.0,On,0.09005813364238398,0,On,0.03005588674787689,0,On,0.23866941549637366,0.1790020616222802,On,On,17415.9303113141,20.000000000000057,0.8,4751.49537424146,26.39581596111111,1.0507729166666668,1,21116.65276888889,21116.65276888889,Off,0.0,23.888888888888914,0,0.0,0.05,0.0,0.0,0,0,0,11489.55984,Off,0.0,0,80.86436683655782,51.666666666666686,46.10666666666668,0.0,51.00085126198612,0.33328823876787006,896.0474435115583,0.0,126.3505731821216,49.486136246349815,51.00085126198612,48.72877873853167,12.43753247303448,19.33611597909954,-0.16388402090051812,9.20699105312116,-0.19657506288020166,0.6,9.236100170605994,14784.511798196158,683.088564864775,-72.6221840909842,-3072.7563562763944,-0.0,-0.0,509.55458917841605,0.0,2.0,0.12494742960240472,0.0,0,1.1693843199952954,131.99922844444444,-68.21674601996422,0.20081820675909087,8.923018830119613,0.0027361135665057543,-73.06476230534423,1.2236154014191123,0.3669015789891097,-4144.977387321342,76.57057794465678,0.1390360107678733,145.37014991461896,-217.99233400560317
2025-01-01 05:53:00,1.4950351364853847,0.21725410153132071,0.9006625,0.02491725227475641,0.0036209016921886785,0.015011041666666667,0.093978642140191,0.3002835776785268,1.0507729166666668,0.05,0.0,0.9006625,0.0,0.20267076819798738,0,0.01458333333333334,1,0,0,Off,0,0,Off,0,0,Off,0.03155827543427626,0.023668706575707184,On,0,0,Off,0.0039205084978070175,0.0,On,0.09005813364238398,0,On,0.03005588674787689,0,On,0.23866941549637366,0.1790020616222802,On,On,17415.9303113141,20.000000000000057,0.8,4751.49537424146,26.39581596111111,1.0507729166666668,1,21116.65276888889,21116.65276888889,Off,0.0,23.888888888888914,0,0.0,0.05,0.0,0.0,0,0,0,11489.55984,Off,0.0,0,79.97548730246461,51.666666666666686,46.10666666666668,0.0,50.9641817964096,0.3336054607898522,896.0474435115585,0.0,124.96169891010095,49.35020309215584,50.9641817964096,48.54321374002897,12.43753247303448,19.534465965631338,0.0,9.30602538700405,-0.19990916798402417,0.6,9.236100170605994,14722.192786597374,625.6920658217459,-70.99369931049512,-3124.6767080843238,-0.0,-0.0,509.55458917841605,0.0,2.0,0.12572764942223436,0.0,0,1.176686405571298,131.99922844444444,-78.61540581081769,0.19833699433372817,9.014740687069345,0.002735860534234917,-74.09022885712076,1.2227863535162693,0.3675700728533664,-4200.309638838942,74.50633041922781,0.13908991483298874,146.03519970806977,-217.02889901856489
2025-01-01 05:54:00,1.4950351364853847,0.21725410153132071,0.9006625,0.02491725227475641,0.0036209016921886785,0.015011041666666667,0.093978642140191,0.3002835776785268,1.0507729166666668,0.05,0.0,0.9006625,0.0,0.20267076819798738,0,0.01458333333333334,1,0,0,Off,0,0,Off,0,0,Off,0.03155827543427626,0.023668706575707184,On,0,0,Off,0.0039205084978070175,0.0,On,0.09005813364238398,0,On,0.03005588674787689,0,On,0.23866941549637366,0.1790020616222802,On,On,17415.9303113141,20.000000000000057,0.8,4751.49537424146,26.39581596111111,1.0507729166666668,1,21116.65276888889,21116.65276888889,Off,0.0,23.888888888888914,0,0.0,0.05,0.0,0.0,0,0,0,11489.55984,Off,0.0,0,79.1038432954791,51.666666666666686,46.10666666666668,0.0,50.927645735788715,0.3339221298849954,896.0474435115586,0.0,123.59975514918608,49.21445459604755,50.927645735788715,48.357859026176975,12.43753247303448,19.72657545721774,0.0,9.399205196234824,-0.2030151967997866,0.6,9.236100170605994,14661.342619346855,571.4986727133964,-69.43839228261999,-3175.293888511503,-0.0,-0.0,509.55458917841605,0.0,2.0,0.1264810539959601,0.0,0,1.1837375269743642,131.99922844444444,-88.84839263415799,0.19596577454477945,9.10277076076471,0.0027356037766836983,-75.07422110898906,1.2219844682718732,0.36819793975955534,-4252.516750156089,72.52004862802548,0.13914011269118332,146.6551600910514,-216.0935523736714
2025-01-01 05:55:00,1.4950351364853847,0.21725410153132071,0.9006625,0.02491725227475641,0.0036209016921886785,0.015011041666666667,0.093978642140191,0.3002835776785268,1.0507729166666668,0.05,0.0,0.9006625,0.0,0.20267076819798738,0,0.01458333333333334,1,0,0,Off,0,0,Off,0,0,Off,0.03155827543427626,0.023668706575707184,On,0,0,Off,0.0039205084978070175,0.0,On,0.09005813364238398,0,On,0.03005588674787689,0,On,0.23866941549637366,0.1790020616222802,On,On,17415.9303113141,20.000000000000057,0.8,4751.49537424146,26.39581596111111,1.0507729166666668,1,21116.65276888889,21116.65276888889,Off,0.0,23.888888888888914,0,0.0,0.05,0.0,0.0,0,0,0,11489.55984,Off,0.0,0,78.2485023240091,51.666666666666686,46.10666666666668,0.0,50.89123931524848,0.334238273905601,896.0474435115586,0.0,122.26328488126421,49.0788871774729,50.89123931524848,48.17271110858511,12.43753247303448,19.912788403156384,0.0,9.486982246199474,-0.20590210170362028,0.6,9.236100170605994,14602.125988878226,520.319563591821,-67.95513043193489,-3224.6666582412913,-0.0,-0.0,509.55458917841605,0.0,2.0,0.12720922642213334,0.0,0,1.1905525004406414,131.99922844444444,-98.69225337299807,0.19369686174616768,9.18802896931071,0.002735343438409713,-76.01912060290002,1.2212082076791524,0.3687884238589947,-4301.825861742928,70.6500510932893,0.1391867529610812,147.23173338496468,-215.18686381689957
2025-01-01 05:56:00,1.4950351364853847,0.21725410153132071,0.9006625,0.02491725227475641,0.0036209016921886785,0.015011041666666667,0.093978642140191,0.3002835776785268,1.0507729166666668,0.05,0.0,0.9006625,0.0,0.20267076819798738,0,0.01458333333333334,1,0,0,Off,0,0,Off,0,0,Off,0.03155827543427626,0.023668706575707184,On,0,0,Off,0.0039205084978070175,0.0,On,0.09005813364238398,0,On,0.03005588674787689,0,On,0.23866941549637366,0.1790020616222802,On,On,17415.9303113141,20.000000000000057,0.8,4751.49537424146,26.39581596111111,1.0507729166666668,1,21116.65276888889,21116.65276888889,Off,0.0,23.888888888888914,0,0.0,0.05,0.0,0.0,0,0,0,11489.55984,Off,0.0,0,77.40865914376401,51.666666666666686,46.10666666666668,0.0,50.85495897546411,0.33455391915439114,896.0474435115585,0.0,120.95102991213128,48.94349744959799,50.85495897546411,47.98776668666493,12.43753247303448,20.09340152230493,0.0,9.569746349236954,-0.20857883437916855,0.6,9.236100170605994,14544.535919888312,471.95618411146097,-66.5425239105368,-3272.844549866571,-0.0,-0.0,509.55458917841605,0.0,2.0,0.12791353947425144,0.0,0,1.1971441737718636,131.99922844444444,-108.10443073763173,0.1915235310022021,9.2707060595291,0.0027350796558982394,-76.92700024231232,1.2204562410723607,0.3693443207176211,-4348.433378942881,68.89418881288168,0.13922998377052007,147.7666320204749,-214.3091559310117
2025-01-01 05:57:00,0.4442622198187178,0.21725410153132071,0.0,0.007404370330311963,0.0036209016921886785,0.0,0.093978642140191,0.3002835776785268,0.0,0.05,0.0,0.0,0.0,0.20267076819798738,0,0.01458333333333334,1,0,0,Off,0,0,Off,0,0,Off,0.03155827543427626,0.023668706575707184,On,0,0,Off,0.0039205084978070175,0.0,On,0.09005813364238398,0,On,0.03005588674787689,0,On,0.23866941549637366,0.1790020616222802,On,Off,0.0,20.000000000000057,0.0,0.0,0.0,0.0,0,0.0,21116.65276888889,Off,0.0,23.888888888888914,0,0.0,0.05,0.0,0.0,0,0,0,11489.55984,Off,0.0,0,76.58360157369141,51.666666666666686,46.10666666666668,0.0,50.818801334620154,0.33486909061199316,896.0474435115585,0.0,119.66187745889283,48.808282192872426,50.818801334620154,47.803022621998565,12.43753247303448,20.268677016850265,0.0,9.647840053646766,-0.2110542910531076,0.6,9.236100170605994,-2927.381264412098,-4325.261579257853,-65.1989756127634,-3319.8707194631384,-0.0,-0.0,509.55458917841605,0.0,2.0,0.1285952093792611,0.0,0,1.2035239296489357,131.99922844444444,-117.06513412737564,0.189439802595055,9.350242139076853,0.002734812558623421,-77.79970272898186,1.219727390477579,0.3698680820805297,-4392.512471312119,67.25089205426627,0.1392699519103387,148.26156678948462,-213.46054240224802
2025-01-01 05:58:00,0.4442622198187178,0.21725410153132071,0.0,0.007404370330311963,0.0036209016921886785,0.0,0.093978642140191,0.3002835776785268,0.0,0.05,0.0,0.0,0.0,0.20267076819798738,0,0.01458333333333334,1,0,0,Off,0,0,Off,0,0,Off,0.03155827543427626,0.023668706575707184,On,0,0,Off,0.0039205084978070175,0.0,On,0.09005813364238398,0,On,0.03005588674787689,0,On,0.23866941549637366,0.1790020616222802,On,Off,0.0,20.000000000000057,0.0,0.0,0.0,0.0,0,0.0,21116.65276888889,Off,0.0,23.888888888888914,0,0.0,0.05,0.0,0.0,0,0,0,11489.55984,Off,0.0,0,76.62117214957478,51.666666666666686,46.10666666666668,0.0,50.782763167901585,0.33518381210141135,896.0474435115586,0.0,119.72058148371059,48.6732383356961,50.782763167901585,47.618475919593365,12.43753247303448,20.122624726497953,0.0,9.550076328966703,-0.21333726698584413,0.6,9.236100170605994,-2879.623215548002,-4267.876400272336,-63.9227243083202,-3280.6665010383,-0.0,-0.0,509.55458917841605,0.0,2.0,0.12802731708293108,0.0,0,1.1982090196192725,131.99922844444444,-108.51130368811825,0.19114003771207455,9.283379676004623,0.0027345422698340557,-76.87073300413297,1.2203350242877262,0.36921228005280854,-4337.3464149378115,69.47001466547579,0.13930680213712882,148.71823695415537,-212.64096126247557
2025-01-01 05:59:00,0.4442622198187178,0.21725410153132071,0.0,0.007404370330311963,0.0036209016921886785,0.0,0.093978642140191,0.3002835776785268,0.0,0.05,0.0,0.0,0.0,0.20267076819798738,0,0.01458333333333334,1,0,0,Off,0,0,Off,0,0,Off,0.03155827543427626,0.023668706575707184,On,0,0,Off,0.0039205084978070175,0.0,On,0.09005813364238398,0,On,0.03005588674787689,0,On,0.23866941549637366,0.1790020616222802,On,Off,0.0,20.000000000000057,0.0,0.0,0.0,0.0,0,0.0,21116.65276888889,Off,0.0,23.888888888888914,0,0.0,0.05,0.0,0.0,0,0,0,11489.55984,Off,0.0,0,76.64550981762747,51.666666666666686,46.10666666666668,0.0,50.746654465046284,0.33549974345258143,896.0474435115585,0.0,119.75860909004291,48.538186673513195,50.746654465046284,47.43395277774665,12.43753247303448,19.98149457912776,0.0,9.45817834036208,-0.21543641907683522,0.6,9.236100170605994,-2834.5997786937623,-4214.374402710033,-62.71188026713543,-3242.9601905278873,-0.0,-0.0,509.55458917841605,0.0,2.0,0.1274773773811617,0.0,0,1.1930621281126734,131.99922844444444,-101.19417734429108,0.19279893013658983,9.218324257567957,0.0027342753414124456,-75.969951328252,1.2209227595621412,0.368594761672395,-4285.6313652345525,71.25696252451922,0.13934067660593352,149.13832199834042,-211.85020226547584
2025-01-01 06:00:00,0.4465180866374349,0.21856902967441555,0.0,0.007441968110623916,0.003642817161240259,0.0,0.09448127143478163,0.3020368152026533,0.0,0.05,0.0,0.0,0.0,0.2039856963410822,0,0.01458333333333334,1,0,0,Off,0,0,Off,0,0,Off,0.03331151295840273,0.024983634718802036,On,0,0,Off,0.00442313779239766,0.0,On,0.09005813364238398,0,On,0.03005588674787689,0,On,0.23866941549637366,0.1790020616222802,On,Off,0.0,20.000000000000057,0.0,0.0,0.0,0.0,0,0.0,21116.65276888889,Off,0.0,23.888888888888914,0,0.0,0.05,0.0,0.0,0,0,0,11489.55984,Off,0.0,0,76.67164440580083,51.666666666666686,46.10666666666668,0.0,50.71047818080295,0.305593346158887,815.4031735955181,0.0,119.7994443840638,48.40312995536148,50.71047818080295,47.24945584264074,12.43753247303448,19.844911490194008,0.0,9.371626035053788,-0.21736023561602894,0.6,9.236100170605994,-2788.7146195968808,-4164.069468619333,-61.56445513450342,-3206.6344829328395,-0.0,-0.0,511.8104559971332,0.0,2.0,0.12694403750754876,0.0,0,1.1880705945740015,131.99922844444444,-93.89059266117437,0.19441946727848033,9.155608889972854,0.0027340116678841943,-75.09530556371547,1.221492101724324,0.36801221665818235,-4237.049884334484,72.98041571515108,0.13937171441681712,149.52347483762827,-211.0879299721317
2025-01-01 06:01:00,0.4465180866374349,0.21856902967441555,0.0,0.007441968110623916,0.003642817161240259,0.0,0.09448127143478163,0.3020368152026533,0.0,0.05,0.0,0.0,0.0,0.2039856963410822,0,0.01458333333333334,1,0,0,Off,0,0,Off,0,0,Off,0.03331151295840273,0.024983634718802036,On,0,0,Off,0.00442313779239766,0.0,On,0.09005813364238398,0,On,0.03005588674787689,0,On,0.23866941549637366,0.1790020616222802,On,Off,0.0,20.000000000000057,0.0,0.0,0.0,0.0,0,0.0,21116.65276888889,Off,0.0,23.888888888888914,0,0.0,0.05,0.0,0.0,0,0,0,11489.55984,Off,0.0,0,76.70021350056138,51.666666666666686,46.10666666666668,0.0,50.67584513597277,0.3058701268879589,815.4031735955184,0.0,119.84408359462714,48.27878988466813,50.67584513597277,47.08026225901581,12.43753247303448,19.71263660431038,0.0,9.289997443011584,-0.21911701202996647,0.6,9.236100170605994,-2746.6299831145016,-4116.741576237669,-60.478389032515395,-3171.6103537758254,-0.0,-0.0,511.8104559971332,0.0,2.0,0.1264264639247946,0.0,0,1.1832266179188398,131.99922844444444,-86.83008533580939,0.19600317106144288,9.094396863914778,0.002733751151526467,-74.2454993757697,1.2220439952771815,0.3674619647555267,-4191.343693518812,74.60211728114311,0.13940005125641555,149.8753162646163,-210.35370529713168
2025-01-01 06:02:00,0.4465180866374349,0.21856902967441555,0.0,0.007441968110623916,0.003642817161240259,0.0,0.09448127143478163,0.3020368152026533,0.0,0.05,0.0,0.0,0.0,0.2039856963410822,0,0.01458333333333334,1,0,0,Off,0,0,Off,0,0,Off,0.03331151295840273,0.024983634718802036,On,0,0,Off,0.00442313779239766,0.0,On,0.09005813364238398,0,On,0.03005588674787689,0,On,0.23866941549637366,0.1790020616222802,On,Off,0.0,20.000000000000057,0.0,0.0,0.0,0.0,0,0.0,21116.65276888889,Off,0.0,23.888888888888914,0,0.0,0.05,0.0,0.0,0,0,0,11489.55984,Off,0.0,0,76.71795021904764,51.666666666666686,46.10666666666668,0.0,50.641149385498444,0.3061479119370648,815.4031735955181,0.0,119.87179721726193,48.15444387895868,50.641149385498444,46.9110911256888,12.43753247303448,19.584391244378835,0.0,9.212930061911814,-0.22071483172994,0.6,9.236100170605994,-2706.0475652179716,-4072.166968605121,-59.451574345355795,-3137.7998482364883,-0.0,-0.0,511.8104559971332,0.0,2.0,0.12592365730631253,0.0,0,1.1785208454390557,131.99922844444444,-80.05817297861645,0.1975521779199762,9.03526345715889,0.002733493699589696,-73.41900469169093,1.2225795561387858,0.3669417023518822,-4148.291107068079,76.12413846295848,0.13942581911986696,150.19543045536957,-209.64700480072537
2025-01-01 06:03:00,0.4465180866374349,0.21856902967441555,0.0,0.007441968110623916,0.003642817161240259,0.0,0.09448127143478163,0.3020368152026533,0.0,0.05,0.0,0.0,0.0,0.2039856963410822,0,0.01458333333333334,1,0,0,Off,0,0,Off,0,0,Off,0.03331151295840273,0.024983634718802036,On,0,0,Off,0.00442313779239766,0.0,On,0.09005813364238398,0,On,0.03005588674787689,0,On,0.23866941549637366,0.1790020616222802,On,Off,0.0,20.000000000000057,0.0,0.0,0.0,0.0,0,0.0,21116.65276888889,Off,0.0,23.888888888888914,0,0.0,0.05,0.0,0.0,0,0,0,11489.55984,Off,0.0,0,76.72541082227778,51.666666666666686,46.10666666666668,0.0,50.606393351526826,0.30642668596863726,815.4031735955181,0.0,119.88345440980902,48.03009418857841,50.606393351526826,46.7419446071042,12.43753247303448,19.45997034996818,-0.040029650031875974,9.140106823222169,-0.22216155135877028,0.6,9.236100170605994,-2666.9261543370144,-4030.1507681442786,-58.481875780308684,-3105.1359408978115,-0.0,-0.0,511.8104559971332,0.0,2.0,0.12543489745351094,0.0,0,1.1739465367883846,131.99922844444444,-73.60066943633586,0.1990678513249205,8.977396701116934,0.0027332392251097916,-72.61470129152889,1.223099597917784,0.36644941234013273,-4107.698561830502,77.54779368622324,0.13944914610165912,150.48536139900264,-208.96723717931133
2025-01-01 06:04:00,0.4465180866374349,0.21856902967441555,0.0,0.007441968110623916,0.003642817161240259,0.0,0.09448127143478163,0.3020368152026533,0.0,0.05,0.0,0.0,0.0,0.2039856963410822,0,0.01458333333333334,1,0,0,Off,0,0,Off,0,0,Off,0.03331151295840273,0.024983634718802036,On,0,0,Off,0.00442313779239766,0.0,On,0.09005813364238398,0,On,0.03005588674787689,0,On,0.23866941549637366,0.1790020616222802,On,Off,0.0,20.000000000000057,0.0,0.0,0.0,0.0,0,0.0,21116.65276888889,Off,0.0,23.888888888888914,0,0.0,0.05,0.0,0.0,0,0,0,11489.55984,Off,0.0,0,76.7230918129057,51.666666666666686,46.10666666666668,0.0,50.571579333548605,0.30670643451442736,815.4031735955181,0.0,119.87983095766515,47.905742948313524,50.571579333548605,46.57282475569599,12.43753247303448,19.339191016540337,-0.16080898345972017,9.071245421267458,-0.22346478979700227,0.6,9.236100170605994,-2629.212243241953,-3990.518043749853,-57.56714718492864,-3073.55863158251,-0.0,-0.0,511.8104559971332,0.0,2.0,0.12495954370588787,0.0,0,1.1694976960183883,131.99922844444444,-67.46406765657613,0.20055138119053847,8.921414840367984,0.002732987645404631,-71.83158851276542,1.2236048456367459,0.36598329548355096,-4069.3941895773455,78.87614582749299,0.13947015624503384,150.7466101237261,-208.31375730865474
2025-01-01 06:05:00,0.4465180866374349,0.21856902967441555,0.0,0.007441968110623916,0.003642817161240259,0.0,0.09448127143478163,0.3020368152026533,0.0,0.05,0.0,0.0,0.0,0.2039856963410822,0,0.01458333333333334,1,0,0,Off,0,0,Off,0,0,Off,0.03331151295840273,0.024983634718802036,On,0,0,Off,0.00442313779239766,0.0,On,0.09005813364238398,0,On,0.03005588674787689,0,On,0.23866941549637366,0.1790020616222802,On,Off,0.0,20.000000000000057,0.0,0.0,0.0,0.0,0,0.0,21116.65276888889,Off,0.0,23.888888888888914,0,0.0,0.05,0.0,0.0,0,0,0,11489.55984,Off,0.0,0,76.71144509091006,51.666666666666686,46.10666666666668,0.0,50.53670952156795,0.30698714387702464,815.4031735955181,0.0,119.86163295454696,47.78139218980553,50.53670952156795,46.403733523924316,12.43753247303448,19.22188685944919,-0.2781131405508681,9.006091030081727,-0.2246319203719122,0.6,9.236100170605994,-2592.8475864259003,-3953.110318624992,-56.70524570737874,-3043.0133066732083,-0.0,-0.0,511.8104559971332,0.0,2.0,0.12449701378323802,0.0,0,1.1651688735624441,131.99922844444444,-61.64473574982506,0.20200384036302269,8.866533217506973,0.002732738881620506,-71.06875427333608,1.2240959587557008,0.36554172383080924,-4033.2233941004893,80.11307547549748,0.13948896944097086,150.98063260810252,-207.68587831548126
2025-01-01 06:06:00,1.4972910033041018,0.21856902967441555,0.9006625,0.024954850055068364,0.003642817161240259,0.015011041666666667,0.09448127143478163,0.3020368152026533,1.0507729166666668,0.05,0.0,0.9006625,0.0,0.2039856963410822,0,0.01458333333333334,1,0,0,Off,0,0,Off,0,0,Off,0.03331151295840273,0.024983634718802036,On,0,0,Off,0.00442313779239766,0.0,On,0.09005813364238398,0,On,0.03005588674787689,0,On,0.23866941549637366,0.1790020616222802,On,On,17415.9303113141,20.000000000000057,0.8,4751.49537424146,26.39581596111111,1.0507729166666668,1,21116.65276888889,21116.65276888889,Off,0.0,23.888888888888914,0,0.0,0.05,0.0,0.0,0,0,0,11489.55984,Off,0.0,0,76.69088773462695,51.666666666666686,46.10666666666668,0.0,50.50178600593276,0.30726880105729026,815.4031735955181,0.0,119.82951208535462,47.65704385081705,50.50178600593276,46.2346727732592,12.43753247303448,19.10790437785944,-0.3920956221406158,8.94441118270845,-0.22567006579135426,0.6,9.236100170605994,14858.157744348355,833.7125623216393,-55.89404368287464,-3013.4496641540427,-0.0,-0.0,511.8104559971332,0.0,2.0,0.12404677023613625,0.0,0,1.1609550394256776,131.99922844444444,-56.13335880883423,0.2034262198143823,8.813377607032702,0.0027324928583934015,-70.32535516598165,1.2245735459664504,0.36512320817844235,-3999.045711950495,81.2629000306743,0.13950570136908114,151.18883828114875,-207.0828819640234
2025-01-01 06:07:00,1.4972910033041018,0.21856902967441555,1.3652353511809254,0.024954850055068364,0.003642817161240259,0.022753922519682092,0.09448127143478163,0.3020368152026533,1.0507729166666668,0.05,0.4645728511809253,0.9006625,0.0,0.2039856963410822,0,0.01458333333333334,1,0,0,Off,0,0,Off,0,0,Off,0.03331151295840273,0.024983634718802036,On,0,0,Off,0.00442313779239766,0.0,On,0.09005813364238398,0,On,0.03005588674787689,0,On,0.23866941549637366,0.1790020616222802,On,On,17415.9303113141,20.000000000000057,0.8,4751.49537424146,26.39581596111111,1.0507729166666668,1,21116.65276888889,21116.65276888889,Off,0.0,23.888888888888914,0,0.0,0.05,0.0,0.0,0,0,0,11489.55984,On,10550.56,0,77.63847691018229,51.666666666666686,46.10666666666668,0.0,50.466810785009756,0.3075513936984538,815.4031735955181,10550.56,121.31012017215983,47.53269978246583,50.466810785009756,46.065644281193876,12.43753247303448,19.313328005868872,-0.18667199413118496,9.057485504832732,-0.22658609538404073,0.6,9.236100170605994,14792.99055071026,768.3311535816861,-55.13143865784056,-3066.813593456057,-0.0,-0.0,511.8104559971332,0.0,2.0,0.12485763840803206,0.0,0,1.1685439632540071,131.99922844444444,-67.93662314491392,0.20082059979422207,8.908631381486906,0.002732249503584378,-71.39027835519985,1.2237135961862358,0.36589008462160955,-4061.749503055037,78.58528239526296,0.13952046347372818,151.37258902621238,-206.50402768405294
2025-01-01 06:08:00,1.4972910033041018,0.21856902967441555,1.3652353511809254,0.024954850055068364,0.003642817161240259,0.022753922519682092,0.09448127143478163,0.3020368152026533,1.0507729166666668,0.05,0.4645728511809253,0.9006625,0.0,0.2039856963410822,0,0.01458333333333334,1,0,0,Off,0,0,Off,0,0,Off,0.03331151295840273,0.024983634718802036,On,0,0,Off,0.00442313779239766,0.0,On,0.09005813364238398,0,On,0.03005588674787689,0,On,0.23866941549637366,0.1790020616222802,On,On,17415.9303113141,20.000000000000057,0.8,4751.49537424146,26.39581596111111,1.0507729166666668,1,21116.65276888889,21116.65276888889,Off,0.0,23.888888888888914,0,0.0,0.05,0.0,0.0,0,0,0,11489.55984,On,10550.56,0,80.42837895733042,51.666666666666686,46.10666666666668,0.0,50.43201170421133,0.30783307951217065,815.4031735955182,10550.56,125.66934212082879,48.81091089533724,50.43201170421133,48.0003604909002,12.43753247303448,19.512049549134073,0.0,9.163738077131049,-0.22738662418761518,0.6,9.236100170605994,14730.601684144947,706.9969927484522,-54.41536312119331,-3118.791567288622,-0.0,-0.0,511.8104559971332,0.0,2.0,0.12563959301590238,0.0,0,1.1758622847296978,131.99922844444444,-78.34751587766154,0.1983347386324785,8.999912690646596,0.002732002290096505,-72.41098918277524,1.222882860341774,0.3666092336644312,-4120.861405492317,76.36302399930932,0.13953336296806826,151.53319859500317,-205.94856171619648
2025-01-01 06:09:00,1.4972910033041018,0.21856902967441555,1.3652353511809254,0.024954850055068364,0.003642817161240259,0.022753922519682092,0.09448127143478163,0.3020368152026533,1.0507729166666668,0.05,0.4645728511809253,0.9006625,0.0,0.2039856963410822,0,0.01458333333333334,1,0,0,Off,0,0,Off,0,0,Off,0.03331151295840273,0.024983634718802036,On,0,0,Off,0.00442313779239766,0.0,On,0.09005813364238398,0,On,0.03005588674787689,0,On,0.23866941549637366,0.1790020616222802,On,On,17415.9303113141,20.000000000000057,0.8,4751.49537424146,26.39581596111111,1.0507729166666668,1,21116.65276888889,21116.65276888889,Off,0.0,23.888888888888914,0,0.0,0.05,0.0,0.0,0,0,0,11489.55984,On,10550.56,0,83.23357878654242,51.666666666666686,46.10666666666668,0.0,50.397423666664345,0.3081135687806477,815.4031735955181,10550.56,130.05246685397253,50.08854242689135,50.397423666664345,49.93410180700486,12.43753247303448,19.704514005431353,0.0,9.263744551171934,-0.2280780134505966,0.6,9.236100170605994,14669.684985312453,649.057044051433,-53.74379315385261,-3169.4646313119897,-0.0,-0.0,511.8104559971332,0.0,2.0,0.1263946472456868,0.0,0,1.1829288452813287,131.99922844444444,-88.59115068678899,0.19595921272941352,9.088192618703253,0.002731751371705354,-73.39047025628534,1.2220793648387838,0.36728482088350595,-4176.667012854831,74.2286826648044,0.1395445028591143,151.67193234276507,-205.41572549661768
2025-01-01 06:10:00,1.4972910033041018,0.21856902967441555,1.3652353511809254,0.024954850055068364,0.003642817161240259,0.022753922519682092,0.09448127143478163,0.3020368152026533,1.0507729166666668,0.05,0.4645728511809253,0.9006625,0.0,0.2039856963410822,0,0.01458333333333334,1,0,0,Off,0,0,Off,0,0,Off,0.03331151295840273,0.024983634718802036,On,0,0,Off,0.00442313779239766,0.0,On,0.09005813364238398,0,On,0.03005588674787689,0,On,0.23866941549637366,0.1790020616222802,On,On,17415.9303113141,20.000000000000057,0.8,4751.49537424146,26.39581596111111,1.0507729166666668,1,21116.65276888889,21116.65276888889,Off,0.0,23.888888888888914,0,0.0,0.05,0.0,0.0,0,0,0,11489.55984,On,10550.56,0,86.13448853245798,51.666666666666686,46.10666666666668,0.0,51.365591199128176,0.30045057290140476,815.4031735955181,10550.56,134.5851383319656,51.365591199128176,51.36559119912818,51.365591199128176,12.43753247303448,19.891066189332268,0.0,9.357977935878507,-0.22866637247524166,0.6,9.236100170605994,14610.404972604318,594.3149303459868,-53.11475393072669,-3218.8915481108183,-0.0,-0.0,511.8104559971332,0.0,2.0,0.12712438944188842,0.0,0,1.1897585102419648,131.99922844444444,-98.44424659609487,0.19368630839882278,9.173690261493833,0.002731496892012719,-74.33108948414247,1.2213015673502892,0.36792027319205883,-4229.40037150318,72.21992760770695,0.1395539819927531,151.79000726779415,-204.90476119852084
2025-01-01 06:11:00,1.4972910033041018,0.21856902967441555,0.9006625,0.024954850055068364,0.003642817161240259,0.015011041666666667,0.09448127143478163,0.3020368152026533,1.0507729166666668,0.05,0.0,0.9006625,0.0,0.2039856963410822,0,0.01458333333333334,1,0,0,Off,0,0,Off,0,0,Off,0.03331151295840273,0.024983634718802036,On,0,0,Off,0.00442313779239766,0.0,On,0.09005813364238398,0,On,0.03005588674787689,0,On,0.23866941549637366,0.1790020616222802,On,On,17415.9303113141,20.000000000000057,0.8,4751.49537424146,26.39581596111111,1.0507729166666668,1,21116.65276888889,21116.65276888889,Off,0.0,23.888888888888914,0,0.0,0.05,0.0,0.0,0,0,0,11489.55984,Off,0.0,0,87.2487529061542,51.666666666666686,46.10666666666668,0.0,52.64203732902722,0.29091161769278756,815.4031735955181,0.0,136.32617641586592,52.64203732902721,52.64203732902722,52.64203732902722,12.43753247303448,20.072003647595082,0.0,9.44684820358835,-0.22915756162781215,0.6,9.236100170605994,14552.75448482222,542.564536519686,-52.5263234005931,-3267.121868722441,-0.0,-0.0,511.8104559971332,0.0,2.0,0.12783019725237024,0.0,0,1.1963641730325802,131.99922844444444,-107.86441376657065,0.1915092752642358,9.256596939162904,0.0027312389866005356,-75.23490830674925,1.2205481331281087,0.36851855595189376,-4279.264881415219,70.33404369344493,0.13956189511602762,151.8885923182512,-204.4149157188443
2025-01-01 06:12:00,0.4465180866374349,0.21856902967441555,0.0,0.007441968110623916,0.003642817161240259,0.0,0.09448127143478163,0.3020368152026533,0.0,0.05,0.0,0.0,0.0,0.2039856963410822,0,0.01458333333333334,1,0,0,Off,0,0,Off,0,0,Off,0.03331151295840273,0.024983634718802036,On,0,0,Off,0.00442313779239766,0.0,On,0.09005813364238398,0,On,0.03005588674787689,0,On,0.23866941549637366,0.1790020616222802,On,Off,0.0,20.000000000000057,0.0,0.0,0.0,0.0,0,0.0,21116.65276888889,Off,0.0,23.888888888888914,0,0.0,0.05,0.0,0.0,0,0,0,11489.55984,Off,0.0,0,86.4454952684848,51.666666666666686,46.10666666666668,0.0,52.60652503525678,0.2911688045966596,815.4031735955181,0.0,135.07108635700752,52.51549994302523,52.60652503525678,52.46998739690946,12.43753247303448,20.247589371481205,0.0,9.530717019424259,-0.22955719629170807,0.6,9.236100170605994,-2919.2203279176097,-4257.871772446997,-51.97663522226304,-3314.1987791706174,-0.0,-0.0,511.8104559971332,0.0,2.0,0.12851329144048973,0.0,0,1.202757258790396,131.99922844444444,-116.8320047441256,0.18942211047921206,9.336353439067912,0.002730977784083724,-76.1037595001641,1.2198178803452333,0.3690822789983663,-4326.440699082171,68.56892663517381,0.13956833295317625,151.96880891892692,-203.94544414118997
2025-01-01 06:13:00,0.4465180866374349,0.21856902967441555,0.0,0.007441968110623916,0.003642817161240259,0.0,0.09448127143478163,0.3020368152026533,0.0,0.05,0.0,0.0,0.0,0.2039856963410822,0,0.01458333333333334,1,0,0,Off,0,0,Off,0,0,Off,0.03331151295840273,0.024983634718802036,On,0,0,Off,0.00442313779239766,0.0,On,0.09005813364238398,0,On,0.03005588674787689,0,On,0.23866941549637366,0.1790020616222802,On,Off,0.0,20.000000000000057,0.0,0.0,0.0,0.0,0,0.0,21116.65276888889,Off,0.0,23.888888888888914,0,0.0,0.05,0.0,0.0,0,0,0,11489.55984,Off,0.0,0,86.50488985808697,51.666666666666686,46.10666666666668,0.0,52.57113246413657,0.29142557729153273,815.4031735955181,0.0,135.1638904032609,52.38912942779932,52.57113246413657,52.29812790963069,12.43753247303448,20.101833951160874,0.0,9.438415468272234,-0.22987065159918946,0.6,9.236100170605994,-2871.5754150813973,-4203.865090382348,-51.46388092683458,-3275.1008290219665,-0.0,-0.0,511.8104559971332,0.0,2.0,0.12794637542415127,0.0,0,1.1974514857755374,131.99922844444444,-108.28504205656381,0.19111934151125495,9.26963003593142,0.0027307134068900564,-75.18564887990857,1.2204243630827194,0.36846182772367986,-4274.527820508433,70.66273012608495,0.1395733822928908,152.0317316827038,-203.49561260953837
2025-01-01 06:14:00,0.4465180866374349,0.21856902967441555,0.0,0.007441968110623916,0.003642817161240259,0.0,0.09448127143478163,0.3020368152026533,0.0,0.05,0.0,0.0,0.0,0.2039856963410822,0,0.01458333333333334,1,0,0,Off,0,0,Off,0,0,Off,0.03331151295840273,0.024983634718802036,On,0,0,Off,0.00442313779239766,0.0,On,0.09005813364238398,0,On,0.03005588674787689,0,On,0.23866941549637366,0.1790020616222802,On,Off,0.0,20.000000000000057,0.0,0.0,0.0,0.0,0,0.0,21116.65276888889,Off,0.0,23.888888888888914,0,0.0,0.05,0.0,0.0,0,0,0,11489.55984,Off,0.0,0,86.55107652892293,51.666666666666686,46.10666666666668,0.0,52.53566959709501,0.29168331461404284,815.4031735955181,0.0,135.23605707644208,52.26274657379093,52.53566959709501,52.12628506213889,12.43753247303448,19.960986971109552,0.0,9.351672261706257,-0.23010306789375393,0.6,9.236100170605994,-2826.6590309268736,-4153.513733672158,-50.986309922048264,-3237.4955652997814,-0.0,-0.0,511.8104559971332,0.0,2.0,0.12739736814669894,0.0,0,1.1923133208380197,131.99922844444444,-100.9739216242252,0.19277532870773897,9.204707612148649,0.002730452348920747,-74.29540319599701,1.2210109991482432,0.36787778584962705,-4225.8671785511715,72.35344487901295,0.13957712608612738,152.07838929485322,-203.0646992169015
2025-01-01 06:15:00,0.4465180866374349,0.21856902967441555,0.0,0.007441968110623916,0.003642817161240259,0.0,0.09448127143478163,0.3020368152026533,0.0,0.05,0.0,0.0,0.0,0.2039856963410822,0,0.01458333333333334,1,0,0,Off,0,0,Off,0,0,Off,0.03331151295840273,0.024983634718802036,On,0,0,Off,0.00442313779239766,0.0,On,0.09005813364238398,0,On,0.03005588674787689,0,On,0.23866941549637366,0.1790020616222802,On,Off,0.0,20.000000000000057,0.0,0.0,0.0,0.0,0,0.0,21116.65276888889,Off,0.0,23.888888888888914,0,0.0,0.05,0.0,0.0,0,0,0,11489.55984,Off,0.0,0,86.66270021540022,51.666666666666686,46.10666666666668,0.0,52.50013938037345,0.13201553032284177,368.7235230050063,0.0,135.41046908656284,52.13635412484656,52.50013938037345,51.95446149708312,12.43753247303448,19.82467411417616,0.0,9.269986706296113,-0.23025935691145535,0.6,9.236100170605994,-2783.131045098692,-4106.181194950547,-50.542228435588584,-3201.266031688999,-0.0,-0.0,511.8104559971332,0.0,2.0,0.1268649189807448,0.0,0,1.1873301234417817,131.99922844444444,-93.67546940682598,0.1943930569476412,9.142119353820101,0.002730194505983541,-73.43099181114874,1.2215792912504873,0.3673269481571874,-4180.155671837286,73.97447688673896,0.13957964355438357,152.10976556564768,-202.65199400123626
2025-01-01 06:16:00,0.4465180866374349,0.21856902967441555,0.0,0.007441968110623916,0.003642817161240259,0.0,0.09448127143478163,0.3020368152026533,0.0,0.05,0.0,0.0,0.0,0.2039856963410822,0,0.01458333333333334,1,0,0,Off,0,0,Off,0,0,Off,0.03331151295840273,0.024983634718802036,On,0,0,Off,0.00442313779239766,0.0,On,0.09005813364238398,0,On,0.03005588674787689,0,On,0.23866941549637366,0.1790020616222802,On,Off,0.0,20.000000000000057,0.0,0.0,0.0,0.0,0,0.0,21116.65276888889,Off,0.0,23.888888888888914,0,0.0,0.05,0.0,0.0,0,0,0,11489.55984,Off,0.0,0,86.8404604850127,51.666666666666686,46.10666666666668,0.0,52.473451566422945,0.13210353144762213,368.7235230050063,0.0,135.68821950783234,52.069326878546704,52.473451566422945,51.867264534608594,12.43753247303448,19.69261629024591,0.0,9.19295366313006,-0.2303442083674516,0.6,9.236100170605994,-2741.1293657745146,-4061.6449156963013,-50.12999979509851,-3166.3226936389487,-0.0,-0.0,511.8104559971332,0.0,2.0,0.12634803608883435,0.0,0,1.1824926109695582,131.99922844444444,-86.6171281326991,0.1959745438211365,9.081006628197855,0.0027299397815504184,-72.59090473901657,1.2221303521829698,0.3668067263083858,-4137.147397727094,75.50248203079326,0.13958101030348688,152.1268005862209,-202.2568003813194
2025-01-01 06:17:00,0.4465180866374349,0.21856902967441555,0.0,0.007441968110623916,0.003642817161240259,0.0,0.09448127143478163,0.3020368152026533,0.0,0.05,0.0,0.0,0.0,0.2039856963410822,0,0.01458333333333334,1,0,0,Off,0,0,Off,0,0,Off,0.03331151295840273,0.024983634718802036,On,0,0,Off,0.00442313779239766,0.0,On,0.09005813364238398,0,On,0.03005588674787689,0,On,0.23866941549637366,0.1790020616222802,On,Off,0.0,20.000000000000057,0.0,0.0,0.0,0.0,0,0.0,21116.65276888889,Off,0.0,23.888888888888914,0,0.0,0.05,0.0,0.0,0,0,0,11489.55984,Off,0.0,0,87.00733511082363,51.666666666666686,46.10666666666668,0.0,52.44669922347415,0.13219186317919948,368.72352300500626,0.0,135.9489611106619,52.00226270387823,52.44669922347415,51.780044444080275,12.43753247303448,19.564577733571593,0.0,9.120226880436016,-0.23036209678861536,0.6,9.236100170605994,-2700.625597564588,-4019.6955402704784,-49.748044989953996,-3132.589129363975,-0.0,-0.0,511.8104559971332,0.0,2.0,0.12584588698043003,0.0,0,1.177792992133571,131.99922844444444,-79.84692419774615,0.19752141788291186,9.021258654020798,0.002729688084833246,-71.77386610282375,1.222665119449611,0.36631490762946295,-4096.63231051606,76.93677024558177,0.1395812984404241,152.1303919537233,-201.8784369436773
2025-01-01 06:18:00,0.4465180866374349,0.21856902967441555,0.0,0.007441968110623916,0.003642817161240259,0.0,0.09448127143478163,0.3020368152026533,0.0,0.05,0.0,0.0,0.0,0.2039856963410822,0,0.01458333333333334,1,0,0,Off,0,0,Off,0,0,Off,0.03331151295840273,0.024983634718802036,On,0,0,Off,0.00442313779239766,0.0,On,0.09005813364238398,0,On,0.03005588674787689,0,On,0.23866941549637366,0.1790020616222802,On,Off,0.0,20.000000000000057,0.0,0.0,0.0,0.0,0,0.0,21116.65276888889,Off,0.0,23.888888888888914,0,0.0,0.05,0.0,0.0,0,0,0,11489.55984,Off,0.0,0,87.16387885407053,51.666666666666686,46.10666666666668,0.0,52.41988476706574,0.13228051861714615,368.7235230050063,0.0,136.1935607094852,51.93516386225234,52.41988476706574,51.692803409845645,12.43753247303448,19.440353953249552,-0.05964604675050467,9.051504412561599,-0.230317288530525,0.6,9.236100170605994,-2661.5786834979244,-3980.1489829987972,-49.394842658817964,-3099.9985487890917,-0.0,-0.0,511.8104559971332,0.0,2.0,0.1253577531897845,0.0,0,1.1732245428052643,131.99922844444444,-73.39059070596574,0.1990350399645179,8.964191559076683,0.0027294393299073516,-70.97876844335627,1.223184404566251,0.36584956078127295,-4058.427516303631,78.2785333048338,0.13958057669230645,152.12139605150622,-201.5162387103242
2025-01-01 06:19:00,0.4465180866374349,0.21856902967441555,0.0,0.007441968110623916,0.003642817161240259,0.0,0.09448127143478163,0.3020368152026533,0.0,0.05,0.0,0.0,0.0,0.2039856963410822,0,0.01458333333333334,1,0,0,Off,0,0,Off,0,0,Off,0.03331151295840273,0.024983634718802036,On,0,0,Off,0.00442313779239766,0.0,On,0.09005813364238398,0,On,0.03005588674787689,0,On,0.23866941549637366,0.1790020616222802,On,Off,0.0,20.000000000000057,0.0,0.0,0.0,0.0,0,0.0,21116.65276888889,Off,0.0,23.888888888888914,0,0.0,0.05,0.0,0.0,0,0,0,11489.55984,Off,0.0,0,87.31058677812074,51.666666666666686,46.10666666666668,0.0,52.39301049042179,0.13236949122937158,368.7235230050063,0.0,136.42279184081366,51.86803249983275,52.39301049042179,51.60554350453823,12.43753247303448,19.319762591959783,-0.18023740804027355,8.986518119903,-0.23021384890099822,0.6,9.236100170605994,-2623.9354368226172,-3942.840578910237,-49.06892858917891,-3068.491172201992,-0.0,-0.0,511.8104559971332,0.0,2.0,0.12488299575406042,0.0,0,1.1687812829246607,131.99922844444444,-67.25472061775832,0.200516597201785,8.907594142946042,0.00272919343507808,-70.20462274351144,1.2236889305256604,0.36540896787909727,-4022.3709972115826,79.53041830134596,0.13957891052629823,152.1006293669499,-201.1695579561288
2025-01-01 06:20:00,0.4465180866374349,0.21856902967441555,0.0,0.007441968110623916,0.003642817161240259,0.0,0.09448127143478163,0.3020368152026533,0.0,0.05,0.0,0.0,0.0,0.2039856963410822,0,0.01458333333333334,1,0,0,Off,0,0,Off,0,0,Off,0.03331151295840273,0.024983634718802036,On,0,0,Off,0.00442313779239766,0.0,On,0.09005813364238398,0,On,0.03005588674787689,0,On,0.23866941549637366,0.1790020616222802,On,Off,0.0,20.000000000000057,0.0,0.0,0.0,0.0,0,0.0,21116.65276888889,Off,0.0,23.888888888888914,0,0.0,0.05,0.0,0.0,0,0,0,11489.55984,Off,0.0,0,87.44790941788615,51.666666666666686,46.10666666666668,0.0,52.366078577607986,0.13245877481078872,368.72352300500626,0.0,136.6373584654471,51.800870659937445,52.366078577607986,51.51826670110218,12.43753247303448,19.20263778500432,-0.29736221499573645,8.925026443437167,-0.23005564932443207,0.6,9.236100170605994,-2587.637888355454,-3907.621312230346,-48.76889496947666,-3038.012591790395,-0.0,-0.0,511.8104559971332,0.0,2.0,0.12442103402694688,0.0,0,1.1644577782167724,131.99922844444444,-61.43575256219188,0.2019671596230008,8.853496847899653,0.00272895032243186,-69.45052767853278,1.2241793548468887,0.36499157799121573,-3988.317264026341,80.69595179599472,0.1395763622695268,152.068869832104,-200.83776480158068
2025-01-01 06:21:00,1.4972910033041018,0.21856902967441555,0.9006625,0.024954850055068364,0.003642817161240259,0.015011041666666667,0.09448127143478163,0.3020368152026533,1.0507729166666668,0.05,0.0,0.9006625,0.0,0.2039856963410822,0,0.01458333333333334,1,0,0,Off,0,0,Off,0,0,Off,0.03331151295840273,0.024983634718802036,On,0,0,Off,0.00442313779239766,0.0,On,0.09005813364238398,0,On,0.03005588674787689,0,On,0.23866941549637366,0.1790020616222802,On,On,17415.9303113141,20.000000000000057,0.8,4751.49537424146,26.39581596111111,1.0507729166666668,1,21116.65276888889,21116.65276888889,Off,0.0,23.888888888888914,0,0.0,0.05,0.0,0.0,0,0,0,11489.55984,Off,0.0,0,87.57626255991076,51.666666666666686,46.10666666666668,0.0,52.33909111334562,0.13254836345276805,368.7235230050063,0.0,136.83791024986056,51.73368029228916,52.33909111334562,51.43097488176093,12.43753247303448,19.08882652437291,-0.4111734756271481,8.866809348478386,-0.2298463744980295,0.6,9.236100170605994,14863.303636194147,877.1402047014822,-48.493389472737334,-3008.5126978308604,-0.0,-0.0,511.8104559971332,0.0,2.0,0.12397133212316154,0.0,0,1.1602490133255539,131.99922844444444,-55.92443328622396,0.20338771537563216,8.800420053069256,0.002728709917501169,-68.7156498747369,1.224656284372675,0.36459597479384687,-3956.1342873098433,81.77911776986555,0.13957299122825573,152.02685817581053,-200.52024764854787
2025-01-01 06:22:00,1.4972910033041018,0.21856902967441555,0.9006625,0.024954850055068364,0.003642817161240259,0.015011041666666667,0.09448127143478163,0.3020368152026533,1.0507729166666668,0.05,0.0,0.9006625,0.0,0.2039856963410822,0,0.01458333333333334,1,0,0,Off,0,0,Off,0,0,Off,0.03331151295840273,0.024983634718802036,On,0,0,Off,0.00442313779239766,0.0,On,0.09005813364238398,0,On,0.03005588674787689,0,On,0.23866941549637366,0.1790020616222802,On,On,17415.9303113141,20.000000000000057,0.8,4751.49537424146,26.39581596111111,1.0507729166666668,1,21116.65276888889,21116.65276888889,Off,0.0,23.888888888888914,0,0.0,0.05,0.0,0.0,0,0,0,11489.55984,Off,0.0,0,86.84754622263296,51.666666666666686,46.10666666666668,0.0,52.3120500906704,0.13263825151952938,368.7235230050063,0.0,135.699290972864,51.66646326023406,52.3120500906704,51.3436698450159,12.43753247303448,19.29441371033469,-0.20558628966536574,8.983158115965404,-0.2295895294963467,0.6,9.236100170605994,14798.129711363299,810.0269336995539,-48.24111431573513,-3061.884514973301,-0.0,-0.0,511.8104559971332,0.0,2.0,0.12478308648244821,0.0,0,1.1678462309910813,131.99922844444444,-67.72654097463095,0.20078054789983873,8.895118638989185,0.002728472149002927,-69.77430100816866,1.2237955318071023,0.365386173340071,-4020.5086418536584,79.04020131175231,0.13956885380568373,151.9752992771728,-200.21641359290794
2025-01-01 06:23:00,1.4972910033041018,0.21856902967441555,0.9006625,0.024954850055068364,0.003642817161240259,0.015011041666666667,0.09448127143478163,0.3020368152026533,1.0507729166666668,0.05,0.0,0.9006625,0.0,0.2039856963410822,0,0.01458333333333334,1,0,0,Off,0,0,Off,0,0,Off,0.03331151295840273,0.024983634718802036,On,0,0,Off,0.00442313779239766,0.0,On,0.09005813364238398,0,On,0.03005588674787689,0,On,0.23866941549637366,0.1790020616222802,On,On,17415.9303113141,20.000000000000057,0.8,4751.49537424146,26.39581596111111,1.0507729166666668,1,21116.65276888889,21116.65276888889,Off,0.0,23.888888888888914,0,0.0,0.05,0.0,0.0,0,0,0,11489.55984,Off,0.0,0,86.13723425182117,51.666666666666686,46.10666666666668,0.0,52.28514434479703,0.1327278109917496,368.72352300500626,0.0,134.58942851847058,51.599397613556505,52.28514434479703,51.25652424793625,12.43753247303448,19.493292570261747,-0.006707429738309401,9.092515357303894,-0.22928844669280599,0.6,9.236100170605994,14735.734134547361,747.0383762450783,-48.01082662914024,-3113.8705668959583,-0.0,-0.0,511.8104559971332,0.0,2.0,0.12556588827699794,0.0,0,1.1751724812958977,131.99922844444444,-78.13606586791045,0.19829326489986426,8.987242081150384,0.002728230547571364,-70.78907250749134,1.2229640250599554,0.3661273331745402,-4081.217371053064,76.76037305668257,0.13956400361631302,151.9148634927336,-199.92569012187383
2025-01-01 06:24:00,1.4972910033041018,0.21856902967441555,0.9006625,0.024954850055068364,0.003642817161240259,0.015011041666666667,0.09448127143478163,0.3020368152026533,1.0507729166666668,0.05,0.0,0.9006625,0.0,0.2039856963410822,0,0.01458333333333334,1,0,0,Off,0,0,Off,0,0,Off,0.03331151295840273,0.024983634718802036,On,0,0,Off,0.00442313779239766,0.0,On,0.09005813364238398,0,On,0.03005588674787689,0,On,0.23866941549637366,0.1790020616222802,On,On,17415.9303113141,20.000000000000057,0.8,4751.49537424146,26.39581596111111,1.0507729166666668,1,21116.65276888889,21116.65276888889,Off,0.0,23.888888888888914,0,0.0,0.05,0.0,0.0,0,0,0,11489.55984,Off,0.0,0,85.44412145847659,51.666666666666686,46.10666666666668,0.0,52.25836983124673,0.13281705378044167,368.72352300500626,0.0,133.50643977886966,51.53247952888678,52.25836983124673,51.16953437770681,12.43753247303448,19.685908442630037,0.0,9.195465475931073,-0.22894629234988745,0.6,9.236100170605994,14674.810654447923,687.5192604659592,-47.8013391434707,-3164.5518394954324,-0.0,-0.0,511.8104559971332,0.0,2.0,0.12632175330892634,0.0,0,1.182246630153401,131.99922844444444,-88.37827336787618,0.19591643193662722,9.075658195866943,0.0027279852657218547,-71.76292456490833,1.222159788650211,0.36682370079362503,-4138.548238563637,74.57212478813628,0.1395584915945508,151.84618792644346,-199.64752706991416
2025-01-01 06:25:00,1.4972910033041018,0.21856902967441555,0.9006625,0.024954850055068364,0.003642817161240259,0.015011041666666667,0.09448127143478163,0.3020368152026533,1.0507729166666668,0.05,0.0,0.9006625,0.0,0.2039856963410822,0,0.01458333333333334,1,0,0,Off,0,0,Off,0,0,Off,0.03331151295840273,0.024983634718802036,On,0,0,Off,0.00442313779239766,0.0,On,0.09005813364238398,0,On,0.03005588674787689,0,On,0.23866941549637366,0.1790020616222802,On,On,17415.9303113141,20.000000000000057,0.8,4751.49537424146,26.39581596111111,1.0507729166666668,1,21116.65276888889,21116.65276888889,Off,0.0,23.888888888888914,0,0.0,0.05,0.0,0.0,0,0,0,11489.55984,Off,0.0,0,84.7672721854469,51.666666666666686,46.10666666666668,0.0,52.23172277119121,0.1329059909841382,368.72352300500626,0.0,132.44886278976077,51.4657054332242,52.23172277119121,51.0826967642407,12.43753247303448,19.87260646339311,0.0,9.292489838750917,-0.22856607305414328,0.6,9.236100170605994,14615.523812256433,631.2706112325541,-47.61151894437759,-3213.9870556531096,-0.0,-0.0,511.8104559971332,0.0,2.0,0.12705227225516486,0.0,0,1.189083564725878,131.99922844444444,-98.22989940168745,0.19364232553725222,9.161287512959804,0.002727736445879391,-72.69820753855618,1.2213812785237714,0.3674787779933077,-4192.737651391038,72.51288838213189,0.13955236610043018,151.76987767674237,-199.38139662111996
2025-01-01 06:26:00,1.4972910033041018,0.21856902967441555,0.9006625,0.024954850055068364,0.003642817161240259,0.015011041666666667,0.09448127143478163,0.3020368152026533,1.0507729166666668,0.05,0.0,0.9006625,0.0,0.2039856963410822,0,0.01458333333333334,1,0,0,Off,0,0,Off,0,0,Off,0.03331151295840273,0.024983634718802036,On,0,0,Off,0.00442313779239766,0.0,On,0.09005813364238398,0,On,0.03005588674787689,0,On,0.23866941549637366,0.1790020616222802,On,On,17415.9303113141,20.000000000000057,0.8,4751.49537424146,26.39581596111111,1.0507729166666668,1,21116.65276888889,21116.65276888889,Off,0.0,23.888888888888914,0,0.0,0.05,0.0,0.0,0,0,0,11489.55984,Off,0.0,0,84.10587816987446,51.666666666666686,46.10666666666668,0.0,52.205199592063295,0.13299463308113357,368.72352300500626,0.0,131.41543464042883,51.39907194794387,52.205199592063295,50.99600812588415,12.43753247303448,20.053684483985226,0.0,9.384006380703664,-0.2281506420396118,0.6,9.236100170605994,14557.866442600825,578.0836585843226,-47.440285465103386,-3262.2257373192388,-0.0,-0.0,511.8104559971332,0.0,2.0,0.12775882489892523,0.0,0,1.195696198419054,131.99922844444444,-107.64858739116704,0.19146418645851843,9.243597138958851,0.0027274842225139765,-73.5969676893819,1.2206271583213972,0.36809559975477735,-4243.991464584421,70.5797489272833,0.1395456730231959,151.68650706854748,-199.12679253365087
2025-01-01 06:27:00,0.4465180866374349,0.21856902967441555,0.0,0.007441968110623916,0.003642817161240259,0.0,0.09448127143478163,0.3020368152026533,0.0,0.05,0.0,0.0,0.0,0.2039856963410822,0,0.01458333333333334,1,0,0,Off,0,0,Off,0,0,Off,0.03331151295840273,0.024983634718802036,On,0,0,Off,0.00442313779239766,0.0,On,0.09005813364238398,0,On,0.03005588674787689,0,On,0.23866941549637366,0.1790020616222802,On,Off,0.0,20.000000000000057,0.0,0.0,0.0,0.0,0,0.0,21116.65276888889,Off,0.0,23.888888888888914,0,0.0,0.05,0.0,0.0,0,0,0,11489.55984,Off,0.0,0,83.45922436225702,51.666666666666686,46.10666666666668,0.0,52.17879689948365,0.13308299001850488,368.72352300500626,0.0,130.40503806602658,51.332575862331446,52.17879689948365,50.90946534375534,12.43753247303448,20.229405783838658,0.0,9.47038434500147,-0.22770270536417722,0.6,9.236100170605994,-2914.115308064119,-4223.721924365254,-47.28660865618883,-3309.311049044143,-0.0,-0.0,511.8104559971332,0.0,2.0,0.12844263396822506,0.0,0,1.2020959747574254,131.99922844444444,-116.61471501710903,0.1893760038099282,9.324201546677413,0.0027272287231845907,-74.46102435620688,1.2198962447106783,0.36867684079455576,-4292.492336371822,68.77041200656731,0.13953845588222408,151.5966208621698,-198.88322951835863
2025-01-01 06:28:00,0.4465180866374349,0.21856902967441555,0.0,0.007441968110623916,0.003642817161240259,0.0,0.09448127143478163,0.3020368152026533,0.0,0.05,0.0,0.0,0.0,0.2039856963410822,0,0.01458333333333334,1,0,0,Off,0,0,Off,0,0,Off,0.03331151295840273,0.024983634718802036,On,0,0,Off,0.00442313779239766,0.0,On,0.09005813364238398,0,On,0.03005588674787689,0,On,0.23866941549637366,0.1790020616222802,On,Off,0.0,20.000000000000057,0.0,0.0,0.0,0.0,0,0.0,21116.65276888889,Off,0.0,23.888888888888914,0,0.0,0.05,0.0,0.0,0,0,0,11489.55984,Off,0.0,0,83.67515057737754,51.666666666666686,46.10666666666668,0.0,52.152511456718756,0.13317107127667574,368.7235230050063,0.0,130.7424227771524,51.266214114218805,52.152511456718756,50.82306544296883,12.43753247303448,20.08378122556353,0.0,9.380462022156374,-0.22722482793915819,0.6,9.236100170605994,-2866.528007450278,-4171.181734096615,-47.14950717975688,-3270.271188374565,-0.0,-0.0,511.8104559971332,0.0,2.0,0.127876072865653,0.0,0,1.196793523384274,131.99922844444444,-108.06727507284617,0.1910718896086092,9.25680254353583,0.002726970069312572,-73.55262446949072,1.2205022551184643,0.3680717300093424,-4242.003910904863,70.82217680824718,0.13953075592531627,151.50073543843376,-198.65024261819065
2025-01-01 06:29:00,0.4465180866374349,0.21856902967441555,0.0,0.007441968110623916,0.003642817161240259,0.0,0.09448127143478163,0.3020368152026533,0.0,0.05,0.0,0.0,0.0,0.2039856963410822,0,0.01458333333333334,1,0,0,Off,0,0,Off,0,0,Off,0.03331151295840273,0.024983634718802036,On,0,0,Off,0.00442313779239766,0.0,On,0.09005813364238398,0,On,0.03005588674787689,0,On,0.23866941549637366,0.1790020616222802,On,Off,0.0,20.000000000000057,0.0,0.0,0.0,0.0,0,0.0,21116.65276888889,Off,0.0,23.888888888888914,0,0.0,0.05,0.0,0.0,0,0,0,11489.55984,Off,0.0,0,83.87779848508352,51.666666666666686,46.10666666666668,0.0,52.1261532422009,0.13325951354542323,368.72352300500626,0.0,131.059060132943,51.19980750904735,52.1261532422009,50.73663464247059,12.43753247303448,19.94305973127918,0.0,9.29596913306554,-0.22671943950722323,0.6,9.236100170605994,-2821.666831230359,-4122.209980969539,-47.02804513790133,-3232.7215380670254,-0.0,-0.0,511.8104559971332,0.0,2.0,0.12732740572422707,0.0,0,1.1916585417834378,131.99922844444444,-100.75574916046698,0.19272657622222344,9.191932456625372,0.0027267146977937467,-72.67181715394517,1.2210884377590994,0.3675022473788255,-4194.683735454197,72.47375448465775,0.1395226122259331,151.3993399783728,-198.42738511627414
2025-01-01 06:30:00,0.4465180866374349,0.21856902967441555,0.0,0.007441968110623916,0.003642817161240259,0.0,0.09448127143478163,0.3020368152026533,0.0,0.05,0.0,0.0,0.0,0.2039856963410822,0,0.01458333333333334,1,0,0,Off,0,0,Off,0,0,Off,0.03331151295840273,0.024983634718802036,On,0,0,Off,0.00442313779239766,0.0,On,0.09005813364238398,0,On,0.03005588674787689,0,On,0.23866941549637366,0.1790020616222802,On,Off,0.0,20.000000000000057,0.0,0.0,0.0,0.0,0,0.0,21116.65276888889,Off,0.0,23.888888888888914,0,0.0,0.05,0.0,0.0,0,0,0,11489.55984,Off,0.0,0,84.13226340198626,51.666666666666686,46.10666666666668,0.0,52.09972519878652,0.0,0.0,0.0,131.45666156560353,51.13335880528631,52.09972519878652,50.650175608536216,12.43753247303448,19.806867293762977,0.0,9.216412599421469,-0.22618884068114306,0.0,9.236100170605994,-2891.9357992258338,-3953.1189640634443,-165.49546488576505,-3310.929607554768,-0.0,-0.0,511.8104559971332,0.0,2.0,0.12709293668912675,0.0,0,1.18946414359499,131.99922844444444,-92.81664766819878,0.1943430469285188,9.12939464455457,0.0027264625055225464,-36.608580754689115,1.2216562943455755,0.33222025604687666,-4027.177375335882,74.05841127243727,0.10997980250518459,32.718761113498815,-198.21422599926385
2025-01-01 06:31:00,0.4465180866374349,0.21856902967441555,0.0,0.007441968110623916,0.003642817161240259,0.0,0.09448127143478163,0.3020368152026533,0.0,0.05,0.0,0.0,0.0,0.2039856963410822,0,0.01458333333333334,1,0,0,Off,0,0,Off,0,0,Off,0.03331151295840273,0.024983634718802036,On,0,0,Off,0.00442313779239766,0.0,On,0.09005813364238398,0,On,0.03005588674787689,0,On,0.23866941549637366,0.1790020616222802,On,Off,0.0,20.000000000000057,0.0,0.0,0.0,0.0,0,0.0,21116.65276888889,Off,0.0,23.888888888888914,0,0.0,0.05,0.0,0.0,0,0,0,11489.55984,Off,0.0,0,84.44510767875065,51.666666666666686,46.10666666666668,0.0,52.08058258918267,0.0,0.0,0.0,131.94548074804788,51.11588095580436,52.08058258918267,50.63353013911521,12.43753247303448,19.67274345252279,0.0,9.145835678891212,-0.2301474798111146,0.0,9.236100170605994,-2847.4882373981304,-3914.543119314597,-164.5304638615647,-3274.8275499208926,-0.0,-0.0,511.8104559971332,0.0,2.0,0.12656416727925396,0.0,0,1.1845153850749786,131.99922844444444,-84.47114347437099,0.19595860334585585,9.067378491923494,0.0027263355221879473,-35.95757982069506,1.2222159525966492,0.3316932229394354,-3989.9985075987956,75.45538828419873,0.110060698495081,33.31587539244947,-197.84633925401417
2025-01-01 06:32:00,0.4465180866374349,0.21856902967441555,0.0,0.007441968110623916,0.003642817161240259,0.0,0.09448127143478163,0.3020368152026533,0.0,0.05,0.0,0.0,0.0,0.2039856963410822,0,0.01458333333333334,1,0,0,Off,0,0,Off,0,0,Off,0.03331151295840273,0.024983634718802036,On,0,0,Off,0.00442313779239766,0.0,On,0.09005813364238398,0,On,0.03005588674787689,0,On,0.23866941549637366,0.1790020616222802,On,Off,0.0,20.000000000000057,0.0,0.0,0.0,0.0,0,0.0,21116.65276888889,Off,0.0,23.888888888888914,0,0.0,0.05,0.0,0.0,0,0,0,11489.55984,Off,0.0,0,84.7467409133189,51.666666666666686,46.10666666666668,0.0,52.06137210470591,0.0,0.0,0.0,132.41678267706078,51.09833811526,52.06137210470591,50.616821120537054,12.43753247303448,19.542732837814945,0.0,9.079121939204851,-0.23399930845352654,0.0,9.236100170605994,-2805.5169031161754,-3878.159041373479,-163.657485475244,-3239.9829620162554,-0.0,-0.0,511.8104559971332,0.0,2.0,0.12605053423340556,0.0,0,1.1797082879465477,131.99922844444444,-77.34439709705293,0.19753894674943379,9.007484516037444,0.0027262108540774296,-35.32509300186544,1.2227589383252835,0.3311942670631981,-3954.9354570791243,76.77641570564539,0.11013935474634558,33.89766961643739,-197.55515509168137
2025-01-01 06:33:00,0.4465180866374349,0.21856902967441555,0.0,0.007441968110623916,0.003642817161240259,0.0,0.09448127143478163,0.3020368152026533,0.0,0.05,0.0,0.0,0.0,0.2039856963410822,0,0.01458333333333334,1,0,0,Off,0,0,Off,0,0,Off,0.03331151295840273,0.024983634718802036,On,0,0,Off,0.00442313779239766,0.0,On,0.09005813364238398,0,On,0.03005588674787689,0,On,0.23866941549637366,0.1790020616222802,On,Off,0.0,20.000000000000057,0.0,0.0,0.0,0.0,0,0.0,21116.65276888889,Off,0.0,23.888888888888914,0,0.0,0.05,0.0,0.0,0,0,0,11489.55984,Off,0.0,0,85.03777615126738,51.666666666666686,46.10666666666668,0.0,52.042096217039436,0.0,0.0,0.0,132.87152523635527,51.080732612663546,52.042096217039436,50.60005081047561,12.43753247303448,19.416609303651835,-0.08339069634822138,9.016003753878419,-0.2377681779631829,0.0,9.236100170605994,-2765.302752155326,-3843.821952601628,-162.93714232080177,-3206.321886544224,-0.0,-0.0,511.8104559971332,0.0,2.0,0.12555123436265123,0.0,0,1.1750353351559721,131.99922844444444,-70.79132160823474,0.19908565723802382,8.948889678124665,0.002726088433241759,-34.7101537503726,1.2232861520192133,0.33072150953802293,-3921.8345320772473,78.01257947562007,0.11021626259810367,34.46768780886367,-197.40483012966544
2025-01-01 06:34:00,0.4465180866374349,0.21856902967441555,0.0,0.007441968110623916,0.003642817161240259,0.0,0.09448127143478163,0.3020368152026533,0.0,0.05,0.0,0.0,0.0,0.2039856963410822,0,0.01458333333333334,1,0,0,Off,0,0,Off,0,0,Off,0.03331151295840273,0.024983634718802036,On,0,0,Off,0.00442313779239766,0.0,On,0.09005813364238398,0,On,0.03005588674787689,0,On,0.23866941549637366,0.1790020616222802,On,Off,0.0,20.000000000000057,0.0,0.0,0.0,0.0,0,0.0,21116.65276888889,Off,0.0,23.888888888888914,0,0.0,0.05,0.0,0.0,0,0,0,11489.55984,Off,0.0,0,85.31873040925642,51.666666666666686,46.10666666666668,0.0,52.02275726271856,0.0,0.0,0.0,133.31051626446316,51.06306664966965,52.02275726271856,50.583221343145205,12.43753247303448,19.29418236596205,-0.2058176340380058,8.95624311848654,-0.24147689816054424,0.0,9.236100170605994,-2726.557689840222,-3811.3922972327487,-162.31816227306342,-3173.7811846745476,-0.0,-0.0,511.8104559971332,0.0,2.0,0.12506559721292504,0.0,0,1.170490251916532,131.99922844444444,-64.58696116280736,0.20059998350883002,8.892207883256214,0.0027259681953507578,-34.11194956985631,1.2237983494199334,0.3302732765130472,-3890.5593942703836,79.16709703763502,0.11029189068645143,35.02933647992346,-197.34749875298687
2025-01-01 06:35:00,1.4972910033041018,0.21856902967441555,0.9006625,0.024954850055068364,0.003642817161240259,0.015011041666666667,0.09448127143478163,0.3020368152026533,1.0507729166666668,0.05,0.0,0.9006625,0.0,0.2039856963410822,0,0.01458333333333334,1,0,0,Off,0,0,Off,0,0,Off,0.03331151295840273,0.024983634718802036,On,0,0,Off,0.00442313779239766,0.0,On,0.09005813364238398,0,On,0.03005588674787689,0,On,0.23866941549637366,0.1790020616222802,On,On,17415.9303113141,20.000000000000057,0.8,4751.49537424146,26.39581596111111,1.0507729166666668,1,21116.65276888889,21116.65276888889,Off,0.0,23.888888888888914,0,0.0,0.05,0.0,0.0,0,0,0,11489.55984,Off,0.0,0,85.59006351547337,51.666666666666686,46.10666666666668,0.0,52.00335746429144,0.0,0.0,0.0,133.73447424292715,51.04534232052663,52.00335746429144,50.56633474864422,12.43753247303448,19.1752827470135,-0.32471725298655585,8.899625604026792,-0.24514349927466475,0.0,9.236100170605994,14726.746431849293,970.7507924498059,-161.76200228154892,-3142.3044635857273,-0.0,-0.0,511.8104559971332,0.0,2.0,0.12459302925497345,0.0,0,1.166067483381643,131.99922844444444,-58.68987187621187,0.20208300281220992,8.836653451709545,0.0027258500791280857,-33.52975826396457,1.224296201231828,0.32984805648627974,-3860.987602092364,80.24302030070999,0.11036660893975384,35.58531550807787,-197.3473177896268
2025-01-01 06:36:00,1.4972910033041018,0.21856902967441555,0.9006625,0.024954850055068364,0.003642817161240259,0.015011041666666667,0.09448127143478163,0.3020368152026533,1.0507729166666668,0.05,0.0,0.9006625,0.0,0.2039856963410822,0,0.01458333333333334,1,0,0,Off,0,0,Off,0,0,Off,0.03331151295840273,0.024983634718802036,On,0,0,Off,0.00442313779239766,0.0,On,0.09005813364238398,0,On,0.03005588674787689,0,On,0.23866941549637366,0.1790020616222802,On,On,17415.9303113141,20.000000000000057,0.8,4751.49537424146,26.39581596111111,1.0507729166666668,1,21116.65276888889,21116.65276888889,Off,0.0,23.888888888888914,0,0.0,0.05,0.0,0.0,0,0,0,11489.55984,Off,0.0,0,85.00371063184912,51.666666666666686,46.10666666666668,0.0,51.98389894292225,0.0,0.0,0.0,132.81829786226425,51.027561623956906,51.98389894292225,50.54939296447424,12.43753247303448,19.375982384359975,-0.1240176156400814,9.017449207080825,-0.24878215709368903,0.0,9.236100170605994,14662.115926910461,906.4031274961872,-161.2574768704347,-3195.5087510143135,-0.0,-0.0,511.8104559971332,0.0,2.0,0.12539018394654003,0.0,0,1.1735280626019995,131.99922844444444,-70.11608938645739,0.19956382333640207,8.930197537872614,0.0027257340260156207,-34.38519405171772,1.2234563075137739,0.33073234359620995,-3922.591779251836,77.49953250656289,0.11044070778869317,36.13775349555857,-197.39523036599326
2025-01-01 06:37:00,1.4972910033041018,0.21856902967441555,0.9006625,0.024954850055068364,0.003642817161240259,0.015011041666666667,0.09448127143478163,0.3020368152026533,1.0507729166666668,0.05,0.0,0.9006625,0.0,0.2039856963410822,0,0.01458333333333334,1,0,0,Off,0,0,Off,0,0,Off,0.03331151295840273,0.024983634718802036,On,0,0,Off,0.00442313779239766,0.0,On,0.09005813364238398,0,On,0.03005588674787689,0,On,0.23866941549637366,0.1790020616222802,On,On,17415.9303113141,20.000000000000057,0.8,4751.49537424146,26.39581596111111,1.0507729166666668,1,21116.65276888889,21116.65276888889,Off,0.0,23.888888888888914,0,0.0,0.05,0.0,0.0,0,0,0,11489.55984,Off,0.0,0,84.43526054704463,51.666666666666686,46.10666666666668,0.0,51.96457065421634,0.0,0.0,0.0,131.93009460475724,51.0099027378203,51.96457065421634,50.532568779622274,12.43753247303448,19.57013179455826,0.0,9.128352299289599,-0.25240457602456995,0.0,9.236100170605994,14600.262859837789,845.9069718597266,-160.79851579230902,-3247.313926682381,-0.0,-0.0,511.8104559971332,0.0,2.0,0.12615886811894647,0.0,0,1.1807221859313148,131.99922844444444,-80.16398079106156,0.197159898393625,9.019163603468165,0.0027256149303688288,-35.20660635851064,1.2226449263723254,0.33156253634641636,-3980.8020913637943,75.21368898206048,0.1105144265930137,36.688414138816405,-197.48692993112542
2025-01-01 06:38:00,1.4972910033041018,0.21856902967441555,0.9006625,0.024954850055068364,0.003642817161240259,0.015011041666666667,0.09448127143478163,0.3020368152026533,1.0507729166666668,0.05,0.0,0.9006625,0.0,0.2039856963410822,0,0.01458333333333334,1,0,0,Off,0,0,Off,0,0,Off,0.03331151295840273,0.024983634718802036,On,0,0,Off,0.00442313779239766,0.0,On,0.09005813364238398,0,On,0.03005588674787689,0,On,0.23866941549637366,0.1790020616222802,On,On,17415.9303113141,20.000000000000057,0.8,4751.49537424146,26.39581596111111,1.0507729166666668,1,21116.65276888889,21116.65276888889,Off,0.0,23.888888888888914,0,0.0,0.05,0.0,0.0,0,0,0,11489.55984,Off,0.0,0,83.88352895787745,51.666666666666686,46.10666666666668,0.0,51.94536864876768,0.0,0.0,0.0,131.0680139966835,50.992361942944015,51.94536864876768,50.51585859003219,12.43753247303448,19.758168635923933,0.0,9.232904428187789,-0.25602045910085874,0.0,9.236100170605994,14539.87605137287,788.6361054216723,-160.3762600123465,-3297.803223432623,-0.0,-0.0,511.8104559971332,0.0,2.0,0.12690107748315904,0.0,0,1.1876685312497073,131.99922844444444,-90.061492505738,0.19486215667722545,9.105934371121968,0.0027254929087769256,-35.9963089981278,1.2218601209049773,0.33234328830128695,-4035.8776647823724,73.01839596258473,0.11058796337943483,37.23876529064954,-197.61502530299606
2025-01-01 06:39:00,1.4972910033041018,0.21856902967441555,0.9006625,0.024954850055068364,0.003642817161240259,0.015011041666666667,0.09448127143478163,0.3020368152026533,1.0507729166666668,0.05,0.0,0.9006625,0.0,0.2039856963410822,0,0.01458333333333334,1,0,0,Off,0,0,Off,0,0,Off,0.03331151295840273,0.024983634718802036,On,0,0,Off,0.00442313779239766,0.0,On,0.09005813364238398,0,On,0.03005588674787689,0,On,0.23866941549637366,0.1790020616222802,On,On,17415.9303113141,20.000000000000057,0.8,4751.49537424146,26.39581596111111,1.0507729166666668,1,21116.65276888889,21116.65276888889,Off,0.0,23.888888888888914,0,0.0,0.05,0.0,0.0,0,0,0,11489.55984,Off,0.0,0,83.34759913478449,51.666666666666686,46.10666666666668,0.0,51.9262892382252,0.0,0.0,0.0,130.23062364810076,50.97493576618545,51.9262892382252,50.49925903016558,12.43753247303448,19.940431089785214,0.0,9.331574440638345,-0.25963764212886403,0.0,9.236100170605994,14481.118178672697,734.4155048862644,-159.98165587786005,-3347.037060719123,-0.0,-0.0,511.8104559971332,0.0,2.0,0.12761838295121974,0.0,0,1.194381800739654,131.99922844444444,-99.58552791941146,0.19266319341125523,9.189298664528188,0.00272536807004381,-36.756132052283135,1.2211003818147186,0.3330784364808224,-4088.0310242642036,70.95115490900832,0.11066147771015575,37.7899974389392,-197.77165331679925
2025-01-01 06:40:00,1.4972910033041018,0.21856902967441555,0.9006625,0.024954850055068364,0.003642817161240259,0.015011041666666667,0.09448127143478163,0.3020368152026533,1.0507729166666668,0.05,0.0,0.9006625,0.0,0.2039856963410822,0,0.01458333333333334,1,0,0,Off,0,0,Off,0,0,Off,0.03331151295840273,0.024983634718802036,On,0,0,Off,0.00442313779239766,0.0,On,0.09005813364238398,0,On,0.03005588674787689,0,On,0.23866941549637366,0.1790020616222802,On,On,17415.9303113141,20.000000000000057,0.8,4751.49537424146,26.39581596111111,1.0507729166666668,1,21116.65276888889,21116.65276888889,Off,0.0,23.888888888888914,0,0.0,0.05,0.0,0.0,0,0,0,11489.55984,Off,0.0,0,82.82668016946515,51.666666666666686,46.10666666666668,0.0,51.90732893633497,0.0,0.0,0.0,129.4166877647893,50.95762092484569,51.90732893633497,50.48276691910106,12.43753247303448,20.117210635223184,0.0,9.42476957495834,-0.2632623006452279,0.0,9.236100170605994,14423.981251331463,683.0571988111487,-159.60741972813872,-3395.0663893716164,-0.0,-0.0,511.8104559971332,0.0,2.0,0.12831214561359036,0.0,0,1.2008747328612346,131.99922844444444,-108.6931266081518,0.19055653429728434,9.270153684313623,0.002725240516858598,-37.48766592702023,1.2203644044881985,0.33377130675446326,-4137.447354698921,69.00917926860987,0.11073509501426237,38.343053511323106,-197.95047323946184
2025-01-01 06:41:00,0.4465180866374349,0.21856902967441555,0.0,0.007441968110623916,0.003642817161240259,0.0,0.09448127143478163,0.3020368152026533,0.0,0.05,0.0,0.0,0.0,0.2039856963410822,0,0.01458333333333334,1,0,0,Off,0,0,Off,0,0,Off,0.03331151295840273,0.024983634718802036,On,0,0,Off,0.00442313779239766,0.0,On,0.09005813364238398,0,On,0.03005588674787689,0,On,0.23866941549637366,0.1790020616222802,On,Off,0.0,20.000000000000057,0.0,0.0,0.0,0.0,0,0.0,21116.65276888889,Off,0.0,23.888888888888914,0,0.0,0.05,0.0,0.0,0,0,0,11489.55984,Off,0.0,0,82.32007309503135,51.666666666666686,46.10666666666668,0.0,51.88848443121361,0.0,0.0,0.0,128.62511421098648,50.940414300531124,51.88848443121361,50.46637923518989,12.43753247303448,20.28876464979208,0.0,9.512849858142285,-0.2668992055554959,0.0,9.236100170605994,-3047.4890711904427,-4117.100869490397,-159.24777218178951,-3441.9355970659694,-0.0,-0.0,511.8104559971332,0.0,2.0,0.12898357047864956,0.0,0,1.2071586053006567,131.99922844444444,-117.36393012160632,0.1885364253133066,9.348666355175336,0.0027251103466078637,-38.19232252600162,1.2196510348863325,0.33442483057244865,-4184.291178350763,67.1903088603671,0.11080891188756054,38.89866638631018,-198.14643856809968
2025-01-01 06:42:00,0.4465180866374349,0.21856902967441555,0.0,0.007441968110623916,0.003642817161240259,0.0,0.09448127143478163,0.3020368152026533,0.0,0.05,0.0,0.0,0.0,0.2039856963410822,0,0.01458333333333334,1,0,0,Off,0,0,Off,0,0,Off,0.03331151295840273,0.024983634718802036,On,0,0,Off,0.00442313779239766,0.0,On,0.09005813364238398,0,On,0.03005588674787689,0,On,0.23866941549637366,0.1790020616222802,On,Off,0.0,20.000000000000057,0.0,0.0,0.0,0.0,0,0.0,21116.65276888889,Off,0.0,23.888888888888914,0,0.0,0.05,0.0,0.0,0,0,0,11489.55984,Off,0.0,0,82.67563275624732,51.666666666666686,46.10666666666668,0.0,51.86975256508662,0.0,0.0,0.0,129.18067618163644,50.92331292005329,51.86975256508662,50.45009309753664,12.43753247303448,20.13909848315033,0.0,9.42464559033047,-0.27055194388736,0.0,9.236100170605994,-2997.757477154567,-4068.1492420068644,-158.89784188067665,-3401.032017075505,-0.0,-0.0,511.8104559971332,0.0,2.0,0.12839790981542884,0.0,0,1.201677400936648,131.99922844444444,-108.53591607619526,0.19028032786892768,9.280099508444865,0.002724977651976399,-37.47626797574952,1.220273523616385,0.3337703859315321,-4137.381511374546,69.23226936768147,0.11088300066315795,39.45739136734101,-198.35523324801767
2025-01-01 06:43:00,0.4465180866374349,0.21856902967441555,0.0,0.007441968110623916,0.003642817161240259,0.0,0.09448127143478163,0.3020368152026533,0.0,0.05,0.0,0.0,0.0,0.2039856963410822,0,0.01458333333333334,1,0,0,Off,0,0,Off,0,0,Off,0.03331151295840273,0.024983634718802036,On,0,0,Off,0.00442313779239766,0.0,On,0.09005813364238398,0,On,0.03005588674787689,0,On,0.23866941549637366,0.1790020616222802,On,Off,0.0,20.000000000000057,0.0,0.0,0.0,0.0,0,0.0,21116.65276888889,Off,0.0,23.888888888888914,0,0.0,0.05,0.0,0.0,0,0,0,11489.55984,Off,0.0,0,83.01743494595603,51.666666666666686,46.10666666666668,0.0,51.85094339204038,0.0,0.0,0.0,129.7147421030563,50.906137674710905,51.85094339204038,50.43373481604618,12.43753247303448,19.994485695067688,0.0,9.341696504457715,-0.27422309539204254,0.0,9.236100170605994,-2950.8437845681237,-4022.512634016984,-158.55346498131408,-3361.6943178539673,-0.0,-0.0,511.8104559971332,0.0,2.0,0.12783072197123044,0.0,0,1.1963690838819627,131.99922844444444,-100.9599227112895,0.19198248624543027,9.213404791967,0.002724847511611738,-36.782605443990946,1.220875599646366,0.3331537599186478,-4093.3908409137234,70.87820689673907,0.11095741306913455,40.01963214324852,-198.5730971245626
2025-01-01 06:44:00,0.4465180866374349,0.21856902967441555,0.0,0.007441968110623916,0.003642817161240259,0.0,0.09448127143478163,0.3020368152026533,0.0,0.05,0.0,0.0,0.0,0.2039856963410822,0,0.01458333333333334,1,0,0,Off,0,0,Off,0,0,Off,0.03331151295840273,0.024983634718802036,On,0,0,Off,0.00442313779239766,0.0,On,0.09005813364238398,0,On,0.03005588674787689,0,On,0.23866941549637366,0.1790020616222802,On,Off,0.0,20.000000000000057,0.0,0.0,0.0,0.0,0,0.0,21116.65276888889,Off,0.0,23.888888888888914,0,0.0,0.05,0.0,0.0,0,0,0,11489.55984,Off,0.0,0,83.34651000472358,51.666666666666686,46.10666666666668,0.0,51.83205994510503,0.0,0.0,0.0,130.2289218823806,50.88889142251595,51.83205994510503,50.417307161221416,12.43753247303448,19.854545145557225,0.0,9.263524771810859,-0.27791438330040535,0.0,9.236100170605994,-2905.402253862181,-3979.584442707049,-158.21115196073066,-3323.8009079986,-0.0,-0.0,511.8104559971332,0.0,2.0,0.12728063087314379,0.0,0,1.1912207754556234,131.99922844444444,-93.4118018607142,0.19364586762719022,9.149113947973827,0.0027247198430556435,-36.10971188833196,1.221458790531589,0.33257160132224206,-4052.044158013811,72.45971530676219,0.11103218334861839,40.58566297996513,-198.79681494069578
2025-01-01 06:45:00,0.39426289274868404,0.2040553490023388,0.0,0.006571048212478067,0.0034009224833723133,0.0,0.06769344131452577,0.2765694514341583,0.0,0.05,0.0,0.0,0.0,0.18947201566900546,0,0.01458333333333334,1,0,0,Off,0,0,Off,0,0,Off,0.03331151295840273,0.024983634718802036,On,0,0,Off,0.00442313779239766,0.0,On,0.06327030352212812,0,On,0.0239400972088176,0,On,0.21931784126693796,0.1644883809502034,On,Off,0.0,20.000000000000057,0.0,0.0,0.0,0.0,0,0.0,21116.65276888889,Off,0.0,23.888888888888914,0,0.0,0.05,0.0,0.0,0,0,0,11489.55984,Off,0.0,0,83.38175320849652,51.666666666666686,46.10666666666668,0.0,51.813105030209535,0.5908076143555034,1621.8458727559207,0.0,130.2839893882758,50.87157680743483,51.813105030209535,50.40081269604748,12.43753247303448,19.71899134872837,0.0,9.18974606800838,-0.28162680778669397,0.0,9.236100170605994,-2978.4662546979375,-3939.166117016322,-157.86802587910265,-3287.2583053582384,-0.0,-0.0,394.9102580822207,0.0,1.0,0.12674662216227475,0.0,0,1.1862229822619719,65.99961422222222,-86.11820742191975,0.19527247912357287,9.087078214488985,0.002724594569883131,-87.09159157031326,1.2220242325618493,0.3320212220717039,-4013.119532708321,73.95341569199867,0.11110733101800119,41.15564842071465,-199.0236742998173
2025-01-01 06:46:00,0.39426289274868404,0.2040553490023388,0.0,0.006571048212478067,0.0034009224833723133,0.0,0.06769344131452577,0.2765694514341583,0.0,0.05,0.0,0.0,0.0,0.18947201566900546,0,0.01458333333333334,1,0,0,Off,0,0,Off,0,0,Off,0.03331151295840273,0.024983634718802036,On,0,0,Off,0.00442313779239766,0.0,On,0.06327030352212812,0,On,0.0239400972088176,0,On,0.21931784126693796,0.1644883809502034,On,Off,0.0,20.000000000000057,0.0,0.0,0.0,0.0,0,0.0,21116.65276888889,Off,0.0,23.888888888888914,0,0.0,0.05,0.0,0.0,0,0,0,11489.55984,Off,0.0,0,83.12971889997497,51.666666666666686,46.10666666666668,0.0,51.76174081565239,0.5915793112400626,1621.8458727559207,0.0,129.8901857812109,50.63862199450499,51.76174081565239,50.07706258393129,12.43753247303448,19.585459918358705,0.0,9.12003325327156,-0.2853607628824815,0.0,9.236100170605994,-2935.5198704933837,-3901.06997149227,-157.52173289722214,-3251.4180474265318,-0.0,-0.0,394.9102580822207,0.0,1.0,0.12621945390852826,0.0,0,1.1812892089791431,65.99961422222222,-79.01208114907257,0.1968770282977526,9.02495095716095,0.0027242925682571164,-86.37482961383466,1.2225818823914418,0.3315003341821237,-3976.42809105886,75.35811956659033,0.11118286328001319,41.729660585494514,-199.25139348271665
2025-01-01 06:47:00,0.39426289274868404,0.2040553490023388,0.0,0.006571048212478067,0.0034009224833723133,0.0,0.06769344131452577,0.2765694514341583,0.0,0.05,0.0,0.0,0.0,0.18947201566900546,0,0.01458333333333334,1,0,0,Off,0,0,Off,0,0,Off,0.03331151295840273,0.024983634718802036,On,0,0,Off,0.00442313779239766,0.0,On,0.06327030352212812,0,On,0.0239400972088176,0,On,0.21931784126693796,0.1644883809502034,On,Off,0.0,20.000000000000057,0.0,0.0,0.0,0.0,0,0.0,21116.65276888889,Off,0.0,23.888888888888914,0,0.0,0.05,0.0,0.0,0,0,0,11489.55984,Off,0.0,0,82.86708197840315,51.666666666666686,46.10666666666668,0.0,51.710317933928145,0.5923539115795953,1621.8458727559205,0.0,129.47981559125492,50.40571953982072,51.710317933928145,49.753420342767015,12.43753247303448,19.455929034809465,-0.04407096519059195,9.054101970438602,-0.2891161375383214,0.0,9.236100170605994,-2894.1347643590607,-3865.131245920002,-157.1703630365006,-3216.800926404113,-0.0,-0.0,394.9102580822207,0.0,1.0,0.12570700255234088,0.0,0,1.1764931712967936,65.99961422222222,-72.24409603716838,0.1984472594856009,8.96488774521931,0.0027239931887148225,-85.67671380760564,1.2231233163303998,0.3310069473564939,-3941.8058637673685,76.67461784736572,0.1112587771073013,42.30769415595705,-199.47805719245764
2025-01-01 06:48:00,0.39426289274868404,0.2040553490023388,0.0,0.006571048212478067,0.0034009224833723133,0.0,0.06769344131452577,0.2765694514341583,0.0,0.05,0.0,0.0,0.0,0.18947201566900546,0,0.01458333333333334,1,0,0,Off,0,0,Off,0,0,Off,0.03331151295840273,0.024983634718802036,On,0,0,Off,0.00442313779239766,0.0,On,0.06327030352212812,0,On,0.0239400972088176,0,On,0.21931784126693796,0.1644883809502034,On,Off,0.0,20.000000000000057,0.0,0.0,0.0,0.0,0,0.0,21116.65276888889,Off,0.0,23.888888888888914,0,0.0,0.05,0.0,0.0,0,0,0,11489.55984,Off,0.0,0,82.59436273485787,51.666666666666686,46.10666666666668,0.0,51.658838790683,0.5931313938903339,1621.8458727559207,0.0,129.0536917732154,50.17287164599573,51.658838790683,49.4298880736521,12.43753247303448,19.33020699667344,-0.1697930033266175,8.991700308189369,-0.2928924027970265,0.0,9.236100170605994,-2854.244293008911,-3831.202755645471,-156.81238793941492,-3183.342717866362,-0.0,-0.0,394.9102580822207,0.0,1.0,0.12520859773580723,0.0,0,1.1718285953281709,65.99961422222222,-65.81183322476943,0.19998437910546427,8.906086456473274,0.0027236963603310773,-84.99640631932783,1.223649292689845,0.33053929553525707,-3909.107930206199,77.90517456072773,0.11133506103760825,42.88967932869104,-199.70206726810596
2025-01-01 06:49:00,0.39426289274868404,0.2040553490023388,0.0,0.006571048212478067,0.0034009224833723133,0.0,0.06769344131452577,0.2765694514341583,0.0,0.05,0.0,0.0,0.0,0.18947201566900546,0,0.01458333333333334,1,0,0,Off,0,0,Off,0,0,Off,0.03331151295840273,0.024983634718802036,On,0,0,Off,0.00442313779239766,0.0,On,0.06327030352212812,0,On,0.0239400972088176,0,On,0.21931784126693796,0.1644883809502034,On,Off,0.0,20.000000000000057,0.0,0.0,0.0,0.0,0,0.0,21116.65276888889,Off,0.0,23.888888888888914,0,0.0,0.05,0.0,0.0,0,0,0,11489.55984,Off,0.0,0,82.31203417910729,51.666666666666686,46.10666666666668,0.0,51.60730567681177,0.5939117381497437,1621.8458727559212,0.0,128.61255340485513,49.94008040755711,51.60730567681177,49.10646777292979,12.43753247303448,19.20811961586122,-0.2918803841388353,8.932601706025284,-0.2966886871017108,0.0,9.236100170605994,-2815.7872320429774,-3799.151411095287,-156.4466083096019,-3150.9850178759502,-0.0,-0.0,394.9102580822207,0.0,1.0,0.12472363105220666,0.0,0,1.1672897869883174,65.99961422222222,-59.71247224924771,0.20148947174653364,8.849167339227385,0.0027234020154601273,-84.33314396617686,1.2241605003800313,0.33009578672147494,-3878.2043721760892,79.05296108080249,0.11141169672261429,43.47549303224555,-199.92210134184745
2025-01-01 06:50:00,1.4450358094153508,0.2040553490023388,0.9006625,0.024083930156922513,0.0034009224833723133,0.015011041666666667,0.06769344131452577,0.2765694514341583,1.0507729166666668,0.05,0.0,0.9006625,0.0,0.18947201566900546,0,0.01458333333333334,1,0,0,Off,0,0,Off,0,0,Off,0.03331151295840273,0.024983634718802036,On,0,0,Off,0.00442313779239766,0.0,On,0.06327030352212812,0,On,0.0239400972088176,0,On,0.21931784126693796,0.1644883809502034,On,On,17415.9303113141,20.000000000000057,0.8,4751.49537424146,26.39581596111111,1.0507729166666668,1,21116.65276888889,21116.65276888889,Off,0.0,23.888888888888914,0,0.0,0.05,0.0,0.0,0,0,0,11489.55984,Off,0.0,0,82.02053284631242,51.666666666666686,46.10666666666668,0.0,51.555720778878495,0.5946949256571582,1621.8458727559207,0.0,128.15708257236315,49.70734782076772,51.555720778878495,48.78316134171234,12.43753247303448,19.089506199666182,-0.4104938003338745,8.8766000083748,-0.30050384130699187,0.0,9.236100170605994,14637.230201210572,982.6293958737847,-156.07210707797182,-3119.6740380132014,-0.0,-0.0,394.9102580822207,0.0,1.0,0.1242515409783721,0.0,0,1.1628714909759523,65.99961422222222,-53.936330172548665,0.20296353913126172,8.794047133889531,0.0027231100894435987,-83.68622077882057,1.2246575752629856,0.3296749682348032,-3848.97742788779,80.11144952011476,0.11148866026310962,44.0649686360186,-200.1370757139904
2025-01-01 06:51:00,1.4450358094153508,0.2040553490023388,0.9006625,0.024083930156922513,0.0034009224833723133,0.015011041666666667,0.06769344131452577,0.2765694514341583,1.0507729166666668,0.05,0.0,0.9006625,0.0,0.18947201566900546,0,0.01458333333333334,1,0,0,Off,0,0,Off,0,0,Off,0.03331151295840273,0.024983634718802036,On,0,0,Off,0.00442313779239766,0.0,On,0.06327030352212812,0,On,0.0239400972088176,0,On,0.21931784126693796,0.1644883809502034,On,On,17415.9303113141,20.000000000000057,0.8,4751.49537424146,26.39581596111111,1.0507729166666668,1,21116.65276888889,21116.65276888889,Off,0.0,23.888888888888914,0,0.0,0.05,0.0,0.0,0,0,0,11489.55984,Off,0.0,0,80.87177806973544,51.666666666666686,46.10666666666668,0.0,51.50408618715583,0.5954809389285247,1621.8458727559212,0.0,126.36215323396164,49.474675791203495,51.50408618715583,48.45997059322734,12.43753247303448,19.29044449367872,-0.2095555063213368,8.994998905437177,-0.3043364946585459,0.0,9.236100170605994,14572.564529682173,918.0337339055181,-155.68820817275798,-3172.7897462813944,-0.0,-0.0,394.9102580822207,0.0,1.0,0.1250507548738186,0.0,0,1.1703513423072798,65.99961422222222,-65.48629343275394,0.20041601386785715,8.886818713398387,0.0027228205203847266,-84.46747046716888,1.2238163166128586,0.3305640325123917,-3910.8346410238278,77.37300068788578,0.1115659233568913,44.65790433445777,-200.34611250721574
2025-01-01 06:52:00,1.4450358094153508,0.2040553490023388,0.9006625,0.024083930156922513,0.0034009224833723133,0.015011041666666667,0.06769344131452577,0.2765694514341583,1.0507729166666668,0.05,0.0,0.9006625,0.0,0.18947201566900546,0,0.01458333333333334,1,0,0,Off,0,0,Off,0,0,Off,0.03331151295840273,0.024983634718802036,On,0,0,Off,0.00442313779239766,0.0,On,0.06327030352212812,0,On,0.0239400972088176,0,On,0.21931784126693796,0.1644883809502034,On,On,17415.9303113141,20.000000000000057,0.8,4751.49537424146,26.39581596111111,1.0507729166666668,1,21116.65276888889,21116.65276888889,Off,0.0,23.888888888888914,0,0.0,0.05,0.0,0.0,0,0,0,11489.55984,Off,0.0,0,79.74133429812457,51.666666666666686,46.10666666666668,0.0,51.45259082980562,0.5962669047847065,1621.8458727559207,0.0,124.59583484081963,49.242242406866026,51.45259082980562,48.13706819539623,12.43753247303448,19.484793997854837,-0.015206002145220054,9.106444801633506,-0.3081851027737636,0.0,9.236100170605994,14510.68195300595,857.2869614477449,-155.29444217302583,-3224.5023306335893,-0.0,-0.0,394.9102580822207,0.0,1.0,0.12582129066034656,0.0,0,1.177562794912814,65.99961422222222,-75.6562857567818,0.19798521387732676,8.976392988489666,0.0027225280471546353,-85.21391370087554,1.223003751184982,0.33139870714576924,-3969.2861617025155,75.07774890880032,0.11164345428097319,45.25407035572152,-200.54851252874735
2025-01-01 06:53:00,1.4450358094153508,0.2040553490023388,0.9006625,0.024083930156922513,0.0034009224833723133,0.015011041666666667,0.06769344131452577,0.2765694514341583,1.0507729166666668,0.05,0.0,0.9006625,0.0,0.18947201566900546,0,0.01458333333333334,1,0,0,Off,0,0,Off,0,0,Off,0.03331151295840273,0.024983634718802036,On,0,0,Off,0.00442313779239766,0.0,On,0.06327030352212812,0,On,0.0239400972088176,0,On,0.21931784126693796,0.1644883809502034,On,On,17415.9303113141,20.000000000000057,0.8,4751.49537424146,26.39581596111111,1.0507729166666668,1,21116.65276888889,21116.65276888889,Off,0.0,23.888888888888914,0,0.0,0.05,0.0,0.0,0,0,0,11489.55984,Off,0.0,0,78.62800761347826,51.666666666666686,46.10666666666668,0.0,51.401230735301375,0.5970528754688382,1621.8458727559212,0.0,122.85626189605978,49.01004386378075,51.401230735301375,47.81445042802045,12.43753247303448,19.672995871007387,0.0,9.21151001547217,-0.31204798851857674,0.0,9.236100170605994,14450.27401276423,799.7789971690881,-154.89051718675356,-3274.8953454959824,-0.0,-0.0,394.9102580822207,0.0,1.0,0.12656516347270774,0.0,0,1.1845247084600874,65.99961422222222,-85.67121113610884,0.1956619328133252,9.063042925271859,0.002722232793287235,-85.92791693733378,1.2222179255441026,0.3321836730292966,-4024.5919324069073,72.87555533453522,0.1117212187268274,45.85321512392772,-200.74373231068128
2025-01-01 06:54:00,1.4450358094153508,0.2040553490023388,0.9006625,0.024083930156922513,0.0034009224833723133,0.015011041666666667,0.06769344131452577,0.2765694514341583,1.0507729166666668,0.05,0.0,0.9006625,0.0,0.18947201566900546,0,0.01458333333333334,1,0,0,Off,0,0,Off,0,0,Off,0.03331151295840273,0.024983634718802036,On,0,0,Off,0.00442313779239766,0.0,On,0.06327030352212812,0,On,0.0239400972088176,0,On,0.21931784126693796,0.1644883809502034,On,On,17415.9303113141,20.000000000000057,0.8,4751.49537424146,26.39581596111111,1.0507729166666668,1,21116.65276888889,21116.65276888889,Off,0.0,23.888888888888914,0,0.0,0.05,0.0,0.0,0,0,0,11489.55984,Off,0.0,0,77.53087318752354,51.666666666666686,46.10666666666668,0.0,51.35000219525029,0.5978388997783184,1621.8458727559207,0.0,121.14198935550553,48.778076606000695,51.35000219525029,47.492113811375894,12.43753247303448,19.855391231900875,0.0,9.310666028817996,-0.3159233768701321,0.0,9.236100170605994,14391.50380943127,745.3313125453656,-154.47629196882778,-3324.0294999950142,-0.0,-0.0,394.9102580822207,0.0,1.0,0.12728396039702122,0.0,0,1.1912519365049359,65.99961422222222,-95.30725997003711,0.19343865252204537,9.146265416915181,0.002721934874077815,-86.61135926174796,1.2214573165859384,0.33292279236960404,-4076.9653297928194,70.80126809672487,0.11179918051120802,46.45507053549442,-200.9313625043222
2025-01-01 06:55:00,1.4450358094153508,0.2040553490023388,0.9006625,0.024083930156922513,0.0034009224833723133,0.015011041666666667,0.06769344131452577,0.2765694514341583,1.0507729166666668,0.05,0.0,0.9006625,0.0,0.18947201566900546,0,0.01458333333333334,1,0,0,Off,0,0,Off,0,0,Off,0.03331151295840273,0.024983634718802036,On,0,0,Off,0.00442313779239766,0.0,On,0.06327030352212812,0,On,0.0239400972088176,0,On,0.21931784126693796,0.1644883809502034,On,On,17415.9303113141,20.000000000000057,0.8,4751.49537424146,26.39581596111111,1.0507729166666668,1,21116.65276888889,21116.65276888889,Off,0.0,23.888888888888914,0,0.0,0.05,0.0,0.0,0,0,0,11489.55984,Off,0.0,0,76.44913315434067,51.666666666666686,46.10666666666668,0.0,51.298901705101486,0.5986250239271167,1621.8458727559212,0.0,119.4517705536573,48.546337269705,51.298901705101486,47.17005505200676,12.43753247303448,20.032274073477428,0.0,9.404322164049569,-0.3198094246026483,0.0,9.236100170605994,14334.363025060255,693.7556810520878,-154.05175188026027,-3371.955991605363,-0.0,-0.0,394.9102580822207,0.0,1.0,0.12797905638425666,0.0,0,1.1977573472280798,65.99961422222222,-104.5215527307026,0.19130880037290257,9.227681699714495,0.002721634398325563,-87.26587622107445,1.2207206078775457,0.3336194112777828,-4126.592179186441,68.85248599706887,0.11187730217993015,47.05935647228585,-201.11110835254613
2025-01-01 06:56:00,0.39426289274868404,0.2040553490023388,0.0,0.006571048212478067,0.0034009224833723133,0.0,0.06769344131452577,0.2765694514341583,0.0,0.05,0.0,0.0,0.0,0.18947201566900546,0,0.01458333333333334,1,0,0,Off,0,0,Off,0,0,Off,0.03331151295840273,0.024983634718802036,On,0,0,Off,0.00442313779239766,0.0,On,0.06327030352212812,0,On,0.0239400972088176,0,On,0.21931784126693796,0.1644883809502034,On,Off,0.0,20.000000000000057,0.0,0.0,0.0,0.0,0,0.0,21116.65276888889,Off,0.0,23.888888888888914,0,0.0,0.05,0.0,0.0,0,0,0,11489.55984,Off,0.0,0,75.38208245323418,51.666666666666686,46.10666666666668,0.0,51.24792593616791,0.5994112919387139,1621.8458727559207,0.0,117.7845038331784,48.31482265682354,51.24792593616791,46.848271017151355,12.43753247303448,20.203903966667475,0.0,9.492840205028896,-0.3237042454529591,0.0,9.236100170605994,-3137.103138600386,-4106.610497700986,-153.61698818104796,-3418.719423553738,-0.0,-0.0,394.9102580822207,0.0,1.0,0.1286516685333742,0.0,0,1.2040523314716074,65.99961422222222,-113.29397312886827,0.18926653585682895,9.306016264000807,0.002721331469187266,-87.89292155869813,1.2200066350681797,0.3342764783471098,-4173.637533069551,67.02703536856453,0.11195554551826631,47.66578464720751,-201.28277282825547
2025-01-01 06:57:00,0.39426289274868404,0.2040553490023388,0.0,0.006571048212478067,0.0034009224833723133,0.0,0.06769344131452577,0.2765694514341583,0.0,0.05,0.0,0.0,0.0,0.18947201566900546,0,0.01458333333333334,1,0,0,Off,0,0,Off,0,0,Off,0.03331151295840273,0.024983634718802036,On,0,0,Off,0.00442313779239766,0.0,On,0.06327030352212812,0,On,0.0239400972088176,0,On,0.21931784126693796,0.1644883809502034,On,Off,0.0,20.000000000000057,0.0,0.0,0.0,0.0,0,0.0,21116.65276888889,Off,0.0,23.888888888888914,0,0.0,0.05,0.0,0.0,0,0,0,11489.55984,Off,0.0,0,75.17757050006621,51.666666666666686,46.10666666666668,0.0,51.19707171517438,0.600197745929197,1621.8458727559207,0.0,117.46495390635346,48.08352971575726,51.19707171517438,46.5267587160487,12.43753247303448,20.05428820791565,0.0,9.405051959568523,-0.3276059313706668,0.0,9.236100170605994,-3087.595923047861,-4057.91720360436,-153.17218010914468,-3377.939797222993,-0.0,-0.0,394.9102580822207,0.0,1.0,0.12806543008184637,0.0,0,1.1985657195806991,65.99961422222222,-104.56638390708844,0.19100567904714646,9.237031138334928,0.0027210261848100363,-87.1125490220185,1.2206294027804867,0.3336248338211556,-4126.97948908417,69.0622854798103,0.11203387198052522,48.27406187070001,-201.4462419798447
2025-01-01 06:58:00,0.39426289274868404,0.2040553490023388,0.0,0.006571048212478067,0.0034009224833723133,0.0,0.06769344131452577,0.2765694514341583,0.0,0.05,0.0,0.0,0.0,0.18947201566900546,0,0.01458333333333334,1,0,0,Off,0,0,Off,0,0,Off,0.03331151295840273,0.024983634718802036,On,0,0,Off,0.00442313779239766,0.0,On,0.06327030352212812,0,On,0.0239400972088176,0,On,0.21931784126693796,0.1644883809502034,On,Off,0.0,20.000000000000057,0.0,0.0,0.0,0.0,0,0.0,21116.65276888889,Off,0.0,23.888888888888914,0,0.0,0.05,0.0,0.0,0,0,0,11489.55984,Off,0.0,0,74.95967969488731,51.666666666666686,46.10666666666668,0.0,51.146149081863065,0.6009873285184973,1621.8458727559212,0.0,117.12449952326142,47.852279260522096,51.146149081863065,46.205344349851615,12.43753247303448,19.90969781914926,0.0,9.322496352615628,-0.331512570476018,0.0,9.236100170605994,-3040.8908080503475,-4012.5234695337294,-152.71757790319478,-3338.714887449356,-0.0,-0.0,394.9102580822207,0.0,1.0,0.12749757493537225,0.0,0,1.1932511572369318,65.99961422222222,-97.08617868321227,0.19270302687836743,9.169908661487256,0.0027207237653268826,-86.35499832307357,1.2212318623060652,0.33301086730704466,-4083.2255400415165,70.7020705077874,0.11211224305168527,48.883892830225555,-201.60147073342034
2025-01-01 06:59:00,0.39426289274868404,0.2040553490023388,0.4645728511809253,0.006571048212478067,0.0034009224833723133,0.007742880853015421,0.06769344131452577,0.2765694514341583,0.0,0.05,0.4645728511809253,0.0,0.0,0.18947201566900546,0,0.01458333333333334,1,0,0,Off,0,0,Off,0,0,Off,0.03331151295840273,0.024983634718802036,On,0,0,Off,0.00442313779239766,0.0,On,0.06327030352212812,0,On,0.0239400972088176,0,On,0.21931784126693796,0.1644883809502034,On,Off,0.0,20.000000000000057,0.0,0.0,0.0,0.0,0,0.0,21116.65276888889,Off,0.0,23.888888888888914,0,0.0,0.05,0.0,0.0,0,0,0,11489.55984,On,10550.56,0,76.55459112846671,51.666666666666686,46.10666666666668,0.0,51.09516105342467,0.6017800092938814,1621.8458727559205,10550.56,119.61654863822923,47.62107407047466,51.09516105342467,45.884030578999656,12.43753247303448,19.76975351349579,0.0,9.244697066138821,-0.3354222622986511,0.0,9.236100170605994,-2995.643019250791,-3969.8242342376543,-152.25348746079203,-3300.923967878747,-0.0,-0.0,394.9102580822207,0.0,1.0,0.12694673212171423,0.0,0,1.18809581349658,65.99961422222222,-89.62930945426434,0.19436155457525509,9.10517926756265,0.0027204241236454332,-85.61863718373627,1.2218155346928146,0.3324312357562654,-4042.1018222627004,72.2775880250461,0.11219062055289077,49.494982467891866,-201.7484699286839
2025-01-01 07:00:00,0.3957145526960561,0.20537027714543363,0.4645728511809253,0.006595242544934268,0.003422837952423894,0.007742880853015421,0.0673918637377714,0.27832268895828477,0.0,0.05,0.4645728511809253,0.0,0.0,0.1907869438121003,0,0.01458333333333334,1,0,0,Off,0,0,Off,0,0,Off,0.03506475048252919,0.026298562861896885,On,0,0,Off,0.004121560215643275,0.0,On,0.06327030352212812,0,On,0.0239400972088176,0,On,0.21931784126693796,0.1644883809502034,On,Off,0.0,20.000000000000057,0.0,0.0,0.0,0.0,0,0.0,21116.65276888889,Off,0.0,23.888888888888914,0,0.0,0.05,0.0,0.0,0,0,0,11489.55984,On,10550.56,0,80.17955531416469,51.666666666666686,46.10666666666668,0.0,51.04414942619638,0.13699429565155763,368.7235230050063,10550.56,125.28055517838231,48.79228958528448,51.04414942619638,47.66635966482853,12.43753247303448,19.634171504236896,0.0,9.171271115115891,-0.33933313049274677,0.0,9.236100170605994,-2950.535133510015,-3929.6218018693353,-151.78025866307001,-3264.4742970013344,-0.0,-0.0,396.36191802959274,0.0,1.0,0.12641189231313135,0.0,0,1.1830902420506024,65.99961422222222,-82.42275453827318,0.19598327308351396,9.042694942131225,0.0027201271789714454,-84.9022453380959,1.222381550090451,0.3318832585032809,-4003.387401874419,73.765600005084,0.11226896689499952,50.10703798303601,-201.88729664610602
2025-01-01 07:01:00,0.3957145526960561,0.20537027714543363,0.4645728511809253,0.006595242544934268,0.003422837952423894,0.007742880853015421,0.0673918637377714,0.27832268895828477,0.0,0.05,0.4645728511809253,0.0,0.0,0.1907869438121003,0,0.01458333333333334,1,0,0,Off,0,0,Off,0,0,Off,0.03506475048252919,0.026298562861896885,On,0,0,Off,0.004121560215643275,0.0,On,0.06327030352212812,0,On,0.0239400972088176,0,On,0.21931784126693796,0.1644883809502034,On,Off,0.0,20.000000000000057,0.0,0.0,0.0,0.0,0,0.0,21116.65276888889,Off,0.0,23.888888888888914,0,0.0,0.05,0.0,0.0,0,0,0,11489.55984,On,10550.56,0,84.00918442868053,51.666666666666686,46.10666666666668,0.0,51.01814368987831,0.1370866383443618,368.7235230050063,10550.56,131.26435066981333,50.12936119972427,51.01814368987831,49.68496995464726,12.43753247303448,19.502737926364155,0.0,9.101892576948059,-0.34324333331202933,0.0,9.236100170605994,-2908.447155665824,-3891.7294160169267,-151.29827600019064,-3229.2936039374854,-0.0,-0.0,396.36191802959274,0.0,1.0,0.1258923112464614,0.0,0,1.178227477332163,65.99961422222222,-75.51546975793163,0.19756948278141995,8.981636676859841,0.0027198328552530807,-84.20490454499455,1.222930752396942,0.3313646544203704,-3966.894295171001,75.16487915407473,0.11234724528611142,50.71977050060924,-202.01804650079987
2025-01-01 07:02:00,0.3957145526960561,0.20537027714543363,0.4645728511809253,0.006595242544934268,0.003422837952423894,0.007742880853015421,0.0673918637377714,0.27832268895828477,0.0,0.05,0.4645728511809253,0.0,0.0,0.1907869438121003,0,0.01458333333333334,1,0,0,Off,0,0,Off,0,0,Off,0.03506475048252919,0.026298562861896885,On,0,0,Off,0.004121560215643275,0.0,On,0.06327030352212812,0,On,0.0239400972088176,0,On,0.21931784126693796,0.1644883809502034,On,Off,0.0,20.000000000000057,0.0,0.0,0.0,0.0,0,0.0,21116.65276888889,Off,0.0,23.888888888888914,0,0.0,0.05,0.0,0.0,0,0,0,11489.55984,On,10550.56,0,87.86466483715937,51.666666666666686,46.10666666666668,0.0,51.465637237312464,0.13551481243918254,368.7235230050062,10550.56,137.2885388080615,51.465637237312464,51.46563723731247,51.465637237312464,12.43753247303448,19.375216877319748,-0.12478312268030933,9.036278203440778,-0.3471510721676213,0.0,9.236100170605994,-2867.8743857485383,-3855.9831272862066,-150.80795037141345,-3195.305145407483,-0.0,-0.0,396.36191802959274,0.0,1.0,0.1253871483633339,0.0,0,1.1734996525465498,65.99961422222222,-68.93115837064798,0.19912187016764024,8.922597985995017,0.0027195410800407347,-83.52559509481185,1.2234640822810532,0.3308734395492972,-3932.459333095334,76.4762058091272,0.11242541989977084,51.33289645280889,-202.14084682422234
2025-01-01 07:03:00,0.3957145526960561,0.20537027714543363,0.0,0.006595242544934268,0.003422837952423894,0.0,0.0673918637377714,0.27832268895828477,0.0,0.05,0.0,0.0,0.0,0.1907869438121003,0,0.01458333333333334,1,0,0,Off,0,0,Off,0,0,Off,0.03506475048252919,0.026298562861896885,On,0,0,Off,0.004121560215643275,0.0,On,0.06327030352212812,0,On,0.0239400972088176,0,On,0.21931784126693796,0.1644883809502034,On,Off,0.0,20.000000000000057,0.0,0.0,0.0,0.0,0,0.0,21116.65276888889,Off,0.0,23.888888888888914,0,0.0,0.05,0.0,0.0,0,0,0,11489.55984,Off,0.0,0,89.9549573506189,51.666666666666686,46.10666666666668,0.0,52.80111232763578,0.1310311502606968,368.72352300500626,0.0,140.55462086034203,52.80111232763578,52.801112327635785,52.80111232763578,12.43753247303448,19.251422016212075,-0.2485779837879818,8.974177102447431,-0.3510545985249571,0.0,9.236100170605994,-2828.7608711637477,-3822.2364884754425,-150.30971190834978,-3162.446725033589,-0.0,-0.0,396.36191802959274,0.0,1.0,0.12489575074641639,0.0,0,1.1689006570335172,65.99961422222222,-62.67606415975149,0.20064162124640278,8.864781290848518,0.00271925178484168,-82.86351158620212,1.2239822776338465,0.3304078537330507,-3899.938321271218,77.70183279577513,0.11250345600916553,51.9461387113796,-202.2558506197294
2025-01-01 07:04:00,1.446487469362723,0.20537027714543363,0.9006625,0.024108124489378716,0.003422837952423894,0.015011041666666667,0.0673918637377714,0.27832268895828477,1.0507729166666668,0.05,0.0,0.9006625,0.0,0.1907869438121003,0,0.01458333333333334,1,0,0,Off,0,0,Off,0,0,Off,0.03506475048252919,0.026298562861896885,On,0,0,Off,0.004121560215643275,0.0,On,0.06327030352212812,0,On,0.0239400972088176,0,On,0.21931784126693796,0.1644883809502034,On,On,17415.9303113141,20.000000000000057,0.8,4751.49537424146,26.39581596111111,1.0507729166666668,1,21116.65276888889,21116.65276888889,Off,0.0,23.888888888888914,0,0.0,0.05,0.0,0.0,0,0,0,11489.55984,Off,0.0,0,90.09918418754067,51.666666666666686,46.10666666666668,0.0,52.77392797076575,0.13111945754511883,368.72352300500626,0.0,140.7799752930323,52.733401139500316,52.77392797076575,52.713137723867604,12.43753247303448,19.13118367635076,-0.3688163236492983,8.915363656043152,-0.35495221936375165,0.0,9.236100170605994,14624.8843668136,961.1382912607592,-149.8040038529265,-3130.6616844777345,-0.0,-0.0,396.36191802959274,0.0,1.0,0.12441752446372759,0.0,0,1.1644249321773483,65.99961422222222,-56.746178052358246,0.20212980634216599,8.808807194015412,0.0027189649043105244,-82.21791885365855,1.2244860102573,0.3299663104992175,-3869.202005319552,78.84492233885103,0.11258132009197482,52.559227503321154,-202.36323135624767
2025-01-01 07:05:00,1.446487469362723,0.20537027714543363,0.9006625,0.024108124489378716,0.003422837952423894,0.015011041666666667,0.0673918637377714,0.27832268895828477,1.0507729166666668,0.05,0.0,0.9006625,0.0,0.1907869438121003,0,0.01458333333333334,1,0,0,Off,0,0,Off,0,0,Off,0.03506475048252919,0.026298562861896885,On,0,0,Off,0.004121560215643275,0.0,On,0.06327030352212812,0,On,0.0239400972088176,0,On,0.21931784126693796,0.1644883809502034,On,On,17415.9303113141,20.000000000000057,0.8,4751.49537424146,26.39581596111111,1.0507729166666668,1,21116.65276888889,21116.65276888889,Off,0.0,23.888888888888914,0,0.0,0.05,0.0,0.0,0,0,0,11489.55984,Off,0.0,0,89.38571854791098,51.666666666666686,46.10666666666668,0.0,52.74668635469875,0.13120807031858073,368.72352300500626,0.0,139.6651852311109,52.66565998931647,52.74668635469875,52.625146806625324,12.43753247303448,19.330572661481405,-0.169427338518652,9.03112597919263,-0.3588423013989333,0.0,9.236100170605994,14560.703571948688,897.9013620443484,-149.29127752486016,-3183.439829966287,-0.0,-0.0,396.36191802959274,0.0,1.0,0.12521004882253536,0.0,0,1.171842176064263,65.99961422222222,-68.14882742871731,0.19961314399659952,8.90069581013585,0.0027186803759746353,-82.98299379519872,1.2236514674418038,0.3308348370992921,-3929.7586267679003,76.1646145707887,0.1126589799099734,53.171901138973055,-202.46317866383322
2025-01-01 07:06:00,1.446487469362723,0.20537027714543363,0.9006625,0.024108124489378716,0.003422837952423894,0.015011041666666667,0.0673918637377714,0.27832268895828477,1.0507729166666668,0.05,0.0,0.9006625,0.0,0.1907869438121003,0,0.01458333333333334,1,0,0,Off,0,0,Off,0,0,Off,0.03506475048252919,0.026298562861896885,On,0,0,Off,0.004121560215643275,0.0,On,0.06327030352212812,0,On,0.0239400972088176,0,On,0.21931784126693796,0.1644883809502034,On,On,17415.9303113141,20.000000000000057,0.8,4751.49537424146,26.39581596111111,1.0507729166666668,1,21116.65276888889,21116.65276888889,Off,0.0,23.888888888888914,0,0.0,0.05,0.0,0.0,0,0,0,11489.55984,Off,0.0,0,88.69014568583665,51.666666666666686,46.10666666666668,0.0,52.71957645215358,0.13129637363311267,368.7235230050063,0.0,138.57835263411977,52.59806705629159,52.71957645215358,52.5373123583606,12.43753247303448,19.52344080731128,0.0,9.14009206375109,-0.3627232741424327,0.0,9.236100170605994,14499.289249412015,838.456984838328,-148.77198953764616,-3234.8250676879284,-0.0,-0.0,396.36191802959274,0.0,1.0,0.12597422612730763,0.0,0,1.1789941195715485,65.99961422222222,-78.1779122437499,0.1972113209322686,8.989428417814059,0.0027183930041168518,-83.71407064030848,1.2228453084940965,0.3316502956446904,-3986.9767193030875,73.93832989995553,0.11273640456512188,53.78390656313765,-202.5558961007838
2025-01-01 07:07:00,1.446487469362723,0.20537027714543363,0.9006625,0.024108124489378716,0.003422837952423894,0.015011041666666667,0.0673918637377714,0.27832268895828477,1.0507729166666668,0.05,0.0,0.9006625,0.0,0.1907869438121003,0,0.01458333333333334,1,0,0,Off,0,0,Off,0,0,Off,0.03506475048252919,0.026298562861896885,On,0,0,Off,0.004121560215643275,0.0,On,0.06327030352212812,0,On,0.0239400972088176,0,On,0.21931784126693796,0.1644883809502034,On,On,17415.9303113141,20.000000000000057,0.8,4751.49537424146,26.39581596111111,1.0507729166666668,1,21116.65276888889,21116.65276888889,Off,0.0,23.888888888888914,0,0.0,0.05,0.0,0.0,0,0,0,11489.55984,Off,0.0,0,88.0112837625331,51.666666666666686,46.10666666666668,0.0,52.69259433160645,0.13138437882841497,368.72352300500637,0.0,137.51763087895796,52.530618623334774,52.69259433160645,52.44963076919894,12.43753247303448,19.710224856251795,0.0,9.242823978767706,-0.366593631839248,0.0,9.236100170605994,14439.332622160682,782.1814570053002,-148.24660011625025,-3284.9005632990115,-0.0,-0.0,396.36191802959274,0.0,1.0,0.1267120473490768,0.0,0,1.1858993962182323,65.99961422222222,-88.05904388399885,0.19491529483609837,9.075275285566512,0.0027181029094060227,-84.41345959362252,1.222065600928068,0.33241726814888856,-4041.113042887963,71.7991256518031,0.11281356453293848,54.394999732694586,-202.64159984894485
2025-01-01 07:08:00,1.446487469362723,0.20537027714543363,0.9006625,0.024108124489378716,0.003422837952423894,0.015011041666666667,0.0673918637377714,0.27832268895828477,1.0507729166666668,0.05,0.0,0.9006625,0.0,0.1907869438121003,0,0.01458333333333334,1,0,0,Off,0,0,Off,0,0,Off,0.03506475048252919,0.026298562861896885,On,0,0,Off,0.004121560215643275,0.0,On,0.06327030352212812,0,On,0.0239400972088176,0,On,0.21931784126693796,0.1644883809502034,On,On,17415.9303113141,20.000000000000057,0.8,4751.49537424146,26.39581596111111,1.0507729166666668,1,21116.65276888889,21116.65276888889,Off,0.0,23.888888888888914,0,0.0,0.05,0.0,0.0,0,0,0,11489.55984,Off,0.0,0,87.34821838911142,51.666666666666686,46.10666666666668,0.0,52.66573632203564,0.13147209646346705,368.72352300500626,0.0,136.4815912329866,52.463311218873265,52.66573632203564,52.36209866729208,12.43753247303448,19.891262119272128,0.0,9.339783645013332,-0.37045193460994574,0.0,9.236100170605994,14380.99696359209,728.902232527807,-147.71557016471826,-3333.726689180035,-0.0,-0.0,396.36191802959274,0.0,1.0,0.12742507878499848,0.0,0,1.19257266499602,65.99961422222222,-97.56857657156817,0.19271768766981381,9.158450108582727,0.0027178102044660064,-85.08299309870466,1.221310839699984,0.33313952666132984,-4092.3778094308254,69.78466771717241,0.1128904316798906,55.00494587148408,-202.72051603620233
2025-01-01 07:09:00,1.446487469362723,0.20537027714543363,0.9006625,0.024108124489378716,0.003422837952423894,0.015011041666666667,0.0673918637377714,0.27832268895828477,1.0507729166666668,0.05,0.0,0.9006625,0.0,0.1907869438121003,0,0.01458333333333334,1,0,0,Off,0,0,Off,0,0,Off,0.03506475048252919,0.026298562861896885,On,0,0,Off,0.004121560215643275,0.0,On,0.06327030352212812,0,On,0.0239400972088176,0,On,0.21931784126693796,0.1644883809502034,On,On,17415.9303113141,20.000000000000057,0.8,4751.49537424146,26.39581596111111,1.0507729166666668,1,21116.65276888889,21116.65276888889,Off,0.0,23.888888888888914,0,0.0,0.05,0.0,0.0,0,0,0,11489.55984,Off,0.0,0,86.70016094568244,51.666666666666686,46.10666666666668,0.0,52.638998953991,0.13155953650330765,368.7235230050063,0.0,135.4690014776288,52.396141561291785,52.638998953991,52.27471286494218,12.43753247303448,20.06684322419776,0.0,9.43137184413834,-0.3742968089777668,0.0,9.236100170605994,14324.274381189138,678.4337680890462,-147.17935815325717,-3381.3543457185538,-0.0,-0.0,396.36191802959274,0.0,1.0,0.1281146770516954,0.0,0,1.1990266224942845,65.99961422222222,-106.66350243600155,0.19061204987319266,9.238413014852307,0.002717514995584227,-85.72426574835578,1.2205797243430416,0.333820337558299,-4140.953946606143,67.89234045372939,0.11296697926844285,55.613519629388435,-202.7928777826456
2025-01-01 07:10:00,0.3957145526960561,0.20537027714543363,0.0,0.006595242544934268,0.003422837952423894,0.0,0.0673918637377714,0.27832268895828477,0.0,0.05,0.0,0.0,0.0,0.1907869438121003,0,0.01458333333333334,1,0,0,Off,0,0,Off,0,0,Off,0.03506475048252919,0.026298562861896885,On,0,0,Off,0.004121560215643275,0.0,On,0.06327030352212812,0,On,0.0239400972088176,0,On,0.21931784126693796,0.1644883809502034,On,Off,0.0,20.000000000000057,0.0,0.0,0.0,0.0,0,0.0,21116.65276888889,Off,0.0,23.888888888888914,0,0.0,0.05,0.0,0.0,0,0,0,11489.55984,Off,0.0,0,86.06641471167757,51.666666666666686,46.10666666666668,0.0,52.612378931878894,0.1316467084051185,368.7235230050063,0.0,134.4787729869962,52.32910653280494,52.612378931878894,52.187470333267974,12.43753247303448,20.237224712443286,0.0,9.517942556787407,-0.3781269478605292,0.0,9.236100170605994,-3146.78937314243,-4120.88362154682,-146.63841767552196,-3427.827863825256,-0.0,-0.0,396.36191802959274,0.0,1.0,0.12878204282194386,0.0,0,1.2052725058222846,65.99961422222222,-115.32342734676683,0.18859265036623368,9.316045723919121,0.002717217383545719,-86.33869467169728,1.2198711048682755,0.3344625775025108,-4187.003774983258,66.12015343643814,0.113043181951427,56.220505157304224,-202.85892283282618
2025-01-01 07:11:00,0.3957145526960561,0.20537027714543363,0.0,0.006595242544934268,0.003422837952423894,0.0,0.0673918637377714,0.27832268895828477,0.0,0.05,0.0,0.0,0.0,0.1907869438121003,0,0.01458333333333334,1,0,0,Off,0,0,Off,0,0,Off,0.03506475048252919,0.026298562861896885,On,0,0,Off,0.004121560215643275,0.0,On,0.06327030352212812,0,On,0.0239400972088176,0,On,0.21931784126693796,0.1644883809502034,On,Off,0.0,20.000000000000057,0.0,0.0,0.0,0.0,0,0.0,21116.65276888889,Off,0.0,23.888888888888914,0,0.0,0.05,0.0,0.0,0,0,0,11489.55984,Off,0.0,0,86.29483672744577,51.666666666666686,46.10666666666668,0.0,52.58587311370984,0.13173362118058712,368.7235230050063,0.0,134.835682386634,52.26220316036585,52.58587311370984,52.10036818369387,12.43753247303448,20.086411116004218,0.0,9.428320403668065,-0.38194111012660864,0.0,9.236100170605994,-3096.8057947884813,-4071.127897231761,-146.09319544885872,-3386.678896887441,-0.0,-0.0,396.36191802959274,0.0,1.0,0.12819141267427586,0.0,0,1.1997447920005817,65.99961422222222,-106.48881593063282,0.19033960287013144,9.247172594637615,0.0027169174642509876,-85.56329513150646,1.220498714294947,0.3337976773690025,-4139.333173259396,68.20527602763525,0.11311901575776974,56.825696112872464,-202.9188915617312
2025-01-01 07:12:00,0.3957145526960561,0.20537027714543363,0.0,0.006595242544934268,0.003422837952423894,0.0,0.0673918637377714,0.27832268895828477,0.0,0.05,0.0,0.0,0.0,0.1907869438121003,0,0.01458333333333334,1,0,0,Off,0,0,Off,0,0,Off,0.03506475048252919,0.026298562861896885,On,0,0,Off,0.004121560215643275,0.0,On,0.06327030352212812,0,On,0.0239400972088176,0,On,0.21931784126693796,0.1644883809502034,On,Off,0.0,20.000000000000057,0.0,0.0,0.0,0.0,0,0.0,21116.65276888889,Off,0.0,23.888888888888914,0,0.0,0.05,0.0,0.0,0,0,0,11489.55984,Off,0.0,0,86.5095120865159,51.666666666666686,46.10666666666668,0.0,52.55929156886169,0.13182089759214868,368.7235230050063,0.0,135.1711126351811,52.19525233495868,52.55929156886169,52.01323271800718,12.43753247303448,19.94067252844463,0.0,9.34404013910402,-0.385738119894703,0.0,9.236100170605994,-3049.648457447226,-4024.7387893644286,-145.544128206893,-3347.1024717849427,-0.0,-0.0,396.36191802959274,0.0,1.0,0.12761933177989235,0.0,0,1.194390680837273,65.99961422222222,-98.90790369187611,0.1920446136396213,9.179455071136152,0.0027166203913432303,-84.81064010427846,1.2211058231112855,0.3331711976710997,-4094.6320941336726,69.89330476924334,0.11319445807319822,57.428895624795615,-202.9730238316886
2025-01-01 07:13:00,0.3957145526960561,0.20537027714543363,0.0,0.006595242544934268,0.003422837952423894,0.0,0.0673918637377714,0.27832268895828477,0.0,0.05,0.0,0.0,0.0,0.1907869438121003,0,0.01458333333333334,1,0,0,Off,0,0,Off,0,0,Off,0.03506475048252919,0.026298562861896885,On,0,0,Off,0.004121560215643275,0.0,On,0.06327030352212812,0,On,0.0239400972088176,0,On,0.21931784126693796,0.1644883809502034,On,Off,0.0,20.000000000000057,0.0,0.0,0.0,0.0,0,0.0,21116.65276888889,Off,0.0,23.888888888888914,0,0.0,0.05,0.0,0.0,0,0,0,11489.55984,Off,0.0,0,86.71147306850465,51.666666666666686,46.10666666666668,0.0,52.53263734359721,0.13190852883567153,368.72352300500626,0.0,135.4866766695385,52.128256912348704,52.53263734359721,51.926066696724455,12.43753247303448,19.799627085368748,0.0,9.264618635146222,-0.3895168657621387,0.0,9.236100170605994,-3003.971075339336,-3981.108604204432,-144.99163943343848,-3308.976748486191,-0.0,-0.0,396.36191802959274,0.0,1.0,0.12706442164908544,0.0,0,1.1891972710325494,65.99961422222222,-91.35624488273785,0.19371065106324123,9.114873407120562,0.0027163260780279736,-84.07910760550283,1.2216939617276754,0.3325797545441688,-4052.6219852896947,71.51338108526267,0.11326948761962291,58.029916244668755,-203.02155567810723
2025-01-01 07:14:00,0.3957145526960561,0.20537027714543363,0.0,0.006595242544934268,0.003422837952423894,0.0,0.0673918637377714,0.27832268895828477,0.0,0.05,0.0,0.0,0.0,0.1907869438121003,0,0.01458333333333334,1,0,0,Off,0,0,Off,0,0,Off,0.03506475048252919,0.026298562861896885,On,0,0,Off,0.004121560215643275,0.0,On,0.06327030352212812,0,On,0.0239400972088176,0,On,0.21931784126693796,0.1644883809502034,On,Off,0.0,20.000000000000057,0.0,0.0,0.0,0.0,0,0.0,21116.65276888889,Off,0.0,23.888888888888914,0,0.0,0.05,0.0,0.0,0,0,0,11489.55984,Off,0.0,0,86.9014946452709,51.666666666666686,46.10666666666668,0.0,52.505913256641094,0.13199650681047154,368.7235230050062,0.0,135.7835853832358,52.06121953385282,52.505913256641094,51.838872672458685,12.43753247303448,19.662988604936892,0.0,9.1896665261861,-0.39327629981716633,0.0,9.236100170605994,-2959.906493669736,-3940.0341489652137,-144.4361381907025,-3272.2079809281263,-0.0,-0.0,396.36191802959274,0.0,1.0,0.1265256657796513,0.0,0,1.1841550491314947,65.99961422222222,-84.06043077120238,0.1953397232292728,9.051123798061878,0.002716034443770364,-83.36748321766629,1.222264269093822,0.3320206282080254,-4013.0776192324092,73.04347026719537,0.1133440844303451,58.628579863081484,-203.064718053784
2025-01-01 07:15:00,0.3957145526960561,0.20537027714543363,0.0,0.006595242544934268,0.003422837952423894,0.0,0.0673918637377714,0.27832268895828477,0.0,0.05,0.0,0.0,0.0,0.1907869438121003,0,0.01458333333333334,1,0,0,Off,0,0,Off,0,0,Off,0.03506475048252919,0.026298562861896885,On,0,0,Off,0.004121560215643275,0.0,On,0.06327030352212812,0,On,0.0239400972088176,0,On,0.21931784126693796,0.1644883809502034,On,Off,0.0,20.000000000000057,0.0,0.0,0.0,0.0,0,0.0,21116.65276888889,Off,0.0,23.888888888888914,0,0.0,0.05,0.0,0.0,0,0,0,11489.55984,Off,0.0,0,87.06567294356293,51.666666666666686,46.10666666666668,0.0,52.479121955874845,0.16209680701834758,452.5039589733371,0.0,136.04011397431708,51.994142679793306,52.479121955874845,51.75165304175254,12.43753247303448,19.530514629872542,0.0,9.118851996002043,-0.39701543642084547,0.0,9.236100170605994,-2917.4216543315347,-3901.324769958346,-143.87801887515548,-3236.715937223472,-0.0,-0.0,396.36191802959274,0.0,1.0,0.12600220881519225,0.0,0,1.1792560098445037,65.99961422222222,-77.0676351376558,0.1969334531501721,8.990234864381188,0.002715745412756207,-82.6747367936567,1.2228177075147122,0.33149150088186674,-3975.8071068804384,74.48233692209149,0.11341822982082934,59.22471758730286,-203.10273646245835
2025-01-01 07:16:00,0.3957145526960561,0.20537027714543363,0.0,0.006595242544934268,0.003422837952423894,0.0,0.0673918637377714,0.27832268895828477,0.0,0.05,0.0,0.0,0.0,0.1907869438121003,0,0.01458333333333334,1,0,0,Off,0,0,Off,0,0,Off,0.03506475048252919,0.026298562861896885,On,0,0,Off,0.004121560215643275,0.0,On,0.06327030352212812,0,On,0.0239400972088176,0,On,0.21931784126693796,0.1644883809502034,On,Off,0.0,20.000000000000057,0.0,0.0,0.0,0.0,0,0.0,21116.65276888889,Off,0.0,23.888888888888914,0,0.0,0.05,0.0,0.0,0,0,0,11489.55984,Off,0.0,0,87.20459044142547,51.666666666666686,46.10666666666668,0.0,52.45059531793997,0.16221237120152782,452.50395897333703,0.0,136.25717256472728,51.91589267254401,52.45059531793997,51.648541349846035,12.43753247303448,19.401994342617833,-0.09800565738222389,9.05188630632963,-0.40073335082088035,0.0,9.236100170605994,-2876.471201073359,-3864.812758941535,-143.31766094581207,-3202.4303415348922,-0.0,-0.0,396.36191802959274,0.0,1.0,0.1254933108982275,0.0,0,1.1744932288375594,65.99961422222222,-70.40277756805963,0.19849319910127527,8.929967002603679,0.0027154589131865867,-81.99997113119232,1.2233551120610107,0.330990353994699,-3940.64369512133,75.83093617979479,0.11349190635630275,59.81816959011942,-203.1358305359315
2025-01-01 07:17:00,0.3957145526960561,0.20537027714543363,0.0,0.006595242544934268,0.003422837952423894,0.0,0.0673918637377714,0.27832268895828477,0.0,0.05,0.0,0.0,0.0,0.1907869438121003,0,0.01458333333333334,1,0,0,Off,0,0,Off,0,0,Off,0.03506475048252919,0.026298562861896885,On,0,0,Off,0.004121560215643275,0.0,On,0.06327030352212812,0,On,0.0239400972088176,0,On,0.21931784126693796,0.1644883809502034,On,Off,0.0,20.000000000000057,0.0,0.0,0.0,0.0,0,0.0,21116.65276888889,Off,0.0,23.888888888888914,0,0.0,0.05,0.0,0.0,0,0,0,11489.55984,Off,0.0,0,87.333324836342,51.666666666666686,46.10666666666668,0.0,52.422006807309295,0.16232835147076316,452.50395897333703,0.0,136.45832005678437,51.83761380622187,52.422006807309295,51.545417305678164,12.43753247303448,19.277239394449666,-0.22276060555039123,8.988513446258866,-0.40442917762547204,0.0,9.236100170605994,-2836.9979529127136,-3830.3482292299254,-142.75542862403336,-3169.288193529895,-0.0,-0.0,396.36191802959274,0.0,1.0,0.12499831288163435,0.0,0,1.1698605371457436,65.99961422222222,-64.07167741241142,0.2000201479646324,8.872352792971508,0.00271517487676642,-81.34238292494479,1.223877228128738,0.33051539472984587,-3907.4398923485396,77.09166311861404,0.11356509781675604,60.40878493402285,-203.1642135580562
2025-01-01 07:18:00,1.446487469362723,0.20537027714543363,0.9006625,0.024108124489378716,0.003422837952423894,0.015011041666666667,0.0673918637377714,0.27832268895828477,1.0507729166666668,0.05,0.0,0.9006625,0.0,0.1907869438121003,0,0.01458333333333334,1,0,0,Off,0,0,Off,0,0,Off,0.03506475048252919,0.026298562861896885,On,0,0,Off,0.004121560215643275,0.0,On,0.06327030352212812,0,On,0.0239400972088176,0,On,0.21931784126693796,0.1644883809502034,On,On,17415.9303113141,20.000000000000057,0.8,4751.49537424146,26.39581596111111,1.0507729166666668,1,21116.65276888889,21116.65276888889,Off,0.0,23.888888888888914,0,0.0,0.05,0.0,0.0,0,0,0,11489.55984,Off,0.0,0,87.45234210065507,51.666666666666686,46.10666666666668,0.0,52.39335868815086,0.1624447400527609,452.50395897333703,0.0,136.64428453227356,51.75930819629049,52.39335868815086,51.4422829503603,12.43753247303448,19.156078239519797,-0.34392176048026,8.928503017617055,-0.40810210916152856,0.0,9.236100170605994,14616.99009491185,953.6997874717331,-142.19167072840668,-3137.2320898504645,-0.0,-0.0,396.36191802959274,0.0,1.0,0.12451661496416273,0.0,0,1.1653523212227899,65.99961422222222,-58.07004458137854,0.20151537137157038,8.815196021231227,0.002714893238340281,-80.70123871066033,1.224384734568994,0.3300650057831556,-3876.06340285897,78.26781608924293,0.11363778915984313,60.99642137440605,-203.18809210281273
2025-01-01 07:19:00,1.446487469362723,0.20537027714543363,0.9006625,0.024108124489378716,0.003422837952423894,0.015011041666666667,0.0673918637377714,0.27832268895828477,1.0507729166666668,0.05,0.0,0.9006625,0.0,0.1907869438121003,0,0.01458333333333334,1,0,0,Off,0,0,Off,0,0,Off,0.03506475048252919,0.026298562861896885,On,0,0,Off,0.004121560215643275,0.0,On,0.06327030352212812,0,On,0.0239400972088176,0,On,0.21931784126693796,0.1644883809502034,On,On,17415.9303113141,20.000000000000057,0.8,4751.49537424146,26.39581596111111,1.0507729166666668,1,21116.65276888889,21116.65276888889,Off,0.0,23.888888888888914,0,0.0,0.05,0.0,0.0,0,0,0,11489.55984,Off,0.0,0,86.71358522881594,51.666666666666686,46.10666666666668,0.0,52.36465312188228,0.1625615295475902,452.50395897333703,0.0,135.4899769200249,51.68097786141117,52.36465312188228,51.33914023117563,12.43753247303448,19.35457991678896,-0.14542008321109634,9.043138666105447,-0.41175139374049496,0.0,9.236100170605994,14553.068373555034,891.0577183261544,-141.62672079557552,-3189.818176925795,-0.0,-0.0,396.36191802959274,0.0,1.0,0.1253052992968731,0.0,0,1.172733626264696,65.99961422222222,-69.40567886286516,0.19901817908546504,8.907288010085551,0.0027146139356192646,-81.45376367794492,1.2235540395787734,0.330924833790008,-3936.056197278049,75.61854136274316,0.11370996648215186,61.58094514530445,-203.20766594088
2025-01-01 07:20:00,1.446487469362723,0.20537027714543363,0.9006625,0.024108124489378716,0.003422837952423894,0.015011041666666667,0.0673918637377714,0.27832268895828477,1.0507729166666668,0.05,0.0,0.9006625,0.0,0.1907869438121003,0,0.01458333333333334,1,0,0,Off,0,0,Off,0,0,Off,0.03506475048252919,0.026298562861896885,On,0,0,Off,0.004121560215643275,0.0,On,0.06327030352212812,0,On,0.0239400972088176,0,On,0.21931784126693796,0.1644883809502034,On,On,17415.9303113141,20.000000000000057,0.8,4751.49537424146,26.39581596111111,1.0507729166666668,1,21116.65276888889,21116.65276888889,Off,0.0,23.888888888888914,0,0.0,0.05,0.0,0.0,0,0,0,11489.55984,Off,0.0,0,85.99264727762653,51.666666666666686,46.10666666666668,0.0,52.336079102623984,0.16267795073754168,452.50395897333703,0.0,134.36351137129145,51.60280099775548,52.336079102623984,51.23616194532123,12.43753247303448,19.546593371053472,0.0,9.151042877557982,-0.41537633375899724,0.0,9.236100170605994,14491.90537694692,832.1783562914279,-141.06089874651803,-3241.015501757232,-0.0,-0.0,396.36191802959274,0.0,1.0,0.12606580143538285,0.0,0,1.179851173851918,65.99961422222222,-79.37135063954186,0.1966347490872838,8.995545361224735,0.002714331837056775,-82.17289229615616,1.2227515775595652,0.3317321363017626,-3992.7385831905353,73.42156524050344,0.11378161697741612,62.16223071585319,-203.22312946237122
2025-01-01 07:21:00,1.446487469362723,0.20537027714543363,0.9006625,0.024108124489378716,0.003422837952423894,0.015011041666666667,0.0673918637377714,0.27832268895828477,1.0507729166666668,0.05,0.0,0.9006625,0.0,0.1907869438121003,0,0.01458333333333334,1,0,0,Off,0,0,Off,0,0,Off,0.03506475048252919,0.026298562861896885,On,0,0,Off,0.004121560215643275,0.0,On,0.06327030352212812,0,On,0.0239400972088176,0,On,0.21931784126693796,0.1644883809502034,On,On,17415.9303113141,20.000000000000057,0.8,4751.49537424146,26.39581596111111,1.0507729166666668,1,21116.65276888889,21116.65276888889,Off,0.0,23.888888888888914,0,0.0,0.05,0.0,0.0,0,0,0,11489.55984,Off,0.0,0,85.28835020724608,51.666666666666686,46.10666666666668,0.0,52.307632718532076,0.16279401765087947,452.503958973337,0.0,133.263047198822,51.52477390357569,52.307632718532076,51.1333444960975,12.43753247303448,19.7325539443199,0.0,9.252774182478305,-0.418976283534202,0.0,9.236100170605994,14432.19250856277,776.4390696033452,-140.49451304271935,-3290.907280544719,-0.0,-0.0,396.36191802959274,0.0,1.0,0.12680010318410706,0.0,0,1.186723511713014,65.99961422222222,-89.19244023620499,0.19435612193444213,9.080936184329737,0.0027140470611695202,-82.86089655698589,1.2219754232117839,0.3324914600700381,-4046.366337327691,71.31003268957579,0.11385272888970736,62.740160501155316,-203.23467354387466
2025-01-01 07:22:00,1.446487469362723,0.20537027714543363,0.9006625,0.024108124489378716,0.003422837952423894,0.015011041666666667,0.0673918637377714,0.27832268895828477,1.0507729166666668,0.05,0.0,0.9006625,0.0,0.1907869438121003,0,0.01458333333333334,1,0,0,Off,0,0,Off,0,0,Off,0.03506475048252919,0.026298562861896885,On,0,0,Off,0.004121560215643275,0.0,On,0.06327030352212812,0,On,0.0239400972088176,0,On,0.21931784126693796,0.1644883809502034,On,On,17415.9303113141,20.000000000000057,0.8,4751.49537424146,26.39581596111111,1.0507729166666668,1,21116.65276888889,21116.65276888889,Off,0.0,23.888888888888914,0,0.0,0.05,0.0,0.0,0,0,0,11489.55984,Off,0.0,0,84.59978323310246,51.666666666666686,46.10666666666668,0.0,52.27931031742505,0.1629097433467493,452.503958973337,0.0,132.1871613017226,51.44689312185308,52.27931031742505,51.030684524067105,12.43753247303448,19.912797618960706,0.0,9.348791141736049,-0.42255064708947143,0.0,9.236100170605994,14374.093234618944,723.6684289860577,-139.9278610577763,-3339.553899899268,-0.0,-0.0,396.36191802959274,0.0,1.0,0.12750976245135862,0.0,0,1.1933652203284215,65.99961422222222,-98.64509482548016,0.19217499196867688,9.163673326747206,0.002713759718561808,-83.51957722332082,1.2212240782059258,0.33320654458215554,-4097.1486509280385,69.32170567263634,0.11392329146588187,63.314624561891144,-203.24248561966746
2025-01-01 07:23:00,1.446487469362723,0.20537027714543363,0.9006625,0.024108124489378716,0.003422837952423894,0.015011041666666667,0.0673918637377714,0.27832268895828477,1.0507729166666668,0.05,0.0,0.9006625,0.0,0.1907869438121003,0,0.01458333333333334,1,0,0,Off,0,0,Off,0,0,Off,0.03506475048252919,0.026298562861896885,On,0,0,Off,0.004121560215643275,0.0,On,0.06327030352212812,0,On,0.0239400972088176,0,On,0.21931784126693796,0.1644883809502034,On,On,17415.9303113141,20.000000000000057,0.8,4751.49537424146,26.39581596111111,1.0507729166666668,1,21116.65276888889,21116.65276888889,Off,0.0,23.888888888888914,0,0.0,0.05,0.0,0.0,0,0,0,11489.55984,Off,0.0,0,83.92616115683123,51.666666666666686,46.10666666666668,0.0,52.25110844789623,0.16302514014832623,452.50395897333703,0.0,131.13462680754878,51.36915538477763,52.25110844789623,50.928178853218334,12.43753247303448,20.087613761511037,0.0,9.43949134963843,-0.42609887596664026,0.0,9.236100170605994,14317.599865663187,673.6820152344812,-139.36122880119308,-3387.006253167989,-0.0,-0.0,396.36191802959274,0.0,1.0,0.12819612809020103,0.0,0,1.1997889236282806,65.99961422222222,-107.68611051251666,0.19008497456819087,9.243214943114474,0.002713469913610678,-84.1505007409921,1.220496248386864,0.33388062602741775,-4145.267416838068,67.45405783108924,0.11399329490879177,63.885520304907075,-203.24674910610014
2025-01-01 07:24:00,0.3957145526960561,0.20537027714543363,0.0,0.006595242544934268,0.003422837952423894,0.0,0.0673918637377714,0.27832268895828477,0.0,0.05,0.0,0.0,0.0,0.1907869438121003,0,0.01458333333333334,1,0,0,Off,0,0,Off,0,0,Off,0.03506475048252919,0.026298562861896885,On,0,0,Off,0.004121560215643275,0.0,On,0.06327030352212812,0,On,0.0239400972088176,0,On,0.21931784126693796,0.1644883809502034,On,Off,0.0,20.000000000000057,0.0,0.0,0.0,0.0,0,0.0,21116.65276888889,Off,0.0,23.888888888888914,0,0.0,0.05,0.0,0.0,0,0,0,11489.55984,Off,0.0,0,83.26679050815633,51.666666666666686,46.10666666666668,0.0,52.22302383163898,0.1631402197500856,452.50395897333703,0.0,130.10436016899428,51.29155758765839,52.22302383163898,50.8258244656681,12.43753247303448,20.257257715259517,0.0,9.52522576492648,-0.4296204670561632,0.0,9.236100170605994,-3153.241644359357,-4125.178737199293,-138.79489090409598,-3433.3086481934383,-0.0,-0.0,396.36191802959274,0.0,1.0,0.12886039356020715,0.0,0,1.2060057912134021,65.99961422222222,-116.29491419551134,0.18808039736168503,9.321175767717307,0.002713177745287638,-84.75505882787505,1.219790789711582,0.33451655302194067,-4190.883919878521,65.70518267922759,0.11406273033108227,64.4527521834273,-203.24764308752327
2025-01-01 07:25:00,0.3957145526960561,0.20537027714543363,0.0,0.006595242544934268,0.003422837952423894,0.0,0.0673918637377714,0.27832268895828477,0.0,0.05,0.0,0.0,0.0,0.1907869438121003,0,0.01458333333333334,1,0,0,Off,0,0,Off,0,0,Off,0.03506475048252919,0.026298562861896885,On,0,0,Off,0.004121560215643275,0.0,On,0.06327030352212812,0,On,0.0239400972088176,0,On,0.21931784126693796,0.1644883809502034,On,Off,0.0,20.000000000000057,0.0,0.0,0.0,0.0,0,0.0,21116.65276888889,Off,0.0,23.888888888888914,0,0.0,0.05,0.0,0.0,0,0,0,11489.55984,Off,0.0,0,83.46953141698792,51.666666666666686,46.10666666666668,0.0,52.19505334323215,0.1632549932954509,452.503958973337,0.0,130.42114283904363,51.2140967698677,52.19505334323215,50.72361848318548,12.43753247303448,20.105732873273777,0.0,9.434816144660587,-0.4331149604667691,0.0,9.236100170605994,-3102.9890567700154,-4074.971525373534,-138.22911069295418,-3391.939739215542,-0.0,-0.0,396.36191802959274,0.0,1.0,0.12826716002290212,0.0,0,1.2004537122404508,65.99961422222222,-107.41123558406602,0.18983103803733706,9.251205108668076,0.0027128833077670928,-83.98665701328949,1.2204212708580866,0.33384591330323954,-4142.783583259194,67.81205788565944,0.11413158970999689,65.01623140042973,-203.24534209338393
2025-01-01 07:26:00,0.3957145526960561,0.20537027714543363,0.0,0.006595242544934268,0.003422837952423894,0.0,0.0673918637377714,0.27832268895828477,0.0,0.05,0.0,0.0,0.0,0.1907869438121003,0,0.01458333333333334,1,0,0,Off,0,0,Off,0,0,Off,0.03506475048252919,0.026298562861896885,On,0,0,Off,0.004121560215643275,0.0,On,0.06327030352212812,0,On,0.0239400972088176,0,On,0.21931784126693796,0.1644883809502034,On,Off,0.0,20.000000000000057,0.0,0.0,0.0,0.0,0,0.0,21116.65276888889,Off,0.0,23.888888888888914,0,0.0,0.05,0.0,0.0,0,0,0,11489.55984,Off,0.0,0,83.65846930749551,51.666666666666686,46.10666666666668,0.0,52.16700706793864,0.1633702400872016,452.503958973337,0.0,130.71635829296173,51.13659383416713,52.16700706793864,50.62138721728138,12.43753247303448,19.959309217810326,0.0,9.349795220132577,-0.43658193754665436,0.0,9.236100170605994,-3055.575001026057,-4028.1592673059977,-137.66413884733242,-3352.153095403796,-0.0,-0.0,396.36191802959274,0.0,1.0,0.1276925611355827,0.0,0,1.1950760351545258,65.99961422222222,-99.7838236518536,0.19153971812128154,9.183857663412699,0.002712591690390522,-83.24082701962269,1.221031150970836,0.33321401432954745,-4097.680551478946,69.5212841729483,0.11419986584538999,65.57587563336178,-203.2400144806942
2025-01-01 07:27:00,0.3957145526960561,0.20537027714543363,0.0,0.006595242544934268,0.003422837952423894,0.0,0.0673918637377714,0.27832268895828477,0.0,0.05,0.0,0.0,0.0,0.1907869438121003,0,0.01458333333333334,1,0,0,Off,0,0,Off,0,0,Off,0.03506475048252919,0.026298562861896885,On,0,0,Off,0.004121560215643275,0.0,On,0.06327030352212812,0,On,0.0239400972088176,0,On,0.21931784126693796,0.1644883809502034,On,Off,0.0,20.000000000000057,0.0,0.0,0.0,0.0,0,0.0,21116.65276888889,Off,0.0,23.888888888888914,0,0.0,0.05,0.0,0.0,0,0,0,11489.55984,Off,0.0,0,83.83463960190599,51.666666666666686,46.10666666666668,0.0,52.13888806783087,0.16348594917898943,452.503958973337,0.0,130.9916243779781,51.05905164803066,52.13888806783087,50.51913343813056,12.43753247303448,19.81760372504372,0.0,9.269677086750866,-0.4400210191820224,0.0,9.236100170605994,-3009.6524993188605,-3984.133411732848,-137.10021162886252,-3313.8263252492557,-0.0,-0.0,396.36191802959274,0.0,1.0,0.12713521533183744,0.0,0,1.1898598298609169,65.99961422222222,-92.18809209919779,0.1932093966892295,9.118213231691662,0.0027123028070385794,-82.51596237435314,1.2216219645046782,0.33261745563004214,-4055.294357867336,71.16094613448763,0.11426755232340581,66.13160880075677,-203.2318204296193
2025-01-01 07:28:00,0.3957145526960561,0.20537027714543363,0.0,0.006595242544934268,0.003422837952423894,0.0,0.0673918637377714,0.27832268895828477,0.0,0.05,0.0,0.0,0.0,0.1907869438121003,0,0.01458333333333334,1,0,0,Off,0,0,Off,0,0,Off,0.03506475048252919,0.026298562861896885,On,0,0,Off,0.004121560215643275,0.0,On,0.06327030352212812,0,On,0.0239400972088176,0,On,0.21931784126693796,0.1644883809502034,On,Off,0.0,20.000000000000057,0.0,0.0,0.0,0.0,0,0.0,21116.65276888889,Off,0.0,23.888888888888914,0,0.0,0.05,0.0,0.0,0,0,0,11489.55984,Off,0.0,0,83.99882024639777,51.666666666666686,46.10666666666668,0.0,52.110699176748234,0.16360211050408266,452.503958973337,0.0,131.24815663499652,50.98147286383104,52.110699176748234,50.416859707372446,12.43753247303448,19.680329115809897,0.0,9.194069740782282,-0.44343186417700803,0.0,9.236100170605994,-2965.353752183983,-3942.6884005935485,-136.53755096939864,-3276.865181461542,-0.0,-0.0,396.36191802959274,0.0,1.0,0.1265941030690856,0.0,0,1.1847955544497886,65.99961422222222,-84.85048875203414,0.1948420758032317,9.054849948079916,0.002712016577791244,-81.81085943088289,1.2221948543052708,0.33205350125565747,-4015.3980005986973,72.70960000514889,0.11433464348194433,66.68336083940333,-203.220911808802
2025-01-01 07:29:00,0.3957145526960561,0.20537027714543363,0.0,0.006595242544934268,0.003422837952423894,0.0,0.0673918637377714,0.27832268895828477,0.0,0.05,0.0,0.0,0.0,0.1907869438121003,0,0.01458333333333334,1,0,0,Off,0,0,Off,0,0,Off,0.03506475048252919,0.026298562861896885,On,0,0,Off,0.004121560215643275,0.0,On,0.06327030352212812,0,On,0.0239400972088176,0,On,0.21931784126693796,0.1644883809502034,On,Off,0.0,20.000000000000057,0.0,0.0,0.0,0.0,0,0.0,21116.65276888889,Off,0.0,23.888888888888914,0,0.0,0.05,0.0,0.0,0,0,0,11489.55984,Off,0.0,0,84.15167127771292,51.666666666666686,46.10666666666668,0.0,52.08244305702912,0.16371871464702578,452.503958973337,0.0,131.48698637142644,50.903859972328505,52.08244305702912,50.31456842997821,12.43753247303448,19.54724189334196,0.0,9.122638911454066,-0.4468141676558343,0.0,9.236100170605994,-2922.645108641275,-3903.6319736922374,-135.9763652840734,-3241.188968612476,-0.0,-0.0,396.36191802959274,0.0,1.0,0.12606836604563554,0.0,0,1.179875176066497,65.99961422222222,-77.81805805839197,0.1964393739565924,8.992930247017874,0.0027117329274070692,-81.12449676073012,1.222750786405755,0.3315198181494703,-3977.797966523885,74.16599283164776,0.11440113437674244,67.23106748261478,-203.20743276668819
2025-01-01 07:30:00,0.3957145526960561,0.20537027714543363,0.0,0.006595242544934268,0.003422837952423894,0.0,0.0673918637377714,0.27832268895828477,0.0,0.05,0.0,0.0,0.0,0.1907869438121003,0,0.01458333333333334,1,0,0,Off,0,0,Off,0,0,Off,0.03506475048252919,0.026298562861896885,On,0,0,Off,0.004121560215643275,0.0,On,0.06327030352212812,0,On,0.0239400972088176,0,On,0.21931784126693796,0.1644883809502034,On,Off,0.0,20.000000000000057,0.0,0.0,0.0,0.0,0,0.0,21116.65276888889,Off,0.0,23.888888888888914,0,0.0,0.05,0.0,0.0,0,0,0,11489.55984,Off,0.0,0,84.2743006239037,51.666666666666686,46.10666666666668,0.0,52.05412222549339,0.204389156884257,564.5098894122818,0.0,131.67859472484952,50.8262153271656,52.05412222549339,50.21226187800172,12.43753247303448,19.41813025446304,-0.08186974553701631,9.055093558191626,-0.4501676595107152,-1.1,9.236100170605994,-3243.1164223621654,-4980.995433018141,-320.4017039101123,-3571.6986886757068,-0.0,-0.0,396.36191802959274,7.5008578495318226,1.0,0.1318738758279109,0.0,0,1.2342090037456657,65.99961422222222,-67.7796517160513,0.19800264598342182,8.933063401540869,0.0027114517846257282,26.317315647753762,1.2232905994408154,0.37721599937790184,-5056.526586345274,75.53115332713318,0.13664248900413023,-117.21018378500303,-203.1915201251093
2025-01-01 07:31:00,0.3957145526960561,0.20537027714543363,0.0,0.006595242544934268,0.003422837952423894,0.0,0.0673918637377714,0.27832268895828477,0.0,0.05,0.0,0.0,0.0,0.1907869438121003,0,0.01458333333333334,1,0,0,Off,0,0,Off,0,0,Off,0.03506475048252919,0.026298562861896885,On,0,0,Off,0.004121560215643275,0.0,On,0.06327030352212812,0,On,0.0239400972088176,0,On,0.21931784126693796,0.1644883809502034,On,Off,0.0,20.000000000000057,0.0,0.0,0.0,0.0,0,0.0,21116.65276888889,Off,0.0,23.888888888888914,0,0.0,0.05,0.0,0.0,0,0,0,11489.55984,Off,0.0,0,84.38542140946593,51.666666666666686,46.10666666666668,0.0,52.02350561458345,0.20454723568828587,564.5098894122818,0.0,131.8522209522905,50.73365343344409,52.02350561458345,50.08872734287442,12.43753247303448,19.28602738285663,-0.2139726171434262,8.950960949890971,-0.46053193261718,-1.1,9.236100170605994,-3197.6972430757633,-4917.903102788926,-318.12037907340437,-3535.0539966356205,-0.0,-0.0,396.36191802959274,7.520914738069533,1.0,0.13136666882479744,0.0,0,1.229462048019405,65.99961422222222,-59.0051644697357,0.19964443948893867,8.872162087583575,0.0027115429489302347,26.3922807807945,1.2238431322773093,0.37653106685147814,-4995.588553663126,77.68545087419979,0.13647185010057775,-115.19674368089716,-202.92363539250724
2025-01-01 07:32:00,1.446487469362723,0.20537027714543363,0.9006625,0.024108124489378716,0.003422837952423894,0.015011041666666667,0.0673918637377714,0.27832268895828477,1.0507729166666668,0.05,0.0,0.9006625,0.0,0.1907869438121003,0,0.01458333333333334,1,0,0,Off,0,0,Off,0,0,Off,0.03506475048252919,0.026298562861896885,On,0,0,Off,0.004121560215643275,0.0,On,0.06327030352212812,0,On,0.0239400972088176,0,On,0.21931784126693796,0.1644883809502034,On,On,17415.9303113141,20.000000000000057,0.8,4751.49537424146,26.39581596111111,1.0507729166666668,1,21116.65276888889,21116.65276888889,Off,0.0,23.888888888888914,0,0.0,0.05,0.0,0.0,0,0,0,11489.55984,Off,0.0,0,84.48604252896126,51.666666666666686,46.10666666666668,0.0,51.99282556911436,0.20470588748935456,564.5098894122818,0.0,132.00944145150197,50.64106845520915,51.99282556911436,49.965189898256554,12.43753247303448,19.15781338467225,-0.34218661532780814,8.852726074213797,-0.47072143788876786,-1.1,9.236100170605994,14260.46466415987,-107.1396654014261,-315.9938797707237,-3499.6322821546682,-0.0,-0.0,396.36191802959274,7.540879229059985,1.0,0.1308734606685241,0.0,0,1.224846107649322,65.99961422222222,-52.19528302915394,0.20125275239303989,8.812565664100985,0.002711634331641647,26.46431008855187,1.22437987496255,0.37588378263003647,-4938.259424945537,79.62438530265094,0.13630388035032354,-113.22163386145735,-202.77224590926636
2025-01-01 07:33:00,1.446487469362723,0.20537027714543363,0.9006625,0.024108124489378716,0.003422837952423894,0.015011041666666667,0.0673918637377714,0.27832268895828477,1.0507729166666668,0.05,0.0,0.9006625,0.0,0.1907869438121003,0,0.01458333333333334,1,0,0,Off,0,0,Off,0,0,Off,0.03506475048252919,0.026298562861896885,On,0,0,Off,0.004121560215643275,0.0,On,0.06327030352212812,0,On,0.0239400972088176,0,On,0.21931784126693796,0.1644883809502034,On,On,17415.9303113141,20.000000000000057,0.8,4751.49537424146,26.39581596111111,1.0507729166666668,1,21116.65276888889,21116.65276888889,Off,0.0,23.888888888888914,0,0.0,0.05,0.0,0.0,0,0,0,11489.55984,Off,0.0,0,83.7282305354123,51.666666666666686,46.10666666666668,0.0,51.96208442760865,0.2048651022645554,564.5098894122818,0.0,130.8253602115817,50.548462573688006,51.96208442760865,49.841651646727684,12.43753247303448,19.349511412164535,-0.15048858783552177,8.931466016918035,-0.4807736065026354,-1.1,9.236100170605994,14196.467986285144,-154.99509126344856,-314.11467972201257,-3552.64535261238,-0.0,-0.0,396.36191802959274,7.560749083713968,1.0,0.13161053609389106,0.0,0,1.2317444043795607,65.99961422222222,-63.1788904461678,0.19887010952169706,8.901670738815612,0.0027117259235833937,26.26008274423783,1.2235773745020977,0.37640270036611273,-4984.19927953742,77.708814032511,0.13613797146449735,-111.27740660782159,-202.837273114191
2025-01-01 07:34:00,1.446487469362723,0.20537027714543363,0.9006625,0.024108124489378716,0.003422837952423894,0.015011041666666667,0.0673918637377714,0.27832268895828477,1.0507729166666668,0.05,0.0,0.9006625,0.0,0.1907869438121003,0,0.01458333333333334,1,0,0,Off,0,0,Off,0,0,Off,0.03506475048252919,0.026298562861896885,On,0,0,Off,0.004121560215643275,0.0,On,0.06327030352212812,0,On,0.0239400972088176,0,On,0.21931784126693796,0.1644883809502034,On,On,17415.9303113141,20.000000000000057,0.8,4751.49537424146,26.39581596111111,1.0507729166666668,1,21116.65276888889,21116.65276888889,Off,0.0,23.888888888888914,0,0.0,0.05,0.0,0.0,0,0,0,11489.55984,Off,0.0,0,82.98781385198797,51.666666666666686,46.10666666666668,0.0,51.93147133406174,0.2050239001642076,564.5098894122818,0.0,129.66845914373118,50.456014121949714,51.93147133406174,49.718285515893704,12.43753247303448,19.534882827398352,0.0,9.00525728120903,-0.49072393804227593,-1.1,9.236100170605994,14135.234960353006,-199.70871146282843,-312.3986281134047,-3604.2105734822726,-0.0,-0.0,396.36191802959274,7.580522079478097,1.0,0.13232133927891745,0.0,0,1.2383968189335657,65.99961422222222,-72.8466955084142,0.1965964140637001,8.987755564991549,0.0027118168683105785,26.06160782367876,1.2228023569705795,0.3768883564333222,-5027.341151744058,76.13706603977015,0.1359735440090782,-109.35705190480816,-203.04157620859652
2025-01-01 07:35:00,1.446487469362723,0.20537027714543363,0.9006625,0.024108124489378716,0.003422837952423894,0.015011041666666667,0.0673918637377714,0.27832268895828477,1.0507729166666668,0.05,0.0,0.9006625,0.0,0.1907869438121003,0,0.01458333333333334,1,0,0,Off,0,0,Off,0,0,Off,0.03506475048252919,0.026298562861896885,On,0,0,Off,0.004121560215643275,0.0,On,0.06327030352212812,0,On,0.0239400972088176,0,On,0.21931784126693796,0.1644883809502034,On,On,17415.9303113141,20.000000000000057,0.8,4751.49537424146,26.39581596111111,1.0507729166666668,1,21116.65276888889,21116.65276888889,Off,0.0,23.888888888888914,0,0.0,0.05,0.0,0.0,0,0,0,11489.55984,Off,0.0,0,82.2636338189544,51.666666666666686,46.10666666666668,0.0,51.9009824746437,0.20518229850163602,564.5098894122818,0.0,128.53692784211626,50.3637194862485,51.9009824746437,49.59508799205091,12.43753247303448,19.714355837832947,0.0,9.074550411326843,-0.5006000953690852,-1.1,9.236100170605994,14075.517654533089,-241.72226521728862,-310.782782151638,-3654.4168375188815,-0.0,-0.0,396.36191802959274,7.600196010420366,1.0,0.13300771940474135,0.0,0,1.2448206578172383,65.99961422222222,-82.35773729172223,0.19442305971341872,9.070367684067099,0.002711907182878822,25.868488935273728,1.222052933131499,0.3773438390339384,-5067.931694529014,74.71405507026512,0.1358101454150306,-107.45512781838893,-203.3276543332491
2025-01-01 07:36:00,1.446487469362723,0.20537027714543363,0.9006625,0.024108124489378716,0.003422837952423894,0.015011041666666667,0.0673918637377714,0.27832268895828477,1.0507729166666668,0.05,0.0,0.9006625,0.0,0.1907869438121003,0,0.01458333333333334,1,0,0,Off,0,0,Off,0,0,Off,0.03506475048252919,0.026298562861896885,On,0,0,Off,0.004121560215643275,0.0,On,0.06327030352212812,0,On,0.0239400972088176,0,On,0.21931784126693796,0.1644883809502034,On,On,17415.9303113141,20.000000000000057,0.8,4751.49537424146,26.39581596111111,1.0507729166666668,1,21116.65276888889,21116.65276888889,Off,0.0,23.888888888888914,0,0.0,0.05,0.0,0.0,0,0,0,11489.55984,Off,0.0,0,81.55479422798301,51.666666666666686,46.10666666666668,0.0,51.870614290911135,0.20534031338285544,564.5098894122818,0.0,127.42936598122344,50.27157529354149,51.870614290911135,49.47205579485667,12.43753247303448,19.888261077618726,0.0,9.139712504942489,-0.5104234366574413,-1.1,9.236100170605994,14017.464728745952,-281.35138846340305,-309.2591394016056,-3703.329285174897,-0.0,-0.0,396.36191802959274,7.619768687236456,1.0,0.1336711271898904,0.0,0,1.2510294983206782,65.99961422222222,-91.49821542284482,0.1923430426830029,9.150420908869627,0.002711996883182875,25.68041746436224,1.2213276326721096,0.37777166616300656,-5106.171606405761,73.3248437008981,0.13564742539839156,-105.56744917880465,-203.69169022280096
2025-01-01 07:37:00,1.446487469362723,0.20537027714543363,0.9006625,0.024108124489378716,0.003422837952423894,0.015011041666666667,0.0673918637377714,0.27832268895828477,1.0507729166666668,0.05,0.0,0.9006625,0.0,0.1907869438121003,0,0.01458333333333334,1,0,0,Off,0,0,Off,0,0,Off,0.03506475048252919,0.026298562861896885,On,0,0,Off,0.004121560215643275,0.0,On,0.06327030352212812,0,On,0.0239400972088176,0,On,0.21931784126693796,0.1644883809502034,On,On,17415.9303113141,20.000000000000057,0.8,4751.49537424146,26.39581596111111,1.0507729166666668,1,21116.65276888889,21116.65276888889,Off,0.0,23.888888888888914,0,0.0,0.05,0.0,0.0,0,0,0,11489.55984,Off,0.0,0,80.86052393164006,51.666666666666686,46.10666666666668,0.0,51.84036342197811,0.20549795999750758,564.509889412282,0.0,126.34456864318759,50.179578356966395,51.84036342197811,49.34918582446054,12.43753247303448,20.056882757802875,0.0,9.201052073932578,-0.5202116699858457,-1.1,9.236100170605994,13961.053488583766,-318.69980845135615,-307.71321822573583,-3751.0028556672823,-0.0,-0.0,396.36191802959274,7.63923793763348,1.0,0.13431281582051663,0.0,0,1.257035069026385,65.99961422222222,-100.2358850926444,0.19035025380958145,9.22809680101491,0.00271208598422186,25.49712770772835,1.2206251881623083,0.3781739539459538,-5142.229532846942,72.03435015412592,0.1354850925490522,-103.69056557412752,-204.02265265160833
2025-01-01 07:38:00,0.3957145526960561,0.20537027714543363,0.0,0.006595242544934268,0.003422837952423894,0.0,0.0673918637377714,0.27832268895828477,0.0,0.05,0.0,0.0,0.0,0.1907869438121003,0,0.01458333333333334,1,0,0,Off,0,0,Off,0,0,Off,0.03506475048252919,0.026298562861896885,On,0,0,Off,0.004121560215643275,0.0,On,0.06327030352212812,0,On,0.0239400972088176,0,On,0.21931784126693796,0.1644883809502034,On,Off,0.0,20.000000000000057,0.0,0.0,0.0,0.0,0,0.0,21116.65276888889,Off,0.0,23.888888888888914,0,0.0,0.05,0.0,0.0,0,0,0,11489.55984,Off,0.0,0,80.18014326517289,51.666666666666686,46.10666666666668,0.0,51.8102266769572,0.20565525275453067,564.509889412282,0.0,125.28147385183263,50.08772564986105,51.8102266769572,49.22647513631298,12.43753247303448,20.220471154714833,0.0,9.25884030440574,-0.5299752980544967,-1.1,9.236100170605994,-3509.677242725078,-5105.453837598322,-306.3960983918158,-3797.4853404741543,-0.0,-0.0,396.36191802959274,7.658601606507289,1.0,0.13493389188489446,0.0,0,1.2628477265057658,65.99961422222222,-108.55382028051655,0.18843927425913565,9.302825187580197,0.0027121745002266617,25.318385629284695,1.2199444814840108,0.37855255962520107,-5176.254085669425,70.80024807110283,0.13532297376539218,-101.82243309965087,-204.57366529216495
2025-01-01 07:39:00,0.3957145526960561,0.20537027714543363,0.0,0.006595242544934268,0.003422837952423894,0.0,0.0673918637377714,0.27832268895828477,0.0,0.05,0.0,0.0,0.0,0.1907869438121003,0,0.01458333333333334,1,0,0,Off,0,0,Off,0,0,Off,0.03506475048252919,0.026298562861896885,On,0,0,Off,0.004121560215643275,0.0,On,0.06327030352212812,0,On,0.0239400972088176,0,On,0.21931784126693796,0.1644883809502034,On,Off,0.0,20.000000000000057,0.0,0.0,0.0,0.0,0,0.0,21116.65276888889,Off,0.0,23.888888888888914,0,0.0,0.05,0.0,0.0,0,0,0,11489.55984,Off,0.0,0,80.36152570658378,51.666666666666686,46.10666666666668,0.0,51.78020101479906,0.20581220538049955,564.5098894122818,0.0,125.56488391653716,49.996014286758566,51.78020101479906,49.10392092273832,12.43753247303448,20.063024762100042,0.0,9.141822991537751,-0.5397319322201051,-1.1,9.236100170605994,-3455.7786935512836,-5033.999145618635,-304.9228603215727,-3752.743939161918,-0.0,-0.0,396.36191802959274,7.677857556129205,1.0,0.13433616029088186,0.0,0,1.2572535501723403,65.99961422222222,-99.39667241895832,0.19029020670633504,9.23106649255784,0.0027122624447532976,25.41552485175503,1.2205994894265912,0.377785514637626,-5107.411251441152,73.4121058225166,0.1351607768664318,-99.9596694769784,-204.96319084459432
2025-01-01 07:40:00,0.3957145526960561,0.20537027714543363,0.0,0.006595242544934268,0.003422837952423894,0.0,0.0673918637377714,0.27832268895828477,0.0,0.05,0.0,0.0,0.0,0.1907869438121003,0,0.01458333333333334,1,0,0,Off,0,0,Off,0,0,Off,0.03506475048252919,0.026298562861896885,On,0,0,Off,0.004121560215643275,0.0,On,0.06327030352212812,0,On,0.0239400972088176,0,On,0.21931784126693796,0.1644883809502034,On,Off,0.0,20.000000000000057,0.0,0.0,0.0,0.0,0,0.0,21116.65276888889,Off,0.0,23.888888888888914,0,0.0,0.05,0.0,0.0,0,0,0,11489.55984,Off,0.0,0,80.52859850895766,51.666666666666686,46.10666666666668,0.0,51.750096602191974,0.2059698103520296,564.5098894122818,0.0,125.82593517024634,49.90426524280831,51.750096602191974,48.98134956311648,12.43753247303448,19.910872584544656,0.0,9.031810245985369,-0.5494823362451846,-1.1,9.236100170605994,-3404.8577717229027,-4967.32679258617,-303.6913728459553,-3709.7080102392006,-0.0,-0.0,396.36191802959274,7.697003679301465,1.0,0.13375726419663736,0.0,0,1.2518356554811876,65.99961422222222,-91.51167951329504,0.19209856505721776,9.161292448418783,0.0027123506793227284,25.508607255280236,1.2212331387030682,0.3770629613197473,-5042.886374953697,75.55958236752696,0.13499848885072785,-98.10212768164473,-205.58924516431057
2025-01-01 07:41:00,0.3957145526960561,0.20537027714543363,0.0,0.006595242544934268,0.003422837952423894,0.0,0.0673918637377714,0.27832268895828477,0.0,0.05,0.0,0.0,0.0,0.1907869438121003,0,0.01458333333333334,1,0,0,Off,0,0,Off,0,0,Off,0.03506475048252919,0.026298562861896885,On,0,0,Off,0.004121560215643275,0.0,On,0.06327030352212812,0,On,0.0239400972088176,0,On,0.21931784126693796,0.1644883809502034,On,Off,0.0,20.000000000000057,0.0,0.0,0.0,0.0,0,0.0,21116.65276888889,Off,0.0,23.888888888888914,0,0.0,0.05,0.0,0.0,0,0,0,11489.55984,Off,0.0,0,80.68242172725849,51.666666666666686,46.10666666666668,0.0,51.71991661747421,0.20612805343895346,564.509889412282,0.0,126.06628394884137,49.81248149073094,51.71991661747421,48.85876392735931,12.43753247303448,19.763622523262228,0.0,8.92820443548275,-0.5592407196107713,-1.1,9.236100170605994,-3355.5583221625716,-4904.678269765308,-302.25843259446447,-3668.2472264049625,-0.0,-0.0,396.36191802959274,7.716037848071005,1.0,0.1331958273613234,0.0,0,1.2465811621797,65.99961422222222,-83.67301378720217,0.19386729142683792,9.093311545610465,0.002712439191095401,25.59793633249723,1.2218469972622132,0.37638121985694944,-4982.294396268772,77.61612650346449,0.13483587245598172,-96.24710878716519,-206.0113238072993
2025-01-01 07:42:00,0.3957145526960561,0.20537027714543363,0.0,0.006595242544934268,0.003422837952423894,0.0,0.0673918637377714,0.27832268895828477,0.0,0.05,0.0,0.0,0.0,0.1907869438121003,0,0.01458333333333334,1,0,0,Off,0,0,Off,0,0,Off,0.03506475048252919,0.026298562861896885,On,0,0,Off,0.004121560215643275,0.0,On,0.06327030352212812,0,On,0.0239400972088176,0,On,0.21931784126693796,0.1644883809502034,On,Off,0.0,20.000000000000057,0.0,0.0,0.0,0.0,0,0.0,21116.65276888889,Off,0.0,23.888888888888914,0,0.0,0.05,0.0,0.0,0,0,0,11489.55984,Off,0.0,0,80.82379650577808,51.666666666666686,46.10666666666668,0.0,51.68966400531735,0.20628692155163697,564.5098894122818,0.0,126.28718204027825,49.72066578302862,51.68966400531735,48.736166671884256,12.43753247303448,19.620978753723413,0.0,8.830512458117308,-0.5690027870838552,-1.1,9.236100170605994,-3308.005130547963,-4845.771948265027,-301.0713080960843,-3628.260730236136,-0.0,-0.0,396.36191802959274,7.734957991113212,1.0,0.13265082688977123,0.0,0,1.2414804969811348,65.99961422222222,-76.10631834141967,0.19559837378323391,9.027696407713417,0.0027125279682049044,25.683736225536038,1.2224422396072043,0.37573725922218837,-4925.316972348692,79.54502408366416,0.13467299819939663,-94.3954436126,-206.6758644834843
2025-01-01 07:43:00,0.3957145526960561,0.20537027714543363,0.0,0.006595242544934268,0.003422837952423894,0.0,0.0673918637377714,0.27832268895828477,0.0,0.05,0.0,0.0,0.0,0.1907869438121003,0,0.01458333333333334,1,0,0,Off,0,0,Off,0,0,Off,0.03506475048252919,0.026298562861896885,On,0,0,Off,0.004121560215643275,0.0,On,0.06327030352212812,0,On,0.0239400972088176,0,On,0.21931784126693796,0.1644883809502034,On,Off,0.0,20.000000000000057,0.0,0.0,0.0,0.0,0,0.0,21116.65276888889,Off,0.0,23.888888888888914,0,0.0,0.05,0.0,0.0,0,0,0,11489.55984,Off,0.0,0,80.95340483883847,51.666666666666686,46.10666666666668,0.0,51.659341533774516,0.20644640244908155,564.5098894122818,0.0,126.48969506068511,49.62882070577174,51.659341533774516,48.613560291770355,12.43753247303448,19.482689691290258,-0.017310308709799216,8.738306243997775,-0.5787800927538045,-1.1,9.236100170605994,-3262.1578752408527,-4790.328064552224,-299.6532110806964,-3589.6619272142034,-0.0,-0.0,396.36191802959274,7.7537620424670255,1.0,0.13212139815280302,0.0,0,1.2365255678118385,65.99961422222222,-68.8578660562421,0.19729341982241155,8.964316498933803,0.00271261699950703,25.766195749950136,1.2230198618780344,0.37512844526383077,-4871.678226528746,81.3501619765218,0.13450967202054448,-92.54495950177112,-207.10825157892526
2025-01-01 07:44:00,0.3957145526960561,0.20537027714543363,0.0,0.006595242544934268,0.003422837952423894,0.0,0.0673918637377714,0.27832268895828477,0.0,0.05,0.0,0.0,0.0,0.1907869438121003,0,0.01458333333333334,1,0,0,Off,0,0,Off,0,0,Off,0.03506475048252919,0.026298562861896885,On,0,0,Off,0.004121560215643275,0.0,On,0.06327030352212812,0,On,0.0239400972088176,0,On,0.21931784126693796,0.1644883809502034,On,Off,0.0,20.000000000000057,0.0,0.0,0.0,0.0,0,0.0,21116.65276888889,Off,0.0,23.888888888888914,0,0.0,0.05,0.0,0.0,0,0,0,11489.55984,Off,0.0,0,81.07184218882293,51.666666666666686,46.10666666666668,0.0,51.62895182053636,0.20660648460670508,564.5098894122818,0.0,126.67475342003581,49.53694870335149,51.62895182053636,48.49094714475906,12.43753247303448,19.348535859444976,-0.15146414055508117,8.651208116979046,-0.5885648358386868,-1.1,9.236100170605994,-3217.9645585162343,-4738.10087704047,-298.47822113108407,-3552.374764679291,-0.0,-0.0,396.36191802959274,7.772447954568435,1.0,0.1316067903099065,0.0,0,1.2317093475474867,65.99961422222222,-61.95171186653616,0.19895377644178197,8.902353456332762,0.002712706274466944,25.845478370644564,1.2235807314062428,0.3745524498157835,-4821.135402461201,83.03452542073126,0.13434602281830532,-90.69715420573434,-207.78106692534973
2025-01-01 07:45:00,0.4071788388196116,0.2077892239241131,0.0,0.00678631398032686,0.0034631537320685512,0.0,0.07096357442047219,0.2862152643991394,0.0,0.05,0.0,0.0,0.0,0.19320589059077975,0,0.01458333333333334,1,0,0,Off,0,0,Off,0,0,Off,0.03506475048252919,0.026298562861896885,On,0,0,Off,0.004121560215643275,0.0,On,0.06684201420482891,0,On,0.028607410278099685,0,On,0.22254310363851054,0.16690732772888286,On,Off,0.0,20.000000000000057,0.0,0.0,0.0,0.0,0,0.0,21116.65276888889,Off,0.0,23.888888888888914,0,0.0,0.05,0.0,0.0,0,0,0,11489.55984,Off,0.0,0,81.27775441427063,51.666666666666686,46.10666666666668,0.0,51.59849735200009,0.0,0.0,0.0,126.99649127229786,49.44505209645619,51.59849735200009,48.368329468684244,12.43753247303448,19.21832068224454,-0.28167931775551835,8.568879620282994,-0.5983664787402068,-1.1,9.236100170605994,-3164.123339986508,-4688.86899444831,-297.058967675031,-3516.3309270216246,-0.0,-0.0,407.60043578713805,7.791013698591815,1.0,0.1311063324224873,0.0,0,1.227025556866652,65.99961422222222,-55.39284875202148,0.20058062251048894,8.841717870360355,0.002712795783077927,25.98946033075948,1.2241256243886118,0.37400718125004856,-4773.471738580562,84.60274413225169,0.13418189086273757,-88.85026329342416,-208.20870438160685
2025-01-01 07:46:00,1.4579517554862784,0.2077892239241131,0.9006625,0.024299195924771307,0.0034631537320685512,0.015011041666666667,0.07096357442047219,0.2862152643991394,1.0507729166666668,0.05,0.0,0.9006625,0.0,0.19320589059077975,0,0.01458333333333334,1,0,0,Off,0,0,Off,0,0,Off,0.03506475048252919,0.026298562861896885,On,0,0,Off,0.004121560215643275,0.0,On,0.06684201420482891,0,On,0.028607410278099685,0,On,0.22254310363851054,0.16690732772888286,On,On,17415.9303113141,20.000000000000057,0.8,4751.49537424146,26.39581596111111,1.0507729166666668,1,21116.65276888889,21116.65276888889,Off,0.0,23.888888888888914,0,0.0,0.05,0.0,0.0,0,0,0,11489.55984,Off,0.0,0,81.57101032423171,51.666666666666686,46.10666666666668,0.0,51.57923712359185,0.0,0.0,0.0,127.45470363161203,49.428167249900994,51.57923712359185,48.352632313055565,12.43753247303448,19.09206885045327,-0.407931149546787,8.491013814432051,-0.6081750513630892,-1.1,9.236100170605994,14292.81933932368,109.06402932888977,-295.87477093394006,-3481.5242228086927,-0.0,-0.0,407.60043578713805,7.809457264426031,1.0,0.13062019908724495,0.0,0,1.2224758298216991,65.99961422222222,-49.1871849688647,0.20217246840646225,8.783138135618248,0.002712885750265523,26.062535016843796,1.2246543938037129,0.3734907369674196,-4728.4915049543115,86.06016004174128,0.1340174416400979,-87.00618767884488,-208.8685832550952
2025-01-01 07:47:00,1.4579517554862784,0.2077892239241131,0.9006625,0.024299195924771307,0.0034631537320685512,0.015011041666666667,0.07096357442047219,0.2862152643991394,1.0507729166666668,0.05,0.0,0.9006625,0.0,0.19320589059077975,0,0.01458333333333334,1,0,0,Off,0,0,Off,0,0,Off,0.03506475048252919,0.026298562861896885,On,0,0,Off,0.004121560215643275,0.0,On,0.06684201420482891,0,On,0.028607410278099685,0,On,0.22254310363851054,0.16690732772888286,On,On,17415.9303113141,20.000000000000057,0.8,4751.49537424146,26.39581596111111,1.0507729166666668,1,21116.65276888889,21116.65276888889,Off,0.0,23.888888888888914,0,0.0,0.05,0.0,0.0,0,0,0,11489.55984,Off,0.0,0,81.00599043678056,51.666666666666686,46.10666666666668,0.0,51.55991378263251,0.0,0.0,0.0,126.57186005746962,49.41122148162032,51.55991378263251,48.336875331114236,12.43753247303448,19.285631544254937,-0.2143684557451202,8.588823194114969,-0.6179983367476778,-1.1,9.236100170605994,14228.262598957897,50.178895636607194,-294.444456086134,-3534.9444194155403,-0.0,-0.0,407.60043578713805,7.8277766610052035,1.0,0.13136514754647602,0.0,0,1.2294478103594462,65.99961422222222,-60.32372872780033,0.19975441336997973,8.873347112556823,0.0027129759314598947,25.854208128723688,1.223843730332163,0.3741393421544491,-4785.008024582025,83.69154597717278,0.1338525432507506,-85.16348511292199,-209.28097097321196
2025-01-01 07:48:00,1.4579517554862784,0.2077892239241131,0.9006625,0.024299195924771307,0.0034631537320685512,0.015011041666666667,0.07096357442047219,0.2862152643991394,1.0507729166666668,0.05,0.0,0.9006625,0.0,0.19320589059077975,0,0.01458333333333334,1,0,0,Off,0,0,Off,0,0,Off,0.03506475048252919,0.026298562861896885,On,0,0,Off,0.004121560215643275,0.0,On,0.06684201420482891,0,On,0.028607410278099685,0,On,0.22254310363851054,0.16690732772888286,On,On,17415.9303113141,20.000000000000057,0.8,4751.49537424146,26.39581596111111,1.0507729166666668,1,21116.65276888889,21116.65276888889,Off,0.0,23.888888888888914,0,0.0,0.05,0.0,0.0,0,0,0,11489.55984,Off,0.0,0,80.45847614974043,51.666666666666686,46.10666666666668,0.0,51.540716414562496,0.0,0.0,0.0,125.71636898396943,49.39439309200211,51.540716414562496,48.32123143072192,12.43753247303448,19.47278761837995,-0.02721238162010664,8.680528218968464,-0.627825167941495,-1.1,9.236100170605994,14166.528746510867,-4.920010730128524,-293.23762884342443,-3586.904408392941,-0.0,-0.0,407.60043578713805,7.84596991645462,1.0,0.13208344836795444,0.0,0,1.2361703953725949,65.99961422222222,-70.09759219742938,0.19744745697301053,8.960486184331153,0.0027130654510624367,25.651833010438718,1.223060916636464,0.3747464477305456,-4838.136271871943,81.7208869003542,0.1336873818337599,-83.32426931154814,-209.91335953187632
2025-01-01 07:49:00,1.4579517554862784,0.2077892239241131,0.9006625,0.024299195924771307,0.0034631537320685512,0.015011041666666667,0.07096357442047219,0.2862152643991394,1.0507729166666668,0.05,0.0,0.9006625,0.0,0.19320589059077975,0,0.01458333333333334,1,0,0,Off,0,0,Off,0,0,Off,0.03506475048252919,0.026298562861896885,On,0,0,Off,0.004121560215643275,0.0,On,0.06684201420482891,0,On,0.028607410278099685,0,On,0.22254310363851054,0.16690732772888286,On,On,17415.9303113141,20.000000000000057,0.8,4751.49537424146,26.39581596111111,1.0507729166666668,1,21116.65276888889,21116.65276888889,Off,0.0,23.888888888888914,0,0.0,0.05,0.0,0.0,0,0,0,11489.55984,Off,0.0,0,79.92729486323061,51.666666666666686,46.10666666666668,0.0,51.521641157373175,0.0,0.0,0.0,124.88639822379783,49.377678444388586,51.521641157373175,48.30569708789629,12.43753247303448,19.653970452058946,0.0,8.766666631671637,-0.6376619733492326,-1.1,9.236100170605994,14106.303140148582,-56.82147433762748,-291.79083729479385,-3637.4935677534086,-0.0,-0.0,407.60043578713805,7.864035078247609,1.0,0.13277697759807294,0.0,0,1.24266114279925,65.99961422222222,-79.73403919924809,0.19524280692176543,9.044108131989447,0.0027131543267938326,25.45499952187488,1.2223040387802235,0.37531580678616233,-4888.161787674755,79.84493909566726,0.13352184816891768,-81.48735316213009,-210.30348413266375
2025-01-01 07:50:00,1.4579517554862784,0.2077892239241131,0.9006625,0.024299195924771307,0.0034631537320685512,0.015011041666666667,0.07096357442047219,0.2862152643991394,1.0507729166666668,0.05,0.0,0.9006625,0.0,0.19320589059077975,0,0.01458333333333334,1,0,0,Off,0,0,Off,0,0,Off,0.03506475048252919,0.026298562861896885,On,0,0,Off,0.004121560215643275,0.0,On,0.06684201420482891,0,On,0.028607410278099685,0,On,0.22254310363851054,0.16690732772888286,On,On,17415.9303113141,20.000000000000057,0.8,4751.49537424146,26.39581596111111,1.0507729166666668,1,21116.65276888889,21116.65276888889,Off,0.0,23.888888888888914,0,0.0,0.05,0.0,0.0,0,0,0,11489.55984,Off,0.0,0,79.41154144071926,51.666666666666686,46.10666666666668,0.0,51.502684407529465,0.0,0.0,0.0,124.08053350112384,49.36107414572085,51.502684407529465,48.29026901481654,12.43753247303448,19.829513986161682,0.0,8.84767790052328,-0.647497091766835,-1.1,9.236100170605994,14047.744793567928,-105.74804920244605,-290.55372446386446,-3686.777138897605,-0.0,-0.0,407.60043578713805,7.881970213513462,1.0,0.13344720465641588,0.0,0,1.2489338049528995,65.99961422222222,-89.00881463570545,0.1931333143314499,9.125126828389885,0.0027132425751691196,25.263388775773773,1.2215716099797038,0.37585048934741444,-4935.317488547353,78.07406510344669,0.13335613747042813,-79.65492704730826,-210.89879741655616
2025-01-01 07:51:00,1.4579517554862784,0.2077892239241131,0.9006625,0.024299195924771307,0.0034631537320685512,0.015011041666666667,0.07096357442047219,0.2862152643991394,1.0507729166666668,0.05,0.0,0.9006625,0.0,0.19320589059077975,0,0.01458333333333334,1,0,0,Off,0,0,Off,0,0,Off,0.03506475048252919,0.026298562861896885,On,0,0,Off,0.004121560215643275,0.0,On,0.06684201420482891,0,On,0.028607410278099685,0,On,0.22254310363851054,0.16690732772888286,On,On,17415.9303113141,20.000000000000057,0.8,4751.49537424146,26.39581596111111,1.0507729166666668,1,21116.65276888889,21116.65276888889,Off,0.0,23.888888888888914,0,0.0,0.05,0.0,0.0,0,0,0,11489.55984,Off,0.0,0,78.9104364003452,51.666666666666686,46.10666666666668,0.0,51.48384276103643,0.0,0.0,0.0,123.29755687553937,49.344576990975355,51.48384276103643,48.27494410594482,12.43753247303448,19.999705519009325,0.0,8.923939285601449,-0.6573358500002969,-1.1,9.236100170605994,13990.842153372767,-151.89756605545244,-289.08825459471996,-3734.810190811989,-0.0,-0.0,407.60043578713805,7.899773420908376,1.0,0.13409539989081412,0.0,0,1.2550002710323778,65.99961422222222,-97.87840291648197,0.19111274009340204,9.203001176023548,0.0027133302117744638,25.076725944292686,1.2208623475380154,0.37635312807800086,-4979.80364680037,76.41070650345745,0.13319015915916874,-77.8260073065183,-211.26224728820168
2025-01-01 07:52:00,1.4579517554862784,0.2077892239241131,0.9006625,0.024299195924771307,0.0034631537320685512,0.015011041666666667,0.07096357442047219,0.2862152643991394,1.0507729166666668,0.05,0.0,0.9006625,0.0,0.19320589059077975,0,0.01458333333333334,1,0,0,Off,0,0,Off,0,0,Off,0.03506475048252919,0.026298562861896885,On,0,0,Off,0.004121560215643275,0.0,On,0.06684201420482891,0,On,0.028607410278099685,0,On,0.22254310363851054,0.16690732772888286,On,On,17415.9303113141,20.000000000000057,0.8,4751.49537424146,26.39581596111111,1.0507729166666668,1,21116.65276888889,21116.65276888889,Off,0.0,23.888888888888914,0,0.0,0.05,0.0,0.0,0,0,0,11489.55984,Off,0.0,0,78.4232919922347,51.666666666666686,46.10666666666668,0.0,51.465112985749464,0.0,0.0,0.0,122.5363937378667,49.3281839370601,51.465112985749464,48.25971941271543,12.43753247303448,20.16479832308313,0.0,8.995781573146735,-0.667166592471622,-1.1,9.236100170605994,13935.568084013685,-195.44794624774204,-287.8173658929875,-3781.6406946512147,-0.0,-0.0,407.60043578713805,7.91744278326517,1.0,0.13472268611801358,0.0,0,1.2608710494915287,65.99961422222222,-106.32196843633915,0.1891755469346389,9.278609155306848,0.0027134172513983757,24.894768669251054,1.2201751186915253,0.3768260272340674,-5021.796375714846,74.85305522564465,0.13302410922944757,-76.00276538095153,-211.81460051203598
2025-01-01 07:53:00,0.4071788388196116,0.2077892239241131,0.0,0.00678631398032686,0.0034631537320685512,0.0,0.07096357442047219,0.2862152643991394,0.0,0.05,0.0,0.0,0.0,0.19320589059077975,0,0.01458333333333334,1,0,0,Off,0,0,Off,0,0,Off,0.03506475048252919,0.026298562861896885,On,0,0,Off,0.004121560215643275,0.0,On,0.06684201420482891,0,On,0.028607410278099685,0,On,0.22254310363851054,0.16690732772888286,On,Off,0.0,20.000000000000057,0.0,0.0,0.0,0.0,0,0.0,21116.65276888889,Off,0.0,23.888888888888914,0,0.0,0.05,0.0,0.0,0,0,0,11489.55984,Off,0.0,0,77.9494865803516,51.666666666666686,46.10666666666668,0.0,51.44649200115891,0.0,0.0,0.0,121.79607278179938,49.31189208375799,51.44649200115891,48.24459212505754,12.43753247303448,20.325021173620712,0.0,9.063499910528488,-0.6769937432354572,-1.1,9.236100170605994,-3532.857803482592,-4988.055398235432,-286.33326294614363,-3827.3118631834504,-0.0,-0.0,407.60043578713805,12.910406722414795,1.0,0.13533007745824663,0.0,0,1.2665556314923718,65.99961422222222,-113.14637608627987,0.1873167435609685,9.35209969222866,0.0027135037081277395,24.71729832000427,1.2195088997706254,0.377271237940595,-5061.4534400653,73.39804182986792,0.13285791254638443,-74.18438096904167,-212.14888197710198
2025-01-01 07:54:00,0.4071788388196116,0.2077892239241131,0.0,0.00678631398032686,0.0034631537320685512,0.0,0.07096357442047219,0.2862152643991394,0.0,0.05,0.0,0.0,0.0,0.19320589059077975,0,0.01458333333333334,1,0,0,Off,0,0,Off,0,0,Off,0.03506475048252919,0.026298562861896885,On,0,0,Off,0.004121560215643275,0.0,On,0.06684201420482891,0,On,0.028607410278099685,0,On,0.22254310363851054,0.16690732772888286,On,Off,0.0,20.000000000000057,0.0,0.0,0.0,0.0,0,0.0,21116.65276888889,Off,0.0,23.888888888888914,0,0.0,0.05,0.0,0.0,0,0,0,11489.55984,Off,0.0,0,78.3368743814238,51.666666666666686,46.10666666666668,0.0,51.42797686381914,0.0,0.0,0.0,122.40136622097468,49.295698659992155,51.42797686381914,48.22955955807867,12.43753247303448,20.164379856849646,0.0,8.955867930314277,-0.6868055808361903,-1.1,9.236100170605994,-3477.6341321052764,-4922.669086753273,-285.01973673131823,-3781.521697952302,-0.0,-0.0,407.60043578713805,12.911055787735704,1.0,0.13472109795881498,0.0,0,1.2608561858927303,65.99961422222222,-103.71286994011258,0.18919240818451966,9.278721222733271,0.00271358959541725,24.8203712051809,1.220176732566064,0.3765633704991129,-4998.456245015726,75.7871582624531,0.13269176716420417,-72.37301850818311,-212.6467182231351
2025-01-01 07:55:00,0.4071788388196116,0.2077892239241131,0.0,0.00678631398032686,0.0034631537320685512,0.0,0.07096357442047219,0.2862152643991394,0.0,0.05,0.0,0.0,0.0,0.19320589059077975,0,0.01458333333333334,1,0,0,Off,0,0,Off,0,0,Off,0.03506475048252919,0.026298562861896885,On,0,0,Off,0.004121560215643275,0.0,On,0.06684201420482891,0,On,0.028607410278099685,0,On,0.22254310363851054,0.16690732772888286,On,Off,0.0,20.000000000000057,0.0,0.0,0.0,0.0,0,0.0,21116.65276888889,Off,0.0,23.888888888888914,0,0.0,0.05,0.0,0.0,0,0,0,11489.55984,Off,0.0,0,78.70946083812437,51.666666666666686,46.10666666666668,0.0,51.40937784227611,0.0,0.0,0.0,122.98353255956933,49.27942475930338,51.40937784227611,48.21444821781703,12.43753247303448,20.00917435432093,0.0,8.85470453252103,-0.6966031957373687,-1.1,9.236100170605994,-3425.430420658535,-4861.680820317566,-283.4995569643797,-3737.489847633461,-0.0,-0.0,407.60043578713805,12.913419419996167,1.0,0.13413141719474317,0.0,0,1.255337357362182,65.99961422222222,-95.5410088122118,0.19102490262590238,9.208120806482624,0.0027136757936585846,24.91918882402583,1.2208226598953775,0.37589682998445634,-4939.41252633717,77.73170601960362,0.1325256547761442,-70.56846542080712,-212.93109154357256
2025-01-01 07:56:00,0.4071788388196116,0.2077892239241131,0.0,0.00678631398032686,0.0034631537320685512,0.0,0.07096357442047219,0.2862152643991394,0.0,0.05,0.0,0.0,0.0,0.19320589059077975,0,0.01458333333333334,1,0,0,Off,0,0,Off,0,0,Off,0.03506475048252919,0.026298562861896885,On,0,0,Off,0.004121560215643275,0.0,On,0.06684201420482891,0,On,0.028607410278099685,0,On,0.22254310363851054,0.16690732772888286,On,Off,0.0,20.000000000000057,0.0,0.0,0.0,0.0,0,0.0,21116.65276888889,Off,0.0,23.888888888888914,0,0.0,0.05,0.0,0.0,0,0,0,11489.55984,Off,0.0,0,79.06833457558608,51.666666666666686,46.10666666666668,0.0,51.39069819951045,0.0,0.0,0.0,123.54427277435325,49.26307345656045,51.39069819951045,48.199261085085446,12.43753247303448,19.85900202091886,0.0,8.759443501601107,-0.7063731549358312,-1.1,9.236100170605994,-3374.902435828113,-4804.362378064059,-282.1010106232458,-3695.0817756914457,-0.0,-0.0,407.60043578713805,12.917421496628137,1.0,0.13355962570445257,0.0,0,1.2499859547348509,65.99961422222222,-87.42109592380538,0.1928171985421262,9.13864740700325,0.00271376228929357,25.014068673588298,1.2214482894890342,0.3752680964070144,-4883.962360269933,79.59998220587369,0.13235980368301895,-68.77317666004247,-213.32783396320337
2025-01-01 07:57:00,0.4071788388196116,0.2077892239241131,0.0,0.00678631398032686,0.0034631537320685512,0.0,0.07096357442047219,0.2862152643991394,0.0,0.05,0.0,0.0,0.0,0.19320589059077975,0,0.01458333333333334,1,0,0,Off,0,0,Off,0,0,Off,0.03506475048252919,0.026298562861896885,On,0,0,Off,0.004121560215643275,0.0,On,0.06684201420482891,0,On,0.028607410278099685,0,On,0.22254310363851054,0.16690732772888286,On,Off,0.0,20.000000000000057,0.0,0.0,0.0,0.0,0,0.0,21116.65276888889,Off,0.0,23.888888888888914,0,0.0,0.05,0.0,0.0,0,0,0,11489.55984,Off,0.0,0,79.41432087914625,51.666666666666686,46.10666666666668,0.0,51.37194095855291,0.0,0.0,0.0,124.084876373666,49.24664760047836,51.37194095855291,48.18400092144109,12.43753247303448,19.713558130519736,0.0,8.669621805169138,-0.7161151470166822,-1.1,9.236100170605994,-3326.177415571871,-4750.456285227978,-280.643632490229,-3654.1930724913323,-0.0,-0.0,407.60043578713805,12.922987208977164,1.0,0.13300467254272982,0.0,0,1.2447921422033292,65.99961422222222,-79.58477886767662,0.19457130881579904,9.072317580001199,0.0027138490697888014,25.105246161432436,1.2220548294290465,0.37467429663338436,-4831.810730838773,81.35444561079595,0.1321942201646899,-66.98718147643419,-213.6564510137948
2025-01-01 07:58:00,0.4071788388196116,0.2077892239241131,0.0,0.00678631398032686,0.0034631537320685512,0.0,0.07096357442047219,0.2862152643991394,0.0,0.05,0.0,0.0,0.0,0.19320589059077975,0,0.01458333333333334,1,0,0,Off,0,0,Off,0,0,Off,0.03506475048252919,0.026298562861896885,On,0,0,Off,0.004121560215643275,0.0,On,0.06684201420482891,0,On,0.028607410278099685,0,On,0.22254310363851054,0.16690732772888286,On,Off,0.0,20.000000000000057,0.0,0.0,0.0,0.0,0,0.0,21116.65276888889,Off,0.0,23.888888888888914,0,0.0,0.05,0.0,0.0,0,0,0,11489.55984,Off,0.0,0,79.74812257803764,51.666666666666686,46.10666666666668,0.0,51.35310896050858,0.0,0.0,0.0,124.60644152818381,49.23014986832529,51.35310896050858,48.16867032223365,12.43753247303448,19.572583424058415,0.0,8.584840006465729,-0.7258222689570103,-1.1,9.236100170605994,-3279.213422803598,-4699.70564558418,-279.0860956481562,-3614.7340639461795,-0.0,-0.0,407.60043578713805,12.93004148838176,1.0,0.13246566900633516,0.0,0,1.2397476023845622,65.99961422222222,-72.07979464455633,0.19628886087720132,9.007560801994824,0.0027139361233745455,25.19291974612147,1.2226433047482101,0.37411295033148373,-4782.703456121964,82.99781053778422,0.13202902277820888,-65.21171282450507,-213.87438282365113
2025-01-01 07:59:00,0.4071788388196116,0.2077892239241131,0.0,0.00678631398032686,0.0034631537320685512,0.0,0.07096357442047219,0.2862152643991394,0.0,0.05,0.0,0.0,0.0,0.19320589059077975,0,0.01458333333333334,1,0,0,Off,0,0,Off,0,0,Off,0.03506475048252919,0.026298562861896885,On,0,0,Off,0.004121560215643275,0.0,On,0.06684201420482891,0,On,0.028607410278099685,0,On,0.22254310363851054,0.16690732772888286,On,Off,0.0,20.000000000000057,0.0,0.0,0.0,0.0,0,0.0,21116.65276888889,Off,0.0,23.888888888888914,0,0.0,0.05,0.0,0.0,0,0,0,11489.55984,Off,0.0,0,80.07035345858341,51.666666666666686,46.10666666666668,0.0,51.33420489154139,0.0,0.0,0.0,125.10992727903658,49.21358279136187,51.33420489154139,48.153271741272114,12.43753247303448,19.435851682081957,-0.06414831791810016,8.504747510878724,-0.735486458175768,-1.1,9.236100170605994,-3233.9557305134394,-4651.885832002132,-277.63515136239175,-3576.6259818790736,-0.0,-0.0,407.60043578713805,12.938508264924629,1.0,0.13194184317300892,0.0,0,1.2348451108499272,65.99961422222222,-64.93018442150392,0.19797121774950063,8.944273118597215,0.0027140234389260087,25.277261333979585,1.2232146081320798,0.37358187744629257,-4736.417906381586,84.53207437945431,0.13186435044248374,-63.4482032850508,-214.18694807734093
2025-01-01 08:00:00,0.40705019899249356,0.2084466879956605,0.0,0.006784169983208226,0.0034741114665943415,0.0,0.06995831583129089,0.28709188316120265,0.0,0.05,0.0,0.0,0.0,0.19386335466232715,0,0.01458333333333334,1,0,0,Off,0,0,Off,0,0,Off,0.03594136924459241,0.0269560269334443,On,0,0,Off,0.0031163016264619883,0.0,On,0.06684201420482891,0,On,0.028607410278099685,0,On,0.22254310363851054,0.16690732772888286,On,Off,0.0,20.000000000000057,0.0,0.0,0.0,0.0,0,0.0,21116.65276888889,Off,0.0,23.888888888888914,0,0.0,0.05,0.0,0.0,0,0,0,11489.55984,Off,0.0,0,80.38156360020575,51.666666666666686,46.10666666666668,0.0,51.31523130249652,0.0,0.0,0.0,125.59619312532149,49.1969487733392,51.31523130249652,48.13780750876055,12.43753247303448,19.303160300697154,-0.19683969930290246,8.429031371469756,-0.7451078808376144,-1.1,9.236100170605994,-3190.4668184344587,-4606.794994469563,-276.1461399552442,-3539.7980795769217,-0.0,-0.0,407.47179596002,12.94831040717561,1.0,0.1314325052947607,0.0,0,1.2300782122406606,65.99961422222222,-58.14053481755673,0.1996195719725979,8.883065605594709,0.002714111005877682,25.35842421182592,1.223769538432299,0.37307912791980563,-4692.75597159944,85.96097712987732,0.13170020229036683,-61.6965754739797,-214.44956448126453
2025-01-01 08:01:00,1.4578231156591606,0.2084466879956605,0.9006625,0.024297051927652677,0.0034741114665943415,0.015011041666666667,0.06995831583129089,0.28709188316120265,1.0507729166666668,0.05,0.0,0.9006625,0.0,0.19386335466232715,0,0.01458333333333334,1,0,0,Off,0,0,Off,0,0,Off,0.03594136924459241,0.0269560269334443,On,0,0,Off,0.0031163016264619883,0.0,On,0.06684201420482891,0,On,0.028607410278099685,0,On,0.22254310363851054,0.16690732772888286,On,On,17415.9303113141,20.000000000000057,0.8,4751.49537424146,26.39581596111111,1.0507729166666668,1,21116.65276888889,21116.65276888889,Off,0.0,23.888888888888914,0,0.0,0.05,0.0,0.0,0,0,0,11489.55984,Off,0.0,0,80.6822613677108,51.666666666666686,46.10666666666668,0.0,51.29619062294039,0.0,0.0,0.0,126.06603338704811,49.18025010373351,51.29619062294039,48.122279844130084,12.43753247303448,19.17432210831972,-0.32567789168033556,8.357408612631296,-0.7546813973467374,-1.1,9.236100170605994,14267.511817869992,187.24523596115614,-274.60726423995607,-3504.1851722481847,-0.0,-0.0,407.47179596002,12.959370117952941,1.0,0.13093701746564193,0.0,0,1.2254409363882182,65.99961422222222,-51.7051171559435,0.20123503146874394,8.823142143247123,0.002714198814162902,25.43655002995336,1.2243088342593336,0.3726029337996232,-4651.539195857666,87.28905757736155,0.13153666813311862,-59.95771494590231,-214.64954929405377
2025-01-01 08:02:00,1.4578231156591606,0.2084466879956605,0.9006625,0.024297051927652677,0.0034741114665943415,0.015011041666666667,0.06995831583129089,0.28709188316120265,1.0507729166666668,0.05,0.0,0.9006625,0.0,0.19386335466232715,0,0.01458333333333334,1,0,0,Off,0,0,Off,0,0,Off,0.03594136924459241,0.0269560269334443,On,0,0,Off,0.0031163016264619883,0.0,On,0.06684201420482891,0,On,0.028607410278099685,0,On,0.22254310363851054,0.16690732772888286,On,On,17415.9303113141,20.000000000000057,0.8,4751.49537424146,26.39581596111111,1.0507729166666668,1,21116.65276888889,21116.65276888889,Off,0.0,23.888888888888914,0,0.0,0.05,0.0,0.0,0,0,0,11489.55984,Off,0.0,0,80.12441715214376,51.666666666666686,46.10666666666668,0.0,51.277085170355015,0.0,0.0,0.0,125.19440180022463,49.16348896641202,51.277085170355015,48.10669086444053,12.43753247303448,19.3653960982762,-0.13460390172385672,8.461114201134805,-0.7642017280765752,-1.1,9.236100170605994,14203.722272131445,125.03425669959142,-273.0373064513656,-3557.0524256955573,-0.0,-0.0,407.47179596002,12.971609586468402,1.0,0.1316715203221177,0.0,0,1.2323151564188957,65.99961422222222,-62.62740944711739,0.1988603612062275,8.911865388208843,0.002714286854175538,25.228322737701568,1.223509038435805,0.37329223818748714,-4711.245403497938,84.78428595606995,0.13137384061780627,-58.23252403265314,-214.8047824187125
2025-01-01 08:03:00,1.4578231156591606,0.2084466879956605,0.9006625,0.024297051927652677,0.0034741114665943415,0.015011041666666667,0.06995831583129089,0.28709188316120265,1.0507729166666668,0.05,0.0,0.9006625,0.0,0.19386335466232715,0,0.01458333333333334,1,0,0,Off,0,0,Off,0,0,Off,0.03594136924459241,0.0269560269334443,On,0,0,Off,0.0031163016264619883,0.0,On,0.06684201420482891,0,On,0.028607410278099685,0,On,0.22254310363851054,0.16690732772888286,On,On,17415.9303113141,20.000000000000057,0.8,4751.49537424146,26.39581596111111,1.0507729166666668,1,21116.65276888889,21116.65276888889,Off,0.0,23.888888888888914,0,0.0,0.05,0.0,0.0,0,0,0,11489.55984,Off,0.0,0,79.58383671427143,51.666666666666686,46.10666666666668,0.0,51.25810408889538,0.0,0.0,0.0,124.3497448660491,49.14684371706073,51.25810408889538,48.09121353114341,12.43753247303448,19.550152100765146,0.0,8.558401704722161,-0.7736646089644603,-1.1,9.236100170605994,14142.732972287238,66.80588519742832,-271.5424408832493,-3608.4712618910817,-0.0,-0.0,407.47179596002,12.984951685447172,1.0,0.13237980428967216,0.0,0,1.238943993589839,65.99961422222222,-72.19787309579868,0.1965943126895297,8.997575017639292,0.002714374230559616,25.02607720773537,1.2227366797192705,0.3739377280976905,-4767.413376991223,82.72388794719116,0.1312117954393399,-56.521712946462735,-215.02072793678656
2025-01-01 08:04:00,1.4578231156591606,0.2084466879956605,0.9006625,0.024297051927652677,0.0034741114665943415,0.015011041666666667,0.06995831583129089,0.28709188316120265,1.0507729166666668,0.05,0.0,0.9006625,0.0,0.19386335466232715,0,0.01458333333333334,1,0,0,Off,0,0,Off,0,0,Off,0.03594136924459241,0.0269560269334443,On,0,0,Off,0.0031163016264619883,0.0,On,0.06684201420482891,0,On,0.028607410278099685,0,On,0.22254310363851054,0.16690732772888286,On,On,17415.9303113141,20.000000000000057,0.8,4751.49537424146,26.39581596111111,1.0507729166666668,1,21116.65276888889,21116.65276888889,Off,0.0,23.888888888888914,0,0.0,0.05,0.0,0.0,0,0,0,11489.55984,Off,0.0,0,79.05935861883967,51.666666666666686,46.10666666666668,0.0,51.239243569897916,0.0,0.0,0.0,123.53024784193697,49.130310769258735,51.239243569897916,48.07584436893915,12.43753247303448,19.72901938428465,0.0,8.649827455962921,-0.7830700502355629,-1.1,9.236100170605994,14083.229822917277,11.90177308560851,-270.0227380311776,-3658.5310845102554,-0.0,-0.0,407.47179596002,12.999320730191295,1.0,0.13306372097693725,0.0,0,1.2453447771258896,65.99961422222222,-81.64119984658653,0.19442828620230346,9.079818906825968,0.0027144609612316842,24.82940004947038,1.2219898651328733,0.3745433121261866,-4820.3351829436215,80.74158178776952,0.13105053532439684,-54.82521487652936,-215.19752315464825
2025-01-01 08:05:00,1.4578231156591606,0.2084466879956605,0.9006625,0.024297051927652677,0.0034741114665943415,0.015011041666666667,0.06995831583129089,0.28709188316120265,1.0507729166666668,0.05,0.0,0.9006625,0.0,0.19386335466232715,0,0.01458333333333334,1,0,0,Off,0,0,Off,0,0,Off,0.03594136924459241,0.0269560269334443,On,0,0,Off,0.0031163016264619883,0.0,On,0.06684201420482891,0,On,0.028607410278099685,0,On,0.22254310363851054,0.16690732772888286,On,On,17415.9303113141,20.000000000000057,0.8,4751.49537424146,26.39581596111111,1.0507729166666668,1,21116.65276888889,21116.65276888889,Off,0.0,23.888888888888914,0,0.0,0.05,0.0,0.0,0,0,0,11489.55984,Off,0.0,0,78.55008812414671,51.666666666666686,46.10666666666668,0.0,51.22050006071097,0.0,0.0,0.0,122.73451269397923,49.113886777864636,51.22050006071097,48.06058013644148,12.43753247303448,19.902328063664058,0.0,8.735846318732381,-0.7924144113449176,-1.1,9.236100170605994,14025.372423853732,-39.87845376012501,-268.4802992262979,-3707.2970794735575,-0.0,-0.0,407.47179596002,13.014643071365539,1.0,0.13372471767362515,0.0,0,1.2515310522268273,65.99961422222222,-90.73260394682839,0.1923553020056751,9.15951060873271,0.002714547062885612,24.637970385883904,1.2212671271474036,0.3751121894764955,-4870.249078155913,78.87525015432804,0.13089012570822112,-53.14361947051946,-215.33667975577845
2025-01-01 08:06:00,1.4578231156591606,0.2084466879956605,0.9006625,0.024297051927652677,0.0034741114665943415,0.015011041666666667,0.06995831583129089,0.28709188316120265,1.0507729166666668,0.05,0.0,0.9006625,0.0,0.19386335466232715,0,0.01458333333333334,1,0,0,Off,0,0,Off,0,0,Off,0.03594136924459241,0.0269560269334443,On,0,0,Off,0.0031163016264619883,0.0,On,0.06684201420482891,0,On,0.028607410278099685,0,On,0.22254310363851054,0.16690732772888286,On,On,17415.9303113141,20.000000000000057,0.8,4751.49537424146,26.39581596111111,1.0507729166666668,1,21116.65276888889,21116.65276888889,Off,0.0,23.888888888888914,0,0.0,0.05,0.0,0.0,0,0,0,11489.55984,Off,0.0,0,78.05525547022795,51.666666666666686,46.10666666666668,0.0,51.20187020593116,0.0,0.0,0.0,121.96133667223116,49.09756858361294,51.20187020593116,48.045417772453845,12.43753247303448,20.07036185972151,0.0,8.816851097657239,-0.8016943577491745,-1.1,9.236100170605994,13969.149864498566,-88.74332080914428,-266.9375396212173,-3754.8242196590872,-0.0,-0.0,407.47179596002,13.03084761154543,1.0,0.1343640444074673,0.0,0,1.2575145179154599,65.99961422222222,-99.42802311646625,0.1903692727174895,9.23683130498898,0.0027146325512747175,24.451511886019293,1.2205672009312547,0.3756471190324856,-4917.361267578381,77.12257252777658,0.13073062706884186,-51.47745570000006,-215.46008392121726
2025-01-01 08:07:00,0.40705019899249356,0.2084466879956605,0.0,0.006784169983208226,0.0034741114665943415,0.0,0.06995831583129089,0.28709188316120265,0.0,0.05,0.0,0.0,0.0,0.19386335466232715,0,0.01458333333333334,1,0,0,Off,0,0,Off,0,0,Off,0.03594136924459241,0.0269560269334443,On,0,0,Off,0.0031163016264619883,0.0,On,0.06684201420482891,0,On,0.028607410278099685,0,On,0.22254310363851054,0.16690732772888286,On,Off,0.0,20.000000000000057,0.0,0.0,0.0,0.0,0,0.0,21116.65276888889,Off,0.0,23.888888888888914,0,0.0,0.05,0.0,0.0,0,0,0,11489.55984,Off,0.0,0,77.5741820289795,51.666666666666686,46.10666666666668,0.0,51.183350819861836,0.0,0.0,0.0,121.20965942028046,49.08135318715004,51.183350819861836,48.03035437079416,12.43753247303448,20.233370689119834,0.0,8.893187153111835,-0.8109076123537945,-1.1,9.236100170605994,-3501.394660600084,-4886.371814513921,-265.4002121277327,-3801.160350869787,-0.0,-0.0,407.47179596002,13.04786618990022,1.0,0.13498280523572603,0.0,0,1.2633055070754253,65.99961422222222,-107.7061056903168,0.18846479811605168,9.31194209579863,0.0027147174413452066,24.269781006953252,1.219888970369292,0.376150521610196,-4961.853651626363,75.48183711244229,0.1305720819535224,-49.82705811088455,-215.57315401684815
2025-01-01 08:08:00,0.40705019899249356,0.2084466879956605,0.0,0.006784169983208226,0.0034741114665943415,0.0,0.06995831583129089,0.28709188316120265,0.0,0.05,0.0,0.0,0.0,0.19386335466232715,0,0.01458333333333334,1,0,0,Off,0,0,Off,0,0,Off,0.03594136924459241,0.0269560269334443,On,0,0,Off,0.0031163016264619883,0.0,On,0.06684201420482891,0,On,0.028607410278099685,0,On,0.22254310363851054,0.16690732772888286,On,Off,0.0,20.000000000000057,0.0,0.0,0.0,0.0,0,0.0,21116.65276888889,Off,0.0,23.888888888888914,0,0.0,0.05,0.0,0.0,0,0,0,11489.55984,Off,0.0,0,77.95474219218343,51.666666666666686,46.10666666666668,0.0,51.16493886643,0.0,0.0,0.0,121.80428467528661,49.065237730102254,51.16493886643,48.015387161938385,12.43753247303448,20.07535273143753,0.0,8.793670042950499,-0.8200522880844724,-1.1,9.236100170605994,-3447.2784311768246,-4826.175628723655,-263.8661280695735,-3756.239539437573,-0.0,-0.0,407.47179596002,13.065633847938743,1.0,0.13438301020979024,0.0,0,1.2576920190607266,65.99961422222222,-98.51068769927124,0.19032227118661793,9.23915812008643,0.0027148017473337164,24.373859332343766,1.2205463014981703,0.3754941166243117,-4903.868552727393,77.6929240037376,0.13041452637231699,-48.19268820650425,-215.67343986306926
2025-01-01 08:09:00,0.40705019899249356,0.2084466879956605,0.0,0.006784169983208226,0.0034741114665943415,0.0,0.06995831583129089,0.28709188316120265,0.0,0.05,0.0,0.0,0.0,0.19386335466232715,0,0.01458333333333334,1,0,0,Off,0,0,Off,0,0,Off,0.03594136924459241,0.0269560269334443,On,0,0,Off,0.0031163016264619883,0.0,On,0.06684201420482891,0,On,0.028607410278099685,0,On,0.22254310363851054,0.16690732772888286,On,Off,0.0,20.000000000000057,0.0,0.0,0.0,0.0,0,0.0,21116.65276888889,Off,0.0,23.888888888888914,0,0.0,0.05,0.0,0.0,0,0,0,11489.55984,Off,0.0,0,78.32086248174373,51.666666666666686,46.10666666666668,0.0,51.146444517112826,0.0,0.0,0.0,122.37634762772458,49.0490432145223,51.146444517112826,48.00034256322705,12.43753247303448,19.92263729000695,0.0,8.700138563554527,-0.8291265703187508,-1.1,9.236100170605994,-3396.145775457449,-4770.044502372031,-262.33466182489525,-3713.0285736762353,-0.0,-0.0,407.47179596002,13.084088989540149,1.0,0.13380207010990602,0.0,0,1.2522549944990944,65.99961422222222,-90.58899774123361,0.1921372091075556,9.169815657343918,0.002714886369261214,24.473698402529198,1.221182246187956,0.37487614452336976,-4849.514723958416,79.47022158638454,0.1302579952369481,-46.57459185755202,-215.76006996734324
2025-01-01 08:10:00,0.40705019899249356,0.2084466879956605,0.0,0.006784169983208226,0.0034741114665943415,0.0,0.06995831583129089,0.28709188316120265,0.0,0.05,0.0,0.0,0.0,0.19386335466232715,0,0.01458333333333334,1,0,0,Off,0,0,Off,0,0,Off,0.03594136924459241,0.0269560269334443,On,0,0,Off,0.0031163016264619883,0.0,On,0.06684201420482891,0,On,0.028607410278099685,0,On,0.22254310363851054,0.16690732772888286,On,Off,0.0,20.000000000000057,0.0,0.0,0.0,0.0,0,0.0,21116.65276888889,Off,0.0,23.888888888888914,0,0.0,0.05,0.0,0.0,0,0,0,11489.55984,Off,0.0,0,78.67360404316551,51.666666666666686,46.10666666666668,0.0,51.12787095521251,0.0,0.0,0.0,122.92750631744612,49.032772640186124,51.12787095521251,47.98522348267294,12.43753247303448,19.7748318859903,0.0,8.612061281580488,-0.8381287686612555,-1.1,9.236100170605994,-3346.6402783859003,-4717.276584391157,-260.80708237476983,-3671.396881790708,-0.0,-0.0,407.47179596002,13.10317345186814,1.0,0.13323860798999798,0.0,0,1.2469815465375917,65.99961422222222,-82.71519255521238,0.19391255138599237,9.101542706562746,0.0027149712935647698,24.569614201580855,1.2217983735028937,0.37429327608333585,-4798.458032715844,81.18144832468695,0.1301025214567291,-44.972990295585106,-215.8340920791847
2025-01-01 08:11:00,0.40705019899249356,0.2084466879956605,0.0,0.006784169983208226,0.0034741114665943415,0.0,0.06995831583129089,0.28709188316120265,0.0,0.05,0.0,0.0,0.0,0.19386335466232715,0,0.01458333333333334,1,0,0,Off,0,0,Off,0,0,Off,0.03594136924459241,0.0269560269334443,On,0,0,Off,0.0031163016264619883,0.0,On,0.06684201420482891,0,On,0.028607410278099685,0,On,0.22254310363851054,0.16690732772888286,On,Off,0.0,20.000000000000057,0.0,0.0,0.0,0.0,0,0.0,21116.65276888889,Off,0.0,23.888888888888914,0,0.0,0.05,0.0,0.0,0,0,0,11489.55984,Off,0.0,0,79.01376901843194,51.666666666666686,46.10666666666668,0.0,51.109221130138145,0.0,0.0,0.0,123.45901409129992,49.016428786424584,51.109221130138145,47.97003261456781,12.43753247303448,19.63164034917,0.0,8.529006028216125,-0.8470573803839079,-1.1,9.236100170605994,-3298.8865019855757,-4667.637357454978,-259.2846892605096,-3631.2433905644093,-0.0,-0.0,407.47179596002,13.12283250365851,1.0,0.13269160027587734,0.0,0,1.241862095534521,65.99961422222222,-75.1149073811864,0.19565028350929536,9.035638587727885,0.0027150565077049965,24.66184038101188,1.2223958589833557,0.37374280914804453,-4750.426090356216,82.78873290123859,0.1299481348262601,-43.3880691619251,-215.8966200985845
2025-01-01 08:12:00,0.40705019899249356,0.2084466879956605,0.0,0.006784169983208226,0.0034741114665943415,0.0,0.06995831583129089,0.28709188316120265,0.0,0.05,0.0,0.0,0.0,0.19386335466232715,0,0.01458333333333334,1,0,0,Off,0,0,Off,0,0,Off,0.03594136924459241,0.0269560269334443,On,0,0,Off,0.0031163016264619883,0.0,On,0.06684201420482891,0,On,0.028607410278099685,0,On,0.22254310363851054,0.16690732772888286,On,Off,0.0,20.000000000000057,0.0,0.0,0.0,0.0,0,0.0,21116.65276888889,Off,0.0,23.888888888888914,0,0.0,0.05,0.0,0.0,0,0,0,11489.55984,Off,0.0,0,79.34204029855495,51.666666666666686,46.10666666666668,0.0,51.090497814474496,0.0,0.0,0.0,123.9719379664921,49.00001426592954,51.090497814474496,47.954772491657074,12.43753247303448,19.492810786703167,-0.007189213296889818,8.450601131306504,-0.8559110820180944,-1.1,9.236100170605994,-3252.843896123871,-4620.890542446733,-257.7683289043249,-3592.481312107105,-0.0,-0.0,407.47179596002,13.143014787581464,1.0,0.13216018174002897,0.0,0,1.2368885438163832,65.99961422222222,-67.83437997678598,0.1973520106956654,8.971972637518629,0.002715141999903322,24.75057388407492,1.2229756996909253,0.37322241850186977,-4705.184870189345,84.29432774261166,0.12979486214995514,-41.81998041578266,-215.94834848854225
2025-01-01 08:13:00,0.40705019899249356,0.2084466879956605,0.0,0.006784169983208226,0.0034741114665943415,0.0,0.06995831583129089,0.28709188316120265,0.0,0.05,0.0,0.0,0.0,0.19386335466232715,0,0.01458333333333334,1,0,0,Off,0,0,Off,0,0,Off,0.03594136924459241,0.0269560269334443,On,0,0,Off,0.0031163016264619883,0.0,On,0.06684201420482891,0,On,0.028607410278099685,0,On,0.22254310363851054,0.16690732772888286,On,Off,0.0,20.000000000000057,0.0,0.0,0.0,0.0,0,0.0,21116.65276888889,Off,0.0,23.888888888888914,0,0.0,0.05,0.0,0.0,0,0,0,11489.55984,Off,0.0,0,79.65901413950834,51.666666666666686,46.10666666666668,0.0,51.07170363026019,0.0,0.0,0.0,124.46720959298179,48.983531549527356,51.07170363026019,47.93944550916094,12.43753247303448,19.358123452075063,-0.14187654792499416,8.37652122924233,-0.8646887032767845,-1.1,9.236100170605994,-3208.460253003088,-4576.8301423005805,-256.25866861229053,-3555.0344206051773,-0.0,-0.0,407.47179596002,13.163672220351433,1.0,0.13164360104048936,0.0,0,1.2320538595657664,65.99961422222222,-60.897628357930756,0.1990190772849315,8.909726422714886,0.00271522775902363,24.83598529168946,1.223538763751901,0.3727300662672418,-4662.529876966506,85.69973466592582,0.12964272767421475,-40.2688473355151,-215.98982127677544
2025-01-01 08:14:00,0.40705019899249356,0.2084466879956605,0.0,0.006784169983208226,0.0034741114665943415,0.0,0.06995831583129089,0.28709188316120265,0.0,0.05,0.0,0.0,0.0,0.19386335466232715,0,0.01458333333333334,1,0,0,Off,0,0,Off,0,0,Off,0.03594136924459241,0.0269560269334443,On,0,0,Off,0.0031163016264619883,0.0,On,0.06684201420482891,0,On,0.028607410278099685,0,On,0.22254310363851054,0.16690732772888286,On,Off,0.0,20.000000000000057,0.0,0.0,0.0,0.0,0,0.0,21116.65276888889,Off,0.0,23.888888888888914,0,0.0,0.05,0.0,0.0,0,0,0,11489.55984,Off,0.0,0,79.96522492000001,51.666666666666686,46.10666666666668,0.0,51.05284106807948,0.0,0.0,0.0,124.94566393750002,48.96698298417664,51.05284106807948,47.92405394222522,12.43753247303448,19.227381536034724,-0.2726184639653333,8.306476487715559,-0.8733892124022125,-1.1,9.236100170605994,-3165.672059737577,-4535.271261475503,-254.75636187512367,-3518.8342452814513,-0.0,-0.0,407.47179596002,13.184759877116992,1.0,0.13114118683835224,0.0,0,1.2273517597147199,65.99961422222222,-54.30961041614577,0.20065265947511912,8.848810486302083,0.002715313774486937,24.918226724521514,1.224085828031175,0.37226393370648014,-4622.279446765934,87.00818529043097,0.1294917533245813,-38.73476744005065,-216.021594435073
2025-01-01 08:15:00,1.4578231156591606,0.2084466879956605,0.9006625,0.024297051927652677,0.0034741114665943415,0.015011041666666667,0.06995831583129089,0.28709188316120265,1.0507729166666668,0.05,0.0,0.9006625,0.0,0.19386335466232715,0,0.01458333333333334,1,0,0,Off,0,0,Off,0,0,Off,0.03594136924459241,0.0269560269334443,On,0,0,Off,0.0031163016264619883,0.0,On,0.06684201420482891,0,On,0.028607410278099685,0,On,0.22254310363851054,0.16690732772888286,On,On,17415.9303113141,20.000000000000057,0.8,4751.49537424146,26.39581596111111,1.0507729166666668,1,21116.65276888889,21116.65276888889,Off,0.0,23.888888888888914,0,0.0,0.05,0.0,0.0,0,0,0,11489.55984,Off,0.0,0,80.10620552333363,51.666666666666686,46.10666666666668,0.0,51.03391250069899,0.3313377339544859,891.5672062940007,0.0,125.1659461302088,48.95037080582284,51.03391250069899,47.90859995838477,12.43753247303448,19.10040546833701,-0.39959453166304826,8.24020522677967,-0.8820117084662786,-1.1,9.236100170605994,14291.518574685597,255.44896019010412,-253.2620357221719,-3483.818308990753,-0.0,-0.0,407.47179596002,13.206235784848731,1.0,0.13065232696024592,0.0,0,1.22277651492616,65.99961422222222,-48.06522359776967,0.20225382103537323,8.790537665209781,0.0027154000362112603,24.99743670202218,1.2246176013599788,0.37182237485069397,-4584.270128974976,88.22371492361941,0.12934195882398264,-37.21781414882352,-216.04422157334838
2025-01-01 08:16:00,1.4578231156591606,0.2084466879956605,0.9006625,0.024297051927652677,0.0034741114665943415,0.015011041666666667,0.06995831583129089,0.28709188316120265,1.0507729166666668,0.05,0.0,0.9006625,0.0,0.19386335466232715,0,0.01458333333333334,1,0,0,Off,0,0,Off,0,0,Off,0.03594136924459241,0.0269560269334443,On,0,0,Off,0.0031163016264619883,0.0,On,0.06684201420482891,0,On,0.028607410278099685,0,On,0.22254310363851054,0.16690732772888286,On,On,17415.9303113141,20.000000000000057,0.8,4751.49537424146,26.39581596111111,1.0507729166666668,1,21116.65276888889,21116.65276888889,Off,0.0,23.888888888888914,0,0.0,0.05,0.0,0.0,0,0,0,11489.55984,Off,0.0,0,79.23403164210154,51.666666666666686,46.10666666666668,0.0,50.997141870194824,0.33165369922430593,891.5672062940008,0.0,123.80317444078366,48.81519082490938,50.997141870194824,47.724215302266664,12.43753247303448,19.29325667141355,-0.20674332858650857,8.348962121721799,-0.8905554136661404,-1.1,9.236100170605994,14227.18151437833,190.42669741626378,-251.77625937165797,-3537.055468009231,-0.0,-0.0,407.47179596002,13.228060844980725,1.0,0.131394450729749,0.0,0,1.2297220591627582,65.99961422222222,-59.16512488655846,0.19984352835693167,8.879630748351111,0.0027154865345670335,24.785296543319394,1.2238099654940051,0.37254673597761695,-4646.683925580442,85.6152487552457,0.12919336181215454,-35.71803841960042,-216.05822095205755
2025-01-01 08:17:00,1.4578231156591606,0.2084466879956605,0.9006625,0.024297051927652677,0.0034741114665943415,0.015011041666666667,0.06995831583129089,0.28709188316120265,1.0507729166666668,0.05,0.0,0.9006625,0.0,0.19386335466232715,0,0.01458333333333334,1,0,0,Off,0,0,Off,0,0,Off,0.03594136924459241,0.0269560269334443,On,0,0,Off,0.0031163016264619883,0.0,On,0.06684201420482891,0,On,0.028607410278099685,0,On,0.22254310363851054,0.16690732772888286,On,On,17415.9303113141,20.000000000000057,0.8,4751.49537424146,26.39581596111111,1.0507729166666668,1,21116.65276888889,21116.65276888889,Off,0.0,23.888888888888914,0,0.0,0.05,0.0,0.0,0,0,0,11489.55984,Off,0.0,0,78.3794979415326,51.666666666666686,46.10666666666668,0.0,50.96050150152104,0.33196914515482645,891.5672062940007,0.0,122.4679655336447,48.68019203160698,50.96050150152104,47.54003729664995,12.43753247303448,19.479713106438282,-0.020286893561774377,8.451030266985954,-0.8990196647787725,-1.1,9.236100170605994,14165.665339008385,129.5206278088217,-250.29954526879362,-3588.8329222040297,-0.0,-0.0,407.47179596002,13.25019860937193,1.0,0.13210999093428527,0.0,0,1.2364188075326408,65.99961422222222,-68.90384606170565,0.19754400024289204,8.966358984612054,0.0027155723554554596,24.57933412123351,1.2230301206188527,0.37322526874512346,-4705.432221932335,83.45747549969616,0.12904597798080894,-34.23547051070644,-216.06407475808717
2025-01-01 08:18:00,1.4578231156591606,0.2084466879956605,0.9006625,0.024297051927652677,0.0034741114665943415,0.015011041666666667,0.06995831583129089,0.28709188316120265,1.0507729166666668,0.05,0.0,0.9006625,0.0,0.19386335466232715,0,0.01458333333333334,1,0,0,Off,0,0,Off,0,0,Off,0.03594136924459241,0.0269560269334443,On,0,0,Off,0.0031163016264619883,0.0,On,0.06684201420482891,0,On,0.028607410278099685,0,On,0.22254310363851054,0.16690732772888286,On,On,17415.9303113141,20.000000000000057,0.8,4751.49537424146,26.39581596111111,1.0507729166666668,1,21116.65276888889,21116.65276888889,Off,0.0,23.888888888888914,0,0.0,0.05,0.0,0.0,0,0,0,11489.55984,Off,0.0,0,77.54143263524239,51.666666666666686,46.10666666666668,0.0,50.92398754044882,0.3322841003363865,891.5672062940008,0.0,121.15848849256622,48.545370761299814,50.92398754044882,47.356062371725315,12.43753247303448,19.660207822540798,0.0,8.546980777428393,-0.9074039048196121,-1.1,9.236100170605994,14105.655118649302,72.06759596264692,-248.8323608860459,-3639.2401680097482,-0.0,-0.0,407.47179596002,13.27261512524277,1.0,0.13280082078996583,0.0,0,1.2428842914852767,65.99961422222222,-78.50682061506943,0.19534646649930107,9.049578011526695,0.0027156575174515805,24.379123566237975,1.2222761548589836,0.3738620094694974,-4760.811764452342,81.38398617352848,0.12889982120643112,-32.77012168320497,-216.06223920284094
2025-01-01 08:19:00,1.4578231156591606,0.2084466879956605,0.9006625,0.024297051927652677,0.0034741114665943415,0.015011041666666667,0.06995831583129089,0.28709188316120265,1.0507729166666668,0.05,0.0,0.9006625,0.0,0.19386335466232715,0,0.01458333333333334,1,0,0,Off,0,0,Off,0,0,Off,0.03594136924459241,0.0269560269334443,On,0,0,Off,0.0031163016264619883,0.0,On,0.06684201420482891,0,On,0.028607410278099685,0,On,0.22254310363851054,0.16690732772888286,On,On,17415.9303113141,20.000000000000057,0.8,4751.49537424146,26.39581596111111,1.0507729166666668,1,21116.65276888889,21116.65276888889,Off,0.0,23.888888888888914,0,0.0,0.05,0.0,0.0,0,0,0,11489.55984,Off,0.0,0,76.71893127206015,51.666666666666686,46.10666666666668,0.0,50.88759639102119,0.33259859137009606,891.5672062940007,0.0,119.87333011259398,48.41072359280196,50.88759639102119,47.17228719369235,12.43753247303448,19.835074478120625,0.0,8.637282510219226,-0.915707675460354,-1.1,9.236100170605994,14047.309774002535,17.862005595481605,-247.37513454574523,-3688.3425556655798,-0.0,-0.0,407.47179596002,13.29527876848537,1.0,0.13346840724930434,0.0,0,1.2491322402448133,65.99961422222222,-87.74977760600447,0.19324379815618828,9.130201324487468,0.0027157420378666895,24.1843335521716,1.221546583219161,0.37446027514185815,-4813.065632724627,79.43226407864864,0.1287549036709754,-31.321985747225497,-216.05314879851974
2025-01-01 08:20:00,1.4578231156591606,0.2084466879956605,0.9006625,0.024297051927652677,0.0034741114665943415,0.015011041666666667,0.06995831583129089,0.28709188316120265,1.0507729166666668,0.05,0.0,0.9006625,0.0,0.19386335466232715,0,0.01458333333333334,1,0,0,Off,0,0,Off,0,0,Off,0.03594136924459241,0.0269560269334443,On,0,0,Off,0.0031163016264619883,0.0,On,0.06684201420482891,0,On,0.028607410278099685,0,On,0.22254310363851054,0.16690732772888286,On,On,17415.9303113141,20.000000000000057,0.8,4751.49537424146,26.39581596111111,1.0507729166666668,1,21116.65276888889,21116.65276888889,Off,0.0,23.888888888888914,0,0.0,0.05,0.0,0.0,0,0,0,11489.55984,Off,0.0,0,75.91121495133659,51.666666666666686,46.10666666666668,0.0,50.8513246566479,0.33291264335698256,891.5672062940008,0.0,118.61127336146342,48.27624729282045,50.8513246566479,46.988708610906734,12.43753247303448,20.00460012769964,0.0,8.722341506696562,-0.9239306100698618,-1.1,9.236100170605994,13990.617671214437,-33.309852729911654,-245.92825731052187,-3736.195257252825,-0.0,-0.0,407.47179596002,13.318160082097188,1.0,0.134114018475588,0.0,0,1.2551745225649171,65.99961422222222,-96.58917880685787,0.19122977403875582,9.208412261244412,0.0027158259330375347,23.99467842566936,1.220840124576902,0.37502293382549085,-4862.4048747374945,77.59964776612249,0.1286112359727238,-29.891040478450925,-216.03721683207095
2025-01-01 08:21:00,1.4578231156591606,0.2084466879956605,0.9006625,0.024297051927652677,0.0034741114665943415,0.015011041666666667,0.06995831583129089,0.28709188316120265,1.0507729166666668,0.05,0.0,0.9006625,0.0,0.19386335466232715,0,0.01458333333333334,1,0,0,Off,0,0,Off,0,0,Off,0.03594136924459241,0.0269560269334443,On,0,0,Off,0.0031163016264619883,0.0,On,0.06684201420482891,0,On,0.028607410278099685,0,On,0.22254310363851054,0.16690732772888286,On,On,17415.9303113141,20.000000000000057,0.8,4751.49537424146,26.39581596111111,1.0507729166666668,1,21116.65276888889,21116.65276888889,Off,0.0,23.888888888888914,0,0.0,0.05,0.0,0.0,0,0,0,11489.55984,Off,0.0,0,75.11759642269965,51.666666666666686,46.10666666666668,0.0,50.81516911243854,0.3332262801217433,891.5672062940007,0.0,117.3712444104682,48.14193878987312,50.81516911243854,46.80532362859042,12.43753247303448,20.169037830275887,0.0,8.802515649829871,-0.932072427201388,-1.1,9.236100170605994,13935.551614998441,-81.63672516105544,-244.49208496067524,-3782.84634167471,-0.0,-0.0,407.47179596002,13.341231620831387,1.0,0.13473877532977538,0.0,0,1.261021628595198,65.99961422222222,-105.00415060096799,0.1892988731138083,9.283644435511349,0.0027159092184635292,23.80990620220127,1.2201556475725093,0.3755525078261994,-4909.0161989858325,75.88409958331668,0.12846882723030603,-28.477248937411055,-216.0148360232642
2025-01-01 08:22:00,0.40705019899249356,0.2084466879956605,0.0,0.006784169983208226,0.0034741114665943415,0.0,0.06995831583129089,0.28709188316120265,0.0,0.05,0.0,0.0,0.0,0.19386335466232715,0,0.01458333333333334,1,0,0,Off,0,0,Off,0,0,Off,0.03594136924459241,0.0269560269334443,On,0,0,Off,0.0031163016264619883,0.0,On,0.06684201420482891,0,On,0.028607410278099685,0,On,0.22254310363851054,0.16690732772888286,On,Off,0.0,20.000000000000057,0.0,0.0,0.0,0.0,0,0.0,21116.65276888889,Off,0.0,23.888888888888914,0,0.0,0.05,0.0,0.0,0,0,0,11489.55984,Off,0.0,0,74.3374544833402,51.666666666666686,46.10666666666668,0.0,50.77912668500518,0.33353952437428475,891.5672062940007,0.0,116.15227263021904,48.00779515524894,50.77912668500518,46.62212939037083,12.43753247303448,20.32861617223208,0.0,8.87812573831965,-0.9401329245011406,-1.1,9.236100170605994,-3533.860430084136,-4878.786010109559,-243.06694055050738,-3828.339114520915,-0.0,-0.0,407.47179596002,13.364467804052016,1.0,0.13534369016697528,0.0,0,1.2666830329778656,65.99961422222222,-112.99311152324064,0.18744611884330337,9.35676591360632,0.0027159919089072048,23.62978951203995,1.2194921297999914,0.37605125159346103,-4953.067792211062,74.2817821015023,0.12832768518024776,-27.080560697397807,-215.98637985310958
2025-01-01 08:23:00,0.40705019899249356,0.2084466879956605,0.0,0.006784169983208226,0.0034741114665943415,0.0,0.06995831583129089,0.28709188316120265,0.0,0.05,0.0,0.0,0.0,0.19386335466232715,0,0.01458333333333334,1,0,0,Off,0,0,Off,0,0,Off,0.03594136924459241,0.0269560269334443,On,0,0,Off,0.0031163016264619883,0.0,On,0.06684201420482891,0,On,0.028607410278099685,0,On,0.22254310363851054,0.16690732772888286,On,Off,0.0,20.000000000000057,0.0,0.0,0.0,0.0,0,0.0,21116.65276888889,Off,0.0,23.888888888888914,0,0.0,0.05,0.0,0.0,0,0,0,11489.55984,Off,0.0,0,74.41870554474743,51.666666666666686,46.10666666666668,0.0,50.74319443790611,0.3338523978241187,891.5672062940007,0.0,116.27922741366785,47.873813589287124,50.74319443790611,46.43912316497763,12.43753247303448,20.167317732557045,0.0,8.777969645331307,-0.9481119730381112,-1.1,9.236100170605994,-3478.3926205493867,-4818.203619594187,-241.65311673733208,-3782.357155343289,-0.0,-0.0,407.47179596002,13.387844776796497,1.0,0.13473224756015922,0.0,0,1.2609605351300668,65.99961422222222,-103.50726116611756,0.18933045565406867,9.283032540016261,0.002716074018466893,23.739964691351425,1.2201626815499604,0.3753904535343878,-4894.734869776818,76.53125018263067,0.12818781626798148,-25.700912982430747,-215.95220375490135
2025-01-01 08:24:00,0.40705019899249356,0.2084466879956605,0.0,0.006784169983208226,0.0034741114665943415,0.0,0.06995831583129089,0.28709188316120265,0.0,0.05,0.0,0.0,0.0,0.19386335466232715,0,0.01458333333333334,1,0,0,Off,0,0,Off,0,0,Off,0.03594136924459241,0.0269560269334443,On,0,0,Off,0.0031163016264619883,0.0,On,0.06684201420482891,0,On,0.028607410278099685,0,On,0.22254310363851054,0.16690732772888286,On,Off,0.0,20.000000000000057,0.0,0.0,0.0,0.0,0,0.0,21116.65276888889,Off,0.0,23.888888888888914,0,0.0,0.05,0.0,0.0,0,0,0,11489.55984,Off,0.0,0,74.48529608119505,51.666666666666686,46.10666666666668,0.0,50.70718263296687,0.33416655348999746,891.5672062940007,0.0,116.38327512686726,47.73981514402402,50.70718263296687,46.256131399552594,12.43753247303448,20.011464429614158,0.0,8.683871596917177,-0.9560095121247928,-1.1,9.236100170605994,-3425.9696817310205,-4761.7293370010975,-240.250876356499,-3738.138048261561,-0.0,-0.0,407.47179596002,13.411340279584214,1.0,0.1341401273977619,0.0,0,1.2554188762446952,65.99961422222222,-95.30342942947956,0.19117164750508014,9.211356445111365,0.0027161564655324055,23.845699795384235,1.2208112953590236,0.3747685629787306,-4840.075756330503,78.34641932940559,0.1280492257310301,-24.33823170466868,-215.9126446518303
2025-01-01 08:25:00,0.40705019899249356,0.2084466879956605,0.4645728511809253,0.006784169983208226,0.0034741114665943415,0.007742880853015421,0.06995831583129089,0.28709188316120265,0.0,0.05,0.4645728511809253,0.0,0.0,0.19386335466232715,0,0.01458333333333334,1,0,0,Off,0,0,Off,0,0,Off,0.03594136924459241,0.0269560269334443,On,0,0,Off,0.0031163016264619883,0.0,On,0.06684201420482891,0,On,0.028607410278099685,0,On,0.22254310363851054,0.16690732772888286,On,Off,0.0,20.000000000000057,0.0,0.0,0.0,0.0,0,0.0,21116.65276888889,Off,0.0,23.888888888888914,0,0.0,0.05,0.0,0.0,0,0,0,11489.55984,On,10550.56,0,76.36347050026656,51.666666666666686,46.10666666666668,0.0,50.67109453941695,0.3344819683556766,891.5672062940009,10550.56,119.3179226566665,47.60580286507422,50.67109453941695,46.07315702790285,12.43753247303448,19.860653644481765,0.0,8.595290396241403,-0.9638255447149281,-1.1,9.236100170605994,-3375.2342846106344,-4708.655810289421,-238.86045236111474,-3695.547138269508,-0.0,-0.0,407.47179596002,13.434933543047238,1.0,0.1335659210075438,0.0,0,1.250044872543308,65.99961422222222,-87.158942301146,0.19297265917050235,9.142261219861222,0.00271623923580877,23.94732453065972,1.2214395784194332,0.3741821886071867,-4788.750319381778,80.09450909235683,0.12791191767277418,-22.992432388000505,-215.86801997311423
2025-01-01 08:26:00,0.40705019899249356,0.2084466879956605,0.4645728511809253,0.006784169983208226,0.0034741114665943415,0.007742880853015421,0.06995831583129089,0.28709188316120265,0.0,0.05,0.4645728511809253,0.0,0.0,0.19386335466232715,0,0.01458333333333334,1,0,0,Off,0,0,Off,0,0,Off,0.03594136924459241,0.0269560269334443,On,0,0,Off,0.0031163016264619883,0.0,On,0.06684201420482891,0,On,0.028607410278099685,0,On,0.22254310363851054,0.16690732772888286,On,Off,0.0,20.000000000000057,0.0,0.0,0.0,0.0,0,0.0,21116.65276888889,Off,0.0,23.888888888888914,0,0.0,0.05,0.0,0.0,0,0,0,11489.55984,On,10550.56,0,80.05274253473407,51.666666666666686,46.10666666666668,0.0,50.63497219169213,0.33479827945028445,891.5672062940008,10550.56,125.08241021052197,48.87415244521164,50.63497219169213,47.9937425719714,12.43753247303448,19.714580721218883,0.0,8.51178631805137,-0.9715601331508195,-1.1,9.236100170605994,-3326.3089738753642,-4658.744118949623,-237.48204946452304,-3654.4799205863533,-0.0,-0.0,407.47179596002,13.458605111549987,1.0,0.1330085783458885,0.0,0,1.2448286966565523,65.99961422222222,-79.30084924903086,0.19473549593753758,9.075588718349142,0.0027163223160757343,24.04508352701165,1.2220487381295755,0.3736285802340717,-4740.481524677874,81.73740572825135,0.12777589513071913,-21.66342101859582,-215.81862844592723
2025-01-01 08:27:00,0.40705019899249356,0.2084466879956605,0.4645728511809253,0.006784169983208226,0.0034741114665943415,0.007742880853015421,0.06995831583129089,0.28709188316120265,0.0,0.05,0.4645728511809253,0.0,0.0,0.19386335466232715,0,0.01458333333333334,1,0,0,Off,0,0,Off,0,0,Off,0.03594136924459241,0.0269560269334443,On,0,0,Off,0.0031163016264619883,0.0,On,0.06684201420482891,0,On,0.028607410278099685,0,On,0.22254310363851054,0.16690732772888286,On,Off,0.0,20.000000000000057,0.0,0.0,0.0,0.0,0,0.0,21116.65276888889,Off,0.0,23.888888888888914,0,0.0,0.05,0.0,0.0,0,0,0,11489.55984,On,10550.56,0,83.72800405740425,51.666666666666686,46.10666666666668,0.0,50.59885738059068,0.3351151231827472,891.5672062940006,10550.56,130.82500633969414,50.141735606632764,50.59885738059068,49.91317471965381,12.43753247303448,19.572986438273027,0.0,8.432981678999774,-0.9792133951741971,-1.1,9.236100170605994,-3279.1506680333873,-4611.7544223529685,-236.11584636971529,-3614.84662468023,-0.0,-0.0,407.47179596002,13.482336833882616,1.0,0.1324672114484826,0.0,0,1.2397620381169936,65.99961422222222,-71.77583931317741,0.19646177812665044,9.01049371677827,0.0027164056939148,24.139183132937976,1.2226397990022606,0.3731053744175454,-4695.031654054072,83.27723170110312,0.12764116014072188,-20.351094838280428,-215.76475153143485
2025-01-01 08:28:00,0.40705019899249356,0.2084466879956605,0.4645728511809253,0.006784169983208226,0.0034741114665943415,0.007742880853015421,0.06995831583129089,0.28709188316120265,0.0,0.05,0.4645728511809253,0.0,0.0,0.19386335466232715,0,0.01458333333333334,1,0,0,Off,0,0,Off,0,0,Off,0.03594136924459241,0.0269560269334443,On,0,0,Off,0.0031163016264619883,0.0,On,0.06684201420482891,0,On,0.028607410278099685,0,On,0.22254310363851054,0.16690732772888286,On,Off,0.0,20.000000000000057,0.0,0.0,0.0,0.0,0,0.0,21116.65276888889,Off,0.0,23.888888888888914,0,0.0,0.05,0.0,0.0,0,0,0,11489.55984,On,10550.56,0,87.4584975580839,51.666666666666686,46.10666666666668,0.0,51.40855525991679,0.328152462591183,891.5672062940007,10550.56,136.6539024345061,51.40855525991678,51.40855525991679,51.40855525991679,12.43753247303448,19.43564456260825,-0.06435543739180716,8.35854620463871,-0.9867855002004,-1.1,9.236100170605994,-3233.704390778093,-4567.477762815387,-234.76199766398204,-3576.568378420912,-0.0,-0.0,407.47179596002,13.506111703515977,1.0,0.13194104890413727,0.0,0,1.2348376772791263,65.99961422222222,-64.60780831720128,0.1981528624072601,8.946872342634581,0.002716489357585068,24.229802202596385,1.223213653439951,0.3726105019984751,-4652.193202025338,84.71543920995133,0.12750771379713915,-19.05534308168065,-215.70665458230138
2025-01-01 08:29:00,0.40705019899249356,0.2084466879956605,0.0,0.006784169983208226,0.0034741114665943415,0.0,0.06995831583129089,0.28709188316120265,0.0,0.05,0.0,0.0,0.0,0.19386335466232715,0,0.01458333333333334,1,0,0,Off,0,0,Off,0,0,Off,0.03594136924459241,0.0269560269334443,On,0,0,Off,0.0031163016264619883,0.0,On,0.06684201420482891,0,On,0.028607410278099685,0,On,0.22254310363851054,0.16690732772888286,On,Off,0.0,20.000000000000057,0.0,0.0,0.0,0.0,0,0.0,21116.65276888889,Off,0.0,23.888888888888914,0,0.0,0.05,0.0,0.0,0,0,0,11489.55984,Off,0.0,0,89.38798008299091,51.666666666666686,46.10666666666668,0.0,52.67459993103271,0.3178272648860866,891.5672062940008,0.0,139.6687188796733,52.67459993103271,52.674599931032716,52.67459993103271,12.43753247303448,19.30235243879256,-0.19764756120749638,8.288185944520295,-0.9942766658287293,-1.1,9.236100170605994,-3189.9038145556433,-4525.726731949937,-233.4206354094137,-3539.5743266738923,-0.0,-0.0,407.47179596002,13.529913785418362,1.0,0.13142940130118635,0.0,0,1.2300491619318488,65.99961422222222,-57.8012838417707,0.1998099356174576,8.88533537887194,0.0027165732959337076,24.31710030023864,1.223771100190976,0.3721421179722798,-4611.781991514489,86.05525956455261,0.1273755563093327,-17.776047662651024,-215.64458774676268
2025-01-01 08:30:00,1.4578231156591606,0.2084466879956605,0.9006625,0.024297051927652677,0.0034741114665943415,0.015011041666666667,0.06995831583129089,0.28709188316120265,1.0507729166666668,0.05,0.0,0.9006625,0.0,0.19386335466232715,0,0.01458333333333334,1,0,0,Off,0,0,Off,0,0,Off,0.03594136924459241,0.0269560269334443,On,0,0,Off,0.0031163016264619883,0.0,On,0.06684201420482891,0,On,0.028607410278099685,0,On,0.22254310363851054,0.16690732772888286,On,On,17415.9303113141,20.000000000000057,0.8,4751.49537424146,26.39581596111111,1.0507729166666668,1,21116.65276888889,21116.65276888889,Off,0.0,23.888888888888914,0,0.0,0.05,0.0,0.0,0,0,0,11489.55984,Off,0.0,0,89.40192739192774,51.666666666666686,46.10666666666668,0.0,52.637094683295,0.26377098187576276,739.2391408970358,0.0,139.6905115498871,52.53749173076416,52.637094683295,52.48769025449875,12.43753247303448,19.172925157821933,-0.3270748421781242,8.221635693860442,-1.0016871545647223,-1.7,9.236100170605994,14234.874135086058,-94.48230343020896,-342.6046699326486,-3680.6580652541434,-0.0,-0.0,407.47179596002,609.0371003897038,1.0,0.13323133142874094,0.0,0,1.2469134451235446,65.99961422222222,92.13009306608302,0.20143407115961515,8.825088343466291,0.0027166574983327244,161.8789086427727,1.2243128680898079,0.37567869114644653,-4933.278435815304,87.3007581436349,0.13743786582824355,-127.02588312165248,-215.57878681099612
2025-01-01 08:31:00,1.4578231156591606,0.2084466879956605,0.9006625,0.024297051927652677,0.0034741114665943415,0.015011041666666667,0.06995831583129089,0.28709188316120265,1.0507729166666668,0.05,0.0,0.9006625,0.0,0.19386335466232715,0,0.01458333333333334,1,0,0,Off,0,0,Off,0,0,Off,0.03594136924459241,0.0269560269334443,On,0,0,Off,0.0031163016264619883,0.0,On,0.06684201420482891,0,On,0.028607410278099685,0,On,0.22254310363851054,0.16690732772888286,On,On,17415.9303113141,20.000000000000057,0.8,4751.49537424146,26.39581596111111,1.0507729166666668,1,21116.65276888889,21116.65276888889,Off,0.0,23.888888888888914,0,0.0,0.05,0.0,0.0,0,0,0,11489.55984,Off,0.0,0,88.58542001654517,51.666666666666686,46.10666666666668,0.0,52.60256706321087,0.26399773094605117,739.2391408970359,0.0,138.41471877585184,52.42063344463593,52.60256706321087,52.32966663534847,12.43753247303448,19.362865177900378,-0.13713482209967864,8.317168123913524,-1.0132050974524527,-1.7,9.236100170605994,14169.212481989893,-152.62928600364467,-339.82551250023147,-3734.331641227502,-0.0,-0.0,407.47179596002,610.8429714997006,1.0,0.13395522164416,0.0,0,1.2536883413339168,65.99961422222222,80.14201594327608,0.1992990203472364,8.92211532933855,0.002717217785564645,162.21239885730884,1.2247064956294806,0.3763085265156068,-4989.129892138234,85.00523189312923,0.13724931856694594,-124.75933446056264,-215.06617803966884
2025-01-01 08:32:00,1.4578231156591606,0.2084466879956605,0.9006625,0.024297051927652677,0.0034741114665943415,0.015011041666666667,0.06995831583129089,0.28709188316120265,1.0507729166666668,0.05,0.0,0.9006625,0.0,0.19386335466232715,0,0.01458333333333334,1,0,0,Off,0,0,Off,0,0,Off,0.03594136924459241,0.0269560269334443,On,0,0,Off,0.0031163016264619883,0.0,On,0.06684201420482891,0,On,0.028607410278099685,0,On,0.22254310363851054,0.16690732772888286,On,On,17415.9303113141,20.000000000000057,0.8,4751.49537424146,26.39581596111111,1.0507729166666668,1,21116.65276888889,21116.65276888889,Off,0.0,23.888888888888914,0,0.0,0.05,0.0,0.0,0,0,0,11489.55984,Off,0.0,0,87.78562176141459,51.666666666666686,46.10666666666668,0.0,52.56816755221834,0.26422402671310696,739.2391408970357,0.0,137.1650340022103,52.30394478181783,52.56816755221834,52.17183339661759,12.43753247303448,19.54674615224917,0.0,8.40677263029,-1.0244244634762683,-1.7,9.236100170605994,14107.593738374022,-207.03049866805486,-336.522796570611,-3786.587644131072,-0.0,-0.0,407.47179596002,612.6146742085407,1.0,0.13465416618819337,0.0,0,1.260229770740986,65.99961422222222,70.77927523097483,0.19707285234380426,9.007588904459986,0.0027177790466058733,162.52309439984973,1.223936683236118,0.3768983231223986,-5041.647645467725,83.12177255821027,0.13706540960353197,-122.55684501128486,-213.9659515593261
2025-01-01 08:33:00,1.4578231156591606,0.2084466879956605,0.9006625,0.024297051927652677,0.0034741114665943415,0.015011041666666667,0.06995831583129089,0.28709188316120265,1.0507729166666668,0.05,0.0,0.9006625,0.0,0.19386335466232715,0,0.01458333333333334,1,0,0,Off,0,0,Off,0,0,Off,0.03594136924459241,0.0269560269334443,On,0,0,Off,0.0031163016264619883,0.0,On,0.06684201420482891,0,On,0.028607410278099685,0,On,0.22254310363851054,0.16690732772888286,On,On,17415.9303113141,20.000000000000057,0.8,4751.49537424146,26.39581596111111,1.0507729166666668,1,21116.65276888889,21116.65276888889,Off,0.0,23.888888888888914,0,0.0,0.05,0.0,0.0,0,0,0,11489.55984,Off,0.0,0,87.00150564207506,51.666666666666686,46.10666666666668,0.0,52.53389249528921,0.2644498899473908,739.2391408970357,0.0,135.93985256574229,52.187422271114926,52.53389249528921,52.01418715902779,12.43753247303448,19.724947356553436,0.0,8.490971990398716,-1.035244821239152,-1.7,9.236100170605994,14050.605754218348,-258.30664131803314,-332.8984979689791,-3837.505281073927,-0.0,-0.0,407.47179596002,625.8963916754169,1.0,0.135329797937693,0.0,0,1.2665530154565434,65.99961422222222,64.70892801815575,0.19494353191561478,9.09042306795238,0.002718341736354708,162.8122155009307,1.223191557507215,0.37745170197769645,-5091.1135708496995,81.31155529020607,0.1368878071661189,-120.43765340366512,-212.46084456531398
2025-01-01 08:34:00,1.4578231156591606,0.2084466879956605,0.9006625,0.024297051927652677,0.0034741114665943415,0.015011041666666667,0.06995831583129089,0.28709188316120265,1.0507729166666668,0.05,0.0,0.9006625,0.0,0.19386335466232715,0,0.01458333333333334,1,0,0,Off,0,0,Off,0,0,Off,0.03594136924459241,0.0269560269334443,On,0,0,Off,0.0031163016264619883,0.0,On,0.06684201420482891,0,On,0.028607410278099685,0,On,0.22254310363851054,0.16690732772888286,On,On,17415.9303113141,20.000000000000057,0.8,4751.49537424146,26.39581596111111,1.0507729166666668,1,21116.65276888889,21116.65276888889,Off,0.0,23.888888888888914,0,0.0,0.05,0.0,0.0,0,0,0,11489.55984,Off,0.0,0,86.23214038556617,51.666666666666686,46.10666666666668,0.0,52.49973846376262,0.2646753400856223,739.2391408970359,0.0,134.73771935244713,52.07106265468059,52.49973846376262,51.85672475013958,12.43753247303448,19.897812609042553,0.0,8.570193171988972,-1.0455952074376014,-1.7,9.236100170605994,13992.2165242019,-306.65279928263044,-329.1272633732857,-3887.1568841553635,-0.0,-0.0,407.47179596002,626.4048803920499,1.0,0.13598359264006823,0.0,0,1.2726718870162579,65.99961422222222,55.97130108314306,0.19290404334711367,9.17083279658674,0.002718905770483482,163.081080036935,1.2224695958802103,0.37797162327068523,-5137.757447132663,79.60927360857252,0.13671770281558523,-118.41508011168592,-210.71218326159976
2025-01-01 08:35:00,1.4578231156591606,0.2084466879956605,0.9006625,0.024297051927652677,0.0034741114665943415,0.015011041666666667,0.06995831583129089,0.28709188316120265,1.0507729166666668,0.05,0.0,0.9006625,0.0,0.19386335466232715,0,0.01458333333333334,1,0,0,Off,0,0,Off,0,0,Off,0.03594136924459241,0.0269560269334443,On,0,0,Off,0.0031163016264619883,0.0,On,0.06684201420482891,0,On,0.028607410278099685,0,On,0.22254310363851054,0.16690732772888286,On,On,17415.9303113141,20.000000000000057,0.8,4751.49537424146,26.39581596111111,1.0507729166666668,1,21116.65276888889,21116.65276888889,Off,0.0,23.888888888888914,0,0.0,0.05,0.0,0.0,0,0,0,11489.55984,Off,0.0,0,85.47698643672055,51.666666666666686,46.10666666666668,0.0,52.46570223425097,0.2649003953573214,739.2391408970358,0.0,133.55779130737585,51.95486286813321,52.46570223425097,51.699443185074344,12.43753247303448,20.065539930307242,0.0,8.644804137920708,-1.055425504304956,-1.7,9.236100170605994,13935.509872667148,-352.26977866093785,-325.27496232528256,-3935.5755194131475,-0.0,-0.0,407.47179596002,626.8643101887651,1.0,0.13661645635423497,0.0,0,1.2785948652351418,65.99961422222222,47.683284806175834,0.1909494355742151,9.248226200307023,0.002719471069701192,163.33054624496205,1.221769892917106,0.3784606350269872,-5181.777673594934,78.01252069253594,0.13655594972872567,-116.4982854815988,-208.77667684368376
2025-01-01 08:36:00,0.40705019899249356,0.2084466879956605,0.0,0.006784169983208226,0.0034741114665943415,0.0,0.06995831583129089,0.28709188316120265,0.0,0.05,0.0,0.0,0.0,0.19386335466232715,0,0.01458333333333334,1,0,0,Off,0,0,Off,0,0,Off,0.03594136924459241,0.0269560269334443,On,0,0,Off,0.0031163016264619883,0.0,On,0.06684201420482891,0,On,0.028607410278099685,0,On,0.22254310363851054,0.16690732772888286,On,Off,0.0,20.000000000000057,0.0,0.0,0.0,0.0,0,0.0,21116.65276888889,Off,0.0,23.888888888888914,0,0.0,0.05,0.0,0.0,0,0,0,11489.55984,Off,0.0,0,84.73542331196194,51.666666666666686,46.10666666666668,0.0,52.431780702334365,0.2651250733451239,739.2391408970358,0.0,132.39909892494052,51.838819959179766,52.431780702334365,51.54233958760247,12.43753247303448,20.228357614883546,0.0,8.715127526945071,-1.0646985018929391,-1.7,9.236100170605994,-3535.5129477120913,-5146.829190490266,-321.37443706800644,-3982.8050002383125,-0.0,-0.0,407.47179596002,627.2797225024275,1.0,0.1372293951618759,0.0,0,1.284331366042343,65.99961422222222,39.82025656620141,0.1890746407999878,9.323467715129707,0.0027200375579008017,163.56154398629414,1.2210914235337273,0.3789209676135118,-5223.348694284038,76.51950379377234,0.13640319093855754,-114.69386785333573,-206.6805692146707
2025-01-01 08:37:00,0.40705019899249356,0.2084466879956605,0.0,0.006784169983208226,0.0034741114665943415,0.0,0.06995831583129089,0.28709188316120265,0.0,0.05,0.0,0.0,0.0,0.19386335466232715,0,0.01458333333333334,1,0,0,Off,0,0,Off,0,0,Off,0.03594136924459241,0.0269560269334443,On,0,0,Off,0.0031163016264619883,0.0,On,0.06684201420482891,0,On,0.028607410278099685,0,On,0.22254310363851054,0.16690732772888286,On,Off,0.0,20.000000000000057,0.0,0.0,0.0,0.0,0,0.0,21116.65276888889,Off,0.0,23.888888888888914,0,0.0,0.05,0.0,0.0,0,0,0,11489.55984,Off,0.0,0,84.85536706889216,51.666666666666686,46.10666666666668,0.0,52.39797090038538,0.2653493908595027,739.2391408970359,0.0,132.586511045144,51.72293110442802,52.39797090038538,51.38541120644934,12.43753247303448,20.070248349678163,0.0,8.609957891613508,-1.0733863875799419,-1.7,9.236100170605994,-3480.041172498414,-5082.339644626583,-317.4136571592621,-3936.9381653805785,-0.0,-0.0,407.47179596002,627.6555198143127,1.0,0.13663420084467454,0.0,0,1.2787609361095276,65.99961422222222,49.42519692214452,0.19097304183192135,9.251572588472389,0.002720605162482794,162.84421128783788,1.2217494379079246,0.3782323260506776,-5161.207555636932,78.86791101034811,0.13625991560604114,-113.00657956512032,-204.40707759414175
2025-01-01 08:38:00,0.40705019899249356,0.2084466879956605,0.0,0.006784169983208226,0.0034741114665943415,0.0,0.06995831583129089,0.28709188316120265,0.0,0.05,0.0,0.0,0.0,0.19386335466232715,0,0.01458333333333334,1,0,0,Off,0,0,Off,0,0,Off,0.03594136924459241,0.0269560269334443,On,0,0,Off,0.0031163016264619883,0.0,On,0.06684201420482891,0,On,0.028607410278099685,0,On,0.22254310363851054,0.16690732772888286,On,Off,0.0,20.000000000000057,0.0,0.0,0.0,0.0,0,0.0,21116.65276888889,Off,0.0,23.888888888888914,0,0.0,0.05,0.0,0.0,0,0,0,11489.55984,Off,0.0,0,84.96068506276373,51.666666666666686,46.10666666666668,0.0,52.36408305912649,0.2655746073608931,739.2391408970357,0.0,132.75107041056833,51.607017332256426,52.36408305912649,51.22848446882139,12.43753247303448,19.917563516467293,0.0,8.511164862437484,-1.0814676190314223,-1.7,9.236100170605994,-3427.6326833998937,-5022.219369036774,-314.01513314653573,-3892.846062731158,-0.0,-0.0,407.47179596002,627.9955544456708,1.0,0.1360581926026224,0.0,0,1.2733700688576983,65.99961422222222,57.74158337124442,0.19282775790044604,9.182454313734135,0.002721169973356599,162.14526881092587,1.2223855386135054,0.37758429391468573,-5102.993302651831,80.77393361505698,0.13612650947441335,-111.43995763386377,-202.57517551267193
2025-01-01 08:39:00,0.40705019899249356,0.2084466879956605,0.0,0.006784169983208226,0.0034741114665943415,0.0,0.06995831583129089,0.28709188316120265,0.0,0.05,0.0,0.0,0.0,0.19386335466232715,0,0.01458333333333334,1,0,0,Off,0,0,Off,0,0,Off,0.03594136924459241,0.0269560269334443,On,0,0,Off,0.0031163016264619883,0.0,On,0.06684201420482891,0,On,0.028607410278099685,0,On,0.22254310363851054,0.16690732772888286,On,Off,0.0,20.000000000000057,0.0,0.0,0.0,0.0,0,0.0,21116.65276888889,Off,0.0,23.888888888888914,0,0.0,0.05,0.0,0.0,0,0,0,11489.55984,Off,0.0,0,85.05246724783916,51.666666666666686,46.10666666666668,0.0,52.330120434119266,0.2658007047705182,739.2391408970359,0.0,132.89448007474869,51.49108168105804,52.330120434119266,51.07156230452743,12.43753247303448,19.769899939199032,0.0,8.418191778778976,-1.0889499350357856,-1.7,9.236100170605994,-3376.9274786176443,-4965.74414130435,-309.62814363886537,-3850.392410967234,-0.0,-0.0,407.47179596002,628.3032014407418,1.0,0.13549996498610886,0.0,0,1.2681456106690305,65.99961422222222,65.99313638956912,0.19464179961057193,9.115185645097656,0.0027217320673568876,161.4634674806684,1.2230013393287307,0.37697342018218816,-5048.349640969178,82.60549966482851,0.1360028736541808,-109.9918910397036,-199.63625259916174
2025-01-01 08:40:00,0.40705019899249356,0.2084466879956605,0.0,0.006784169983208226,0.0034741114665943415,0.0,0.06995831583129089,0.28709188316120265,0.0,0.05,0.0,0.0,0.0,0.19386335466232715,0,0.01458333333333334,1,0,0,Off,0,0,Off,0,0,Off,0.03594136924459241,0.0269560269334443,On,0,0,Off,0.0031163016264619883,0.0,On,0.06684201420482891,0,On,0.028607410278099685,0,On,0.22254310363851054,0.16690732772888286,On,Off,0.0,20.000000000000057,0.0,0.0,0.0,0.0,0,0.0,21116.65276888889,Off,0.0,23.888888888888914,0,0.0,0.05,0.0,0.0,0,0,0,11489.55984,Off,0.0,0,85.13153923795392,51.666666666666686,46.10666666666668,0.0,52.296086040664285,0.26602766648781734,739.2391408970358,0.0,133.018030059303,51.375126962796074,52.296086040664285,50.91464742386197,12.43753247303448,19.62695273341139,0.0,8.33058314029943,-1.0957868298944373,-1.7,9.236100170605994,-3328.046323706392,-4912.659142486876,-306.0613040211849,-3809.4716222943107,-0.0,-0.0,407.47179596002,628.5814219560662,1.0,0.13495847029185046,0.0,0,1.2630777560773725,65.99961422222222,73.95350262789867,0.19641720486280542,9.049621683888546,0.0027222915159863595,160.79785032765128,1.223598051799302,0.3763968859337553,-4996.984392652925,84.325250166049,0.13588980425236902,-108.6707963812382,-197.39050763994672
2025-01-01 08:41:00,0.40705019899249356,0.2084466879956605,0.0,0.006784169983208226,0.0034741114665943415,0.0,0.06995831583129089,0.28709188316120265,0.0,0.05,0.0,0.0,0.0,0.19386335466232715,0,0.01458333333333334,1,0,0,Off,0,0,Off,0,0,Off,0.03594136924459241,0.0269560269334443,On,0,0,Off,0.0031163016264619883,0.0,On,0.06684201420482891,0,On,0.028607410278099685,0,On,0.22254310363851054,0.16690732772888286,On,Off,0.0,20.000000000000057,0.0,0.0,0.0,0.0,0,0.0,21116.65276888889,Off,0.0,23.888888888888914,0,0.0,0.05,0.0,0.0,0,0,0,11489.55984,Off,0.0,0,85.19860368434755,51.666666666666686,46.10666666666668,0.0,52.261982712045864,0.266255477013195,739.2391408970359,0.0,133.12281825679304,51.25915581791861,52.261982712045864,50.75774237085499,12.43753247303448,19.488462670481894,-0.011537329518162664,8.247945586689827,-1.1020054631801863,-1.7,9.236100170605994,-3280.944677739561,-4862.7096717653585,-302.3604748333706,-3769.9930988851997,-0.0,-0.0,407.47179596002,628.8328172029702,1.0,0.13443282290405487,0.0,0,1.2581582165951226,65.99961422222222,81.57662518561904,0.19815562005126028,8.986348489407233,0.0027228483866424654,160.14759680747565,1.2241767035661955,0.3758522548423311,-4948.645574388711,85.9359026233525,0.13578687796971994,-107.4708809216834,-194.88959391168717
2025-01-01 08:42:00,0.40705019899249356,0.2084466879956605,0.0,0.006784169983208226,0.0034741114665943415,0.0,0.06995831583129089,0.28709188316120265,0.0,0.05,0.0,0.0,0.0,0.19386335466232715,0,0.01458333333333334,1,0,0,Off,0,0,Off,0,0,Off,0.03594136924459241,0.0269560269334443,On,0,0,Off,0.0031163016264619883,0.0,On,0.06684201420482891,0,On,0.028607410278099685,0,On,0.22254310363851054,0.16690732772888286,On,Off,0.0,20.000000000000057,0.0,0.0,0.0,0.0,0,0.0,21116.65276888889,Off,0.0,23.888888888888914,0,0.0,0.05,0.0,0.0,0,0,0,11489.55984,Off,0.0,0,85.25427389972269,51.666666666666686,46.10666666666668,0.0,52.22781312662815,0.2664841217755665,739.2391408970358,0.0,133.2098029683167,51.1431707409032,52.22781312662815,50.600849548040735,12.43753247303448,19.35420367152351,-0.14579632847654622,8.169933520897422,-1.1075996150684801,-1.7,9.236100170605994,-3235.5663378861327,-4815.672862459014,-298.82232322476,-3731.8773216771147,-0.0,-0.0,407.47179596002,629.0596747090099,1.0,0.1339222538143693,0.0,0,1.2533797950649446,65.99961422222222,88.83918783096189,0.19985842319738317,8.92454565921916,0.0027234027431978485,159.51198575379576,1.224738189086116,0.3753373833236802,-4903.112281799275,87.43941934026061,0.1356942209427948,-106.39285749335637,-192.42946573140364
2025-01-01 08:43:00,0.40705019899249356,0.2084466879956605,0.0,0.006784169983208226,0.0034741114665943415,0.0,0.06995831583129089,0.28709188316120265,0.0,0.05,0.0,0.0,0.0,0.19386335466232715,0,0.01458333333333334,1,0,0,Off,0,0,Off,0,0,Off,0.03594136924459241,0.0269560269334443,On,0,0,Off,0.0031163016264619883,0.0,On,0.06684201420482891,0,On,0.028607410278099685,0,On,0.22254310363851054,0.16690732772888286,On,Off,0.0,20.000000000000057,0.0,0.0,0.0,0.0,0,0.0,21116.65276888889,Off,0.0,23.888888888888914,0,0.0,0.05,0.0,0.0,0,0,0,11489.55984,Off,0.0,0,85.29909926336484,51.666666666666686,46.10666666666668,0.0,52.19357982754264,0.2667135870078854,739.2391408970359,0.0,133.27984259900757,51.02717409881626,52.19357982754264,50.443971234453066,12.43753247303448,19.223973357797817,-0.2760266422022397,8.096238182918741,-1.1125774891792584,-1.7,9.236100170605994,-3191.8439005301816,-4771.348296250872,-295.3986347672044,-3695.0529135511947,-0.0,-0.0,407.47179596002,629.264008095772,1.0,0.13342607613492896,0.0,0,1.2487360628960193,65.99961422222222,95.73721706099346,0.20152681907901882,8.864820032956167,0.002723954646425126,158.89036740232893,1.2252833084192376,0.3748503521794848,-4860.187771607585,88.83947535671297,0.1356117182138834,-105.43470642281815,-189.96392834438623
2025-01-01 08:44:00,1.4578231156591606,0.2084466879956605,0.9006625,0.024297051927652677,0.0034741114665943415,0.015011041666666667,0.06995831583129089,0.28709188316120265,1.0507729166666668,0.05,0.0,0.9006625,0.0,0.19386335466232715,0,0.01458333333333334,1,0,0,Off,0,0,Off,0,0,Off,0.03594136924459241,0.0269560269334443,On,0,0,Off,0.0031163016264619883,0.0,On,0.06684201420482891,0,On,0.028607410278099685,0,On,0.22254310363851054,0.16690732772888286,On,On,17415.9303113141,20.000000000000057,0.8,4751.49537424146,26.39581596111111,1.0507729166666668,1,21116.65276888889,21116.65276888889,Off,0.0,23.888888888888914,0,0.0,0.05,0.0,0.0,0,0,0,11489.55984,Off,0.0,0,85.3335809711105,51.666666666666686,46.10666666666668,0.0,52.159285236778096,0.26694385965904915,739.2391408970358,0.0,133.33372026736015,50.91116814459473,52.159285236778096,50.28710959850306,12.43753247303448,19.09758719389569,-0.4024128061043655,8.026580164084992,-1.11694786907584,-1.7,9.236100170605994,14266.224236880265,21.94122459729533,-292.10891474642915,-3659.4547937301513,-0.0,-0.0,407.47179596002,629.4475913745541,1.0,0.13294366385364562,0.0,0,1.2442211612345684,65.99961422222222,102.27692333629699,0.2031618964319453,8.807076083213888,0.002724504154304295,158.28214605380995,1.225812791120694,0.3743894200583533,-4819.694679666743,90.1405300225781,0.1355392426258608,-104.59435130413796,-187.51456344229118
2025-01-01 08:45:00,1.464276284069793,0.2084466879956605,0.9006625,0.02440460473449655,0.0034741114665943415,0.015011041666666667,0.07174417117264129,0.29175919623048474,1.0507729166666668,0.05,0.0,0.9006625,0.0,0.19386335466232715,0,0.01458333333333334,1,0,0,Off,0,0,Off,0,0,Off,0.03594136924459241,0.0269560269334443,On,0,0,Off,0.0031163016264619883,0.0,On,0.0686278695461793,0,On,0.033274723347381775,0,On,0.22254310363851054,0.16690732772888286,On,On,17415.9303113141,20.000000000000057,0.8,4751.49537424146,26.39581596111111,1.0507729166666668,1,21116.65276888889,21116.65276888889,Off,0.0,23.888888888888914,0,0.0,0.05,0.0,0.0,0,0,0,11489.55984,Off,0.0,0,84.4458440157192,51.666666666666686,46.10666666666668,0.0,52.12493166580005,0.3999527700005404,1106.6185927367744,0.0,131.94663127456124,50.79515502705591,52.12493166580005,50.13026670768385,12.43753247303448,19.291102133154197,-0.20889786684585943,8.132197515570024,-1.1207223174438044,-1.7,9.236100170605994,14207.295476652533,-42.01171716093995,-288.9594189699367,-3714.0163208533295,-0.0,-0.0,413.92496437065245,629.6119885916887,1.0,0.133681951518635,0.0,0,1.2511308033283015,65.99961422222222,91.45652182110959,0.20076620090560088,8.89743002636513,0.0027250513222571234,158.61454165286733,1.2250012383156363,0.37508807599595856,-4881.121766152038,87.61467474963749,0.1354766183833089,-103.86923524732703,-185.09018372260968
2025-01-01 08:46:00,1.464276284069793,0.2084466879956605,0.9006625,0.02440460473449655,0.0034741114665943415,0.015011041666666667,0.07174417117264129,0.29175919623048474,1.0507729166666668,0.05,0.0,0.9006625,0.0,0.19386335466232715,0,0.01458333333333334,1,0,0,Off,0,0,Off,0,0,Off,0.03594136924459241,0.0269560269334443,On,0,0,Off,0.0031163016264619883,0.0,On,0.0686278695461793,0,On,0.033274723347381775,0,On,0.22254310363851054,0.16690732772888286,On,On,17415.9303113141,20.000000000000057,0.8,4751.49537424146,26.39581596111111,1.0507729166666668,1,21116.65276888889,21116.65276888889,Off,0.0,23.888888888888914,0,0.0,0.05,0.0,0.0,0,0,0,11489.55984,Off,0.0,0,83.51150591354293,51.666666666666686,46.10666666666668,0.0,52.08338251035251,0.4003719235764326,1106.6185927367744,0.0,130.48672798991083,50.63048131405391,52.08338251035251,49.90403071590462,12.43753247303448,19.478375321076268,-0.021624678923789276,8.23131020612615,-1.1239142950175725,-1.7,9.236100170605994,14144.707526221562,-101.89767212175138,-285.9553076051655,-3767.123965377181,-0.0,-0.0,413.92496437065245,629.7421095477141,1.0,0.1343944956976992,0.0,0,1.257799511863988,65.99961422222222,81.9762159139901,0.19847947324794557,8.984799973126282,0.0027256000025286595,158.92393846201162,1.224216869668623,0.3757425222432412,-4938.927862977398,85.53481661418667,0.13542363567861515,-103.25648977768908,-182.69881782747643
2025-01-01 08:47:00,1.464276284069793,0.2084466879956605,0.9006625,0.02440460473449655,0.0034741114665943415,0.015011041666666667,0.07174417117264129,0.29175919623048474,1.0507729166666668,0.05,0.0,0.9006625,0.0,0.19386335466232715,0,0.01458333333333334,1,0,0,Off,0,0,Off,0,0,Off,0.03594136924459241,0.0269560269334443,On,0,0,Off,0.0031163016264619883,0.0,On,0.0686278695461793,0,On,0.033274723347381775,0,On,0.22254310363851054,0.16690732772888286,On,On,17415.9303113141,20.000000000000057,0.8,4751.49537424146,26.39581596111111,1.0507729166666668,1,21116.65276888889,21116.65276888889,Off,0.0,23.888888888888914,0,0.0,0.05,0.0,0.0,0,0,0,11489.55984,Off,0.0,0,82.59359772764088,51.666666666666686,46.10666666666668,0.0,52.04196176994464,0.4007906570819385,1106.6185927367744,0.0,129.05249644943888,50.46600170281566,52.04196176994464,49.67802166925118,12.43753247303448,19.65971726879613,0.0,8.324480852652336,-1.1265388011402848,-1.7,9.236100170605994,14083.522850798894,-158.38067556151327,-283.10013013881144,-3818.8355704396026,-0.0,-0.0,413.92496437065245,629.3565781037294,1.0,0.1350826805384559,0.0,0,1.264240241093874,65.99961422222222,72.50314555374413,0.19629449183509218,9.069385447280716,0.0027261501052982563,159.2115606039714,1.223458285504364,0.37635669514551084,-4993.411144511475,83.5350947085013,0.13538005673341927,-102.7530020951609,-180.34712804365057
2025-01-01 08:48:00,1.464276284069793,0.2084466879956605,0.9006625,0.02440460473449655,0.0034741114665943415,0.015011041666666667,0.07174417117264129,0.29175919623048474,1.0507729166666668,0.05,0.0,0.9006625,0.0,0.19386335466232715,0,0.01458333333333334,1,0,0,Off,0,0,Off,0,0,Off,0.03594136924459241,0.0269560269334443,On,0,0,Off,0.0031163016264619883,0.0,On,0.0686278695461793,0,On,0.033274723347381775,0,On,0.22254310363851054,0.16690732772888286,On,On,17415.9303113141,20.000000000000057,0.8,4751.49537424146,26.39581596111111,1.0507729166666668,1,21116.65276888889,21116.65276888889,Off,0.0,23.888888888888914,0,0.0,0.05,0.0,0.0,0,0,0,11489.55984,Off,0.0,0,81.6912245978431,51.666666666666686,46.10666666666668,0.0,52.00066586625954,0.401209001407911,1106.6185927367746,0.0,127.64253843412985,50.30171278014875,52.00066586625954,49.452236237093366,12.43753247303448,19.835458068462305,0.0,8.412169987370568,-1.1286120379152405,-1.7,9.236100170605994,14024.021969380292,-211.66660875279558,-280.3959060703649,-3869.2176431510607,-0.0,-0.0,413.92496437065245,628.9578832979898,1.0,0.13574794265699744,0.0,0,1.2704664363232183,65.99961422222222,63.38433684659998,0.19420417052137032,9.150677167434697,0.002726701545348385,159.47866188166597,1.2227240143535327,0.3769338202472623,-5044.815142362332,81.6531593680762,0.135345621489873,-102.35547697608352,-178.0404290942814
2025-01-01 08:49:00,1.464276284069793,0.2084466879956605,0.9006625,0.02440460473449655,0.0034741114665943415,0.015011041666666667,0.07174417117264129,0.29175919623048474,1.0507729166666668,0.05,0.0,0.9006625,0.0,0.19386335466232715,0,0.01458333333333334,1,0,0,Off,0,0,Off,0,0,Off,0.03594136924459241,0.0269560269334443,On,0,0,Off,0.0031163016264619883,0.0,On,0.0686278695461793,0,On,0.033274723347381775,0,On,0.22254310363851054,0.16690732772888286,On,On,17415.9303113141,20.000000000000057,0.8,4751.49537424146,26.39581596111111,1.0507729166666668,1,21116.65276888889,21116.65276888889,Off,0.0,23.888888888888914,0,0.0,0.05,0.0,0.0,0,0,0,11489.55984,Off,0.0,0,80.80361099495246,51.666666666666686,46.10666666666668,0.0,51.95949141822797,0.40162698572901145,1106.6185927367746,0.0,126.25564217961323,50.13761131876127,51.95949141822797,49.22667126902794,12.43753247303448,20.005883524376127,0.0,8.494775535966323,-1.1301511160728084,-1.7,9.236100170605994,13966.190854339853,-261.9688152538447,-277.8434493878519,-3918.3268637278898,-0.0,-0.0,413.92496437065245,628.547502328138,1.0,0.13639153093012243,0.0,0,1.2764897858032362,65.99961422222222,54.66244238299004,0.19220230281311965,9.229564688368484,0.0027272542422286765,159.7263422086025,1.2220127790931095,0.377476680661403,-5093.350752937532,79.88656344222686,0.13532005263969613,-102.06049006999787,-175.78295931785402
2025-01-01 08:50:00,1.464276284069793,0.2084466879956605,0.9006625,0.02440460473449655,0.0034741114665943415,0.015011041666666667,0.07174417117264129,0.29175919623048474,1.0507729166666668,0.05,0.0,0.9006625,0.0,0.19386335466232715,0,0.01458333333333334,1,0,0,Off,0,0,Off,0,0,Off,0.03594136924459241,0.0269560269334443,On,0,0,Off,0.0031163016264619883,0.0,On,0.0686278695461793,0,On,0.033274723347381775,0,On,0.22254310363851054,0.16690732772888286,On,On,17415.9303113141,20.000000000000057,0.8,4751.49537424146,26.39581596111111,1.0507729166666668,1,21116.65276888889,21116.65276888889,Off,0.0,23.888888888888914,0,0.0,0.05,0.0,0.0,0,0,0,11489.55984,Off,0.0,0,79.93007265112495,51.666666666666686,46.10666666666668,0.0,51.918435215731826,0.4020446377508375,1106.6185927367744,0.0,124.89073851738272,49.97369425247174,51.918435215731826,49.0013237708417,12.43753247303448,20.17124558949874,0.0,8.572647510284833,-1.1311738069843538,-1.7,9.236100170605994,13910.001250246325,-309.4752560627521,-275.4425406960676,-3966.212625190186,-0.0,-0.0,413.92496437065245,628.1267244334856,1.0,0.1370145491835201,0.0,0,1.2823206202502704,65.99961422222222,46.358599751757765,0.19028338094361028,9.306210617134141,0.002727808119661707,159.95558180001885,1.221323451884791,0.3779877194448996,-5139.204099286653,78.23346898244117,0.13530305990733207,-101.86453194934172,-173.5780087467259
2025-01-01 08:51:00,0.41350336740312604,0.2084466879956605,0.0,0.0068917227900521,0.0034741114665943415,0.0,0.07174417117264129,0.29175919623048474,0.0,0.05,0.0,0.0,0.0,0.19386335466232715,0,0.01458333333333334,1,0,0,Off,0,0,Off,0,0,Off,0.03594136924459241,0.0269560269334443,On,0,0,Off,0.0031163016264619883,0.0,On,0.0686278695461793,0,On,0.033274723347381775,0,On,0.22254310363851054,0.16690732772888286,On,Off,0.0,20.000000000000057,0.0,0.0,0.0,0.0,0,0.0,21116.65276888889,Off,0.0,23.888888888888914,0,0.0,0.05,0.0,0.0,0,0,0,11489.55984,Off,0.0,0,79.06999097347143,51.666666666666686,46.10666666666668,0.0,51.87749419949241,0.40246198389729904,1106.6185927367746,0.0,123.54686089604911,49.809958657250164,51.87749419949241,48.77619088612905,12.43753247303448,20.331771882526947,0.0,8.64609910433021,-1.1316983304528285,-1.7,9.236100170605994,-3560.51944392569,-5105.852244226316,-273.1921033980062,-4012.9194314288347,-0.0,-0.0,413.92496437065245,627.696673235944,1.0,0.1376179945702218,0.0,0,1.2879682720301264,65.99961422222222,38.475023132491486,0.18844243999060986,9.38003029273118,0.0027283631050834703,160.1672716092584,1.2206550133544467,0.3784691168578151,-5182.542475845499,76.69023161918382,0.13529434375112945,-101.76404507032336,-171.42805832768283
2025-01-01 08:52:00,0.41350336740312604,0.2084466879956605,0.0,0.0068917227900521,0.0034741114665943415,0.0,0.07174417117264129,0.29175919623048474,0.0,0.05,0.0,0.0,0.0,0.19386335466232715,0,0.01458333333333334,1,0,0,Off,0,0,Off,0,0,Off,0.03594136924459241,0.0269560269334443,On,0,0,Off,0.0031163016264619883,0.0,On,0.0686278695461793,0,On,0.033274723347381775,0,On,0.22254310363851054,0.16690732772888286,On,Off,0.0,20.000000000000057,0.0,0.0,0.0,0.0,0,0.0,21116.65276888889,Off,0.0,23.888888888888914,0,0.0,0.05,0.0,0.0,0,0,0,11489.55984,Off,0.0,0,79.07128464771071,51.666666666666686,46.10666666666668,0.0,51.83666544659637,0.4028790494429195,1106.6185927367746,0.0,123.54888226204798,49.64640173757465,51.83666544659637,48.551269883063796,12.43753247303448,20.17144413924924,0.0,8.543920866033435,-1.1317431746917022,-1.7,9.236100170605994,-3504.2816805379266,-5043.285184949541,-271.09035025416546,-3966.27026071473,-0.0,-0.0,413.92496437065245,627.2583264995712,1.0,0.13701529638687163,0.0,0,1.2823276133343688,65.99961422222222,48.06361580615112,0.1903582048081325,9.307046702613821,0.0027289191293046657,159.46467671947647,1.2213218062029265,0.37779927985178213,-5122.2778210026145,78.9926360530739,0.13529359853555487,-101.75545446646005,-169.33489578770542
2025-01-01 08:53:00,0.41350336740312604,0.2084466879956605,0.0,0.0068917227900521,0.0034741114665943415,0.0,0.07174417117264129,0.29175919623048474,0.0,0.05,0.0,0.0,0.0,0.19386335466232715,0,0.01458333333333334,1,0,0,Off,0,0,Off,0,0,Off,0.03594136924459241,0.0269560269334443,On,0,0,Off,0.0031163016264619883,0.0,On,0.0686278695461793,0,On,0.033274723347381775,0,On,0.22254310363851054,0.16690732772888286,On,Off,0.0,20.000000000000057,0.0,0.0,0.0,0.0,0,0.0,21116.65276888889,Off,0.0,23.888888888888914,0,0.0,0.05,0.0,0.0,0,0,0,11489.55984,Off,0.0,0,79.05781131066396,51.666666666666686,46.10666666666668,0.0,51.79575923189064,0.40329777402108524,1106.6185927367746,0.0,123.52783017291245,49.48284454914797,51.79575923189064,48.32638720777664,12.43753247303448,20.01661739131455,0.0,8.4479754289194,-1.131326944169201,-1.7,9.236100170605994,-3451.1390290706863,-4984.982435380892,-269.13490885757096,-3921.4281553217497,-0.0,-0.0,413.92496437065245,626.8125334487336,1.0,0.13643201503052443,0.0,0,1.2768686769286466,65.99961422222222,56.364161880410165,0.1922300991488022,9.236875780016918,0.002729472412216837,158.78009449351998,1.221966400924167,0.37716921946818155,-5065.839655330077,80.85721994918538,0.1353005152410539,-101.83519310775333,-167.29971574981764
2025-01-01 08:54:00,0.41350336740312604,0.2084466879956605,0.0,0.0068917227900521,0.0034741114665943415,0.0,0.07174417117264129,0.29175919623048474,0.0,0.05,0.0,0.0,0.0,0.19386335466232715,0,0.01458333333333334,1,0,0,Off,0,0,Off,0,0,Off,0.03594136924459241,0.0269560269334443,On,0,0,Off,0.0031163016264619883,0.0,On,0.0686278695461793,0,On,0.033274723347381775,0,On,0.22254310363851054,0.16690732772888286,On,Off,0.0,20.000000000000057,0.0,0.0,0.0,0.0,0,0.0,21116.65276888889,Off,0.0,23.888888888888914,0,0.0,0.05,0.0,0.0,0,0,0,11489.55984,Off,0.0,0,79.03066663293824,51.666666666666686,46.10666666666668,0.0,51.75477885719176,0.4037181313811385,1106.6185927367746,0.0,123.48541661396598,49.319290159706455,51.75477885719176,48.101545810963806,12.43753247303448,19.866886362042916,0.0,8.35770916875423,-1.1304682318019184,-1.7,9.236100170605994,-3399.730812612567,-4930.224292782137,-267.3229294789424,-3878.2553497491053,-0.0,-0.0,413.92496437065245,626.3600299677329,1.0,0.1358667418530375,0.0,0,1.2715782792600385,65.99961422222222,64.59957276588543,0.1940611011361394,9.168587659051934,0.0027300230292770363,158.11231258971299,1.2225904169541244,0.3765754910303297,-5012.875442997263,82.65115021512587,0.1353147837659667,-101.99972267892436,-165.32320680001806
2025-01-01 08:55:00,0.41350336740312604,0.2084466879956605,0.0,0.0068917227900521,0.0034741114665943415,0.0,0.07174417117264129,0.29175919623048474,0.0,0.05,0.0,0.0,0.0,0.19386335466232715,0,0.01458333333333334,1,0,0,Off,0,0,Off,0,0,Off,0.03594136924459241,0.0269560269334443,On,0,0,Off,0.0031163016264619883,0.0,On,0.0686278695461793,0,On,0.033274723347381775,0,On,0.22254310363851054,0.16690732772888286,On,Off,0.0,20.000000000000057,0.0,0.0,0.0,0.0,0,0.0,21116.65276888889,Off,0.0,23.888888888888914,0,0.0,0.05,0.0,0.0,0,0,0,11489.55984,Off,0.0,0,78.990682208668,51.666666666666686,46.10666666666668,0.0,51.71372738278529,0.40414009752566715,1106.6185927367746,0.0,123.42294095104376,49.15574140936904,51.71372738278529,47.87674842266092,12.43753247303448,19.721943966812745,0.0,8.272670868252499,-1.129185512113493,-1.7,9.236100170605994,-3350.1765255656164,-4878.760587473811,-265.65117949655456,-3836.6448746739266,-0.0,-0.0,413.92496437065245,625.9014519564788,1.0,0.13531842486029097,0.0,0,1.2664465747044098,65.99961422222222,72.54338473765745,0.19585322466277963,9.102750325255567,0.0027305710507498334,157.46040013941604,1.2231950726600664,0.3760152919961238,-4963.097223570467,84.33663609665518,0.13533609487372242,-102.24555048425982,-163.40562901229475
2025-01-01 08:56:00,0.41350336740312604,0.2084466879956605,0.0,0.0068917227900521,0.0034741114665943415,0.0,0.07174417117264129,0.29175919623048474,0.0,0.05,0.0,0.0,0.0,0.19386335466232715,0,0.01458333333333334,1,0,0,Off,0,0,Off,0,0,Off,0.03594136924459241,0.0269560269334443,On,0,0,Off,0.0031163016264619883,0.0,On,0.0686278695461793,0,On,0.033274723347381775,0,On,0.22254310363851054,0.16690732772888286,On,Off,0.0,20.000000000000057,0.0,0.0,0.0,0.0,0,0.0,21116.65276888889,Off,0.0,23.888888888888914,0,0.0,0.05,0.0,0.0,0,0,0,11489.55984,Off,0.0,0,78.9385667211427,51.666666666666686,46.10666666666668,0.0,51.672607685612405,0.40456365013352213,1106.6185927367749,0.0,123.34151050178548,48.99220096549719,51.672607685612405,47.65199760543958,12.43753247303448,19.581528756289174,0.0,8.192472199032654,-1.1274970525007872,-1.7,9.236100170605994,-3302.430434417204,-4830.341410975564,-264.11612434131,-3796.504824829717,-0.0,-0.0,413.92496437065245,625.4373470944885,1.0,0.1347861736502021,0.0,0,1.261465229979216,65.99961422222222,80.14942604186032,0.19760809688050587,9.038519306942714,0.0027311165428930955,156.8235578310661,1.223781402564703,0.3754862087756089,-4916.257457146409,85.91604617084545,0.1353641418306143,-102.56924306879303,-161.54688127251697
2025-01-01 08:57:00,0.41350336740312604,0.2084466879956605,0.0,0.0068917227900521,0.0034741114665943415,0.0,0.07174417117264129,0.29175919623048474,0.0,0.05,0.0,0.0,0.0,0.19386335466232715,0,0.01458333333333334,1,0,0,Off,0,0,Off,0,0,Off,0.03594136924459241,0.0269560269334443,On,0,0,Off,0.0031163016264619883,0.0,On,0.0686278695461793,0,On,0.033274723347381775,0,On,0.22254310363851054,0.16690732772888286,On,Off,0.0,20.000000000000057,0.0,0.0,0.0,0.0,0,0.0,21116.65276888889,Off,0.0,23.888888888888914,0,0.0,0.05,0.0,0.0,0,0,0,11489.55984,Off,0.0,0,78.87493947151641,51.666666666666686,46.10666666666668,0.0,51.631422486354715,0.40498876829702934,1106.6185927367746,0.0,123.24209292424439,48.82867134822871,51.631422486354715,47.42729577916571,12.43753247303448,19.445412445915352,-0.05458755408470495,8.116773006186474,-1.1254208401513421,-1.7,9.236100170605994,-3256.435213554528,-4784.748673384709,-262.7139968155373,-3757.7544429211375,-0.0,-0.0,413.92496437065245,624.9681852019597,1.0,0.13426921414891416,0.0,0,1.2566270005190154,65.99961422222222,87.3942649959568,0.19932708012541797,8.97649462397206,0.0027316595685196476,156.20108228048477,1.2243503082663894,0.37498612445129936,-4872.139741030178,87.39106764546911,0.13539862177346484,-102.96743705494976,-159.74655976058756
2025-01-01 08:58:00,0.41350336740312604,0.2084466879956605,0.0,0.0068917227900521,0.0034741114665943415,0.0,0.07174417117264129,0.29175919623048474,0.0,0.05,0.0,0.0,0.0,0.19386335466232715,0,0.01458333333333334,1,0,0,Off,0,0,Off,0,0,Off,0.03594136924459241,0.0269560269334443,On,0,0,Off,0.0031163016264619883,0.0,On,0.0686278695461793,0,On,0.033274723347381775,0,On,0.22254310363851054,0.16690732772888286,On,Off,0.0,20.000000000000057,0.0,0.0,0.0,0.0,0,0.0,21116.65276888889,Off,0.0,23.888888888888914,0,0.0,0.05,0.0,0.0,0,0,0,11489.55984,Off,0.0,0,78.80035573258982,51.666666666666686,46.10666666666668,0.0,51.590174369131404,0.4054154323324518,1106.6185927367744,0.0,123.12555583217159,48.66515494904622,51.590174369131404,47.20264523900363,12.43753247303448,19.313390485353942,-0.18660951464611486,8.045270156243662,-1.1229745224770955,-1.7,9.236100170605994,-3212.1224248517456,-4741.786636594171,-261.44085631830785,-3720.321176733199,-0.0,-0.0,413.92496437065245,624.4943673877492,1.0,0.13376685425817406,0.0,0,1.2519254089689102,65.99961422222222,94.27378751080099,0.20101136622363724,8.915869853695607,0.002732200187408766,155.59233910342763,1.224902597007991,0.3745131487662753,-4830.551785227827,88.76514863365671,0.135439236841702,-103.43684762124906,-158.0040086970588
2025-01-01 08:59:00,1.464276284069793,0.2084466879956605,0.9006625,0.02440460473449655,0.0034741114665943415,0.015011041666666667,0.07174417117264129,0.29175919623048474,1.0507729166666668,0.05,0.0,0.9006625,0.0,0.19386335466232715,0,0.01458333333333334,1,0,0,Off,0,0,Off,0,0,Off,0.03594136924459241,0.0269560269334443,On,0,0,Off,0.0031163016264619883,0.0,On,0.0686278695461793,0,On,0.033274723347381775,0,On,0.22254310363851054,0.16690732772888286,On,On,17415.9303113141,20.000000000000057,0.8,4751.49537424146,26.39581596111111,1.0507729166666668,1,21116.65276888889,21116.65276888889,Off,0.0,23.888888888888914,0,0.0,0.05,0.0,0.0,0,0,0,11489.55984,Off,0.0,0,78.71532247378768,51.666666666666686,46.10666666666668,0.0,51.5488657956101,0.4058436236460809,1106.6185927367746,0.0,122.99269136529324,48.50165404407855,51.5488657956101,46.97804816831278,12.43753247303448,19.185276211094827,-0.3147237889052299,7.977689901208799,-1.1201753592010126,-1.7,9.236100170605994,14246.510500022774,50.21736655406039,-260.29263930410235,-3684.1388283734505,-0.0,-0.0,413.92496437065245,624.0162338108095,1.0,0.13327846268777233,0.0,0,1.2473545470771288,65.99961422222222,100.79405271147195,0.20266203317941844,8.85725773010964,0.00273273845660435,154.99674622156607,1.2254390055020727,0.37406557046005556,-4791.320563129706,90.04255544230652,0.1354856951042926,-103.97427498887929,-156.31836431522305
2025-01-01 09:00:00,1.463673128916284,0.2084466879956605,0.9006625,0.024394552148604736,0.0034741114665943415,0.015011041666666667,0.07114101601913252,0.29175919623048474,1.0507729166666668,0.05,0.0,0.9006625,0.0,0.19386335466232715,0,0.01458333333333334,1,0,0,Off,0,0,Off,0,0,Off,0.03594136924459241,0.0269560269334443,On,0,0,Off,0.0025131464729532165,0.0,On,0.0686278695461793,0,On,0.033274723347381775,0,On,0.22254310363851054,0.16690732772888286,On,On,17415.9303113141,20.000000000000057,0.8,4751.49537424146,26.39581596111111,1.0507729166666668,1,21116.65276888889,21116.65276888889,Off,0.0,23.888888888888914,0,0.0,0.05,0.0,0.0,0,0,0,11489.55984,Off,0.0,0,77.84501590657776,51.666666666666686,46.10666666666668,0.0,51.50749911565289,0.25165918489518474,685.4762942863421,0.0,121.63283735402774,48.33817080413543,51.50749911565289,46.75350664837671,12.43753247303448,19.377124496344567,-0.12287550365548938,8.08527588808997,-1.117040184466772,-1.7,9.236100170605994,14180.82876685377,-14.818962934184128,-259.2652023028194,-3738.373554314007,-0.0,-0.0,413.3218092171437,623.5340721124492,1.0,0.13400948731533288,0.0,0,1.2541962143264669,65.99961422222222,89.95020063653308,0.20029371082266376,8.946520317358065,0.0027332744306425563,155.308378708066,1.2246349287593918,0.37477785147291925,-4853.810101845243,87.49576466959854,0.13553771130844489,-104.5766092304205,-154.68859307239887
2025-01-01 09:01:00,1.463673128916284,0.2084466879956605,0.9006625,0.024394552148604736,0.0034741114665943415,0.015011041666666667,0.07114101601913252,0.29175919623048474,1.0507729166666668,0.05,0.0,0.9006625,0.0,0.19386335466232715,0,0.01458333333333334,1,0,0,Off,0,0,Off,0,0,Off,0.03594136924459241,0.0269560269334443,On,0,0,Off,0.0025131464729532165,0.0,On,0.0686278695461793,0,On,0.033274723347381775,0,On,0.22254310363851054,0.16690732772888286,On,On,17415.9303113141,20.000000000000057,0.8,4751.49537424146,26.39581596111111,1.0507729166666668,1,21116.65276888889,21116.65276888889,Off,0.0,23.888888888888914,0,0.0,0.05,0.0,0.0,0,0,0,11489.55984,Off,0.0,0,77.06531535269002,51.666666666666686,46.10666666666668,0.0,51.47466130421463,0.2518708791746496,685.4762942863422,0.0,120.41455523857815,48.23086143121877,51.47466130421463,46.608961494720845,12.43753247303448,19.562658032686183,0.0,8.18625822493925,-1.1135853774573738,-1.7,9.236100170605994,14118.585207116419,-75.74039188329152,-258.35436004520284,-3791.123140525647,-0.0,-0.0,413.3218092171437,623.0481218301682,1.0,0.1347145632092506,0.0,0,1.2607950271021895,65.99961422222222,80.45622711082325,0.19803437909617974,9.033474834907768,0.0027338118349164112,155.59765568293304,1.2238583069175017,0.3754451830890932,-4912.6324875307855,85.39672140603399,0.1355950074753336,-105.24083368765761,-153.1135263575452
2025-01-01 09:02:00,1.463673128916284,0.2084466879956605,0.9006625,0.024394552148604736,0.0034741114665943415,0.015011041666666667,0.07114101601913252,0.29175919623048474,1.0507729166666668,0.05,0.0,0.9006625,0.0,0.19386335466232715,0,0.01458333333333334,1,0,0,Off,0,0,Off,0,0,Off,0.03594136924459241,0.0269560269334443,On,0,0,Off,0.0025131464729532165,0.0,On,0.0686278695461793,0,On,0.033274723347381775,0,On,0.22254310363851054,0.16690732772888286,On,On,17415.9303113141,20.000000000000057,0.8,4751.49537424146,26.39581596111111,1.0507729166666668,1,21116.65276888889,21116.65276888889,Off,0.0,23.888888888888914,0,0.0,0.05,0.0,0.0,0,0,0,11489.55984,Off,0.0,0,76.30180614297227,51.666666666666686,46.10666666666668,0.0,51.441948435218436,0.252082122411374,685.4762942863421,0.0,119.22157209839418,48.12371403526993,51.441948435218436,46.46459683529568,12.43753247303448,19.74231798521367,0.0,8.281203909399917,-1.1098268401769205,-1.7,9.236100170605994,14057.856442108432,-133.21201187231964,-257.55591771930773,-3842.483099630169,-0.0,-0.0,413.3218092171437,622.558581288091,1.0,0.13539556675109138,0.0,0,1.2671685464792901,65.99961422222222,71.08742120735744,0.1958752551806701,9.116267020534156,0.0027343505818130114,155.8661260957005,1.2231071953434804,0.3760715419968832,-4968.086950257703,83.37956414392393,0.1356573133655006,-105.96402724938616,-151.59189046992157
2025-01-01 09:03:00,1.463673128916284,0.2084466879956605,0.9006625,0.024394552148604736,0.0034741114665943415,0.015011041666666667,0.07114101601913252,0.29175919623048474,1.0507729166666668,0.05,0.0,0.9006625,0.0,0.19386335466232715,0,0.01458333333333334,1,0,0,Off,0,0,Off,0,0,Off,0.03594136924459241,0.0269560269334443,On,0,0,Off,0.0025131464729532165,0.0,On,0.0686278695461793,0,On,0.033274723347381775,0,On,0.22254310363851054,0.16690732772888286,On,On,17415.9303113141,20.000000000000057,0.8,4751.49537424146,26.39581596111111,1.0507729166666668,1,21116.65276888889,21116.65276888889,Off,0.0,23.888888888888914,0,0.0,0.05,0.0,0.0,0,0,0,11489.55984,Off,0.0,0,75.55359208438436,51.666666666666686,46.10666666666668,0.0,51.409356964888715,0.2522929343792597,685.4762942863422,0.0,118.05248763185057,48.01672525265806,51.409356964888715,46.32040939654274,12.43753247303448,19.91643499194741,0.0,8.370577804256886,-1.105779981496104,-1.7,9.236100170605994,13998.799969040532,-187.44107740231448,-256.8656963012269,-3892.5209059644844,-0.0,-0.0,413.3218092171437,622.0656122608541,1.0,0.1360539306716083,0.0,0,1.273330181400096,65.99961422222222,62.068754473772856,0.19380932917989102,9.197229877193356,0.0027348905896871357,156.11499786873225,1.2223801229277245,0.37666019198260114,-5020.418275543667,81.48182389989218,0.13572436682932357,-106.74336565163424,-150.1223306495926
2025-01-01 09:04:00,1.463673128916284,0.2084466879956605,0.9006625,0.024394552148604736,0.0034741114665943415,0.015011041666666667,0.07114101601913252,0.29175919623048474,1.0507729166666668,0.05,0.0,0.9006625,0.0,0.19386335466232715,0,0.01458333333333334,1,0,0,Off,0,0,Off,0,0,Off,0.03594136924459241,0.0269560269334443,On,0,0,Off,0.0025131464729532165,0.0,On,0.0686278695461793,0,On,0.033274723347381775,0,On,0.22254310363851054,0.16690732772888286,On,On,17415.9303113141,20.000000000000057,0.8,4751.49537424146,26.39581596111111,1.0507729166666668,1,21116.65276888889,21116.65276888889,Off,0.0,23.888888888888914,0,0.0,0.05,0.0,0.0,0,0,0,11489.55984,Off,0.0,0,74.81990208770651,51.666666666666686,46.10666666666668,0.0,51.37688354700066,0.2525033337224008,685.4762942863422,0.0,116.90609701204141,47.90989190592974,51.37688354700066,46.17639608539429,12.43753247303448,20.08529325181845,0.0,8.4547820799123,-1.101459706582262,-1.7,9.236100170605994,13941.403021458778,-238.64240324748062,-256.2795537309519,-3941.2935135703433,-0.0,-0.0,413.3218092171437,621.5693443998892,1.0,0.1366908924261403,0.0,0,1.27929151322226,65.99961422222222,53.444414497878114,0.1918304885574254,9.275112031700665,0.002735431781502831,156.34532467802075,1.221675821644448,0.3772139524830978,-5069.838737187854,79.70095969891338,0.13579591405771665,-107.57612195680943,-148.70343177414242
2025-01-01 09:05:00,0.4129002122496172,0.2084466879956605,0.4645728511809253,0.006881670204160286,0.0034741114665943415,0.007742880853015421,0.07114101601913252,0.29175919623048474,0.0,0.05,0.4645728511809253,0.0,0.0,0.19386335466232715,0,0.01458333333333334,1,0,0,Off,0,0,Off,0,0,Off,0.03594136924459241,0.0269560269334443,On,0,0,Off,0.0025131464729532165,0.0,On,0.0686278695461793,0,On,0.033274723347381775,0,On,0.22254310363851054,0.16690732772888286,On,Off,0.0,20.000000000000057,0.0,0.0,0.0,0.0,0,0.0,21116.65276888889,Off,0.0,23.888888888888914,0,0.0,0.05,0.0,0.0,0,0,0,11489.55984,On,10550.56,0,75.92521222627467,51.666666666666686,46.10666666666668,0.0,51.344525005311844,0.2527133381231275,685.4762942863421,10550.56,118.63314410355417,47.80321097781955,51.344525005311844,46.032553964073415,12.43753247303448,20.249143121619156,0.0,8.534170883512772,-1.096880410910238,-1.7,9.236100170605994,-3530.2928470065513,-5038.50087310131,-255.7934023995046,-3988.8505219695016,-0.0,-0.0,413.3218092171437,621.0698791640515,1.0,0.13730754499865452,0.0,0,1.285062771194333,65.99961422222222,45.235865745806564,0.1899333116328393,9.350788544688678,0.0027359740842343885,156.55804501091757,1.2209931724892515,0.37773530104014946,-5116.535915809275,78.03504270796473,0.13587170974704577,-108.45966635253261,-147.333736046972
2025-01-01 09:06:00,0.4129002122496172,0.2084466879956605,0.4645728511809253,0.006881670204160286,0.0034741114665943415,0.007742880853015421,0.07114101601913252,0.29175919623048474,0.0,0.05,0.4645728511809253,0.0,0.0,0.19386335466232715,0,0.01458333333333334,1,0,0,Off,0,0,Off,0,0,Off,0.03594136924459241,0.0269560269334443,On,0,0,Off,0.0025131464729532165,0.0,On,0.0686278695461793,0,On,0.033274723347381775,0,On,0.22254310363851054,0.16690732772888286,On,Off,0.0,20.000000000000057,0.0,0.0,0.0,0.0,0,0.0,21116.65276888889,Off,0.0,23.888888888888914,0,0.0,0.05,0.0,0.0,0,0,0,11489.55984,On,10550.56,0,79.7160844661374,51.666666666666686,46.10666666666668,0.0,51.31231731860291,0.2529227106522302,685.4762942863422,10550.56,124.55638197833969,49.099052465579675,51.31231731860291,47.99242003906806,12.43753247303448,20.091983187877773,0.0,8.43756802316916,-1.0920559781493127,-1.7,9.236100170605994,-3475.4075601992895,-4979.507187135885,-255.40322329035098,-3943.230799107369,-0.0,-0.0,413.3218092171437,620.5672933256365,1.0,0.1367160973891556,0.0,0,1.2795274067386768,65.99961422222222,54.50142969093574,0.19182683369985018,9.279433187178867,0.002736517428422607,155.88464155887314,1.2216471502251742,0.37710081218973923,-5059.7264584558525,80.21927131996732,0.13595151719063928,-109.39146539119983,-146.01175789915115
2025-01-01 09:07:00,0.4129002122496172,0.2084466879956605,0.4645728511809253,0.006881670204160286,0.0034741114665943415,0.007742880853015421,0.07114101601913252,0.29175919623048474,0.0,0.05,0.4645728511809253,0.0,0.0,0.19386335466232715,0,0.01458333333333334,1,0,0,Off,0,0,Off,0,0,Off,0.03594136924459241,0.0269560269334443,On,0,0,Off,0.0025131464729532165,0.0,On,0.0686278695461793,0,On,0.033274723347381775,0,On,0.22254310363851054,0.16690732772888286,On,Off,0.0,20.000000000000057,0.0,0.0,0.0,0.0,0,0.0,21116.65276888889,Off,0.0,23.888888888888914,0,0.0,0.05,0.0,0.0,0,0,0,11489.55984,On,10550.56,0,83.49054099144611,51.666666666666686,46.10666666666668,0.0,51.28010961169033,0.2531324305301658,685.4762942863423,10550.56,130.45397029913454,50.39410642793949,51.28010961169033,49.951104836064076,12.43753247303448,19.940177605741038,0.0,8.346853486000507,-1.086999781407251,-1.7,9.236100170605994,-3423.55179528085,-4924.542040397192,-255.10507569348016,-3899.3640408725864,-0.0,-0.0,413.3218092171437,620.0616420837463,1.0,0.1361435818102768,0.0,0,1.2741692273585625,65.99961422222222,62.490436374592775,0.1936770491686008,9.210814562288952,0.0027370581459089187,155.2282798006128,1.2222795014987793,0.3765040244523616,-5006.514530779046,81.97249038185413,0.13603510830621754,-110.36908075523318,-144.735994938247
2025-01-01 09:08:00,0.4129002122496172,0.2084466879956605,0.0,0.006881670204160286,0.0034741114665943415,0.0,0.07114101601913252,0.29175919623048474,0.0,0.05,0.0,0.0,0.0,0.19386335466232715,0,0.01458333333333334,1,0,0,Off,0,0,Off,0,0,Off,0.03594136924459241,0.0269560269334443,On,0,0,Off,0.0025131464729532165,0.0,On,0.0686278695461793,0,On,0.033274723347381775,0,On,0.22254310363851054,0.16690732772888286,On,Off,0.0,20.000000000000057,0.0,0.0,0.0,0.0,0,0.0,21116.65276888889,Off,0.0,23.888888888888914,0,0.0,0.05,0.0,0.0,0,0,0,11489.55984,Off,0.0,0,85.46023216305585,51.666666666666686,46.10666666666668,0.0,51.688376275141124,0.2504994799280135,685.4762942863422,0.0,133.53161275477476,51.68837627514113,51.68837627514114,51.688376275141124,12.43753247303448,19.793332173292423,0.0,8.261499753212684,-1.0817246874086048,-1.7,9.236100170605994,-3373.3666737169715,-4872.904953216464,-255.07706319071661,-3857.1168525217886,-0.0,-0.0,413.3218092171437,619.552961842525,1.0,0.13558862488350823,0.0,0,1.268975379589937,65.99961422222222,70.42836958767268,0.19548690860839898,9.144011820311817,0.0027375963081068696,154.58781516899825,1.222891803556006,0.3759416390308508,-4956.566626378223,83.66167316175988,0.1361222636069799,-111.39016761439788,-143.68689557631873
2025-01-01 09:09:00,0.4129002122496172,0.2084466879956605,0.0,0.006881670204160286,0.0034741114665943415,0.0,0.07114101601913252,0.29175919623048474,0.0,0.05,0.0,0.0,0.0,0.19386335466232715,0,0.01458333333333334,1,0,0,Off,0,0,Off,0,0,Off,0.03594136924459241,0.0269560269334443,On,0,0,Off,0.0025131464729532165,0.0,On,0.0686278695461793,0,On,0.033274723347381775,0,On,0.22254310363851054,0.16690732772888286,On,Off,0.0,20.000000000000057,0.0,0.0,0.0,0.0,0,0.0,21116.65276888889,Off,0.0,23.888888888888914,0,0.0,0.05,0.0,0.0,0,0,0,11489.55984,Off,0.0,0,85.55575542172221,51.666666666666686,46.10666666666668,0.0,51.65585379053545,0.25070721103954513,685.4762942863422,0.0,133.68086784644095,51.579484897912195,51.65585379053545,51.54130045160057,12.43753247303448,19.651149118709277,0.0,8.181078424706131,-1.0762499275614545,-1.7,9.236100170605994,-3324.9743191728203,-4824.3623490994205,-254.69265452191442,-3816.3859494189574,-0.0,-0.0,413.3218092171437,619.0412726885588,1.0,0.13505020421868796,0.0,0,1.263936294872422,65.99961422222222,78.08982102899293,0.19725840231559977,9.078883947930915,0.00273813198152663,153.96237104532617,1.2234852393189786,0.37541098176351856,-4909.611282095136,85.24893299571495,0.13621265882218184,-112.45114157756299,-142.24151294435143
2025-01-01 09:10:00,0.4129002122496172,0.2084466879956605,0.0,0.006881670204160286,0.0034741114665943415,0.0,0.07114101601913252,0.29175919623048474,0.0,0.05,0.0,0.0,0.0,0.19386335466232715,0,0.01458333333333334,1,0,0,Off,0,0,Off,0,0,Off,0.03594136924459241,0.0269560269334443,On,0,0,Off,0.0025131464729532165,0.0,On,0.0686278695461793,0,On,0.033274723347381775,0,On,0.22254310363851054,0.16690732772888286,On,Off,0.0,20.000000000000057,0.0,0.0,0.0,0.0,0,0.0,21116.65276888889,Off,0.0,23.888888888888914,0,0.0,0.05,0.0,0.0,0,0,0,11489.55984,Off,0.0,0,85.63939143413809,51.666666666666686,46.10666666666668,0.0,51.6232622374205,0.2509157292280292,685.4762942863421,0.0,133.81154911584076,51.47057367643957,51.6232622374205,51.39422939594911,12.43753247303448,19.513375054310746,0.0,8.105221461495987,-1.070570531516969,-1.7,9.236100170605994,-3278.3320962553585,-4778.679108325825,-254.74286280055946,-3777.082629437612,-0.0,-0.0,413.3218092171437,618.5265802501643,1.0,0.13452745494935273,0.0,0,1.259043878911607,65.99961422222222,85.42872396510978,0.1989931383256548,9.0160188714013,0.0027386652289044305,153.351194913451,1.2240608126722512,0.37490975392652814,-4865.415517383972,86.73640905814709,0.136306369489054,-113.55310434950256,-141.18975845105692
2025-01-01 09:11:00,0.4129002122496172,0.2084466879956605,0.0,0.006881670204160286,0.0034741114665943415,0.0,0.07114101601913252,0.29175919623048474,0.0,0.05,0.0,0.0,0.0,0.19386335466232715,0,0.01458333333333334,1,0,0,Off,0,0,Off,0,0,Off,0.03594136924459241,0.0269560269334443,On,0,0,Off,0.0025131464729532165,0.0,On,0.0686278695461793,0,On,0.033274723347381775,0,On,0.22254310363851054,0.16690732772888286,On,Off,0.0,20.000000000000057,0.0,0.0,0.0,0.0,0,0.0,21116.65276888889,Off,0.0,23.888888888888914,0,0.0,0.05,0.0,0.0,0,0,0,11489.55984,Off,0.0,0,85.71174022273968,51.666666666666686,46.10666666666668,0.0,51.59060426559274,0.2511250205668975,685.4762942863422,0.0,133.92459409803075,51.361645080209904,51.59060426559274,51.24716548751849,12.43753247303448,19.37978882939927,-0.12021117060078623,8.033606989723957,-1.0647115587096023,-1.7,9.236100170605994,-3233.3859501921393,-4735.650432856927,-254.91940363403572,-3739.1289731468396,-0.0,-0.0,413.3218092171437,618.0088790569027,1.0,0.1340196255624205,0.0,0,1.2542910982885798,65.99961422222222,92.42121373755646,0.2006924626635804,8.954600242584377,0.0027391961097325795,152.75362471366398,1.2246193981125861,0.3744359428010774,-4823.775939892683,88.12550703575563,0.1364029757263866,-114.69132969061744,-140.22807394341828
2025-01-01 09:12:00,0.4129002122496172,0.2084466879956605,0.0,0.006881670204160286,0.0034741114665943415,0.0,0.07114101601913252,0.29175919623048474,0.0,0.05,0.0,0.0,0.0,0.19386335466232715,0,0.01458333333333334,1,0,0,Off,0,0,Off,0,0,Off,0.03594136924459241,0.0269560269334443,On,0,0,Off,0.0025131464729532165,0.0,On,0.0686278695461793,0,On,0.033274723347381775,0,On,0.22254310363851054,0.16690732772888286,On,Off,0.0,20.000000000000057,0.0,0.0,0.0,0.0,0,0.0,21116.65276888889,Off,0.0,23.888888888888914,0,0.0,0.05,0.0,0.0,0,0,0,11489.55984,Off,0.0,0,85.77333971862019,51.666666666666686,46.10666666666668,0.0,51.557882392546205,0.2513350718844012,685.4762942863422,0.0,134.02084331034405,51.25270145405965,51.557882392546205,51.100110984816375,12.43753247303448,19.250192309545156,-0.24980769045490092,7.965948516500094,-1.058685670168496,-1.7,9.236100170605994,-3190.07070259996,-4695.092635527298,-254.79177218861213,-3702.4549783865828,-0.0,-0.0,413.3218092171437,617.4881522299711,1.0,0.13352604424458328,0.0,0,1.2496716654954592,65.99961422222222,99.06246656947908,0.20235755275306583,8.895235939526184,0.002739724680647578,152.16906332168978,1.2251617785001905,0.37398775364715664,-4784.512000861322,89.41936533402398,0.1365022628496566,-115.86348420386925,-138.92828798474287
2025-01-01 09:13:00,1.463673128916284,0.2084466879956605,0.9006625,0.024394552148604736,0.0034741114665943415,0.015011041666666667,0.07114101601913252,0.29175919623048474,1.0507729166666668,0.05,0.0,0.9006625,0.0,0.19386335466232715,0,0.01458333333333334,1,0,0,Off,0,0,Off,0,0,Off,0.03594136924459241,0.0269560269334443,On,0,0,Off,0.0025131464729532165,0.0,On,0.0686278695461793,0,On,0.033274723347381775,0,On,0.22254310363851054,0.16690732772888286,On,On,17415.9303113141,20.000000000000057,0.8,4751.49537424146,26.39581596111111,1.0507729166666668,1,21116.65276888889,21116.65276888889,Off,0.0,23.888888888888914,0,0.0,0.05,0.0,0.0,0,0,0,11489.55984,Off,0.0,0,85.82468110979323,51.666666666666686,46.10666666666668,0.0,51.52509901715643,0.2515458706815303,685.4762942863422,0.0,134.10106423405193,51.14374503107411,51.52509901715643,50.95306803803295,12.43753247303448,19.1244046692851,-0.3755953307149582,7.901987558732288,-1.0524889012188965,-1.7,9.236100170605994,14267.613064205414,94.65595534314525,-255.20723229162957,-3666.996762001357,-0.0,-0.0,413.3218092171437,616.9643744294448,1.0,0.13304609817812782,0.0,0,1.245179845164762,65.99961422222222,105.35770567552717,0.2039894735229795,8.837832522221131,0.002740250995710759,151.59696275252665,1.2256886683407788,0.3735635634517616,-4747.461349830142,90.6219309318272,0.13660429026575635,-117.0704655642141,-138.13676672741548
2025-01-01 09:14:00,1.463673128916284,0.2084466879956605,0.9006625,0.024394552148604736,0.0034741114665943415,0.015011041666666667,0.07114101601913252,0.29175919623048474,1.0507729166666668,0.05,0.0,0.9006625,0.0,0.19386335466232715,0,0.01458333333333334,1,0,0,Off,0,0,Off,0,0,Off,0.03594136924459241,0.0269560269334443,On,0,0,Off,0.0025131464729532165,0.0,On,0.0686278695461793,0,On,0.033274723347381775,0,On,0.22254310363851054,0.16690732772888286,On,On,17415.9303113141,20.000000000000057,0.8,4751.49537424146,26.39581596111111,1.0507729166666668,1,21116.65276888889,21116.65276888889,Off,0.0,23.888888888888914,0,0.0,0.05,0.0,0.0,0,0,0,11489.55984,Off,0.0,0,85.01773132950177,51.666666666666686,46.10666666666668,0.0,51.49225642998259,0.2517574050709471,685.4762942863422,0.0,132.8402052023465,51.034777942297936,51.49225642998259,50.80603869845561,12.43753247303448,19.318486138596665,-0.18151386140339199,8.012981847806383,-1.0461493880638768,-1.7,9.236100170605994,14201.792898141073,27.702793061648663,-255.21673455687767,-3721.7632169374683,-0.0,-0.0,413.3218092171437,616.4375129212249,1.0,0.1337862612925204,0.0,0,1.2521070396093679,65.99961422222222,94.30399454729672,0.20157549161690963,8.928353377903896,0.0027407751066221555,151.90294771582015,1.2248749164776895,0.37429937280204534,-4811.79886951003,88.00628833021908,0.1367085891146773,-118.30691372593164,-136.90982083094605
2025-01-01 09:15:00,1.463673128916284,0.2084466879956605,0.9006625,0.024394552148604736,0.0034741114665943415,0.015011041666666667,0.07114101601913252,0.29175919623048474,1.0507729166666668,0.05,0.0,0.9006625,0.0,0.19386335466232715,0,0.01458333333333334,1,0,0,Off,0,0,Off,0,0,Off,0.03594136924459241,0.0269560269334443,On,0,0,Off,0.0025131464729532165,0.0,On,0.0686278695461793,0,On,0.033274723347381775,0,On,0.22254310363851054,0.16690732772888286,On,On,17415.9303113141,20.000000000000057,0.8,4751.49537424146,26.39581596111111,1.0507729166666668,1,21116.65276888889,21116.65276888889,Off,0.0,23.888888888888914,0,0.0,0.05,0.0,0.0,0,0,0,11489.55984,Off,0.0,0,84.34750813190853,51.666666666666686,46.10666666666668,0.0,51.45954374900228,0.0,0.0,0.0,131.79298145610707,50.92597849131289,51.45954374900228,50.659195862468195,12.43753247303448,19.506178252911376,0.0,8.117181756065053,-1.039658579599186,-1.7,9.236100170605994,14138.828809315857,-35.03959990131989,-255.74176305819782,-3775.034028793131,-0.0,-0.0,413.3218092171437,615.9075288294489,1.0,0.13450012063192854,0.0,0,1.2587880567446739,65.99961422222222,84.61071757774454,0.1992729408039781,9.015811202639057,0.002741300624303277,152.18698664886028,1.2240889669515118,0.3749888265272813,-4872.377715869084,85.8427417263039,0.13681529472272946,-119.57461168506212,-136.16715137313568
2025-01-01 09:16:00,1.463673128916284,0.2084466879956605,0.9006625,0.024394552148604736,0.0034741114665943415,0.015011041666666667,0.07114101601913252,0.29175919623048474,1.0507729166666668,0.05,0.0,0.9006625,0.0,0.19386335466232715,0,0.01458333333333334,1,0,0,Off,0,0,Off,0,0,Off,0.03594136924459241,0.0269560269334443,On,0,0,Off,0.0025131464729532165,0.0,On,0.0686278695461793,0,On,0.033274723347381775,0,On,0.22254310363851054,0.16690732772888286,On,On,17415.9303113141,20.000000000000057,0.8,4751.49537424146,26.39581596111111,1.0507729166666668,1,21116.65276888889,21116.65276888889,Off,0.0,23.888888888888914,0,0.0,0.05,0.0,0.0,0,0,0,11489.55984,Off,0.0,0,83.81275096936108,51.666666666666686,46.10666666666668,0.0,51.44062588366492,0.0,0.0,0.0,130.95742338962668,50.90845592634558,51.44062588366492,50.64237094768592,12.43753247303448,19.68791507322081,0.0,8.215164936337827,-1.0330429573000433,-1.7,9.236100170605994,14077.403480910996,-94.23995726507565,-255.89713238252648,-3826.901701476842,-0.0,-0.0,413.3218092171437,615.3743782665126,1.0,0.1351895326712749,0.0,0,1.2652402713391873,65.99961422222222,75.05306185659398,0.1970729772972556,9.099762030045259,0.002741827462684245,152.45056711756246,1.2233289016310223,0.3756359919277677,-4929.500672682196,83.76534117566003,0.13692396663690942,-120.86849767587039,-135.0286347066561
2025-01-01 09:17:00,1.463673128916284,0.2084466879956605,0.9006625,0.024394552148604736,0.0034741114665943415,0.015011041666666667,0.07114101601913252,0.29175919623048474,1.0507729166666668,0.05,0.0,0.9006625,0.0,0.19386335466232715,0,0.01458333333333334,1,0,0,Off,0,0,Off,0,0,Off,0.03594136924459241,0.0269560269334443,On,0,0,Off,0.0025131464729532165,0.0,On,0.0686278695461793,0,On,0.033274723347381775,0,On,0.22254310363851054,0.16690732772888286,On,On,17415.9303113141,20.000000000000057,0.8,4751.49537424146,26.39581596111111,1.0507729166666668,1,21116.65276888889,21116.65276888889,Off,0.0,23.888888888888914,0,0.0,0.05,0.0,0.0,0,0,0,11489.55984,Off,0.0,0,83.29337378101849,51.666666666666686,46.10666666666668,0.0,51.42182670643489,0.0,0.0,0.0,130.1458965328414,50.891044453185614,51.42182670643489,50.62565332656098,12.43753247303448,19.864031168124118,0.0,8.307406319719233,-1.0262947698488158,-1.7,9.236100170605994,14017.673360453522,-150.10942735918616,-256.5263371654182,-3877.433946306087,-0.0,-0.0,413.3218092171437,614.8380133345041,1.0,0.13585595134246006,0.0,0,1.2714772907570004,65.99961422222222,65.85518622836386,0.1949684131035941,9.1818332978104,0.002742355541420073,152.69487617004688,1.2225932300892772,0.3762442163203767,-4983.416149224502,81.81134762385624,0.13703472735336406,-122.19019229065758,-134.3361448747607
2025-01-01 09:18:00,1.463673128916284,0.2084466879956605,0.9006625,0.024394552148604736,0.0034741114665943415,0.015011041666666667,0.07114101601913252,0.29175919623048474,1.0507729166666668,0.05,0.0,0.9006625,0.0,0.19386335466232715,0,0.01458333333333334,1,0,0,Off,0,0,Off,0,0,Off,0.03594136924459241,0.0269560269334443,On,0,0,Off,0.0025131464729532165,0.0,On,0.0686278695461793,0,On,0.033274723347381775,0,On,0.22254310363851054,0.16690732772888286,On,On,17415.9303113141,20.000000000000057,0.8,4751.49537424146,26.39581596111111,1.0507729166666668,1,21116.65276888889,21116.65276888889,Off,0.0,23.888888888888914,0,0.0,0.05,0.0,0.0,0,0,0,11489.55984,Off,0.0,0,82.78859557064558,51.666666666666686,46.10666666666668,0.0,51.40314282422118,0.0,0.0,0.0,129.3571805791337,50.873740876758184,51.40314282422118,50.60903990302669,12.43753247303448,20.034814410323975,0.0,8.394317588698355,-1.0194383237171856,-1.7,9.236100170605994,13959.62471157523,-202.866673724453,-256.80926315216715,-3926.687977598311,-0.0,-0.0,413.3218092171437,614.2983830254163,1.0,0.13650063360162246,0.0,0,1.2775108788639553,65.99961422222222,57.060568642296175,0.1929529763301518,9.260781179376986,0.002742884784696655,152.92095020861592,1.221880666367786,0.3768163965351794,-5034.340035703453,79.97798773754016,0.13714717334820045,-123.5350342197113,-133.27422893245583
2025-01-01 09:19:00,0.4129002122496172,0.2084466879956605,0.0,0.006881670204160286,0.0034741114665943415,0.0,0.07114101601913252,0.29175919623048474,0.0,0.05,0.0,0.0,0.0,0.19386335466232715,0,0.01458333333333334,1,0,0,Off,0,0,Off,0,0,Off,0.03594136924459241,0.0269560269334443,On,0,0,Off,0.0025131464729532165,0.0,On,0.0686278695461793,0,On,0.033274723347381775,0,On,0.22254310363851054,0.16690732772888286,On,Off,0.0,20.000000000000057,0.0,0.0,0.0,0.0,0,0.0,21116.65276888889,Off,0.0,23.888888888888914,0,0.0,0.05,0.0,0.0,0,0,0,11489.55984,Off,0.0,0,82.29772720427393,51.666666666666686,46.10666666666668,0.0,51.38457101611613,0.0,0.0,0.0,128.590198756678,50.85654216423464,51.38457101611613,50.59252773829389,12.43753247303448,20.20051859843744,0.0,8.476261880965266,-1.0124662092723824,-1.7,9.236100170605994,-3512.7018397652537,-5004.200377845387,-257.5329022315624,-3974.7136696248526,-0.0,-0.0,413.3218092171437,613.7554340263599,1.0,0.13712469044752446,0.0,0,1.2833514335092626,65.99961422222222,48.69002064245507,0.19102110163828206,9.336753773698948,0.0027434151206456284,153.12971294965092,1.2211900747590685,0.37735508203233686,-5082.463487270592,78.26310942520477,0.1372614218470343,-124.90457046133172,-132.6283317702307
2025-01-01 09:20:00,0.4129002122496172,0.2084466879956605,0.0,0.006881670204160286,0.0034741114665943415,0.0,0.07114101601913252,0.29175919623048474,0.0,0.05,0.0,0.0,0.0,0.19386335466232715,0,0.01458333333333334,1,0,0,Off,0,0,Off,0,0,Off,0.03594136924459241,0.0269560269334443,On,0,0,Off,0.0025131464729532165,0.0,On,0.0686278695461793,0,On,0.033274723347381775,0,On,0.22254310363851054,0.16690732772888286,On,Off,0.0,20.000000000000057,0.0,0.0,0.0,0.0,0,0.0,21116.65276888889,Off,0.0,23.888888888888914,0,0.0,0.05,0.0,0.0,0,0,0,11489.55984,Off,0.0,0,82.66863323061905,51.666666666666686,46.10666666666668,0.0,51.36610821315134,0.0,0.0,0.0,129.16973942284227,50.83944542594874,51.36610821315134,50.57611403234745,12.43753247303448,20.045145549150398,0.0,8.382071503538448,-1.0054009268954938,-1.7,9.236100170605994,-3458.5546760143257,-4946.756435195829,-257.9320071669552,-3929.6754284196245,-0.0,-0.0,413.3218092171437,613.2091114345834,1.0,0.13653958329142524,0.0,0,1.2778754094242797,65.99961422222222,57.79894318815508,0.19290388407782813,9.266315102033943,0.0027439464809102553,152.48060663033772,1.2218368287879746,0.37673582704820086,-5027.157426339793,80.40099114396409,0.13737710011472065,-126.29446961077942,-131.63753755617577
2025-01-01 09:21:00,0.4129002122496172,0.2084466879956605,0.0,0.006881670204160286,0.0034741114665943415,0.0,0.07114101601913252,0.29175919623048474,0.0,0.05,0.0,0.0,0.0,0.19386335466232715,0,0.01458333333333334,1,0,0,Off,0,0,Off,0,0,Off,0.03594136924459241,0.0269560269334443,On,0,0,Off,0.0025131464729532165,0.0,On,0.0686278695461793,0,On,0.033274723347381775,0,On,0.22254310363851054,0.16690732772888286,On,Off,0.0,20.000000000000057,0.0,0.0,0.0,0.0,0,0.0,21116.65276888889,Off,0.0,23.888888888888914,0,0.0,0.05,0.0,0.0,0,0,0,11489.55984,Off,0.0,0,83.02514465635312,51.666666666666686,46.10666666666668,0.0,51.3475645560781,0.0,0.0,0.0,129.72678852555174,50.822271634705544,51.3475645560781,50.55962517401927,12.43753247303448,19.895060134607277,0.0,8.293629010790848,-0.9982353832561693,-1.7,9.236100170605994,-3407.4037882928915,-4893.243349917975,-258.74073662226135,-3886.364306903737,-0.0,-0.0,413.3218092171437,612.6593590368137,1.0,0.13597319481025608,0.0,0,1.2725745736166705,65.99961422222222,65.63870939370122,0.19474343760866727,9.198578559540117,0.0027444753087029795,151.84782776538057,1.2224622123060145,0.37615343350539715,-4975.354646295036,82.11129637706142,0.13749432053220087,-127.70620978586443,-131.03452683639694
2025-01-01 09:22:00,0.4129002122496172,0.2084466879956605,0.0,0.006881670204160286,0.0034741114665943415,0.0,0.07114101601913252,0.29175919623048474,0.0,0.05,0.0,0.0,0.0,0.19386335466232715,0,0.01458333333333334,1,0,0,Off,0,0,Off,0,0,Off,0.03594136924459241,0.0269560269334443,On,0,0,Off,0.0025131464729532165,0.0,On,0.0686278695461793,0,On,0.033274723347381775,0,On,0.22254310363851054,0.16690732772888286,On,Off,0.0,20.000000000000057,0.0,0.0,0.0,0.0,0,0.0,21116.65276888889,Off,0.0,23.888888888888914,0,0.0,0.05,0.0,0.0,0,0,0,11489.55984,Off,0.0,0,83.36831873232599,51.666666666666686,46.10666666666668,0.0,51.32894321851627,0.0,0.0,0.0,130.26299801925936,50.805023780875814,51.32894321851627,50.54306406205559,12.43753247303448,19.74987131809981,0.0,8.210415558963216,-0.990990388618538,-1.7,9.236100170605994,-3357.8923684008264,-4842.9676627727895,-259.245036671446,-3844.648424412303,-0.0,-0.0,413.3218092171437,612.1061213567709,1.0,0.13542416026165888,0.0,0,1.2674361534482181,65.99961422222222,73.43424679433267,0.19654273185323481,9.13191469550222,0.0027450016725012252,151.23027597029244,1.2230677913991546,0.3756046486592399,-4926.728312057107,83.76064928431795,0.137612739163928,-129.13576848352835,-130.10926818791765
2025-01-01 09:23:00,0.4129002122496172,0.2084466879956605,0.0,0.006881670204160286,0.0034741114665943415,0.0,0.07114101601913252,0.29175919623048474,0.0,0.05,0.0,0.0,0.0,0.19386335466232715,0,0.01458333333333334,1,0,0,Off,0,0,Off,0,0,Off,0.03594136924459241,0.0269560269334443,On,0,0,Off,0.0025131464729532165,0.0,On,0.0686278695461793,0,On,0.033274723347381775,0,On,0.22254310363851054,0.16690732772888286,On,Off,0.0,20.000000000000057,0.0,0.0,0.0,0.0,0,0.0,21116.65276888889,Off,0.0,23.888888888888914,0,0.0,0.05,0.0,0.0,0,0,0,11489.55984,Off,0.0,0,83.69895390902036,51.666666666666686,46.10666666666668,0.0,51.31024714105087,0.0,0.0,0.0,130.77961548284432,50.78770463519439,51.31024714105087,50.52643338226615,12.43753247303448,19.60928429658352,0.0,8.132010835035846,-0.9836591418629316,-1.7,9.236100170605994,-3310.144386596983,-4795.702057334578,-260.13032383390214,-3804.425869865498,-0.0,-0.0,413.3218092171437,611.5493419578069,1.0,0.1348914656094722,0.0,0,1.262450658543724,65.99961422222222,80.95967405137145,0.19830376921372295,9.068321510286204,0.002745525636064823,150.62710981253377,1.2236547383650869,0.3750868422572979,-4881.01303531363,85.31097797905164,0.13773246393849556,-130.58455965921794,-129.54576417468417
2025-01-01 09:24:00,0.4129002122496172,0.2084466879956605,0.0,0.006881670204160286,0.0034741114665943415,0.0,0.07114101601913252,0.29175919623048474,0.0,0.05,0.0,0.0,0.0,0.19386335466232715,0,0.01458333333333334,1,0,0,Off,0,0,Off,0,0,Off,0.03594136924459241,0.0269560269334443,On,0,0,Off,0.0025131464729532165,0.0,On,0.0686278695461793,0,On,0.033274723347381775,0,On,0.22254310363851054,0.16690732772888286,On,Off,0.0,20.000000000000057,0.0,0.0,0.0,0.0,0,0.0,21116.65276888889,Off,0.0,23.888888888888914,0,0.0,0.05,0.0,0.0,0,0,0,11489.55984,Off,0.0,0,84.01772958480407,51.666666666666686,46.10666666666668,0.0,51.291479088255954,0.0,0.0,0.0,131.27770247625637,50.77031680252395,51.291479088255954,50.50973565965795,12.43753247303448,19.473048471072588,-0.026951528927469326,8.058054353493429,-0.9762608958623524,-1.7,9.236100170605994,-3264.1189057280963,-4751.217179126164,-260.72968553252497,-3765.6092066308265,-0.0,-0.0,413.3218092171437,610.9889653747288,1.0,0.13437425396024533,0.0,0,1.257610069228286,65.99961422222222,88.1684916855863,0.20002816670551193,9.005544446448909,0.002746047259528776,150.0376076007392,1.2242240470240802,0.3745977572713652,-4837.9814079161915,86.76422879002702,0.13785317745108996,-132.04884553107303,-128.68084000145194
2025-01-01 09:25:00,0.4129002122496172,0.2084466879956605,0.0,0.006881670204160286,0.0034741114665943415,0.0,0.07114101601913252,0.29175919623048474,0.0,0.05,0.0,0.0,0.0,0.19386335466232715,0,0.01458333333333334,1,0,0,Off,0,0,Off,0,0,Off,0.03594136924459241,0.0269560269334443,On,0,0,Off,0.0025131464729532165,0.0,On,0.0686278695461793,0,On,0.033274723347381775,0,On,0.22254310363851054,0.16690732772888286,On,Off,0.0,20.000000000000057,0.0,0.0,0.0,0.0,0,0.0,21116.65276888889,Off,0.0,23.888888888888914,0,0.0,0.05,0.0,0.0,0,0,0,11489.55984,Off,0.0,0,84.32523872795164,51.666666666666686,46.10666666666668,0.0,51.272641674929,0.0,0.0,0.0,131.75818551242443,50.752862746587255,51.272641674929,50.492973282416386,12.43753247303448,19.340945313261127,-0.15905468673892997,7.9882313014469855,-0.9687891185030092,-1.7,9.236100170605994,-3219.763447480259,-4709.313536012352,-261.68366656743774,-3728.1216864901853,-0.0,-0.0,413.3218092171437,610.4249371512547,1.0,0.13387178139175593,0.0,0,1.2529074231259292,65.99961422222222,95.03642979278249,0.20171727713707288,8.945595086919187,0.00274656659991508,149.46113483640056,1.2247765823444603,0.37413542050706716,-4797.435165286133,88.1216292737808,0.13797498354717447,-133.529980617144,-128.15368595029372
2025-01-01 09:26:00,0.4129002122496172,0.2084466879956605,0.0,0.006881670204160286,0.0034741114665943415,0.0,0.07114101601913252,0.29175919623048474,0.0,0.05,0.0,0.0,0.0,0.19386335466232715,0,0.01458333333333334,1,0,0,Off,0,0,Off,0,0,Off,0.03594136924459241,0.0269560269334443,On,0,0,Off,0.0025131464729532165,0.0,On,0.0686278695461793,0,On,0.033274723347381775,0,On,0.22254310363851054,0.16690732772888286,On,Off,0.0,20.000000000000057,0.0,0.0,0.0,0.0,0,0.0,21116.65276888889,Off,0.0,23.888888888888914,0,0.0,0.05,0.0,0.0,0,0,0,11489.55984,Off,0.0,0,84.62201263293402,51.666666666666686,46.10666666666668,0.0,51.253737385137505,0.0,0.0,0.0,132.2218947389594,50.73534480792233,51.253737385137505,50.47614851931475,12.43753247303448,19.212779156980382,-0.287220843019675,7.922261791647624,-0.961261629633058,-1.7,9.236100170605994,-3177.0142959208983,-4669.812338769544,-262.3687487351997,-3691.894395226877,-0.0,-0.0,413.3218092171437,609.8572042109764,1.0,0.13338338330477048,0.0,0,1.2483365002453717,65.99961422222222,101.55829008883475,0.2033722832105444,8.886272597140112,0.002747083711507118,148.89711953233882,1.2253131181684578,0.37369807464417754,-4759.198489881661,89.38615111211696,0.13809758922003473,-135.02448934040981,-127.34425939478989
2025-01-01 09:27:00,1.463673128916284,0.2084466879956605,0.9006625,0.024394552148604736,0.0034741114665943415,0.015011041666666667,0.07114101601913252,0.29175919623048474,1.0507729166666668,0.05,0.0,0.9006625,0.0,0.19386335466232715,0,0.01458333333333334,1,0,0,Off,0,0,Off,0,0,Off,0.03594136924459241,0.0269560269334443,On,0,0,Off,0.0025131464729532165,0.0,On,0.0686278695461793,0,On,0.033274723347381775,0,On,0.22254310363851054,0.16690732772888286,On,On,17415.9303113141,20.000000000000057,0.8,4751.49537424146,26.39581596111111,1.0507729166666668,1,21116.65276888889,21116.65276888889,Off,0.0,23.888888888888914,0,0.0,0.05,0.0,0.0,0,0,0,11489.55984,Off,0.0,0,84.90853623852648,51.666666666666686,46.10666666666668,0.0,51.234768585810905,0.0,0.0,0.0,132.66958787269763,50.717765216694744,51.234768585810905,50.45926353213667,12.43753247303448,19.088371502016226,-0.4116284979838305,7.859893524518455,-0.9536721459327329,-1.7,9.236100170605994,14280.12660753425,118.94355440193158,-263.3841946807826,-3656.864462953316,-0.0,-0.0,413.3218092171437,609.2857151781798,1.0,0.132908453732209,0.0,0,1.2438916293342797,65.99961422222222,107.73894995632281,0.20499425405184643,8.829584330724046,0.0027475986461199817,148.3450369444701,1.2258343604661863,0.37328413206682753,-4723.113405529696,90.5615856901677,0.13822109454612458,-136.53367104882477,-126.85052363195784
2025-01-01 09:28:00,1.463673128916284,0.2084466879956605,0.9006625,0.024394552148604736,0.0034741114665943415,0.015011041666666667,0.07114101601913252,0.29175919623048474,1.0507729166666668,0.05,0.0,0.9006625,0.0,0.19386335466232715,0,0.01458333333333334,1,0,0,Off,0,0,Off,0,0,Off,0.03594136924459241,0.0269560269334443,On,0,0,Off,0.0025131464729532165,0.0,On,0.0686278695461793,0,On,0.033274723347381775,0,On,0.22254310363851054,0.16690732772888286,On,On,17415.9303113141,20.000000000000057,0.8,4751.49537424146,26.39581596111111,1.0507729166666668,1,21116.65276888889,21116.65276888889,Off,0.0,23.888888888888914,0,0.0,0.05,0.0,0.0,0,0,0,11489.55984,Off,0.0,0,84.33677058889131,51.666666666666686,46.10666666666668,0.0,51.21573753695724,0.0,0.0,0.0,131.77620404514266,50.70012610232765,51.21573753695724,50.442320385012856,12.43753247303448,19.283784770718917,-0.2162152292811399,7.972390022869344,-0.9460371706553193,-1.7,9.236100170605994,14213.88178749282,51.16976365606388,-264.14639922193714,-3711.947338817064,-0.0,-0.0,413.3218092171437,608.7104206677652,1.0,0.13365407172021562,0.0,0,1.250869875998944,65.99961422222222,96.57700577864014,0.2025499614213582,8.920835112739455,0.00274811145330619,148.64235883576427,1.2250148410296942,0.37403044716627487,-4788.247010274971,87.92139968957484,0.13834522891606407,-138.05429138223252,-126.0921078397046
2025-01-01 09:29:00,1.463673128916284,0.2084466879956605,0.9006625,0.024394552148604736,0.0034741114665943415,0.015011041666666667,0.07114101601913252,0.29175919623048474,1.0507729166666668,0.05,0.0,0.9006625,0.0,0.19386335466232715,0,0.01458333333333334,1,0,0,Off,0,0,Off,0,0,Off,0.03594136924459241,0.0269560269334443,On,0,0,Off,0.0025131464729532165,0.0,On,0.0686278695461793,0,On,0.033274723347381775,0,On,0.22254310363851054,0.16690732772888286,On,On,17415.9303113141,20.000000000000057,0.8,4751.49537424146,26.39581596111111,1.0507729166666668,1,21116.65276888889,21116.65276888889,Off,0.0,23.888888888888914,0,0.0,0.05,0.0,0.0,0,0,0,11489.55984,Off,0.0,0,83.78258697713552,51.666666666666686,46.10666666666668,0.0,51.1968333273186,0.0,0.0,0.0,130.91029215177426,50.68260576800473,51.1968333273186,50.425491988347794,12.43753247303448,19.47276431705846,-0.027235682941597616,8.078011141104664,-0.9383506510845487,-1.7,9.236100170605994,14150.503202057906,-12.354280130184634,-265.2166753847672,-3765.5284105799274,-0.0,-0.0,413.3218092171437,608.1312735430716,1.0,0.1343731741478538,0.0,0,1.2575999632526513,65.99961422222222,86.77949210658898,0.200218693245791,9.008291727156795,0.0027486256320399783,148.9182619845153,1.2242233307825356,0.37472979730042555,-4849.584659262014,85.7350048903695,0.13847008891426088,-139.58759847809696,-125.62907690667024
2025-01-01 09:30:00,1.463673128916284,0.2084466879956605,0.9006625,0.024394552148604736,0.0034741114665943415,0.015011041666666667,0.07114101601913252,0.29175919623048474,1.0507729166666668,0.05,0.0,0.9006625,0.0,0.19386335466232715,0,0.01458333333333334,1,0,0,Off,0,0,Off,0,0,Off,0.03594136924459241,0.0269560269334443,On,0,0,Off,0.0025131464729532165,0.0,On,0.0686278695461793,0,On,0.033274723347381775,0,On,0.22254310363851054,0.16690732772888286,On,On,17415.9303113141,20.000000000000057,0.8,4751.49537424146,26.39581596111111,1.0507729166666668,1,21116.65276888889,21116.65276888889,Off,0.0,23.888888888888914,0,0.0,0.05,0.0,0.0,0,0,0,11489.55984,Off,0.0,0,83.18072193644818,51.666666666666686,46.10666666666668,0.0,51.17805207838312,0.13652078885017582,368.7235230050063,0.0,129.96987802570027,50.6652005611889,51.17805207838312,50.40877480259179,12.43753247303448,19.655745921774592,0.0,8.1773388617667,-0.9306278818993912,0.0,9.236100170605994,14738.001925230214,922.3368440502295,47.762707533204434,-3321.495645887452,-0.0,-0.0,413.3218092171437,1226.261794957039,1.0,0.12854497977715082,0.0,0,1.2030538302695866,65.99961422222222,230.2454505864216,0.19799148589702645,9.093624088210888,0.0027491410982233675,283.72705162084065,1.2234579025131829,0.36398715695871,-3912.7949796208795,83.6364494296489,0.1411870866335928,172.72693803961147,-124.96423050640703
2025-01-01 09:31:00,1.463673128916284,0.2084466879956605,0.9006625,0.024394552148604736,0.0034741114665943415,0.015011041666666667,0.07114101601913252,0.29175919623048474,1.0507729166666668,0.05,0.0,0.9006625,0.0,0.19386335466232715,0,0.01458333333333334,1,0,0,Off,0,0,Off,0,0,Off,0.03594136924459241,0.0269560269334443,On,0,0,Off,0.0025131464729532165,0.0,On,0.0686278695461793,0,On,0.033274723347381775,0,On,0.22254310363851054,0.16690732772888286,On,On,17415.9303113141,20.000000000000057,0.8,4751.49537424146,26.39581596111111,1.0507729166666668,1,21116.65276888889,21116.65276888889,Off,0.0,23.888888888888914,0,0.0,0.05,0.0,0.0,0,0,0,11489.55984,Off,0.0,0,82.49732629965577,51.666666666666686,46.10666666666668,0.0,51.152037628859134,0.1366125248327545,368.72352300500626,0.0,128.90207234321213,50.598896669875565,51.152037628859134,50.322326190383784,12.43753247303448,19.845358858290712,0.0,8.306753479451535,-0.9108951388222072,0.0,9.236100170605994,14668.361057768547,848.0463505758075,44.31729820008589,-3372.7267918405973,-0.0,-0.0,413.3218092171437,1226.3122698447883,1.0,0.12928054326829677,0.0,0,1.2099379767914011,65.99961422222222,211.83572907790074,0.19574479814304918,9.181807201418167,0.00275012380643848,284.6233146237372,1.222665412450307,0.364867453726046,-3984.331688520845,80.88266485519217,0.14087250722567093,168.68779682749317,-124.37049862740729
2025-01-01 09:32:00,1.463673128916284,0.2084466879956605,0.9006625,0.024394552148604736,0.0034741114665943415,0.015011041666666667,0.07114101601913252,0.29175919623048474,1.0507729166666668,0.05,0.0,0.9006625,0.0,0.19386335466232715,0,0.01458333333333334,1,0,0,Off,0,0,Off,0,0,Off,0.03594136924459241,0.0269560269334443,On,0,0,Off,0.0025131464729532165,0.0,On,0.0686278695461793,0,On,0.033274723347381775,0,On,0.22254310363851054,0.16690732772888286,On,On,17415.9303113141,20.000000000000057,0.8,4751.49537424146,26.39581596111111,1.0507729166666668,1,21116.65276888889,21116.65276888889,Off,0.0,23.888888888888914,0,0.0,0.05,0.0,0.0,0,0,0,11489.55984,Off,0.0,0,81.82924456959834,51.666666666666686,46.10666666666668,0.0,51.126148400343666,0.13670394172086742,368.7235230050063,0.0,127.85819463999741,50.53273474890266,51.126148400343666,50.236027923182164,12.43753247303448,20.029405834757345,0.0,8.428820191721007,-0.8911943400564865,0.0,9.236100170605994,14604.770227964214,777.7983665356696,41.94102576990291,-3422.752710058516,-0.0,-0.0,413.3218092171437,1226.3162872962068,1.0,0.12999253682366466,0.0,0,1.2166015320340684,65.99961422222222,198.27081749148718,0.19359389603356603,9.267417843624079,0.0027511102578923925,285.47175599588945,1.2218971417556326,0.3656958270143024,-4052.0596641801535,78.36265647436333,0.1405577347306814,164.67065255494862,-122.72962678504571
2025-01-01 09:33:00,0.4129002122496172,0.2084466879956605,0.0,0.006881670204160286,0.0034741114665943415,0.0,0.07114101601913252,0.29175919623048474,0.0,0.05,0.0,0.0,0.0,0.19386335466232715,0,0.01458333333333334,1,0,0,Off,0,0,Off,0,0,Off,0.03594136924459241,0.0269560269334443,On,0,0,Off,0.0025131464729532165,0.0,On,0.0686278695461793,0,On,0.033274723347381775,0,On,0.22254310363851054,0.16690732772888286,On,Off,0.0,20.000000000000057,0.0,0.0,0.0,0.0,0,0.0,21116.65276888889,Off,0.0,23.888888888888914,0,0.0,0.05,0.0,0.0,0,0,0,11489.55984,Off,0.0,0,81.1757119436783,51.666666666666686,46.10666666666668,0.0,51.10038102961041,0.1367950498848679,368.72352300500626,0.0,126.83704991199733,50.46671161692042,51.10038102961041,50.14987691057543,12.43753247303448,20.20816870281692,0.0,8.544059435099634,-0.8712882844544875,0.0,9.236100170605994,-2869.802269041346,-4040.2277205564683,40.566857073441156,-3471.6231175310413,-0.0,-0.0,413.3218092171437,1226.2752908998507,1.0,0.1306822415868765,0.0,0,1.2230564862343465,65.99961422222222,188.49903927255164,0.19153253368410877,9.350637013955748,0.0027521002719687847,286.2749079229075,1.221151827993058,0.3664761492358204,-4116.224125374118,75.9964048176493,0.1402389651148159,160.6273928040125,-120.06053573057133
2025-01-01 09:34:00,0.4129002122496172,0.2084466879956605,0.0,0.006881670204160286,0.0034741114665943415,0.0,0.07114101601913252,0.29175919623048474,0.0,0.05,0.0,0.0,0.0,0.19386335466232715,0,0.01458333333333334,1,0,0,Off,0,0,Off,0,0,Off,0.03594136924459241,0.0269560269334443,On,0,0,Off,0.0025131464729532165,0.0,On,0.0686278695461793,0,On,0.033274723347381775,0,On,0.22254310363851054,0.16690732772888286,On,Off,0.0,20.000000000000057,0.0,0.0,0.0,0.0,0,0.0,21116.65276888889,Off,0.0,23.888888888888914,0,0.0,0.05,0.0,0.0,0,0,0,11489.55984,Off,0.0,0,81.38451497032554,51.666666666666686,46.10666666666668,0.0,51.07473232203872,0.13688585916311435,368.7235230050063,0.0,127.16330464113366,50.4008242514611,51.07473232203872,50.06387021617229,12.43753247303448,20.06567821692473,0.0,8.481435739760762,-0.8509850800310106,0.0,9.236100170605994,-2822.0301170357243,-4003.8101600451346,39.822510998774476,-3432.646550459826,-0.0,-0.0,413.3218092171437,1226.1906565134798,1.0,0.13013262991518781,0.0,0,1.2179126647647547,65.99961422222222,197.29462420695785,0.19329820955592417,9.285971981906652,0.002753093677312407,284.8914758311891,1.221744523932426,0.36605231028315377,-4081.328629724327,77.51846967919256,0.1399130875336606,156.5198142701112,-116.69730327133672
2025-01-01 09:35:00,0.4129002122496172,0.2084466879956605,0.0,0.006881670204160286,0.0034741114665943415,0.0,0.07114101601913252,0.29175919623048474,0.0,0.05,0.0,0.0,0.0,0.19386335466232715,0,0.01458333333333334,1,0,0,Off,0,0,Off,0,0,Off,0.03594136924459241,0.0269560269334443,On,0,0,Off,0.0025131464729532165,0.0,On,0.0686278695461793,0,On,0.033274723347381775,0,On,0.22254310363851054,0.16690732772888286,On,Off,0.0,20.000000000000057,0.0,0.0,0.0,0.0,0,0.0,21116.65276888889,Off,0.0,23.888888888888914,0,0.0,0.05,0.0,0.0,0,0,0,11489.55984,Off,0.0,0,81.5797351155855,51.666666666666686,46.10666666666668,0.0,51.049012309907155,0.13697704204378067,368.72352300500626,0.0,127.46833611810234,50.33489350873218,51.049012309907155,49.9778341081447,12.43753247303448,19.928205787806476,0.0,8.422763595899852,-0.8301442632097433,0.0,9.236100170605994,-2776.883269494841,-3969.9833992481094,39.51266083581879,-3395.2091137150837,-0.0,-0.0,413.3218092171437,1226.0636967576763,1.0,0.12960128009894398,0.0,0,1.2129397561941253,65.99961422222222,205.004035003099,0.19502099441421894,9.224609632828718,0.002754081802400344,283.5458163928402,1.222316871350109,0.36565476978376665,-4048.6934204144795,78.71002116636998,0.13957778965539516,152.32069939418753,-112.80803855836874
2025-01-01 09:36:00,0.4129002122496172,0.2084466879956605,0.0,0.006881670204160286,0.0034741114665943415,0.0,0.07114101601913252,0.29175919623048474,0.0,0.05,0.0,0.0,0.0,0.19386335466232715,0,0.01458333333333334,1,0,0,Off,0,0,Off,0,0,Off,0.03594136924459241,0.0269560269334443,On,0,0,Off,0.0025131464729532165,0.0,On,0.0686278695461793,0,On,0.033274723347381775,0,On,0.22254310363851054,0.16690732772888286,On,Off,0.0,20.000000000000057,0.0,0.0,0.0,0.0,0,0.0,21116.65276888889,Off,0.0,23.888888888888914,0,0.0,0.05,0.0,0.0,0,0,0,11489.55984,Off,0.0,0,81.76243098336894,51.666666666666686,46.10666666666668,0.0,51.02322400317982,0.13706858908712102,368.7235230050063,0.0,127.75379841151397,50.26892221047585,51.02322400317982,49.89177131412387,12.43753247303448,19.795359705962223,0.0,8.367656037810889,-0.8086647637719829,0.0,9.236100170605994,-2733.2014123599633,-3938.276069178094,39.467663564366205,-3359.18726745822,-0.0,-0.0,413.3218092171437,1225.895665251694,1.0,0.1290867836960681,0.0,0,1.2081245788981094,65.99961422222222,212.66404588111297,0.19670405571474267,9.16419342869137,0.002755064799665569,282.2351964416389,1.222870447223089,0.3652809875648626,-4018.0924554738626,79.81638629576912,0.1392313713584592,148.01122674160047,-108.54356317723426
2025-01-01 09:37:00,0.4129002122496172,0.2084466879956605,0.0,0.006881670204160286,0.0034741114665943415,0.0,0.07114101601913252,0.29175919623048474,0.0,0.05,0.0,0.0,0.0,0.19386335466232715,0,0.01458333333333334,1,0,0,Off,0,0,Off,0,0,Off,0.03594136924459241,0.0269560269334443,On,0,0,Off,0.0025131464729532165,0.0,On,0.0686278695461793,0,On,0.033274723347381775,0,On,0.22254310363851054,0.16690732772888286,On,Off,0.0,20.000000000000057,0.0,0.0,0.0,0.0,0,0.0,21116.65276888889,Off,0.0,23.888888888888914,0,0.0,0.05,0.0,0.0,0,0,0,11489.55984,Off,0.0,0,81.93339719846816,51.666666666666686,46.10666666666668,0.0,50.99737017848474,0.13716049163350957,368.7235230050063,0.0,128.0209331226065,50.20291295851723,50.99737017848474,49.80568434853348,12.43753247303448,19.66684642546126,0.0,8.315806417320243,-0.7864781575397274,0.0,9.236100170605994,-2691.1158482513997,-3908.4607281067574,39.561509792246284,-3324.486246891088,-0.0,-0.0,413.3218092171437,1225.6877605360394,1.0,0.12858809921224384,0.0,0,1.203457385520345,65.99961422222222,220.04858942254415,0.1983495579222171,9.106720399730975,0.0027560428103387585,280.9575501556741,1.2234064261108624,0.3649289536384874,-3989.3462347387863,80.88550663202903,0.13887264166583468,143.57948791307936,-104.01797812083308
2025-01-01 09:38:00,0.4129002122496172,0.2084466879956605,0.0,0.006881670204160286,0.0034741114665943415,0.0,0.07114101601913252,0.29175919623048474,0.0,0.05,0.0,0.0,0.0,0.19386335466232715,0,0.01458333333333334,1,0,0,Off,0,0,Off,0,0,Off,0.03594136924459241,0.0269560269334443,On,0,0,Off,0.0025131464729532165,0.0,On,0.0686278695461793,0,On,0.033274723347381775,0,On,0.22254310363851054,0.16690732772888286,On,Off,0.0,20.000000000000057,0.0,0.0,0.0,0.0,0,0.0,21116.65276888889,Off,0.0,23.888888888888914,0,0.0,0.05,0.0,0.0,0,0,0,11489.55984,Off,0.0,0,82.09330065043326,51.666666666666686,46.10666666666668,0.0,50.971453437278704,0.1372527416012369,368.7235230050063,0.0,128.27078226630198,50.13686818960408,50.971453437278704,49.719575565766775,12.43753247303448,19.542419841283373,0.0,8.26696008094799,-0.7635390879572452,0.0,9.236100170605994,-2650.578283076695,-3880.413030298293,39.711425696868446,-3291.025780649859,-0.0,-0.0,413.3218092171437,1225.4411297245301,1.0,0.12810435897012953,0.0,0,1.1989300554593805,65.99961422222222,227.1256883560204,0.19995923026572243,9.049936425959059,0.002757015967139607,279.71113441649493,1.223925790048176,0.36459699962193004,-3962.3056021033417,81.89257180504877,0.1385007686394781,139.01846729398042,-99.30704159711198
2025-01-01 09:39:00,0.4129002122496172,0.2084466879956605,0.0,0.006881670204160286,0.0034741114665943415,0.0,0.07114101601913252,0.29175919623048474,0.0,0.05,0.0,0.0,0.0,0.19386335466232715,0,0.01458333333333334,1,0,0,Off,0,0,Off,0,0,Off,0.03594136924459241,0.0269560269334443,On,0,0,Off,0.0025131464729532165,0.0,On,0.0686278695461793,0,On,0.033274723347381775,0,On,0.22254310363851054,0.16690732772888286,On,Off,0.0,20.000000000000057,0.0,0.0,0.0,0.0,0,0.0,21116.65276888889,Off,0.0,23.888888888888914,0,0.0,0.05,0.0,0.0,0,0,0,11489.55984,Off,0.0,0,82.24271605866336,51.666666666666686,46.10666666666668,0.0,50.94547623399457,0.1373453313897754,368.72352300500626,0.0,128.5042438416615,50.07079020194283,50.94547623399457,49.633447185916964,12.43753247303448,19.421868061064387,-0.07813193893566961,8.220897769534107,-0.7398181833939178,0.0,9.236100170605994,-2611.5397299613937,-3854.0037429200424,39.85663317277448,-3258.736208972605,-0.0,-0.0,413.3218092171437,1225.156871905797,1.0,0.12763481969420662,0.0,0,1.194535632391748,65.99961422222222,233.8746697940673,0.20153450131751247,8.995857032831122,0.0027579843955919474,278.49443909539855,1.2244293827608455,0.3642836883913591,-3936.8422268233944,82.8384839033519,0.13811516799210402,134.32455634386022,-94.46792317108574
2025-01-01 09:40:00,0.4129002122496172,0.2084466879956605,0.0,0.006881670204160286,0.0034741114665943415,0.0,0.07114101601913252,0.29175919623048474,0.0,0.05,0.0,0.0,0.0,0.19386335466232715,0,0.01458333333333334,1,0,0,Off,0,0,Off,0,0,Off,0.03594136924459241,0.0269560269334443,On,0,0,Off,0.0025131464729532165,0.0,On,0.0686278695461793,0,On,0.033274723347381775,0,On,0.22254310363851054,0.16690732772888286,On,Off,0.0,20.000000000000057,0.0,0.0,0.0,0.0,0,0.0,21116.65276888889,Off,0.0,23.888888888888914,0,0.0,0.05,0.0,0.0,0,0,0,11489.55984,Off,0.0,0,82.38215345975233,51.666666666666686,46.10666666666668,0.0,50.91944089635232,0.1374382538102797,368.72352300500626,0.0,128.72211478086302,50.004681174346246,50.91944089635232,49.54730131334321,12.43753247303448,19.305003179758135,-0.1949968202419221,8.177427313944044,-0.7152984948943296,0.0,9.236100170605994,-2573.9450250976993,-3829.11942355604,39.94853032562773,-3227.5555098374903,-0.0,-0.0,413.3218092171437,1224.8360413136493,1.0,0.12717882413278758,0.0,0,1.190267965091927,65.99961422222222,240.28867552264737,0.2030766058100339,8.942979064698447,0.002758948214976964,277.30611768286553,1.224917951661657,0.36398775935014954,-3912.8437789879226,83.7243554318824,0.13771544770995606,129.4967911773082,-89.54826085168048
2025-01-01 09:41:00,1.463673128916284,0.2084466879956605,0.9006625,0.024394552148604736,0.0034741114665943415,0.015011041666666667,0.07114101601913252,0.29175919623048474,1.0507729166666668,0.05,0.0,0.9006625,0.0,0.19386335466232715,0,0.01458333333333334,1,0,0,Off,0,0,Off,0,0,Off,0.03594136924459241,0.0269560269334443,On,0,0,Off,0.0025131464729532165,0.0,On,0.0686278695461793,0,On,0.033274723347381775,0,On,0.22254310363851054,0.16690732772888286,On,On,17415.9303113141,20.000000000000057,0.8,4751.49537424146,26.39581596111111,1.0507729166666668,1,21116.65276888889,21116.65276888889,Off,0.0,23.888888888888914,0,0.0,0.05,0.0,0.0,0,0,0,11489.55984,Off,0.0,0,82.51207516075327,51.666666666666686,46.10666666666668,0.0,50.89334963961372,0.13753150203720818,368.7235230050063,0.0,128.92511743867698,49.9385431796708,50.89334963961372,49.46113994969935,12.43753247303448,19.19165497479517,-0.30834502520488627,8.136377248210318,-0.6899733965402439,0.0,9.236100170605994,14878.1952657533,945.8367372487346,39.94765453449973,-3197.4274450102416,-0.0,-0.0,413.3218092171437,1224.4796502800752,1.0,0.1267357775060163,0.0,0,1.1861214870089303,65.99961422222222,246.37059023229807,0.20458664906592658,8.891225167238499,0.0027599075390071655,276.14494455131774,1.225392173676093,0.3637080862863495,-3890.210225313704,84.55158832097845,0.13730137597657083,124.53639015422604,-84.5887356197263
2025-01-01 09:42:00,1.463673128916284,0.2084466879956605,0.9006625,0.024394552148604736,0.0034741114665943415,0.015011041666666667,0.07114101601913252,0.29175919623048474,1.0507729166666668,0.05,0.0,0.9006625,0.0,0.19386335466232715,0,0.01458333333333334,1,0,0,Off,0,0,Off,0,0,Off,0.03594136924459241,0.0269560269334443,On,0,0,Off,0.0025131464729532165,0.0,On,0.0686278695461793,0,On,0.033274723347381775,0,On,0.22254310363851054,0.16690732772888286,On,On,17415.9303113141,20.000000000000057,0.8,4751.49537424146,26.39581596111111,1.0507729166666668,1,21116.65276888889,21116.65276888889,Off,0.0,23.888888888888914,0,0.0,0.05,0.0,0.0,0,0,0,11489.55984,Off,0.0,0,81.78441908207279,51.666666666666686,46.10666666666668,0.0,50.86720457710156,0.13762506957295026,368.72352300500626,0.0,127.78815481573872,49.87237819473214,50.86720457710156,49.37496500354744,12.43753247303448,19.39789433417537,-0.10210566582468772,8.269085801460916,-0.6638449326750797,0.0,9.236100170605994,14812.026191080518,869.5891654152524,39.82248496095377,-3252.330035556555,-0.0,-0.0,413.3218092171437,1224.0886719956495,1.0,0.12754134221445013,0.0,0,1.1936607756664217,65.99961422222222,235.10410610582994,0.20204507343333153,8.987643753475021,0.0027608624763278337,277.1542996758414,1.2245275954128916,0.3646114520610514,-3963.481551668768,81.57534284256037,0.13687285612344077,119.44638535501225,-79.62390039405848
2025-01-01 09:43:00,1.463673128916284,0.2084466879956605,0.9006625,0.024394552148604736,0.0034741114665943415,0.015011041666666667,0.07114101601913252,0.29175919623048474,1.0507729166666668,0.05,0.0,0.9006625,0.0,0.19386335466232715,0,0.01458333333333334,1,0,0,Off,0,0,Off,0,0,Off,0.03594136924459241,0.0269560269334443,On,0,0,Off,0.0025131464729532165,0.0,On,0.0686278695461793,0,On,0.033274723347381775,0,On,0.22254310363851054,0.16690732772888286,On,On,17415.9303113141,20.000000000000057,0.8,4751.49537424146,26.39581596111111,1.0507729166666668,1,21116.65276888889,21116.65276888889,Off,0.0,23.888888888888914,0,0.0,0.05,0.0,0.0,0,0,0,11489.55984,Off,0.0,0,81.07479318018046,51.666666666666686,46.10666666666668,0.0,50.84119465596325,0.13771827988162333,368.72352300500626,0.0,126.67936434403197,49.80636437491021,50.84119465596325,49.28894923438369,12.43753247303448,19.597564608652362,0.0,8.394046797444396,-0.6369223609086885,0.0,9.236100170605994,14748.616989021077,797.8437434837178,39.548476977447194,-3305.8385071138487,-0.0,-0.0,413.3218092171437,1223.6640430801767,1.0,0.12831885971884793,0.0,0,1.2009375702436123,65.99961422222222,225.20337560368137,0.19962089895994137,9.080873373251574,0.002761821580799605,278.10843745438433,1.2236916905431394,0.36546003787584547,-4032.7408876942486,79.08925693650622,0.13642990456881038,114.23129733571987,-74.68282035827268
2025-01-01 09:44:00,1.463673128916284,0.2084466879956605,0.9006625,0.024394552148604736,0.0034741114665943415,0.015011041666666667,0.07114101601913252,0.29175919623048474,1.0507729166666668,0.05,0.0,0.9006625,0.0,0.19386335466232715,0,0.01458333333333334,1,0,0,Off,0,0,Off,0,0,Off,0.03594136924459241,0.0269560269334443,On,0,0,Off,0.0025131464729532165,0.0,On,0.0686278695461793,0,On,0.033274723347381775,0,On,0.22254310363851054,0.16690732772888286,On,On,17415.9303113141,20.000000000000057,0.8,4751.49537424146,26.39581596111111,1.0507729166666668,1,21116.65276888889,21116.65276888889,Off,0.0,23.888888888888914,0,0.0,0.05,0.0,0.0,0,0,0,11489.55984,Off,0.0,0,80.38201362056672,51.666666666666686,46.10666666666668,0.0,50.81531591410322,0.13781114547976128,368.7235230050063,0.0,125.5968962821355,49.74049797457041,50.81531591410322,49.20308900480401,12.43753247303448,19.791103255814477,0.0,8.511883850964796,-0.6092208654773281,0.0,9.236100170605994,14686.66080201506,729.9204396402406,39.10710707472889,-3358.035645065104,-0.0,-0.0,413.3218092171437,1223.206665667993,1.0,0.12907028220340205,0.0,0,1.2079701412530808,65.99961422222222,215.44432654892069,0.1973048920462086,9.171184781190554,0.0027627846445271256,279.011046063955,1.22288251818456,0.36625844522883727,-4098.287050984573,76.71211638335393,0.13597263134252285,108.89684788615168,-69.78974081142279
2025-01-01 09:45:00,1.4655084647493768,0.2084466879956605,0.9006625,0.02442514107915628,0.0034741114665943415,0.015011041666666667,0.06935516067778212,0.2953803874049277,1.0507729166666668,0.05,0.0,0.9006625,0.0,0.19386335466232715,0,0.01458333333333334,1,0,0,Off,0,0,Off,0,0,Off,0.03594136924459241,0.0269560269334443,On,0,0,Off,0.0025131464729532165,0.0,On,0.06684201420482891,0,On,0.03689591452182477,0,On,0.22254310363851054,0.16690732772888286,On,On,17415.9303113141,20.000000000000057,0.8,4751.49537424146,26.39581596111111,1.0507729166666668,1,21116.65276888889,21116.65276888889,Off,0.0,23.888888888888914,0,0.0,0.05,0.0,0.0,0,0,0,11489.55984,Off,0.0,0,79.5138446004504,51.666666666666686,46.10666666666668,0.0,50.78956465036892,0.5496039658833878,1469.5178073589555,0.0,124.24038218820374,49.674775494010944,50.78956465036892,49.11738091583196,12.43753247303448,19.978848554979027,0.0,8.6231154641226,-0.580760439017936,0.0,9.236100170605994,14628.156885146836,665.6077251051975,38.484985465804996,-3408.9814526234964,-0.0,-0.0,415.1571450502363,1222.7174109016435,1.0,0.1297971468201894,0.0,0,1.2147728749174325,65.99961422222222,206.05088140599662,0.19508950777612952,9.258792391360902,0.002763751473224952,279.86507184850694,1.222098564412054,0.36701050372123734,-4160.367860416525,74.4802112802627,0.13550122317835425,103.44971011959147,-64.96472465378648
2025-01-01 09:46:00,1.4655084647493768,0.2084466879956605,0.9006625,0.02442514107915628,0.0034741114665943415,0.015011041666666667,0.06935516067778212,0.2953803874049277,1.0507729166666668,0.05,0.0,0.9006625,0.0,0.19386335466232715,0,0.01458333333333334,1,0,0,Off,0,0,Off,0,0,Off,0.03594136924459241,0.0269560269334443,On,0,0,Off,0.0025131464729532165,0.0,On,0.06684201420482891,0,On,0.03689591452182477,0,On,0.22254310363851054,0.16690732772888286,On,On,17415.9303113141,20.000000000000057,0.8,4751.49537424146,26.39581596111111,1.0507729166666668,1,21116.65276888889,21116.65276888889,Off,0.0,23.888888888888914,0,0.0,0.05,0.0,0.0,0,0,0,11489.55984,Off,0.0,0,78.46954316665128,51.666666666666686,46.10666666666668,0.0,50.7419869436902,0.5502866252930995,1469.5178073589561,0.0,122.60866119789262,49.46287702180123,50.7419869436902,48.82332206085675,12.43753247303448,20.16112560188868,0.0,8.728195039597228,-0.5515649198451336,0.0,9.236100170605994,14569.416462148682,604.6840505287055,37.67307098421932,-3458.7356403399544,-0.0,-0.0,415.1571450502363,1222.1971191839407,1.0,0.1305009148742466,0.0,0,1.2213594476060174,65.99961422222222,197.06464612429795,0.1929677476352049,9.343178921827594,0.002764721883392991,280.67331059869315,1.221338380791427,0.3677195542431778,-4219.200898459007,72.3895747462521,0.13501592897782824,97.89729302957359,-60.22422204535427
2025-01-01 09:47:00,0.41473554808270985,0.2084466879956605,0.0,0.006912259134711831,0.0034741114665943415,0.0,0.06935516067778212,0.2953803874049277,0.0,0.05,0.0,0.0,0.0,0.19386335466232715,0,0.01458333333333334,1,0,0,Off,0,0,Off,0,0,Off,0.03594136924459241,0.0269560269334443,On,0,0,Off,0.0025131464729532165,0.0,On,0.06684201420482891,0,On,0.03689591452182477,0,On,0.22254310363851054,0.16690732772888286,On,Off,0.0,20.000000000000057,0.0,0.0,0.0,0.0,0,0.0,21116.65276888889,Off,0.0,23.888888888888914,0,0.0,0.05,0.0,0.0,0,0,0,11489.55984,Off,0.0,0,77.43988911011562,51.666666666666686,46.10666666666668,0.0,50.694535971763884,0.5509691574524485,1469.517807358956,0.0,120.99982673455565,49.25119549541629,50.694535971763884,48.529525257242504,12.43753247303448,20.338157855276176,0.0,8.827525573103028,-0.5216611664925223,0.0,9.236100170605994,-2903.6674131240666,-4204.543770207501,36.66598895246535,-3507.3329771898593,-0.0,-0.0,415.1571450502363,1221.646603348986,1.0,0.13118263414987785,0.0,0,1.227739665543261,65.99961422222222,188.5084190155566,0.19093416206711808,9.425204567792601,0.002765695701811038,281.4378279566583,1.2206009513171212,0.3683885569017577,-4274.980650427286,70.43688021978383,0.1345170473616117,92.24755661931565,-55.5815676668503
2025-01-01 09:48:00,0.41473554808270985,0.2084466879956605,0.0,0.006912259134711831,0.0034741114665943415,0.0,0.06935516067778212,0.2953803874049277,0.0,0.05,0.0,0.0,0.0,0.19386335466232715,0,0.01458333333333334,1,0,0,Off,0,0,Off,0,0,Off,0.03594136924459241,0.0269560269334443,On,0,0,Off,0.0025131464729532165,0.0,On,0.06684201420482891,0,On,0.03689591452182477,0,On,0.22254310363851054,0.16690732772888286,On,Off,0.0,20.000000000000057,0.0,0.0,0.0,0.0,0,0.0,21116.65276888889,Off,0.0,23.888888888888914,0,0.0,0.05,0.0,0.0,0,0,0,11489.55984,Off,0.0,0,77.27273541767543,51.666666666666686,46.10666666666668,0.0,50.64720856440064,0.5516516008653939,1469.517807358956,0.0,120.73864909011786,49.03972787197288,50.64720856440064,48.235987525759,12.43753247303448,20.193951289255192,0.0,8.74997740378951,-0.49107835169296415,0.0,9.236100170605994,-2855.1171178306336,-4159.070548627038,35.46144073932811,-3467.7262361688704,-0.0,-0.0,415.1571450502363,1221.066650195803,1.0,0.13062745402134646,0.0,0,1.2225437288269678,65.99961422222222,197.45197328800083,0.19271159601626994,9.36046241353699,0.0027666727627206483,280.0740540362106,1.221200273165395,0.3678663651382335,-4231.419178700566,72.34863007352794,0.13400491602995335,86.50885381660487,-51.04741307727676
2025-01-01 09:49:00,0.41473554808270985,0.2084466879956605,0.0,0.006912259134711831,0.0034741114665943415,0.0,0.06935516067778212,0.2953803874049277,0.0,0.05,0.0,0.0,0.0,0.19386335466232715,0,0.01458333333333334,1,0,0,Off,0,0,Off,0,0,Off,0.03594136924459241,0.0269560269334443,On,0,0,Off,0.0025131464729532165,0.0,On,0.06684201420482891,0,On,0.03689591452182477,0,On,0.22254310363851054,0.16690732772888286,On,Off,0.0,20.000000000000057,0.0,0.0,0.0,0.0,0,0.0,21116.65276888889,Off,0.0,23.888888888888914,0,0.0,0.05,0.0,0.0,0,0,0,11489.55984,Off,0.0,0,77.09213428821647,51.666666666666686,46.10666666666668,0.0,50.59981476364531,0.5523366978902176,1469.5178073589561,0.0,120.45645982533824,48.828294973460885,50.59981476364531,47.94253507836867,12.43753247303448,20.054788189372058,0.0,8.677312571452973,-0.4598473601795851,0.0,9.236100170605994,-2809.379565390117,-4116.769197037361,34.059694179182344,-3429.674934717657,-0.0,-0.0,415.1571450502363,1220.4580222037744,1.0,0.13009057774341692,0.0,0,1.2175190980427573,65.99961422222222,205.1382242773039,0.19444638637259215,9.29758625284258,0.0027676446118659495,278.74728744827314,1.2217791720006823,0.3673763830492669,-4190.689784010715,73.92058697335392,0.13347990268870877,80.68979583756273,-46.63010165838038
2025-01-01 09:50:00,0.41473554808270985,0.2084466879956605,0.0,0.006912259134711831,0.0034741114665943415,0.0,0.06935516067778212,0.2953803874049277,0.0,0.05,0.0,0.0,0.0,0.19386335466232715,0,0.01458333333333334,1,0,0,Off,0,0,Off,0,0,Off,0.03594136924459241,0.0269560269334443,On,0,0,Off,0.0025131464729532165,0.0,On,0.06684201420482891,0,On,0.03689591452182477,0,On,0.22254310363851054,0.16690732772888286,On,Off,0.0,20.000000000000057,0.0,0.0,0.0,0.0,0,0.0,21116.65276888889,Off,0.0,23.888888888888914,0,0.0,0.05,0.0,0.0,0,0,0,11489.55984,Off,0.0,0,76.89911366158252,51.666666666666686,46.10666666666668,0.0,50.55235759564838,0.5530244180982553,1469.5178073589561,0.0,120.1548650962227,48.61689959348493,50.55235759564838,47.64917059240321,12.43753247303448,19.92028824772744,0.0,8.609070475761133,-0.4280002768136055,0.0,9.236100170605994,-2765.110443959115,-4077.170325762856,32.46314303614769,-3393.0579426985832,-0.0,-0.0,415.1571450502363,1219.8214591382477,1.0,0.12957064483857827,0.0,0,1.2126530404671623,65.99961422222222,212.7903536892319,0.1961415284570832,9.237104327364383,0.0027686113988716963,277.45494169490814,1.2223391749206243,0.3669156278643505,-4152.51787365305,75.34754789019352,0.1329423973315777,74.79913809031454,-42.33599505416685
2025-01-01 09:51:00,0.41473554808270985,0.2084466879956605,0.0,0.006912259134711831,0.0034741114665943415,0.0,0.06935516067778212,0.2953803874049277,0.0,0.05,0.0,0.0,0.0,0.19386335466232715,0,0.01458333333333334,1,0,0,Off,0,0,Off,0,0,Off,0.03594136924459241,0.0269560269334443,On,0,0,Off,0.0025131464729532165,0.0,On,0.06684201420482891,0,On,0.03689591452182477,0,On,0.22254310363851054,0.16690732772888286,On,Off,0.0,20.000000000000057,0.0,0.0,0.0,0.0,0,0.0,21116.65276888889,Off,0.0,23.888888888888914,0,0.0,0.05,0.0,0.0,0,0,0,11489.55984,Off,0.0,0,76.69444414665763,51.666666666666686,46.10666666666668,0.0,50.50483985995187,0.5537147340133215,1469.5178073589557,0.0,119.83506897915254,48.40554431210282,50.50483985995187,47.3558965381783,12.43753247303448,19.790166848564116,0.0,8.544878673458445,-0.39556995301609504,0.0,9.236100170605994,-2722.442851917967,-4039.937264700592,30.67592490908433,-3357.7823124598062,-0.0,-0.0,415.1571450502363,1219.1576795472668,1.0,0.12906665178044943,0.0,0,1.2079361640861292,65.99961422222222,220.1823154916034,0.1977990450046759,9.17886844501431,0.002769573262727914,276.1950635102058,1.2228814171819433,0.36648169061620633,-4116.681051502678,76.74378680208628,0.13239280569255762,68.84568401027616,-38.16975910119183
2025-01-01 09:52:00,0.41473554808270985,0.2084466879956605,0.0,0.006912259134711831,0.0034741114665943415,0.0,0.06935516067778212,0.2953803874049277,0.0,0.05,0.0,0.0,0.0,0.19386335466232715,0,0.01458333333333334,1,0,0,Off,0,0,Off,0,0,Off,0.03594136924459241,0.0269560269334443,On,0,0,Off,0.0025131464729532165,0.0,On,0.06684201420482891,0,On,0.03689591452182477,0,On,0.22254310363851054,0.16690732772888286,On,Off,0.0,20.000000000000057,0.0,0.0,0.0,0.0,0,0.0,21116.65276888889,Off,0.0,23.888888888888914,0,0.0,0.05,0.0,0.0,0,0,0,11489.55984,Off,0.0,0,76.47877853730039,51.666666666666686,46.10666666666668,0.0,50.457264186189356,0.554407620321454,1469.517807358956,0.0,119.49809146453185,48.19423154928411,50.457264186189356,47.06271523083149,12.43753247303448,19.66418312488262,0.0,8.484426543081511,-0.3625896411018588,0.0,9.236100170605994,-2681.3441929466303,-4004.9505318120723,28.70359162410724,-3323.7686257752957,-0.0,-0.0,415.1571450502363,1218.4673821746378,1.0,0.128577754386928,0.0,0,1.2033605681904014,65.99961422222222,227.26728777842942,0.1994205681181099,9.122047105214522,0.002770530334348504,274.9659892768121,1.2234068570509897,0.3660725632835371,-4082.9937180847205,78.04318627264833,0.13183154370861735,62.83820454604126,-34.13461292193402
2025-01-01 09:53:00,0.41473554808270985,0.2084466879956605,0.0,0.006912259134711831,0.0034741114665943415,0.0,0.06935516067778212,0.2953803874049277,0.0,0.05,0.0,0.0,0.0,0.19386335466232715,0,0.01458333333333334,1,0,0,Off,0,0,Off,0,0,Off,0.03594136924459241,0.0269560269334443,On,0,0,Off,0.0025131464729532165,0.0,On,0.06684201420482891,0,On,0.03689591452182477,0,On,0.22254310363851054,0.16690732772888286,On,Off,0.0,20.000000000000057,0.0,0.0,0.0,0.0,0,0.0,21116.65276888889,Off,0.0,23.888888888888914,0,0.0,0.05,0.0,0.0,0,0,0,11489.55984,Off,0.0,0,76.25268434499536,51.666666666666686,46.10666666666668,0.0,50.40963306004758,0.5551030535181765,1469.5178073589557,0.0,119.14481928905525,47.98296358938531,50.40963306004758,46.769628854054176,12.43753247303448,19.542127858146213,0.0,8.427442971435568,-0.3290926874775958,0.0,9.236100170605994,-2641.7696269143257,-3972.003637754735,26.55282566336156,-3290.947420145813,-0.0,-0.0,415.1571450502363,1217.7512472714739,1.0,0.12810322274861985,0.0,0,1.1989194215502104,65.99961422222222,234.020648181251,0.20100746127296323,9.066543752083973,0.0027714827377562884,273.7662651664834,1.22391632531951,0.36568649134126746,-4051.294154973463,79.29051721872779,0.13125903285442356,56.785371291734464,-30.232545628372904
2025-01-01 09:54:00,0.41473554808270985,0.2084466879956605,0.0,0.006912259134711831,0.0034741114665943415,0.0,0.06935516067778212,0.2953803874049277,0.0,0.05,0.0,0.0,0.0,0.19386335466232715,0,0.01458333333333334,1,0,0,Off,0,0,Off,0,0,Off,0.03594136924459241,0.0269560269334443,On,0,0,Off,0.0025131464729532165,0.0,On,0.06684201420482891,0,On,0.03689591452182477,0,On,0.22254310363851054,0.16690732772888286,On,Off,0.0,20.000000000000057,0.0,0.0,0.0,0.0,0,0.0,21116.65276888889,Off,0.0,23.888888888888914,0,0.0,0.05,0.0,0.0,0,0,0,11489.55984,Off,0.0,0,76.01666848167021,51.666666666666686,46.10666666666668,0.0,50.36194884206001,0.5558010116555401,1469.517807358956,0.0,118.7760445026097,47.771742598866645,50.36194884206001,46.47663947726997,12.43753247303448,19.42381429690232,-0.07618570309773531,8.373690488095761,-0.29511227680370306,0.0,9.236100170605994,-2603.6625303302744,-3941.015207032851,24.2311967939086,-3259.2564957963004,-0.0,-0.0,415.1571450502363,1217.0099378302587,1.0,0.12764240690071918,0.0,0,1.1946066411380392,65.99961422222222,240.43682041578975,0.20256091393381628,9.012972022857955,0.002772430590945142,272.59458653281195,1.2244105629364817,0.3653219365352487,-4021.440921827243,80.4257147943924,0.1306756962290493,50.6957014953048,-26.4645047013962
2025-01-01 09:55:00,0.41473554808270985,0.2084466879956605,0.0,0.006912259134711831,0.0034741114665943415,0.0,0.06935516067778212,0.2953803874049277,0.0,0.05,0.0,0.0,0.0,0.19386335466232715,0,0.01458333333333334,1,0,0,Off,0,0,Off,0,0,Off,0.03594136924459241,0.0269560269334443,On,0,0,Off,0.0025131464729532165,0.0,On,0.06684201420482891,0,On,0.03689591452182477,0,On,0.22254310363851054,0.16690732772888286,On,Off,0.0,20.000000000000057,0.0,0.0,0.0,0.0,0,0.0,21116.65276888889,Off,0.0,23.888888888888914,0,0.0,0.05,0.0,0.0,0,0,0,11489.55984,Off,0.0,0,75.77119251959506,51.666666666666686,46.10666666666668,0.0,50.31421378096187,0.5565014741652856,1469.517807358956,0.0,118.39248831186728,47.56057063888119,50.31421378096187,46.18374906784086,12.43753247303448,19.30907248207247,-0.19092751792758733,8.322953985107938,-0.26068122021725676,0.0,9.236100170605994,-2566.9617749212734,-3911.7654938073865,21.74695378302073,-3228.639229620585,-0.0,-0.0,415.1571450502363,1216.2441002192627,1.0,0.1271947157245807,0.0,0,1.1904166946682118,65.99961422222222,246.52030964907547,0.20408199849962816,8.961243843397224,0.0027733740064974613,271.4497604893334,1.2248902441942096,0.3649775023554247,-3993.3063243817696,81.54083057438334,0.13008195529039915,44.57751337945968,-22.830559596438952
2025-01-01 09:56:00,1.4655084647493768,0.2084466879956605,1.3652353511809254,0.02442514107915628,0.0034741114665943415,0.022753922519682092,0.06935516067778212,0.2953803874049277,1.0507729166666668,0.05,0.4645728511809253,0.9006625,0.0,0.19386335466232715,0,0.01458333333333334,1,0,0,Off,0,0,Off,0,0,Off,0.03594136924459241,0.0269560269334443,On,0,0,Off,0.0025131464729532165,0.0,On,0.06684201420482891,0,On,0.03689591452182477,0,On,0.22254310363851054,0.16690732772888286,On,On,17415.9303113141,20.000000000000057,0.8,4751.49537424146,26.39581596111111,1.0507729166666668,1,21116.65276888889,21116.65276888889,Off,0.0,23.888888888888914,0,0.0,0.05,0.0,0.0,0,0,0,11489.55984,On,10550.56,0,77.34183847776367,51.666666666666686,46.10666666666668,0.0,50.26643002368288,0.557204421728886,1469.5178073589561,10550.56,120.84662262150573,47.34944967469382,50.26643002368288,45.890959500199294,12.43753247303448,19.19774558235576,-0.3022544176442956,8.27504146222378,-0.2258317815886432,0.0,9.236100170605994,14884.325236795727,867.2570328420097,19.108846709958588,-3199.0434680840567,-0.0,-0.0,415.1571450502363,1215.4543673293617,1.0,0.12675960342453038,0.0,0,1.1863444740332214,65.99961422222222,252.28124851544632,0.20557170574674907,8.910586154579763,0.0027743130920500516,270.3306817760194,1.2253559916397534,0.36465194061045353,-3966.7766229268386,82.53828152738826,0.12947822714686125,38.43889039580011,-19.33004368584152
2025-01-01 09:57:00,1.4655084647493768,0.2084466879956605,1.3652353511809254,0.02442514107915628,0.0034741114665943415,0.022753922519682092,0.06935516067778212,0.2953803874049277,1.0507729166666668,0.05,0.4645728511809253,0.9006625,0.0,0.19386335466232715,0,0.01458333333333334,1,0,0,Off,0,0,Off,0,0,Off,0.03594136924459241,0.0269560269334443,On,0,0,Off,0.0025131464729532165,0.0,On,0.06684201420482891,0,On,0.03689591452182477,0,On,0.22254310363851054,0.16690732772888286,On,On,17415.9303113141,20.000000000000057,0.8,4751.49537424146,26.39581596111111,1.0507729166666668,1,21116.65276888889,21116.65276888889,Off,0.0,23.888888888888914,0,0.0,0.05,0.0,0.0,0,0,0,11489.55984,On,10550.56,0,79.87920472370563,51.666666666666686,46.10666666666668,0.0,50.21863862831418,0.5579092601926035,1469.5178073589561,10550.56,124.81125738079004,48.54075445633502,50.21863862831418,47.70181237034545,12.43753247303448,19.405914920840964,-0.09408507915909325,8.401266963814408,-0.1905955365471266,0.0,9.236100170605994,14817.32191611547,794.4676185527164,16.325975781533366,-3254.472708259139,-0.0,-0.0,415.1571450502363,1214.6413565138803,1.0,0.1275726195610445,0.0,0,1.1939535006852144,65.99961422222222,240.7071680102717,0.20299180757783697,9.007948842647714,0.0027752479506618234,271.3235470365824,1.2244833938339375,0.36550900841629375,-4036.7505026437298,79.72274695498598,0.1288649223276207,32.28765319528657,-15.96167741375321
2025-01-01 09:58:00,1.4655084647493768,0.2084466879956605,1.3652353511809254,0.02442514107915628,0.0034741114665943415,0.022753922519682092,0.06935516067778212,0.2953803874049277,1.0507729166666668,0.05,0.4645728511809253,0.9006625,0.0,0.19386335466232715,0,0.01458333333333334,1,0,0,Off,0,0,Off,0,0,Off,0.03594136924459241,0.0269560269334443,On,0,0,Off,0.0025131464729532165,0.0,On,0.06684201420482891,0,On,0.03689591452182477,0,On,0.22254310363851054,0.16690732772888286,On,On,17415.9303113141,20.000000000000057,0.8,4751.49537424146,26.39581596111111,1.0507729166666668,1,21116.65276888889,21116.65276888889,Off,0.0,23.888888888888914,0,0.0,0.05,0.0,0.0,0,0,0,11489.55984,On,10550.56,0,82.43306660789531,51.666666666666686,46.10666666666668,0.0,50.171067431225715,0.5586126242268373,1469.517807358956,10550.56,128.80166657483642,49.731532119085884,50.171067431225715,49.511764463015965,12.43753247303448,19.607431889561138,0.0,8.520088922044298,-0.15500325959036004,0.0,9.236100170605994,14753.109089878006,726.024326997207,13.407661829337535,-3308.491807311213,-0.0,-0.0,415.1571450502363,1213.8056725705414,1.0,0.1283572225103513,0.0,0,1.2012966080165222,65.99961422222222,230.51344082488222,0.20053160837313982,9.102075692219646,0.002776186911454777,272.26195536290464,1.2236398382334719,0.36631397405112476,-4102.859558849515,77.38851160526265,0.12824244296188633,26.131338227374975,-12.72367639803744
2025-01-01 09:59:00,1.4655084647493768,0.2084466879956605,1.3652353511809254,0.02442514107915628,0.0034741114665943415,0.022753922519682092,0.06935516067778212,0.2953803874049277,1.0507729166666668,0.05,0.4645728511809253,0.9006625,0.0,0.19386335466232715,0,0.01458333333333334,1,0,0,Off,0,0,Off,0,0,Off,0.03594136924459241,0.0269560269334443,On,0,0,Off,0.0025131464729532165,0.0,On,0.06684201420482891,0,On,0.03689591452182477,0,On,0.22254310363851054,0.16690732772888286,On,On,17415.9303113141,20.000000000000057,0.8,4751.49537424146,26.39581596111111,1.0507729166666668,1,21116.65276888889,21116.65276888889,Off,0.0,23.888888888888914,0,0.0,0.05,0.0,0.0,0,0,0,11489.55984,On,10550.56,0,85.06697710085427,51.666666666666686,46.10666666666668,0.0,50.92177923610072,0.5477157735247534,1469.517807358956,10550.56,132.9171517200848,50.92177923610071,50.92177923610072,50.92177923610072,12.43753247303448,19.802740830174308,0.0,8.632112700189598,-0.11908483515945693,0.0,9.236100170605994,14690.379782143278,661.2504910545326,10.363336893083261,-3361.1846729365757,-0.0,-0.0,415.1571450502363,1212.9479081267707,1.0,0.12911539651198006,0.0,0,1.2083923665459613,65.99961422222222,220.4769987155171,0.19818165693005727,9.193241351394791,0.002777129769309358,273.14955602264354,1.2228233528468953,0.36707126842066357,-4165.398265958001,75.15338277107311,0.1276111813059052,19.97718200651985,-9.61384511343659
2025-01-01 10:00:00,1.4645313201283954,0.2077892239241131,0.9006625,0.024408855335473257,0.0034631537320685512,0.015011041666666667,0.069254634818864,0.2945037686428645,1.0507729166666668,0.05,0.0,0.9006625,0.0,0.19320589059077975,0,0.01458333333333334,1,0,0,Off,0,0,Off,0,0,Off,0.03506475048252919,0.026298562861896885,On,0,0,Off,0.0024126206140350874,0.0,On,0.06684201420482891,0,On,0.03689591452182477,0,On,0.22254310363851054,0.16690732772888286,On,On,17415.9303113141,20.000000000000057,0.8,4751.49537424146,26.39581596111111,1.0507729166666668,1,21116.65276888889,21116.65276888889,Off,0.0,23.888888888888914,0,0.0,0.05,0.0,0.0,0,0,0,11489.55984,Off,0.0,0,86.18106376625221,51.666666666666686,46.10666666666668,0.0,52.111479177878806,0.0,0.0,0.0,134.65791213476908,52.1114791778788,52.111479177878806,52.111479177878806,12.43753247303448,19.992185921014777,0.0,8.73783906960538,-0.08286918938110001,0.0,9.236100170605994,14628.31948530345,599.9401377711338,7.202454069784139,-3412.612257240716,-0.0,-0.0,414.18000042925496,1212.068644474407,1.0,0.1298487062351346,0.0,0,1.2152554200292198,65.99961422222222,210.8214308008094,0.19593422326440488,9.280947976102325,0.002778076332576352,273.9892680522834,1.2220323970442848,0.3677845612432354,-4224.609525206627,73.05428873630049,0.1269715185698269,13.832110252212047,-6.629656182427908
2025-01-01 10:01:00,1.4645313201283954,0.2077892239241131,0.9006625,0.024408855335473257,0.0034631537320685512,0.015011041666666667,0.069254634818864,0.2945037686428645,1.0507729166666668,0.05,0.0,0.9006625,0.0,0.19320589059077975,0,0.01458333333333334,1,0,0,Off,0,0,Off,0,0,Off,0.03506475048252919,0.026298562861896885,On,0,0,Off,0.0024126206140350874,0.0,On,0.06684201420482891,0,On,0.03689591452182477,0,On,0.22254310363851054,0.16690732772888286,On,On,17415.9303113141,20.000000000000057,0.8,4751.49537424146,26.39581596111111,1.0507729166666668,1,21116.65276888889,21116.65276888889,Off,0.0,23.888888888888914,0,0.0,0.05,0.0,0.0,0,0,0,11489.55984,Off,0.0,0,85.63961199170828,51.666666666666686,46.10666666666668,0.0,52.09249289664088,0.0,0.0,0.0,133.8118937370442,52.09357570542015,52.094117109809794,52.09249289664088,12.43753247303448,20.176046335299315,0.0,8.837704434281234,-0.04638423950917226,0.0,9.236100170605994,14568.87969926907,541.877621552334,3.9344126894201503,-3462.8211119636394,-0.0,-0.0,414.18000042925496,1211.1684523431838,1.0,0.1305584400863117,0.0,0,1.2218978266763787,65.99961422222222,201.59049948935365,0.19378275821493915,9.36608069654445,0.002779026420296005,274.78352750585685,1.2212657117168546,0.3684570440960804,-4280.705732808956,71.08798011983012,0.12632382400131492,7.702731187819311,-3.768318498399161
2025-01-01 10:02:00,0.4137584034617285,0.2077892239241131,0.0,0.006895973391028808,0.0034631537320685512,0.0,0.069254634818864,0.2945037686428645,0.0,0.05,0.0,0.0,0.0,0.19320589059077975,0,0.01458333333333334,1,0,0,Off,0,0,Off,0,0,Off,0.03506475048252919,0.026298562861896885,On,0,0,Off,0.0024126206140350874,0.0,On,0.06684201420482891,0,On,0.03689591452182477,0,On,0.22254310363851054,0.16690732772888286,On,Off,0.0,20.000000000000057,0.0,0.0,0.0,0.0,0,0.0,21116.65276888889,Off,0.0,23.888888888888914,0,0.0,0.05,0.0,0.0,0,0,0,11489.55984,Off,0.0,0,85.11269411833271,51.666666666666686,46.10666666666668,0.0,52.07362658187106,0.0,0.0,0.0,132.98858455989486,52.075784715524485,52.076863782351204,52.07362658187106,12.43753247303448,20.354602739128822,0.0,8.932095596600112,-0.009656858427859618,0.0,9.236100170605994,-2904.8777952592754,-4264.6243398648385,-715.9073367066128,-3511.8609971774804,-0.0,-0.0,414.18000042925496,1210.2478926412691,1.0,0.13124587105887314,0.0,0,1.2283315004458226,65.99961422222222,192.80320148895012,0.19172102631246865,9.448819505359026,0.002779979860371501,275.53472851681073,1.2205220404805217,0.3690915378926627,-4333.876071220613,69.25173135577504,0.12566845418762954,-714.8805009430341,-1.026835763578724
2025-01-01 10:03:00,0.4137584034617285,0.2077892239241131,0.0,0.006895973391028808,0.0034631537320685512,0.0,0.069254634818864,0.2945037686428645,0.0,0.05,0.0,0.0,0.0,0.19320589059077975,0,0.01458333333333334,1,0,0,Off,0,0,Off,0,0,Off,0.03506475048252919,0.026298562861896885,On,0,0,Off,0.0024126206140350874,0.0,On,0.06684201420482891,0,On,0.03689591452182477,0,On,0.22254310363851054,0.16690732772888286,On,Off,0.0,20.000000000000057,0.0,0.0,0.0,0.0,0,0.0,21116.65276888889,Off,0.0,23.888888888888914,0,0.0,0.05,0.0,0.0,0,0,0,11489.55984,Off,0.0,0,85.44815251545424,51.666666666666686,46.10666666666668,0.0,52.05487702694474,0.0,0.0,0.0,133.51273830539725,52.05810318888236,52.05971626985119,52.05487702694474,12.43753247303448,20.21186508548905,0.0,8.849867531560616,3.90513105987117e-05,0.0,9.236100170605994,-2856.9275021743265,-4216.276644240544,2.945123771505116,-3472.636552791211,-0.0,-0.0,414.18000042925496,1209.3075171326282,1.0,0.13069648392780278,0.0,0,1.2231897804542613,65.99961422222222,201.5290501876296,0.19348622230909884,9.384163347810873,0.0027809364894786433,274.2144262244847,1.2211151906715263,0.3685388652842119,-4287.54905469602,71.27241045547646,0.125496266881732,-0.006442515297679604,2.9515662868027954
2025-01-01 10:04:00,0.4137584034617285,0.2077892239241131,0.0,0.006895973391028808,0.0034631537320685512,0.0,0.069254634818864,0.2945037686428645,0.0,0.05,0.0,0.0,0.0,0.19320589059077975,0,0.01458333333333334,1,0,0,Off,0,0,Off,0,0,Off,0.03506475048252919,0.026298562861896885,On,0,0,Off,0.0024126206140350874,0.0,On,0.06684201420482891,0,On,0.03689591452182477,0,On,0.22254310363851054,0.16690732772888286,On,Off,0.0,20.000000000000057,0.0,0.0,0.0,0.0,0,0.0,21116.65276888889,Off,0.0,23.888888888888914,0,0.0,0.05,0.0,0.0,0,0,0,11489.55984,Off,0.0,0,85.77002742058416,51.666666666666686,46.10666666666668,0.0,52.0360542398483,0.0,0.0,0.0,134.01566784466274,52.040351973263206,52.04250083997067,52.0360542398483,12.43753247303448,20.074120141844123,0.0,8.77277776837366,0.03782494107677866,0.0,9.236100170605994,-2811.7607801571244,-4171.310143583738,-0.91662595907483,-3434.9508463635716,-0.0,-0.0,414.18000042925496,1208.347869078524,1.0,0.1301652240261213,0.0,0,1.2182177133949754,65.99961422222222,209.01006577719204,0.1952088462989593,9.322789975530881,0.0027818880721770045,272.92982469340893,1.2216881201039609,0.3680199745157345,-4244.216764055432,72.90662047169326,0.12617139460977725,-6.273764337274569,5.357138378199739
2025-01-01 10:05:00,0.4137584034617285,0.2077892239241131,0.0,0.006895973391028808,0.0034631537320685512,0.0,0.069254634818864,0.2945037686428645,0.0,0.05,0.0,0.0,0.0,0.19320589059077975,0,0.01458333333333334,1,0,0,Off,0,0,Off,0,0,Off,0.03506475048252919,0.026298562861896885,On,0,0,Off,0.0024126206140350874,0.0,On,0.06684201420482891,0,On,0.03689591452182477,0,On,0.22254310363851054,0.16690732772888286,On,Off,0.0,20.000000000000057,0.0,0.0,0.0,0.0,0,0.0,21116.65276888889,Off,0.0,23.888888888888914,0,0.0,0.05,0.0,0.0,0,0,0,11489.55984,Off,0.0,0,86.0793378839202,51.666666666666686,46.10666666666668,0.0,52.017161215346604,0.0,0.0,0.0,134.4989654436253,52.022533890536046,52.02522022813077,52.017161215346604,12.43753247303448,19.940990939898906,0.0,8.700348622729138,0.07575120226893796,0.0,9.236100170605994,-2768.035930946207,-4129.117634553174,-4.927669408650906,-3398.683947477855,-0.0,-0.0,414.18000042925496,1207.3694838384326,1.0,0.129650741985468,0.0,0,1.213402670515153,65.99961422222222,216.4680161023929,0.1968918955326921,9.263062319145552,0.00278283475286458,271.6784264138506,1.2222423429065299,0.36753178685133525,-4203.592405160192,74.47477060701871,0.1268454170542051,-12.63145410046371,7.703784691812804
2025-01-01 10:06:00,0.4137584034617285,0.2077892239241131,0.0,0.006895973391028808,0.0034631537320685512,0.0,0.069254634818864,0.2945037686428645,0.0,0.05,0.0,0.0,0.0,0.19320589059077975,0,0.01458333333333334,1,0,0,Off,0,0,Off,0,0,Off,0.03506475048252919,0.026298562861896885,On,0,0,Off,0.0024126206140350874,0.0,On,0.06684201420482891,0,On,0.03689591452182477,0,On,0.22254310363851054,0.16690732772888286,On,Off,0.0,20.000000000000057,0.0,0.0,0.0,0.0,0,0.0,21116.65276888889,Off,0.0,23.888888888888914,0,0.0,0.05,0.0,0.0,0,0,0,11489.55984,Off,0.0,0,86.37684649044883,51.666666666666686,46.10666666666668,0.0,51.998200723592014,0.0,0.0,0.0,134.9638226413263,52.00465155086983,52.007876964508746,51.998200723592014,12.43753247303448,19.812195882654258,0.0,8.6321960990847,0.11379313259855606,0.0,9.236100170605994,-2725.887847046472,-4089.486704596822,-9.122504790172549,-3363.743995700396,-0.0,-0.0,414.18000042925496,1206.3728887479604,1.0,0.12915204429099278,0.0,0,1.2087353534987662,65.99961422222222,223.67614822466928,0.1985373915740253,9.204846471093319,0.0027837766656672413,270.4583482783516,1.222778982623265,0.36707183162534285,-4165.444900941414,75.95819634459184,0.12751791621069747,-19.07551614924781,9.953011359075262
2025-01-01 10:07:00,0.4137584034617285,0.2077892239241131,0.0,0.006895973391028808,0.0034631537320685512,0.0,0.069254634818864,0.2945037686428645,0.0,0.05,0.0,0.0,0.0,0.19320589059077975,0,0.01458333333333334,1,0,0,Off,0,0,Off,0,0,Off,0.03506475048252919,0.026298562861896885,On,0,0,Off,0.0024126206140350874,0.0,On,0.06684201420482891,0,On,0.03689591452182477,0,On,0.22254310363851054,0.16690732772888286,On,Off,0.0,20.000000000000057,0.0,0.0,0.0,0.0,0,0.0,21116.65276888889,Off,0.0,23.888888888888914,0,0.0,0.05,0.0,0.0,0,0,0,11489.55984,Off,0.0,0,86.66319875244031,51.666666666666686,46.10666666666668,0.0,51.97917536663355,0.0,0.0,0.0,135.411248050688,51.986707406012194,51.99047342570152,51.97917536663355,12.43753247303448,19.687496846909944,0.0,8.56799398218405,0.15192545153549405,0.0,9.236100170605994,-2685.285662907423,-4052.2231128581457,-13.500628197220944,-3330.052559030178,-0.0,-0.0,414.18000042925496,1205.3586063386037,1.0,0.12866829586143816,0.0,0,1.204207946811461,65.99961422222222,230.5868956935002,0.20014696453464467,9.148736341231636,0.0027847139369225524,269.2679874717476,1.2232989868679784,0.3666380095150613,-4129.578030912245,77.35491805409917,0.12818847265912062,-25.601684798961106,12.101056601740162
2025-01-01 10:08:00,0.4137584034617285,0.2077892239241131,0.0,0.006895973391028808,0.0034631537320685512,0.0,0.069254634818864,0.2945037686428645,0.0,0.05,0.0,0.0,0.0,0.19320589059077975,0,0.01458333333333334,1,0,0,Off,0,0,Off,0,0,Off,0.03506475048252919,0.026298562861896885,On,0,0,Off,0.0024126206140350874,0.0,On,0.06684201420482891,0,On,0.03689591452182477,0,On,0.22254310363851054,0.16690732772888286,On,Off,0.0,20.000000000000057,0.0,0.0,0.0,0.0,0,0.0,21116.65276888889,Off,0.0,23.888888888888914,0,0.0,0.05,0.0,0.0,0,0,0,11489.55984,Off,0.0,0,86.9389555686866,51.666666666666686,46.10666666666668,0.0,51.96008760421493,0.0,0.0,0.0,135.8421180760728,51.9687037736104,51.97301185830815,51.96008760421493,12.43753247303448,19.566687110162274,0.0,8.507459124233888,0.19012366589711283,0.0,9.236100170605994,-2646.1861170765433,-4017.1699645549998,-18.05313320997473,-3297.5410706732223,-0.0,-0.0,414.18000042925496,1204.327150808821,1.0,0.12819877506540056,0.0,0,1.1998136966972712,65.99961422222222,237.17495316742406,0.20172197561730135,9.093923207667558,0.0027856466863269338,268.10594389561606,1.2238031767365807,0.3662284968549898,-4095.821704993459,78.65174043845933,0.1288566893709005,-32.20565870733034,14.152525497355612
2025-01-01 10:09:00,0.4137584034617285,0.2077892239241131,0.0,0.006895973391028808,0.0034631537320685512,0.0,0.069254634818864,0.2945037686428645,0.0,0.05,0.0,0.0,0.0,0.19320589059077975,0,0.01458333333333334,1,0,0,Off,0,0,Off,0,0,Off,0.03506475048252919,0.026298562861896885,On,0,0,Off,0.0024126206140350874,0.0,On,0.06684201420482891,0,On,0.03689591452182477,0,On,0.22254310363851054,0.16690732772888286,On,Off,0.0,20.000000000000057,0.0,0.0,0.0,0.0,0,0.0,21116.65276888889,Off,0.0,23.888888888888914,0,0.0,0.05,0.0,0.0,0,0,0,11489.55984,Off,0.0,0,87.2046178400569,51.666666666666686,46.10666666666668,0.0,51.940939772420656,0.0,0.0,0.0,136.2572153750889,51.950642854789194,51.95549439597347,51.940939772420656,12.43753247303448,19.44958219413061,-0.05041780586944711,8.450340455375962,0.22836438764712932,0.0,9.236100170605994,-2608.5340302956956,-3984.1297820841164,-22.772366294402698,-3266.1481451737677,-0.0,-0.0,414.18000042925496,1203.279031143025,1.0,0.12774283947652493,0.0,0,1.1955465906811205,65.99961422222222,243.43411444881724,0.20326361209179727,9.04102083083453,0.0027865750277689936,266.97096132567566,1.2242922843427082,0.36584167407199525,-4064.025457969866,79.89567588574927,0.12952219658058514,-38.883165806369306,16.110799511966608
2025-01-01 10:10:00,0.4137584034617285,0.2077892239241131,0.0,0.006895973391028808,0.0034631537320685512,0.0,0.069254634818864,0.2945037686428645,0.0,0.05,0.0,0.0,0.0,0.19320589059077975,0,0.01458333333333334,1,0,0,Off,0,0,Off,0,0,Off,0.03506475048252919,0.026298562861896885,On,0,0,Off,0.0024126206140350874,0.0,On,0.06684201420482891,0,On,0.03689591452182477,0,On,0.22254310363851054,0.16690732772888286,On,Off,0.0,20.000000000000057,0.0,0.0,0.0,0.0,0,0.0,21116.65276888889,Off,0.0,23.888888888888914,0,0.0,0.05,0.0,0.0,0,0,0,11489.55984,Off,0.0,0,87.46064167077934,51.666666666666686,46.10666666666668,0.0,51.92173409689847,0.0,0.0,0.0,136.6572526105927,51.93252674661488,51.937923071473094,51.92173409689847,12.43753247303448,19.336014211770994,-0.16398578822906273,8.396414256405041,0.2666252738578009,0.0,9.236100170605994,-2572.269594238934,-3953.0318976130434,-27.65066525704823,-3235.817900414672,-0.0,-0.0,414.18000042925496,1202.2147508764922,1.0,0.12729990484715192,0.0,0,1.191401160782963,65.99961422222222,249.36830574648275,0.2047729444303818,8.989942311471333,0.002787499069925195,265.8618911179647,1.2247669759202837,0.3654760958112457,-4034.0555273281097,81.02362971506624,0.13018464997798151,-45.62996459880335,17.979299341755116
2025-01-01 10:11:00,0.4137584034617285,0.2077892239241131,0.0,0.006895973391028808,0.0034631537320685512,0.0,0.069254634818864,0.2945037686428645,0.0,0.05,0.0,0.0,0.0,0.19320589059077975,0,0.01458333333333334,1,0,0,Off,0,0,Off,0,0,Off,0.03506475048252919,0.026298562861896885,On,0,0,Off,0.0024126206140350874,0.0,On,0.06684201420482891,0,On,0.03689591452182477,0,On,0.22254310363851054,0.16690732772888286,On,Off,0.0,20.000000000000057,0.0,0.0,0.0,0.0,0,0.0,21116.65276888889,Off,0.0,23.888888888888914,0,0.0,0.05,0.0,0.0,0,0,0,11489.55984,Off,0.0,0,87.70744817491014,51.666666666666686,46.10666666666668,0.0,51.90247270273233,0.0,0.0,0.0,137.04288777329708,51.91435745140154,51.92029982573615,51.90247270273233,12.43753247303448,19.225828221811934,-0.27417177818812277,8.345474816315988,0.3048850129543048,0.0,9.236100170605994,-2537.331728874577,-3923.658424005319,-32.6804485077332,-3206.4988576566407,-0.0,-0.0,414.18000042925496,1201.1348084833232,1.0,0.12686943164829365,0.0,0,1.1873723575452744,65.99961422222222,254.98712835280858,0.20625096184680392,8.93991662894023,0.0027884189167084483,264.7776688338821,1.2252278666615453,0.3651304293057413,-4005.7894299297436,82.13100592442507,0.1308437297489351,-52.441853075953276,19.76140456822007
2025-01-01 10:12:00,1.4645313201283954,0.2077892239241131,0.9006625,0.024408855335473257,0.0034631537320685512,0.015011041666666667,0.069254634818864,0.2945037686428645,1.0507729166666668,0.05,0.0,0.9006625,0.0,0.19320589059077975,0,0.01458333333333334,1,0,0,Off,0,0,Off,0,0,Off,0.03506475048252919,0.026298562861896885,On,0,0,Off,0.0024126206140350874,0.0,On,0.06684201420482891,0,On,0.03689591452182477,0,On,0.22254310363851054,0.16690732772888286,On,On,17415.9303113141,20.000000000000057,0.8,4751.49537424146,26.39581596111111,1.0507729166666668,1,21116.65276888889,21116.65276888889,Off,0.0,23.888888888888914,0,0.0,0.05,0.0,0.0,0,0,0,11489.55984,Off,0.0,0,87.94542992440587,51.666666666666686,46.10666666666668,0.0,51.88315762215469,0.0,0.0,0.0,137.41473425688417,51.89613688397994,51.902626514892575,51.88315762215469,12.43753247303448,19.118879832835383,-0.38112016716467423,8.297336820014895,0.34312330526061535,0.0,9.236100170605994,14912.270230646589,855.4986005886167,-37.85423746009667,-3178.1432017032866,-0.0,-0.0,414.18000042925496,1200.0396977568055,1.0,0.12645091631916605,0.0,0,1.1834554681373304,65.99961422222222,260.30312060652017,0.20769859436664956,8.891566850849252,0.0027893346676215623,263.7172989035555,1.2256755304122755,0.36480347191911006,-3979.1171051554415,83.12033150259812,0.13149913954783368,-59.31467639726239,21.460438937165723
2025-01-01 10:13:00,1.4645313201283954,0.2077892239241131,0.9006625,0.024408855335473257,0.0034631537320685512,0.015011041666666667,0.069254634818864,0.2945037686428645,1.0507729166666668,0.05,0.0,0.9006625,0.0,0.19320589059077975,0,0.01458333333333334,1,0,0,Off,0,0,Off,0,0,Off,0.03506475048252919,0.026298562861896885,On,0,0,Off,0.0024126206140350874,0.0,On,0.06684201420482891,0,On,0.03689591452182477,0,On,0.22254310363851054,0.16690732772888286,On,On,17415.9303113141,20.000000000000057,0.8,4751.49537424146,26.39581596111111,1.0507729166666668,1,21116.65276888889,21116.65276888889,Off,0.0,23.888888888888914,0,0.0,0.05,0.0,0.0,0,0,0,11489.55984,Off,0.0,0,87.32646787920898,51.666666666666686,46.10666666666668,0.0,51.863790800837855,0.0,0.0,0.0,136.44760606126403,51.877866877626964,51.884904916021526,51.863790800837855,12.43753247303448,19.331261017492796,-0.16873898250726072,8.42331909728424,0.3813208409130532,0.0,9.236100170605994,14843.86722799185,782.7897474560573,-43.16467226849096,-3234.550941499801,-0.0,-0.0,414.18000042925496,1198.9299081434367,1.0,0.12728134997784016,0.0,0,1.1912275055641102,65.99961422222222,248.30785774829548,0.20503453826384418,8.990548269021579,0.002790246418047884,264.7099305277343,1.2247848493533833,0.36565853568000184,-4049.0021418597084,80.29651507430556,0.13215060545790713,-66.24433379637603,23.079661527885065
2025-01-01 10:14:00,1.4645313201283954,0.2077892239241131,0.9006625,0.024408855335473257,0.0034631537320685512,0.015011041666666667,0.069254634818864,0.2945037686428645,1.0507729166666668,0.05,0.0,0.9006625,0.0,0.19320589059077975,0,0.01458333333333334,1,0,0,Off,0,0,Off,0,0,Off,0.03506475048252919,0.026298562861896885,On,0,0,Off,0.0024126206140350874,0.0,On,0.06684201420482891,0,On,0.03689591452182477,0,On,0.22254310363851054,0.16690732772888286,On,On,17415.9303113141,20.000000000000057,0.8,4751.49537424146,26.39581596111111,1.0507729166666668,1,21116.65276888889,21116.65276888889,Off,0.0,23.888888888888914,0,0.0,0.05,0.0,0.0,0,0,0,11489.55984,Off,0.0,0,86.72611270117255,51.666666666666686,46.10666666666668,0.0,51.844561030842684,0.0,0.0,0.0,135.5095510955821,51.85972545601691,51.86730766860403,51.844561030842684,12.43753247303448,19.53683634757349,0.0,8.5418813284874,0.41945927589372994,0.0,9.236100170605994,14778.295557334732,714.4397868205892,-48.60452744641432,-3289.5274484748566,-0.0,-0.0,414.18000042925496,1197.8059250627314,1.0,0.1280826305308053,0.0,0,1.1987266987650926,65.99961422222222,237.71269406623384,0.2024949818104193,9.0868884695595,0.0027911622658354355,265.6482822309284,1.2239239171156622,0.36646141597656295,-4115.009350696657,77.9537632757861,0.13279787495369982,-73.2267848001108,24.622257353696483
2025-01-01 10:15:00,1.4645313201283954,0.2077892239241131,0.9006625,0.024408855335473257,0.0034631537320685512,0.015011041666666667,0.069254634818864,0.2945037686428645,1.0507729166666668,0.05,0.0,0.9006625,0.0,0.19320589059077975,0,0.01458333333333334,1,0,0,Off,0,0,Off,0,0,Off,0.03506475048252919,0.026298562861896885,On,0,0,Off,0.0024126206140350874,0.0,On,0.06684201420482891,0,On,0.03689591452182477,0,On,0.22254310363851054,0.16690732772888286,On,On,17415.9303113141,20.000000000000057,0.8,4751.49537424146,26.39581596111111,1.0507729166666668,1,21116.65276888889,21116.65276888889,Off,0.0,23.888888888888914,0,0.0,0.05,0.0,0.0,0,0,0,11489.55984,Off,0.0,0,86.14314102248166,51.666666666666686,46.10666666666668,0.0,51.825464207624194,0.0,0.0,0.0,134.59865784762758,51.84170875371206,51.84983102675601,51.825464207624194,12.43753247303448,19.73605789404909,0.0,8.653631811783011,0.45752120670073326,0.0,9.236100170605994,14714.24789227974,649.7706877480095,-54.16672519490024,-3343.1567988689517,-0.0,-0.0,414.18000042925496,1196.6682302030097,1.0,0.12885678698578468,0.0,0,1.2059720372450977,65.99961422222222,227.2943794053359,0.2000700879578729,9.179473396300654,0.002792082006656778,266.5359804028081,1.223090723342058,0.36721656141903536,-4177.435089193119,75.71040269966815,0.1334407158753067,-80.25805481774415,26.09132962284392
2025-01-01 10:16:00,1.4645313201283954,0.2077892239241131,0.9006625,0.024408855335473257,0.0034631537320685512,0.015011041666666667,0.069254634818864,0.2945037686428645,1.0507729166666668,0.05,0.0,0.9006625,0.0,0.19320589059077975,0,0.01458333333333334,1,0,0,Off,0,0,Off,0,0,Off,0.03506475048252919,0.026298562861896885,On,0,0,Off,0.0024126206140350874,0.0,On,0.06684201420482891,0,On,0.03689591452182477,0,On,0.22254310363851054,0.16690732772888286,On,On,17415.9303113141,20.000000000000057,0.8,4751.49537424146,26.39581596111111,1.0507729166666668,1,21116.65276888889,21116.65276888889,Off,0.0,23.888888888888914,0,0.0,0.05,0.0,0.0,0,0,0,11489.55984,Off,0.0,0,85.57660077204486,51.666666666666686,46.10666666666668,0.0,51.806496496304085,0.0,0.0,0.0,133.7134387063201,51.823813159420254,51.83247149097834,51.806496496304085,12.43753247303448,19.929276871477878,0.0,8.759073643095645,0.49549014384842505,0.0,9.236100170605994,14651.885786630195,588.574980429491,-59.8443449396152,-3395.5001655660935,-0.0,-0.0,414.18000042925496,1195.5173017848283,1.0,0.1296054241568416,0.0,0,1.2129785404759792,65.99961422222222,217.2756404529324,0.19775179063938816,9.269219720062152,0.0027930054495507632,267.3759339446796,1.222283692680007,0.3679276555165249,-4236.52377889334,73.60338508137139,0.13407891541794262,-87.33424010850527,27.489895168890072
2025-01-01 10:17:00,1.4645313201283954,0.2077892239241131,0.9006625,0.024408855335473257,0.0034631537320685512,0.015011041666666667,0.069254634818864,0.2945037686428645,1.0507729166666668,0.05,0.0,0.9006625,0.0,0.19320589059077975,0,0.01458333333333334,1,0,0,Off,0,0,Off,0,0,Off,0.03506475048252919,0.026298562861896885,On,0,0,Off,0.0024126206140350874,0.0,On,0.06684201420482891,0,On,0.03689591452182477,0,On,0.22254310363851054,0.16690732772888286,On,On,17415.9303113141,20.000000000000057,0.8,4751.49537424146,26.39581596111111,1.0507729166666668,1,21116.65276888889,21116.65276888889,Off,0.0,23.888888888888914,0,0.0,0.05,0.0,0.0,0,0,0,11489.55984,Off,0.0,0,85.02566874820862,51.666666666666686,46.10666666666668,0.0,51.78765427189249,0.0,0.0,0.0,132.85260741907595,51.806035259634946,51.81522575350618,51.78765427189249,12.43753247303448,20.116796663486063,0.0,8.858645104239146,0.5333504844562766,0.0,9.236100170605994,14591.1994580793,530.635809290884,-65.63063091776247,-3446.609204298603,-0.0,-0.0,414.18000042925496,1194.3536140397075,1.0,0.13032993532826043,0.0,0,1.2197592482201447,65.99961422222222,207.69835063454755,0.19553302842570316,9.355604761624061,0.0027939324141932546,268.17068750732733,1.221501460353906,0.3685979007562226,-4292.489073365966,71.62950841538998,0.1347122791411655,-94.45151215365904,28.820881235896564
2025-01-01 10:18:00,0.4137584034617285,0.2077892239241131,0.0,0.006895973391028808,0.0034631537320685512,0.0,0.069254634818864,0.2945037686428645,0.0,0.05,0.0,0.0,0.0,0.19320589059077975,0,0.01458333333333334,1,0,0,Off,0,0,Off,0,0,Off,0.03506475048252919,0.026298562861896885,On,0,0,Off,0.0024126206140350874,0.0,On,0.06684201420482891,0,On,0.03689591452182477,0,On,0.22254310363851054,0.16690732772888286,On,Off,0.0,20.000000000000057,0.0,0.0,0.0,0.0,0,0.0,21116.65276888889,Off,0.0,23.888888888888914,0,0.0,0.05,0.0,0.0,0,0,0,11489.55984,Off,0.0,0,84.48961617097721,51.666666666666686,46.10666666666668,0.0,51.76893409088951,0.0,0.0,0.0,132.01502526715188,51.78837181186363,51.798090672350696,51.76893409088951,12.43753247303448,20.298885634536926,0.0,8.952734555254112,0.5710874842044684,0.0,9.236100170605994,-2883.7673836364893,-4275.73515651595,-71.51899820238614,-3496.528984437046,-0.0,-0.0,414.18000042925496,1193.1776405620483,1.0,0.13103155602957287,0.0,0,1.226325723811597,65.99961422222222,198.58160037130168,0.19340752092582486,9.43950887933554,0.0027948627295435215,268.92251218129496,1.2207428169806247,0.36923012692025453,-4345.52122149974,69.78606498379057,0.13534063000206675,-101.60612146998614,30.087123267599992
2025-01-01 10:19:00,0.4137584034617285,0.2077892239241131,0.0,0.006895973391028808,0.0034631537320685512,0.0,0.069254634818864,0.2945037686428645,0.0,0.05,0.0,0.0,0.0,0.19320589059077975,0,0.01458333333333334,1,0,0,Off,0,0,Off,0,0,Off,0.03506475048252919,0.026298562861896885,On,0,0,Off,0.0024126206140350874,0.0,On,0.06684201420482891,0,On,0.03689591452182477,0,On,0.22254310363851054,0.16690732772888286,On,Off,0.0,20.000000000000057,0.0,0.0,0.0,0.0,0,0.0,21116.65276888889,Off,0.0,23.888888888888914,0,0.0,0.05,0.0,0.0,0,0,0,11489.55984,Off,0.0,0,84.81627015318269,51.666666666666686,46.10666666666668,0.0,51.75033267047689,0.0,0.0,0.0,132.52542211434795,51.77081972501237,51.78106325228012,51.75033267047689,12.43753247303448,20.159559351699755,0.0,8.870198292195001,0.6086872288906742,0.0,9.236100170605994,-2837.135327076754,-4227.193003806781,-77.5030371933249,-3458.3068942183563,-0.0,-0.0,414.18000042925496,1191.9898498402522,1.0,0.13049487564257262,0.0,0,1.221302926372673,65.99961422222222,206.99156671234712,0.19514582934499378,9.377361299480343,0.002795796232836215,267.659383158214,1.2213219994743434,0.368675589821983,-4298.993117273444,71.80011346666264,0.13596380741570918,-108.79440089950009,31.29136370617519
2025-01-01 10:20:00,0.4137584034617285,0.2077892239241131,0.0,0.006895973391028808,0.0034631537320685512,0.0,0.069254634818864,0.2945037686428645,0.0,0.05,0.0,0.0,0.0,0.19320589059077975,0,0.01458333333333334,1,0,0,Off,0,0,Off,0,0,Off,0.03506475048252919,0.026298562861896885,On,0,0,Off,0.0024126206140350874,0.0,On,0.06684201420482891,0,On,0.03689591452182477,0,On,0.22254310363851054,0.16690732772888286,On,Off,0.0,20.000000000000057,0.0,0.0,0.0,0.0,0,0.0,21116.65276888889,Off,0.0,23.888888888888914,0,0.0,0.05,0.0,0.0,0,0,0,11489.55984,Off,0.0,0,85.12966372903823,51.666666666666686,46.10666666666668,0.0,51.73165994581128,0.0,0.0,0.0,133.01509957662222,51.753199778235526,51.76396969444766,51.73165994581128,12.43753247303448,20.025107198331987,0.0,8.792797035411521,0.6461366056941515,0.0,9.236100170605994,-2793.228662562146,-4182.03243496928,-83.57651537397726,-3421.5809468308626,-0.0,-0.0,414.18000042925496,1190.7907085651498,1.0,0.12997592944204506,0.0,0,1.2164461033731993,65.99961422222222,214.1722838394617,0.19684179725244202,9.316993920282892,0.002796724910851906,266.4302030361612,1.2218814215244118,0.3681547943915532,-4255.4603321827235,73.42789721344363,0.13658166634373547,-116.01276839086825,32.43625301689099
2025-01-01 10:21:00,0.4137584034617285,0.2077892239241131,0.0,0.006895973391028808,0.0034631537320685512,0.0,0.069254634818864,0.2945037686428645,0.0,0.05,0.0,0.0,0.0,0.19320589059077975,0,0.01458333333333334,1,0,0,Off,0,0,Off,0,0,Off,0.03506475048252919,0.026298562861896885,On,0,0,Off,0.0024126206140350874,0.0,On,0.06684201420482891,0,On,0.03689591452182477,0,On,0.22254310363851054,0.16690732772888286,On,Off,0.0,20.000000000000057,0.0,0.0,0.0,0.0,0,0.0,21116.65276888889,Off,0.0,23.888888888888914,0,0.0,0.05,0.0,0.0,0,0,0,11489.55984,Off,0.0,0,85.43080124924147,51.666666666666686,46.10666666666668,0.0,51.71291884041737,0.0,0.0,0.0,133.4856269519398,51.7355147262835,51.746812669216574,51.71291884041737,12.43753247303448,19.89515761733973,0.0,8.720053798793158,0.6834232742035574,0.0,9.236100170605994,-2750.7093526289136,-4139.646278406458,-89.73337790535919,-3386.2336306914713,-0.0,-0.0,414.18000042925496,1189.580681020835,1.0,0.12947338334080274,0.0,0,1.2117427690770273,65.99961422222222,221.34427763330285,0.1984984520286115,9.258934837278945,0.0027976489008417916,265.2325753709545,1.2224225778457096,0.36766466806747194,-4214.636256072674,74.98997766621594,0.13719407641111658,-123.25772928177037,33.524351376411175
2025-01-01 10:22:00,0.4137584034617285,0.2077892239241131,0.0,0.006895973391028808,0.0034631537320685512,0.0,0.069254634818864,0.2945037686428645,0.0,0.05,0.0,0.0,0.0,0.19320589059077975,0,0.01458333333333334,1,0,0,Off,0,0,Off,0,0,Off,0.03506475048252919,0.026298562861896885,On,0,0,Off,0.0024126206140350874,0.0,On,0.06684201420482891,0,On,0.03689591452182477,0,On,0.22254310363851054,0.16690732772888286,On,Off,0.0,20.000000000000057,0.0,0.0,0.0,0.0,0,0.0,21116.65276888889,Off,0.0,23.888888888888914,0,0.0,0.05,0.0,0.0,0,0,0,11489.55984,Off,0.0,0,85.7204315513891,51.666666666666686,46.10666666666668,0.0,51.69411205644836,0.0,0.0,0.0,133.93817429904547,51.71776711526034,51.72959464466633,51.69411205644836,12.43753247303448,19.769434071137383,0.0,8.651585211613225,0.7205356375417069,0.0,9.236100170605994,-2709.7152647020575,-4099.822358228898,-95.96774904655476,-3352.1752863660226,-0.0,-0.0,414.18000042925496,1188.36022925739,1.0,0.12898625845810072,0.0,0,1.2071837621288737,65.99961422222222,228.28002123470995,0.20011783461752836,9.202334059265464,0.002798568330209768,264.064699267298,1.2229465736301144,0.36720274563298577,-4176.2899875119365,76.46762928303801,0.1378009210554402,-130.5258781483972,34.55812910184244
2025-01-01 10:23:00,0.4137584034617285,0.2077892239241131,0.0,0.006895973391028808,0.0034631537320685512,0.0,0.069254634818864,0.2945037686428645,0.0,0.05,0.0,0.0,0.0,0.19320589059077975,0,0.01458333333333334,1,0,0,Off,0,0,Off,0,0,Off,0.03506475048252919,0.026298562861896885,On,0,0,Off,0.0024126206140350874,0.0,On,0.06684201420482891,0,On,0.03689591452182477,0,On,0.22254310363851054,0.16690732772888286,On,Off,0.0,20.000000000000057,0.0,0.0,0.0,0.0,0,0.0,21116.65276888889,Off,0.0,23.888888888888914,0,0.0,0.05,0.0,0.0,0,0,0,11489.55984,Off,0.0,0,85.99918724700102,51.666666666666686,46.10666666666668,0.0,51.675242130985225,0.0,0.0,0.0,134.37373007343908,51.69995933570465,51.712317938064366,51.675242130985225,12.43753247303448,19.64770318324292,0.0,8.587065619940223,0.7574628137762189,0.0,9.236100170605994,-2670.2183321781386,-4062.366596746,-102.2739329124957,-3319.3295120087632,-0.0,-0.0,414.18000042925496,1187.1298132256331,1.0,0.12851373362772403,0.0,0,1.202761397225416,65.99961422222222,234.93117940136972,0.201701589581404,9.147082235087534,0.002799483318919225,262.9250446943478,1.2234543391567387,0.3667669326435836,-4140.225466737676,77.85886999167529,0.13840209671056816,-137.81390026534208,35.53996735284639
2025-01-01 10:24:00,0.4137584034617285,0.2077892239241131,0.0,0.006895973391028808,0.0034631537320685512,0.0,0.069254634818864,0.2945037686428645,0.0,0.05,0.0,0.0,0.0,0.19320589059077975,0,0.01458333333333334,1,0,0,Off,0,0,Off,0,0,Off,0.03506475048252919,0.026298562861896885,On,0,0,Off,0.0024126206140350874,0.0,On,0.06684201420482891,0,On,0.03689591452182477,0,On,0.22254310363851054,0.16690732772888286,On,Off,0.0,20.000000000000057,0.0,0.0,0.0,0.0,0,0.0,21116.65276888889,Off,0.0,23.888888888888914,0,0.0,0.05,0.0,0.0,0,0,0,11489.55984,Off,0.0,0,86.26761711086982,51.666666666666686,46.10666666666668,0.0,51.656311461648116,0.0,0.0,0.0,134.79315173573409,51.68209364673474,51.69498473927807,51.656311461648116,12.43753247303448,19.529762691075454,0.0,8.526212383983701,0.7941946077192198,0.0,9.236100170605994,-2632.1778919955013,-4027.108228707902,-108.64641349304347,-3287.6296214837776,-0.0,-0.0,414.18000042925496,1185.889890907761,1.0,0.12805510043164295,0.0,0,1.1984690442747936,65.99961422222222,241.27172905902137,0.20325108911350717,9.093784453317596,0.002800393980600729,261.8122771660786,1.2239466791436937,0.3663554098443888,-4106.27275028051,79.16452157260815,0.13899751202498922,-145.11857270551877,36.4721592124753
2025-01-01 10:25:00,0.4137584034617285,0.2077892239241131,0.0,0.006895973391028808,0.0034631537320685512,0.0,0.069254634818864,0.2945037686428645,0.0,0.05,0.0,0.0,0.0,0.19320589059077975,0,0.01458333333333334,1,0,0,Off,0,0,Off,0,0,Off,0.03506475048252919,0.026298562861896885,On,0,0,Off,0.0024126206140350874,0.0,On,0.06684201420482891,0,On,0.03689591452182477,0,On,0.22254310363851054,0.16690732772888286,On,Off,0.0,20.000000000000057,0.0,0.0,0.0,0.0,0,0.0,21116.65276888889,Off,0.0,23.888888888888914,0,0.0,0.05,0.0,0.0,0,0,0,11489.55984,Off,0.0,0,86.52621063379713,51.666666666666686,46.10666666666668,0.0,51.637322325071246,0.0,0.0,0.0,135.197204115308,51.66417219346508,51.67759712766199,51.637322325071246,12.43753247303448,19.41543231272707,-0.0845676872729868,8.468775502021407,0.8307214832013727,0.0,9.236100170605994,-2595.5411817018985,-3993.908512815753,-115.07985404032154,-3257.015977633739,-0.0,-0.0,414.18000042925496,1184.6409184339486,1.0,0.12760972898288828,0.0,0,1.194300808158176,65.99961422222222,247.29479550258563,0.20476752908207513,9.042347292487081,0.002801300423355079,260.72520063781883,1.2244243102226968,0.36596656578559117,-4074.281843263508,80.37333044775504,0.13958708711485343,-152.43676510831773,37.356911067996194
2025-01-01 10:26:00,0.4137584034617285,0.2077892239241131,0.0,0.006895973391028808,0.0034631537320685512,0.0,0.069254634818864,0.2945037686428645,0.0,0.05,0.0,0.0,0.0,0.19320589059077975,0,0.01458333333333334,1,0,0,Off,0,0,Off,0,0,Off,0.03506475048252919,0.026298562861896885,On,0,0,Off,0.0024126206140350874,0.0,On,0.06684201420482891,0,On,0.03689591452182477,0,On,0.22254310363851054,0.16690732772888286,On,Off,0.0,20.000000000000057,0.0,0.0,0.0,0.0,0,0.0,21116.65276888889,Off,0.0,23.888888888888914,0,0.0,0.05,0.0,0.0,0,0,0,11489.55984,Off,0.0,0,86.77541316842044,51.666666666666686,46.10666666666668,0.0,51.618276889967916,0.0,0.0,0.0,135.58658307565693,51.646197019322,51.660157083999046,51.618276889967916,12.43753247303448,19.304548114470407,-0.19545188552964987,8.414529881895279,0.867034535889483,0.0,9.236100170605994,-2560.2506431606994,-3962.5867390890567,-121.56909590486757,-3227.4343277522653,-0.0,-0.0,414.18000042925496,1183.3833501734562,1.0,0.12717704693380893,0.0,0,1.1902513322678205,65.99961422222222,253.0036841623109,0.20625198681758916,8.991994405685837,0.0028022027503257878,259.6627223193452,1.224887883982496,0.36559894662977716,-4044.1181054928493,81.53136640379248,0.14017075285139022,-159.76544014270897,38.1963442378414
2025-01-01 10:27:00,1.4645313201283954,0.2077892239241131,0.9006625,0.024408855335473257,0.0034631537320685512,0.015011041666666667,0.069254634818864,0.2945037686428645,1.0507729166666668,0.05,0.0,0.9006625,0.0,0.19320589059077975,0,0.01458333333333334,1,0,0,Off,0,0,Off,0,0,Off,0.03506475048252919,0.026298562861896885,On,0,0,Off,0.0024126206140350874,0.0,On,0.06684201420482891,0,On,0.03689591452182477,0,On,0.22254310363851054,0.16690732772888286,On,On,17415.9303113141,20.000000000000057,0.8,4751.49537424146,26.39581596111111,1.0507729166666668,1,21116.65276888889,21116.65276888889,Off,0.0,23.888888888888914,0,0.0,0.05,0.0,0.0,0,0,0,11489.55984,Off,0.0,0,87.01563568598536,51.666666666666686,46.10666666666668,0.0,51.5991772268584,0.0,0.0,0.0,135.96193075935213,51.62817007521323,51.64266649939064,51.5991772268584,12.43753247303448,19.196958883727003,-0.30304111627305375,8.363272686577638,0.9031254667035381,0.0,9.236100170605994,14889.683017018871,818.4139208163406,-128.10915689325196,-3198.834714736535,-0.0,-0.0,414.18000042925496,1182.1176388359263,1.0,0.1267565260533489,0.0,0,1.1863156728836668,65.99961422222222,258.40742001205103,0.20770545706522783,8.943345985983527,0.0028031010601290373,258.6238300419644,1.2253380017504432,0.365251239852688,-4015.6605459847024,82.57909255958306,0.14074845018219095,-167.10165369061755,38.992496797365575
2025-01-01 10:28:00,1.4645313201283954,0.2077892239241131,0.9006625,0.024408855335473257,0.0034631537320685512,0.015011041666666667,0.069254634818864,0.2945037686428645,1.0507729166666668,0.05,0.0,0.9006625,0.0,0.19320589059077975,0,0.01458333333333334,1,0,0,Off,0,0,Off,0,0,Off,0.03506475048252919,0.026298562861896885,On,0,0,Off,0.0024126206140350874,0.0,On,0.06684201420482891,0,On,0.03689591452182477,0,On,0.22254310363851054,0.16690732772888286,On,On,17415.9303113141,20.000000000000057,0.8,4751.49537424146,26.39581596111111,1.0507729166666668,1,21116.65276888889,21116.65276888889,Off,0.0,23.888888888888914,0,0.0,0.05,0.0,0.0,0,0,0,11489.55984,Off,0.0,0,86.39877373250556,51.666666666666686,46.10666666666668,0.0,51.58002531564795,0.0,0.0,0.0,134.99808395703994,51.61009322667024,51.62512718218139,51.58002531564795,12.43753247303448,19.408751189291287,-0.09124881070876967,8.486309031711954,0.9389865558815653,0.0,9.236100170605994,14821.372674288763,747.3053742693455,-134.69522935778343,-3255.2305425329328,-0.0,-0.0,414.18000042925496,1180.844235536811,1.0,0.12758367906079382,0.0,0,1.1940570066607679,65.99961422222222,246.4929050783394,0.2050488737399631,9.042484509507455,0.0028039954471915716,259.5807749977039,1.2244502809234443,0.3660853104689684,-4084.041842835607,79.85184286349303,0.14132012948572295,-174.44255477538124,39.74732541759779
2025-01-01 10:29:00,1.4645313201283954,0.2077892239241131,0.9006625,0.024408855335473257,0.0034631537320685512,0.015011041666666667,0.069254634818864,0.2945037686428645,1.0507729166666668,0.05,0.0,0.9006625,0.0,0.19320589059077975,0,0.01458333333333334,1,0,0,Off,0,0,Off,0,0,Off,0.03506475048252919,0.026298562861896885,On,0,0,Off,0.0024126206140350874,0.0,On,0.06684201420482891,0,On,0.03689591452182477,0,On,0.22254310363851054,0.16690732772888286,On,On,17415.9303113141,20.000000000000057,0.8,4751.49537424146,26.39581596111111,1.0507729166666668,1,21116.65276888889,21116.65276888889,Off,0.0,23.888888888888914,0,0.0,0.05,0.0,0.0,0,0,0,11489.55984,Off,0.0,0,85.80040061209093,51.666666666666686,46.10666666666668,0.0,51.56100997941573,0.0,0.0,0.0,134.06312595639207,51.5921445265918,51.60771180017984,51.56100997941573,12.43753247303448,19.61378119355865,0.0,8.602081524526849,0.9746106378239652,0.0,9.236100170605994,14755.884191257634,680.4496621481835,-141.32267944549585,-3310.1995765667234,-0.0,-0.0,414.18000042925496,1179.563589001347,1.0,0.1283819048345749,0.0,0,1.2015276101509393,65.99961422222222,235.97345608100179,0.20251596987729353,9.137623434314133,0.0028048937944392285,260.4852475408668,1.2235921036008803,0.36686840738077664,-4148.612830057059,77.56711796378268,0.1418857499597815,-181.7853852781102,40.462705832614354
2025-01-01 10:30:00,1.4645313201283954,0.2077892239241131,0.9006625,0.024408855335473257,0.0034631537320685512,0.015011041666666667,0.069254634818864,0.2945037686428645,1.0507729166666668,0.05,0.0,0.9006625,0.0,0.19320589059077975,0,0.01458333333333334,1,0,0,Off,0,0,Off,0,0,Off,0.03506475048252919,0.026298562861896885,On,0,0,Off,0.0024126206140350874,0.0,On,0.06684201420482891,0,On,0.03689591452182477,0,On,0.22254310363851054,0.16690732772888286,On,On,17415.9303113141,20.000000000000057,0.8,4751.49537424146,26.39581596111111,1.0507729166666668,1,21116.65276888889,21116.65276888889,Off,0.0,23.888888888888914,0,0.0,0.05,0.0,0.0,0,0,0,11489.55984,Off,0.0,0,85.01996336843469,51.666666666666686,46.10666666666668,0.0,51.542127139645665,0.4207039328378519,1146.9407276947948,0.0,132.8436927631792,51.57432013406091,51.59041663126853,51.542127139645665,12.43753247303448,19.812497476615142,0.0,8.711187731293466,1.0099910768608729,1.7,9.236100170605994,15293.791211019456,1938.5090056734625,148.48918762263435,-2847.275634621847,-0.0,-0.0,414.18000042925496,1526.661536031658,1.0,0.12032749293279213,0.0,0,1.1261462836626754,65.99961422222222,310.956533897947,0.2000969948802492,9.22972861640822,0.0028057959041102604,250.63915586524212,1.2227614761956327,0.31533679327116043,-2888.3681566740993,75.38178810610165,0.11908470807734702,107.34875426648586,41.14043335614848
2025-01-01 10:31:00,1.4645313201283954,0.2077892239241131,0.9006625,0.024408855335473257,0.0034631537320685512,0.015011041666666667,0.069254634818864,0.2945037686428645,1.0507729166666668,0.05,0.0,0.9006625,0.0,0.19320589059077975,0,0.01458333333333334,1,0,0,Off,0,0,Off,0,0,Off,0.03506475048252919,0.026298562861896885,On,0,0,Off,0.0024126206140350874,0.0,On,0.06684201420482891,0,On,0.03689591452182477,0,On,0.22254310363851054,0.16690732772888286,On,On,17415.9303113141,20.000000000000057,0.8,4751.49537424146,26.39581596111111,1.0507729166666668,1,21116.65276888889,21116.65276888889,Off,0.0,23.888888888888914,0,0.0,0.05,0.0,0.0,0,0,0,11489.55984,Off,0.0,0,84.02619252002303,51.666666666666686,46.10666666666668,0.0,51.5005023787657,0.4211522269805629,1146.9407276947948,0.0,131.290925812536,51.40416611368854,51.5005023787657,51.35599798114996,12.43753247303448,20.01660411249389,0.0,8.8618127840424,1.0564208984279784,1.7,9.236100170605994,15224.127396657728,1862.3065641227063,141.02824252711397,-2899.1051729111673,-0.0,-0.0,414.18000042925496,1525.2411021284847,1.0,0.12115259096986812,0.0,0,1.1338683849502798,65.99961422222222,293.1222578255392,0.19764228991915556,9.324393827655221,0.0028066645045475456,251.63912364978262,1.2219095323243092,0.316518653605662,-2961.478467316881,72.28965719812717,0.1182048714177219,99.38563426388541,41.64260826322857
2025-01-01 10:32:00,0.4137584034617285,0.2077892239241131,0.0,0.006895973391028808,0.0034631537320685512,0.0,0.069254634818864,0.2945037686428645,0.0,0.05,0.0,0.0,0.0,0.19320589059077975,0,0.01458333333333334,1,0,0,Off,0,0,Off,0,0,Off,0.03506475048252919,0.026298562861896885,On,0,0,Off,0.0024126206140350874,0.0,On,0.06684201420482891,0,On,0.03689591452182477,0,On,0.22254310363851054,0.16690732772888286,On,Off,0.0,20.000000000000057,0.0,0.0,0.0,0.0,0,0.0,21116.65276888889,Off,0.0,23.888888888888914,0,0.0,0.05,0.0,0.0,0,0,0,11489.55984,Off,0.0,0,83.0488530071755,51.666666666666686,46.10666666666668,0.0,51.459015727656855,0.4215999853446017,1146.9407276947948,0.0,129.7638328237117,51.234218541789154,51.459015727656855,51.12181994885531,12.43753247303448,20.214791245704305,0.0,9.00435667065772,1.1025434201446567,1.7,9.236100170605994,-2254.8044740112728,-2961.5877317365535,134.55963367925108,-2949.7867291046055,-0.0,-0.0,414.18000042925496,1523.8081147068137,1.0,0.1219510354377319,0.0,0,1.141341035200693,65.99961422222222,280.80225466407785,0.19529332919219441,9.415555737512221,0.002807537178439546,252.58995206963672,1.2210834093717369,0.3176330561813641,-3031.0560715500933,69.46833981353996,0.11732432551968522,91.57579976802646,42.98383391122461
2025-01-01 10:33:00,0.4137584034617285,0.2077892239241131,0.0,0.006895973391028808,0.0034631537320685512,0.0,0.069254634818864,0.2945037686428645,0.0,0.05,0.0,0.0,0.0,0.19320589059077975,0,0.01458333333333334,1,0,0,Off,0,0,Off,0,0,Off,0.03506475048252919,0.026298562861896885,On,0,0,Off,0.0024126206140350874,0.0,On,0.06684201420482891,0,On,0.03689591452182477,0,On,0.22254310363851054,0.16690732772888286,On,Off,0.0,20.000000000000057,0.0,0.0,0.0,0.0,0,0.0,21116.65276888889,Off,0.0,23.888888888888914,0,0.0,0.05,0.0,0.0,0,0,0,11489.55984,Off,0.0,0,82.93552730006923,51.666666666666686,46.10666666666668,0.0,51.4176636093572,0.4220472401885665,1146.9407276947948,0.0,129.58676140635816,51.06447400487549,51.4176636093572,50.88787920263464,12.43753247303448,20.091165299027402,0.0,8.967873149843374,1.1485321462616398,1.7,9.236100170605994,-2215.6047006289205,-2942.657200879672,128.82949810507742,-2918.131396853358,-0.0,-0.0,414.18000042925496,1522.3632636595373,1.0,0.1214532917156422,0.0,0,1.1366826464219886,65.99961422222222,288.34669579518277,0.19685399617697405,9.360319824609338,0.0028084137424021585,251.4478921662306,1.2215975531198338,0.3173482020552212,-3013.2119871487394,70.55478626906728,0.11643970420328645,83.88949898417995,44.939999120897475
2025-01-01 10:34:00,0.4137584034617285,0.2077892239241131,0.0,0.006895973391028808,0.0034631537320685512,0.0,0.069254634818864,0.2945037686428645,0.0,0.05,0.0,0.0,0.0,0.19320589059077975,0,0.01458333333333334,1,0,0,Off,0,0,Off,0,0,Off,0.03506475048252919,0.026298562861896885,On,0,0,Off,0.0024126206140350874,0.0,On,0.06684201420482891,0,On,0.03689591452182477,0,On,0.22254310363851054,0.16690732772888286,On,Off,0.0,20.000000000000057,0.0,0.0,0.0,0.0,0,0.0,21116.65276888889,Off,0.0,23.888888888888914,0,0.0,0.05,0.0,0.0,0,0,0,11489.55984,Off,0.0,0,82.81040944822409,51.666666666666686,46.10666666666668,0.0,51.376255718758415,0.4224960501261436,1146.9407276947948,0.0,129.39126476285014,50.89475301053125,51.376255718758415,50.65400165641766,12.43753247303448,19.971955375506234,0.0,8.933826848886172,1.1945171306507885,1.7,9.236100170605994,-2179.084001401601,-2925.450806347722,123.65264256985382,-2887.7355932940923,-0.0,-0.0,414.18000042925496,1520.907233550016,1.0,0.12097234360724118,0.0,0,1.132181447970086,65.99961422222222,294.47159146323577,0.19837397630805118,9.306649923398815,0.002809285975810956,250.33727749577895,1.222093722049575,0.3170821462968034,-2996.5822588688293,71.13145252110749,0.11554838335641342,76.30563684206592,47.3470057277879
2025-01-01 10:35:00,0.4137584034617285,0.2077892239241131,0.0,0.006895973391028808,0.0034631537320685512,0.0,0.069254634818864,0.2945037686428645,0.0,0.05,0.0,0.0,0.0,0.19320589059077975,0,0.01458333333333334,1,0,0,Off,0,0,Off,0,0,Off,0.03506475048252919,0.026298562861896885,On,0,0,Off,0.0024126206140350874,0.0,On,0.06684201420482891,0,On,0.03689591452182477,0,On,0.22254310363851054,0.16690732772888286,On,Off,0.0,20.000000000000057,0.0,0.0,0.0,0.0,0,0.0,21116.65276888889,Off,0.0,23.888888888888914,0,0.0,0.05,0.0,0.0,0,0,0,11489.55984,Off,0.0,0,82.67447994403774,51.666666666666686,46.10666666666668,0.0,51.33479470362775,0.42294639326399946,1146.9407276947948,0.0,129.17887491255897,50.72505800848643,51.33479470362775,50.42018966091577,12.43753247303448,19.856798505798658,0.0,8.901935963734504,1.2405945795890145,1.7,9.236100170605994,-2143.3058131535895,-2908.9186721749393,118.89936157698408,-2858.4935478063576,-0.0,-0.0,414.18000042925496,1519.4407037435533,1.0,0.12050682289152395,0.0,0,1.1278246346500762,65.99961422222222,301.007734223513,0.19985649627577226,9.255073238763483,0.002810154004109341,249.25570459692418,1.2225733861862007,0.3168327314467081,-2981.024892618373,72.10622044343374,0.11464832010129158,68.8097715815889,50.08958999539517
2025-01-01 10:36:00,0.4137584034617285,0.2077892239241131,0.0,0.006895973391028808,0.0034631537320685512,0.0,0.069254634818864,0.2945037686428645,0.0,0.05,0.0,0.0,0.0,0.19320589059077975,0,0.01458333333333334,1,0,0,Off,0,0,Off,0,0,Off,0.03506475048252919,0.026298562861896885,On,0,0,Off,0.0024126206140350874,0.0,On,0.06684201420482891,0,On,0.03689591452182477,0,On,0.22254310363851054,0.16690732772888286,On,Off,0.0,20.000000000000057,0.0,0.0,0.0,0.0,0,0.0,21116.65276888889,Off,0.0,23.888888888888914,0,0.0,0.05,0.0,0.0,0,0,0,11489.55984,Off,0.0,0,82.52842841423073,51.666666666666686,46.10666666666668,0.0,51.29328299559871,0.4233982498605903,1146.9407276947945,0.0,128.95066939723552,50.55539124478108,51.29328299559871,50.186445369372265,12.43753247303448,19.745439920741955,0.0,8.872009494643503,1.2868370241815958,1.7,9.236100170605994,-2108.883969469466,-2893.8502546461077,114.48043114204935,-2830.3287062192326,-0.0,-0.0,414.18000042925496,1517.9643485078009,1.0,0.12005578632949353,0.0,0,1.1236033786781743,65.99961422222222,307.2647363205113,0.2013036019269994,9.204752640395208,0.0028110179430331198,248.20147161146016,1.223037569897783,0.3165985013571567,-2966.443057239865,72.59280259375754,0.11373787315268798,61.39214466929199,53.08828647275736
2025-01-01 10:37:00,0.4137584034617285,0.2077892239241131,0.0,0.006895973391028808,0.0034631537320685512,0.0,0.069254634818864,0.2945037686428645,0.0,0.05,0.0,0.0,0.0,0.19320589059077975,0,0.01458333333333334,1,0,0,Off,0,0,Off,0,0,Off,0.03506475048252919,0.026298562861896885,On,0,0,Off,0.0024126206140350874,0.0,On,0.06684201420482891,0,On,0.03689591452182477,0,On,0.22254310363851054,0.16690732772888286,On,Off,0.0,20.000000000000057,0.0,0.0,0.0,0.0,0,0.0,21116.65276888889,Off,0.0,23.888888888888914,0,0.0,0.05,0.0,0.0,0,0,0,11489.55984,Off,0.0,0,82.3728483115972,51.666666666666686,46.10666666666668,0.0,51.25172287425855,0.4238516016491379,1146.9407276947948,0.0,128.7075754868706,50.385754822190435,51.25172287425855,49.952770796156386,12.43753247303448,19.63766055132681,0.0,8.843863252192785,1.333299979179125,1.7,9.236100170605994,-2075.730440698421,-2879.464298983701,110.32765272623377,-2803.174863111435,-0.0,-0.0,414.18000042925496,1516.4788371241368,1.0,0.1196184259335812,0.0,0,1.119510118090147,65.99961422222222,313.2644219837591,0.2027170108750757,9.156284501999856,0.002811877901399567,247.17310780860657,1.2234871528096978,0.3163780465955462,-2952.7438835582143,73.27958457451301,0.11281568477262277,54.04639414009363,56.281258586140126
2025-01-01 10:38:00,0.4137584034617285,0.2077892239241131,0.0,0.006895973391028808,0.0034631537320685512,0.0,0.069254634818864,0.2945037686428645,0.0,0.05,0.0,0.0,0.0,0.19320589059077975,0,0.01458333333333334,1,0,0,Off,0,0,Off,0,0,Off,0.03506475048252919,0.026298562861896885,On,0,0,Off,0.0024126206140350874,0.0,On,0.06684201420482891,0,On,0.03689591452182477,0,On,0.22254310363851054,0.16690732772888286,On,Off,0.0,20.000000000000057,0.0,0.0,0.0,0.0,0,0.0,21116.65276888889,Off,0.0,23.888888888888914,0,0.0,0.05,0.0,0.0,0,0,0,11489.55984,Off,0.0,0,82.20824491248888,51.666666666666686,46.10666666666668,0.0,51.21011648834162,0.4243064316213357,1146.9407276947945,0.0,128.45038267576388,50.21615072020436,51.21011648834162,49.71916783613573,12.43753247303448,19.533274067919127,0.0,8.817367237429117,1.380025328400117,1.7,9.236100170605994,-2043.8073965396552,-2865.691162308982,106.3849929950643,-2776.9751774626525,-0.0,-0.0,414.18000042925496,1514.9848339560692,1.0,0.11919405866121822,0.0,0,1.1155384602833436,65.99961422222222,318.9877804937424,0.20409812832718527,9.109571668241486,0.0028127339820416706,246.1693547135052,1.2239228814021517,0.3161703767411947,-2939.8614076983,74.17024538931794,0.1118806229503804,46.76885993927674,59.61613305578756
2025-01-01 10:39:00,0.4137584034617285,0.2077892239241131,0.0,0.006895973391028808,0.0034631537320685512,0.0,0.069254634818864,0.2945037686428645,0.0,0.05,0.0,0.0,0.0,0.19320589059077975,0,0.01458333333333334,1,0,0,Off,0,0,Off,0,0,Off,0.03506475048252919,0.026298562861896885,On,0,0,Off,0.0024126206140350874,0.0,On,0.06684201420482891,0,On,0.03689591452182477,0,On,0.22254310363851054,0.16690732772888286,On,Off,0.0,20.000000000000057,0.0,0.0,0.0,0.0,0,0.0,21116.65276888889,Off,0.0,23.888888888888914,0,0.0,0.05,0.0,0.0,0,0,0,11489.55984,Off,0.0,0,82.0350641763043,51.666666666666686,46.10666666666668,0.0,51.168465875159995,0.42476272382763114,1146.9407276947948,0.0,128.17978777547546,50.0465808133453,51.168465875159995,49.48563828243796,12.43753247303448,19.43211614292967,-0.06788385707038813,8.792411612471678,1.4270434370174472,1.7,9.236100170605994,-2013.0703413294168,-2853.1679394842213,102.60597313073306,-2751.6792823902842,-0.0,-0.0,414.18000042925496,1513.4829985159495,1.0,0.11878208416831025,0.0,0,1.1116827866310115,65.99961422222222,324.4289406316125,0.20544816524939435,9.063834699542067,0.0028135862826633327,245.1890965776431,1.224345413264045,0.3159746553023402,-2927.739867056271,74.57192757204962,0.11093174673005862,39.558124958673794,63.04784817205927
2025-01-01 10:40:00,0.4137584034617285,0.2077892239241131,0.0,0.006895973391028808,0.0034631537320685512,0.0,0.069254634818864,0.2945037686428645,0.0,0.05,0.0,0.0,0.0,0.19320589059077975,0,0.01458333333333334,1,0,0,Off,0,0,Off,0,0,Off,0.03506475048252919,0.026298562861896885,On,0,0,Off,0.0024126206140350874,0.0,On,0.06684201420482891,0,On,0.03689591452182477,0,On,0.22254310363851054,0.16690732772888286,On,Off,0.0,20.000000000000057,0.0,0.0,0.0,0.0,0,0.0,21116.65276888889,Off,0.0,23.888888888888914,0,0.0,0.05,0.0,0.0,0,0,0,11489.55984,Off,0.0,0,81.8537088040619,51.666666666666686,46.10666666666668,0.0,51.12677297367545,0.4252204632448357,1146.9407276947948,0.0,127.89642000634672,49.877046883491,51.12677297367545,49.25218383839878,12.43753247303448,19.334038478135714,-0.1659615218643431,8.768875297980816,1.474374885935384,1.7,9.236100170605994,-1983.4729417278727,-2841.1689179613536,98.95253281704494,-2727.2416529844427,-0.0,-0.0,414.18000042925496,1511.9739845031188,1.0,0.118381961470359,0.0,0,1.1079380340534892,65.99961422222222,329.58871082731497,0.20676820218109077,9.019696779559819,0.002814434896418362,244.2313217558077,1.2247553416292607,0.31578995404852156,-2916.3183868062433,75.14946884488987,0.10996827774039675,32.41463740215269,66.53789541489225
2025-01-01 10:41:00,0.4137584034617285,0.2077892239241131,0.0,0.006895973391028808,0.0034631537320685512,0.0,0.069254634818864,0.2945037686428645,0.0,0.05,0.0,0.0,0.0,0.19320589059077975,0,0.01458333333333334,1,0,0,Off,0,0,Off,0,0,Off,0.03506475048252919,0.026298562861896885,On,0,0,Off,0.0024126206140350874,0.0,On,0.06684201420482891,0,On,0.03689591452182477,0,On,0.22254310363851054,0.16690732772888286,On,Off,0.0,20.000000000000057,0.0,0.0,0.0,0.0,0,0.0,21116.65276888889,Off,0.0,23.888888888888914,0,0.0,0.05,0.0,0.0,0,0,0,11489.55984,Off,0.0,0,81.66454848028225,51.666666666666686,46.10666666666668,0.0,51.08503963403317,0.42567963568101685,1146.9407276947948,0.0,127.60085700044101,49.70755062886105,51.08503963403317,49.01880612627499,12.43753247303448,19.238904996584075,-0.26109500341598135,8.746673069291226,1.5220320159031342,1.7,9.236100170605994,-1954.966887902293,-2829.8129667557446,95.39401469826123,-2703.620552069296,-0.0,-0.0,414.18000042925496,1510.4584438807778,1.0,0.11799319414904827,0.0,0,1.1042995565664853,65.99961422222222,334.4736637377481,0.20805922890123943,8.976399219971078,0.002815279912335484,243.2950981153624,1.2251532109759435,0.31561562296199563,-2905.5537981442194,75.74083138847493,0.10898957441078548,25.34038117819062,70.05363352007062
2025-01-01 10:42:00,1.4645313201283954,0.2077892239241131,0.9006625,0.024408855335473257,0.0034631537320685512,0.015011041666666667,0.069254634818864,0.2945037686428645,1.0507729166666668,0.05,0.0,0.9006625,0.0,0.19320589059077975,0,0.01458333333333334,1,0,0,Off,0,0,Off,0,0,Off,0.03506475048252919,0.026298562861896885,On,0,0,Off,0.0024126206140350874,0.0,On,0.06684201420482891,0,On,0.03689591452182477,0,On,0.22254310363851054,0.16690732772888286,On,On,17415.9303113141,20.000000000000057,0.8,4751.49537424146,26.39581596111111,1.0507729166666668,1,21116.65276888889,21116.65276888889,Off,0.0,23.888888888888914,0,0.0,0.05,0.0,0.0,0,0,0,11489.55984,Off,0.0,0,81.46792641941894,51.666666666666686,46.10666666666668,0.0,51.04326762483876,0.4261402277040834,1146.9407276947948,0.0,127.2936350303421,49.53809367087584,51.04326762483876,48.78550669389439,12.43753247303448,19.146589409679112,-0.35341059032094435,8.72572261725479,1.5700202901831566,1.7,9.236100170605994,15488.426805418672,1932.3697160840502,91.90615607139948,-2680.7773423697904,-0.0,-0.0,414.18000042925496,1508.9370208427845,1.0,0.11761532099557398,0.0,0,1.1007630377119069,65.99961422222222,339.0938360451077,0.20932216864165765,8.934570043779328,0.002816121415645005,242.37955735937828,1.225539526945719,0.3154510324321129,-2895.404587324103,76.27892916669313,0.10799510882291094,18.33859059447946,73.56756547692002
2025-01-01 10:43:00,1.4645313201283954,0.2077892239241131,0.9006625,0.024408855335473257,0.0034631537320685512,0.015011041666666667,0.069254634818864,0.2945037686428645,1.0507729166666668,0.05,0.0,0.9006625,0.0,0.19320589059077975,0,0.01458333333333334,1,0,0,Off,0,0,Off,0,0,Off,0.03506475048252919,0.026298562861896885,On,0,0,Off,0.0024126206140350874,0.0,On,0.06684201420482891,0,On,0.03689591452182477,0,On,0.22254310363851054,0.16690732772888286,On,On,17415.9303113141,20.000000000000057,0.8,4751.49537424146,26.39581596111111,1.0507729166666668,1,21116.65276888889,21116.65276888889,Off,0.0,23.888888888888914,0,0.0,0.05,0.0,0.0,0,0,0,11489.55984,Off,0.0,0,80.41567628716425,51.666666666666686,46.10666666666668,0.0,51.00145863899277,0.4266022265854165,1146.9407276947945,0.0,125.64949419869413,49.36867755965555,51.00145863899277,48.55228701998695,12.43753247303448,19.373201034190373,-0.12679896580968375,8.87743954694465,1.618339478340397,1.7,9.236100170605994,15419.55124408471,1855.5101902436263,88.47016394123777,-2736.98923252749,-0.0,-0.0,414.18000042925496,1507.4103558549014,1.0,0.11854181314230737,0.0,0,1.1094340875481172,65.99961422222222,326.4301648688457,0.20644889339600217,9.040301268987076,0.0028169594880424545,243.53189301927068,1.2245895077426718,0.3166410144482456,-2969.0876403808106,73.10245638297692,0.10698444626975767,11.413506716630215,77.05665722460756
2025-01-01 10:44:00,1.4645313201283954,0.2077892239241131,0.9006625,0.024408855335473257,0.0034631537320685512,0.015011041666666667,0.069254634818864,0.2945037686428645,1.0507729166666668,0.05,0.0,0.9006625,0.0,0.19320589059077975,0,0.01458333333333334,1,0,0,Off,0,0,Off,0,0,Off,0.03506475048252919,0.026298562861896885,On,0,0,Off,0.0024126206140350874,0.0,On,0.06684201420482891,0,On,0.03689591452182477,0,On,0.22254310363851054,0.16690732772888286,On,On,17415.9303113141,20.000000000000057,0.8,4751.49537424146,26.39581596111111,1.0507729166666668,1,21116.65276888889,21116.65276888889,Off,0.0,23.888888888888914,0,0.0,0.05,0.0,0.0,0,0,0,11489.55984,Off,0.0,0,79.38303438393399,51.666666666666686,46.10666666666668,0.0,50.959801226184446,0.42706354793623563,1146.9407276947945,0.0,124.03599122489686,49.199480045542785,50.959801226184446,48.31931945522196,12.43753247303448,19.592721330570942,0.0,9.020801430871318,1.6669846771298917,1.7,9.236100170605994,15353.420492108033,1782.709899968243,-334.2518912745407,-2791.883691271982,-0.0,-0.0,414.18000042925496,1505.8790846449137,1.0,0.11943582619227978,0.0,0,1.117801165172968,65.99961422222222,315.19387163665874,0.20371015459203992,9.142505339493425,0.002817802198110514,244.6261928520544,1.2236705970771844,0.31776136923004333,-3039.107280973654,70.32180670043701,0.10595722731399865,-414.7536243324785,80.50173305793781
2025-01-01 10:45:00,1.4659771179507264,0.2077892239241131,0.9006625,0.02443295196584544,0.0034631537320685512,0.015011041666666667,0.06695853509427063,0.2982456661897889,1.0507729166666668,0.05,0.0,0.9006625,0.0,0.19320589059077975,0,0.01458333333333334,1,0,0,Off,0,0,Off,0,0,Off,0.03506475048252919,0.026298562861896885,On,0,0,Off,0.0024126206140350874,0.0,On,0.06454591448023554,0,On,0.04063781206874921,0,On,0.22254310363851054,0.16690732772888286,On,On,17415.9303113141,20.000000000000057,0.8,4751.49537424146,26.39581596111111,1.0507729166666668,1,21116.65276888889,21116.65276888889,Off,0.0,23.888888888888914,0,0.0,0.05,0.0,0.0,0,0,0,11489.55984,Off,0.0,0,78.56809402591601,51.666666666666686,46.10666666666668,0.0,50.918291108733676,0.0,0.0,0.0,122.76264691549376,49.03049705507438,50.918291108733676,48.08660002824473,12.43753247303448,19.805610487773357,0.0,9.156440855203195,1.7000000000041606,1.7,9.236100170605994,15290.184737043071,1713.4652235003632,84.67856497901346,-2845.5332862835503,-0.0,-0.0,415.62579825158605,1504.3438381901071,1.0,0.12029960230664583,0.0,0,1.1258852549965066,65.99961422222222,304.1619137609366,0.20109540655572108,9.24146885005328,0.0028186493305325734,245.66629829145785,1.222780737639824,0.3188177493707338,-3105.7062397437962,67.67608900269948,0.10525434673909793,-5.721235250727483e-10,84.67856497958559
2025-01-01 10:46:00,1.4659771179507264,0.2077892239241131,0.9006625,0.02443295196584544,0.0034631537320685512,0.015011041666666667,0.06695853509427063,0.2982456661897889,1.0507729166666668,0.05,0.0,0.9006625,0.0,0.19320589059077975,0,0.01458333333333334,1,0,0,Off,0,0,Off,0,0,Off,0.03506475048252919,0.026298562861896885,On,0,0,Off,0.0024126206140350874,0.0,On,0.06454591448023554,0,On,0.04063781206874921,0,On,0.22254310363851054,0.16690732772888286,On,On,17415.9303113141,20.000000000000057,0.8,4751.49537424146,26.39581596111111,1.0507729166666668,1,21116.65276888889,21116.65276888889,Off,0.0,23.888888888888914,0,0.0,0.05,0.0,0.0,0,0,0,11489.55984,Off,0.0,0,77.96966644154034,51.666666666666686,46.10666666666668,0.0,50.8997948901698,0.0,0.0,0.0,121.82760381490678,49.014175120231045,50.8997948901698,48.07136523526167,12.43753247303448,20.012254060270262,0.0,9.284890339212195,1.7496319353309082,1.7,9.236100170605994,15227.113750541648,1647.5963843041745,81.04143986859098,-2897.9966725324043,-0.0,-0.0,415.62579825158605,1502.805242679318,1.0,0.1211350357636616,0.0,0,1.13370408558904,65.99961422222222,293.55431350836915,0.1985956211048637,9.33672435932587,0.002819500683913877,246.65547840301804,1.2219181988886576,0.3198149164084358,-3169.088208546661,65.1892186093757,0.10630922906756071,-6.893161990465067,87.93460185905604
2025-01-01 10:47:00,0.41520420128405955,0.2077892239241131,0.0,0.0069200700214009925,0.0034631537320685512,0.0,0.06695853509427063,0.2982456661897889,0.0,0.05,0.0,0.0,0.0,0.19320589059077975,0,0.01458333333333334,1,0,0,Off,0,0,Off,0,0,Off,0.03506475048252919,0.026298562861896885,On,0,0,Off,0.0024126206140350874,0.0,On,0.06454591448023554,0,On,0.04063781206874921,0,On,0.22254310363851054,0.16690732772888286,On,Off,0.0,20.000000000000057,0.0,0.0,0.0,0.0,0,0.0,21116.65276888889,Off,0.0,23.888888888888914,0,0.0,0.05,0.0,0.0,0,0,0,11489.55984,Off,0.0,0,77.387568212437,51.666666666666686,46.10666666666668,0.0,50.881431876603784,0.0,0.0,0.0,120.91807533193281,48.99797750424974,50.881431876603784,48.05625031807272,12.43753247303448,20.212936343392624,0.0,9.406617525153926,1.799535618023133,1.7,9.236100170605994,-2250.271486372762,-3166.5751272059606,77.17111341309452,-2949.3107644499687,-0.0,-0.0,415.62579825158605,1501.2639194923029,1.0,0.1219435748568414,0.0,0,1.1412712115449428,65.99961422222222,283.4134798256207,0.19620349603117337,9.429157124925851,0.002820356068666934,247.5962805446118,1.2210816848000094,0.32075703666461075,-3229.4331866554276,62.858059449467184,0.10735943740565355,-13.960631056475691,91.13174446957021
2025-01-01 10:48:00,0.41520420128405955,0.2077892239241131,0.0,0.0069200700214009925,0.0034631537320685512,0.0,0.06695853509427063,0.2982456661897889,0.0,0.05,0.0,0.0,0.0,0.19320589059077975,0,0.01458333333333334,1,0,0,Off,0,0,Off,0,0,Off,0.03506475048252919,0.026298562861896885,On,0,0,Off,0.0024126206140350874,0.0,On,0.06454591448023554,0,On,0.04063781206874921,0,On,0.22254310363851054,0.16690732772888286,On,Off,0.0,20.000000000000057,0.0,0.0,0.0,0.0,0,0.0,21116.65276888889,Off,0.0,23.888888888888914,0,0.0,0.05,0.0,0.0,0,0,0,11489.55984,Off,0.0,0,77.6695364780915,51.666666666666686,46.10666666666668,0.0,50.86319846497833,0.0,0.0,0.0,121.35865074701796,48.98190081482883,50.86319846497833,48.04125198975409,12.43753247303448,20.091706135097013,0.0,9.350546783998373,1.8496861094143937,1.7,9.236100170605994,-2211.512257951814,-3137.181451949248,73.04493319847622,-2918.269585998576,-0.0,-0.0,415.62579825158605,1499.7204851399872,1.0,0.12145547149151026,0.0,0,1.1367030469674764,65.99961422222222,291.13152979517616,0.19774064157912294,9.37520863448876,0.00282121530428398,246.49641005498597,1.2215858636280261,0.3203234155305447,-3201.602920503938,64.42146855468977,0.10840459037221144,-21.199005074846855,94.24393827332307
2025-01-01 10:49:00,0.41520420128405955,0.2077892239241131,0.0,0.0069200700214009925,0.0034631537320685512,0.0,0.06695853509427063,0.2982456661897889,0.0,0.05,0.0,0.0,0.0,0.19320589059077975,0,0.01458333333333334,1,0,0,Off,0,0,Off,0,0,Off,0.03506475048252919,0.026298562861896885,On,0,0,Off,0.0024126206140350874,0.0,On,0.06454591448023554,0,On,0.04063781206874921,0,On,0.22254310363851054,0.16690732772888286,On,Off,0.0,20.000000000000057,0.0,0.0,0.0,0.0,0,0.0,21116.65276888889,Off,0.0,23.888888888888914,0,0.0,0.05,0.0,0.0,0,0,0,11489.55984,Off,0.0,0,77.93979576419211,51.666666666666686,46.10666666666668,0.0,50.844904290044774,0.0,0.0,0.0,121.78093088155016,48.96576554860627,50.844904290044774,48.02619617788703,12.43753247303448,19.974781167667885,0.0,9.29808439283992,1.900056416879547,1.7,9.236100170605994,-2175.8126482134685,-3109.957986392109,68.6557169074108,-2888.4546405239703,-0.0,-0.0,415.62579825158605,1498.1755512084324,1.0,0.1209837554008675,0.0,0,1.1322882510677734,65.99961422222222,297.01619405891574,0.19923776638394394,9.3227682718291,0.002822070369957939,245.42649131374594,1.2220725132430343,0.3199171672266379,-3175.615874036474,65.65788764436502,0.10944427829347808,-28.60433485402443,97.26005176143524
2025-01-01 10:50:00,0.41520420128405955,0.2077892239241131,0.0,0.0069200700214009925,0.0034631537320685512,0.0,0.06695853509427063,0.2982456661897889,0.0,0.05,0.0,0.0,0.0,0.19320589059077975,0,0.01458333333333334,1,0,0,Off,0,0,Off,0,0,Off,0.03506475048252919,0.026298562861896885,On,0,0,Off,0.0024126206140350874,0.0,On,0.06454591448023554,0,On,0.04063781206874921,0,On,0.22254310363851054,0.16690732772888286,On,Off,0.0,20.000000000000057,0.0,0.0,0.0,0.0,0,0.0,21116.65276888889,Off,0.0,23.888888888888914,0,0.0,0.05,0.0,0.0,0,0,0,11489.55984,Off,0.0,0,78.19929773833687,51.666666666666686,46.10666666666668,0.0,50.826551932746824,0.0,0.0,0.0,122.18640271615135,48.94957413803513,50.826551932746824,48.01108524067929,12.43753247303448,19.86180919585284,0.0,9.248861231770753,1.9506184231734065,1.7,9.236100170605994,-2140.819778070456,-3084.466673142273,64.00392443937251,-2859.7634597008177,-0.0,-0.0,415.62579825158605,1496.6297242935536,1.0,0.12052709756264166,0.0,0,1.1280143855122875,65.99961422222222,303.3178833787765,0.20069803142425738,9.271661477349866,0.0028229213851921815,244.38424730398998,1.2225430608039236,0.31953553261642964,-3151.279372176209,66.8126990339359,0.11047808325841821,-36.172242160067256,100.17616659943977
2025-01-01 10:51:00,0.41520420128405955,0.2077892239241131,0.0,0.0069200700214009925,0.0034631537320685512,0.0,0.06695853509427063,0.2982456661897889,0.0,0.05,0.0,0.0,0.0,0.19320589059077975,0,0.01458333333333334,1,0,0,Off,0,0,Off,0,0,Off,0.03506475048252919,0.026298562861896885,On,0,0,Off,0.0024126206140350874,0.0,On,0.06454591448023554,0,On,0.04063781206874921,0,On,0.22254310363851054,0.16690732772888286,On,Off,0.0,20.000000000000057,0.0,0.0,0.0,0.0,0,0.0,21116.65276888889,Off,0.0,23.888888888888914,0,0.0,0.05,0.0,0.0,0,0,0,11489.55984,Off,0.0,0,78.44869698393408,51.666666666666686,46.10666666666668,0.0,50.80814376427591,0.0,0.0,0.0,122.57608903739701,48.93332881786664,50.80814376427591,47.99592134466201,12.43753247303448,19.75254849823446,0.0,9.202588677329334,2.001343456691372,1.7,9.236100170605994,-2107.111537739649,-3060.5088491946435,59.0910157313013,-2832.123293993461,-0.0,-0.0,415.62579825158605,1495.0836048744022,1.0,0.12008460394722376,0.0,0,1.1238730830684172,65.99961422222222,309.38595800222606,0.20212337497329008,9.222474816718165,0.002823768460291771,243.36809992873415,1.2229984778399035,0.31917635840058894,-3128.4423640922178,67.93351489757426,0.11150559078814963,-43.897998000451395,102.98901373175269
2025-01-01 10:52:00,0.41520420128405955,0.2077892239241131,0.0,0.0069200700214009925,0.0034631537320685512,0.0,0.06695853509427063,0.2982456661897889,0.0,0.05,0.0,0.0,0.0,0.19320589059077975,0,0.01458333333333334,1,0,0,Off,0,0,Off,0,0,Off,0.03506475048252919,0.026298562861896885,On,0,0,Off,0.0024126206140350874,0.0,On,0.06454591448023554,0,On,0.04063781206874921,0,On,0.22254310363851054,0.16690732772888286,On,Off,0.0,20.000000000000057,0.0,0.0,0.0,0.0,0,0.0,21116.65276888889,Off,0.0,23.888888888888914,0,0.0,0.05,0.0,0.0,0,0,0,11489.55984,Off,0.0,0,78.68855964814185,51.666666666666686,46.10666666666668,0.0,50.78968201152842,0.0,0.0,0.0,122.95087445022163,48.917031686867205,50.78968201152842,47.98070652453661,12.43753247303448,19.646790176974807,0.0,9.159029871056543,2.0522025618638025,1.7,9.236100170605994,-2074.6264592690445,-3037.9854662868056,53.91992732617455,-2805.47093573951,-0.0,-0.0,415.62579825158605,1493.5377913912928,1.0,0.11965550469020052,0.0,0,1.1198571385669471,65.99961422222222,315.21867821887946,0.20351543445714806,9.175099182196096,0.0028246116991410652,242.3766784179678,1.2234396028888652,0.3188378789728728,-3106.980756105238,68.99528981843264,0.11252639485654804,-51.77656339598733,105.69649072216188
2025-01-01 10:53:00,0.41520420128405955,0.2077892239241131,0.0,0.0069200700214009925,0.0034631537320685512,0.0,0.06695853509427063,0.2982456661897889,0.0,0.05,0.0,0.0,0.0,0.19320589059077975,0,0.01458333333333334,1,0,0,Off,0,0,Off,0,0,Off,0.03506475048252919,0.026298562861896885,On,0,0,Off,0.0024126206140350874,0.0,On,0.06454591448023554,0,On,0.04063781206874921,0,On,0.22254310363851054,0.16690732772888286,On,Off,0.0,20.000000000000057,0.0,0.0,0.0,0.0,0,0.0,21116.65276888889,Off,0.0,23.888888888888914,0,0.0,0.05,0.0,0.0,0,0,0,11489.55984,Off,0.0,0,78.9193711059154,51.666666666666686,46.10666666666668,0.0,50.77116877659407,0.0,0.0,0.0,123.31151735299281,48.90068472619041,50.77116877659407,47.96544270098859,12.43753247303448,19.544355319834988,0.0,9.117982788331837,2.103166751549232,1.7,9.236100170605994,-2043.341008296571,-3016.7900415249096,48.49483278010248,-2779.751787071065,-0.0,-0.0,415.62579825158605,1491.992873916363,1.0,0.11923914412870885,0.0,0,1.1159604156521812,65.99961422222222,320.7849805229081,0.20487556277640506,9.128745556696808,0.0028254512000428574,241.408801646322,1.2238671526505962,0.31851858804524974,-3086.788750228891,69.99870870398107,0.11354010227329978,-59.80263169250781,108.29746447261029
2025-01-01 10:54:00,0.41520420128405955,0.2077892239241131,0.0,0.0069200700214009925,0.0034631537320685512,0.0,0.06695853509427063,0.2982456661897889,0.0,0.05,0.0,0.0,0.0,0.19320589059077975,0,0.01458333333333334,1,0,0,Off,0,0,Off,0,0,Off,0.03506475048252919,0.026298562861896885,On,0,0,Off,0.0024126206140350874,0.0,On,0.06454591448023554,0,On,0.04063781206874921,0,On,0.22254310363851054,0.16690732772888286,On,Off,0.0,20.000000000000057,0.0,0.0,0.0,0.0,0,0.0,21116.65276888889,Off,0.0,23.888888888888914,0,0.0,0.05,0.0,0.0,0,0,0,11489.55984,Off,0.0,0,79.141562023549,51.666666666666686,46.10666666666668,0.0,50.752606054555066,0.0,0.0,0.0,123.6586906617953,48.884289816156794,50.752606054555066,47.95013169695767,12.43753247303448,19.445085303205943,-0.05491469679411409,9.07927177411653,2.154207218433611,1.7,9.236100170605994,-2013.2145812083113,-2996.8298095912805,42.82094845026104,-2754.917247329814,-0.0,-0.0,415.62579825158605,1490.4494381998188,1.0,0.1188349426629101,0.0,0,1.112177489843077,65.99961422222222,326.0768678699168,0.20620493533931508,9.08403371586473,0.0028262870564836713,240.4634169178134,1.2242817619446806,0.3182171750412427,-3067.774456600623,70.94464700934249,0.1145463360246366,-67.97066822867107,110.79161667893212
2025-01-01 10:55:00,0.41520420128405955,0.2077892239241131,0.0,0.0069200700214009925,0.0034631537320685512,0.0,0.06695853509427063,0.2982456661897889,0.0,0.05,0.0,0.0,0.0,0.19320589059077975,0,0.01458333333333334,1,0,0,Off,0,0,Off,0,0,Off,0.03506475048252919,0.026298562861896885,On,0,0,Off,0.0024126206140350874,0.0,On,0.06454591448023554,0,On,0.04063781206874921,0,On,0.22254310363851054,0.16690732772888286,On,Off,0.0,20.000000000000057,0.0,0.0,0.0,0.0,0,0.0,21116.65276888889,Off,0.0,23.888888888888914,0,0.0,0.05,0.0,0.0,0,0,0,11489.55984,Off,0.0,0,79.35552259277506,51.666666666666686,46.10666666666668,0.0,50.73399574554272,0.0,0.0,0.0,123.99300405121103,48.867848747619206,50.73399574554272,47.93477524865746,12.43753247303448,19.348836498555944,-0.15116350144411328,9.042741112883904,2.205295511454309,1.7,9.236100170605994,-1984.2016411059076,-2978.0222551757033,36.90436576586036,-2730.9232612522546,-0.0,-0.0,415.62579825158605,1488.908064523236,1.0,0.11844237610652708,0.0,0,1.1085034552747017,65.99961422222222,331.095821894761,0.2075046064433058,9.040888919425427,0.002827119357655651,239.53956659831593,1.2246840054396586,0.3179324767120872,-3049.8565666180957,71.83431144239226,0.1155447377591835,-76.27494747601212,113.17931324187248
2025-01-01 10:56:00,0.41520420128405955,0.2077892239241131,0.0,0.0069200700214009925,0.0034631537320685512,0.0,0.06695853509427063,0.2982456661897889,0.0,0.05,0.0,0.0,0.0,0.19320589059077975,0,0.01458333333333334,1,0,0,Off,0,0,Off,0,0,Off,0.03506475048252919,0.026298562861896885,On,0,0,Off,0.0024126206140350874,0.0,On,0.06454591448023554,0,On,0.04063781206874921,0,On,0.22254310363851054,0.16690732772888286,On,Off,0.0,20.000000000000057,0.0,0.0,0.0,0.0,0,0.0,21116.65276888889,Off,0.0,23.888888888888914,0,0.0,0.05,0.0,0.0,0,0,0,11489.55984,Off,0.0,0,79.56161183220262,51.666666666666686,46.10666666666668,0.0,50.71533966365769,0.0,0.0,0.0,124.31501848781657,48.85136323037107,50.71533966365769,47.919375013727766,12.43753247303448,19.255476814220707,-0.24452318577935017,9.008250624178443,2.256403681987971,1.7,9.236100170605994,-1956.2545373585317,-2960.292385095089,30.75190284431308,-2707.7293587742897,-0.0,-0.0,415.62579825158605,1487.3693275676096,1.0,0.11806096227182002,0.0,0,1.1049337991468806,65.99961422222222,335.8490231641722,0.20877554522760913,8.99855575710276,0.0028279481888452236,238.63636634585868,1.2250744118097556,0.31766344410170283,-3032.9620633456643,72.6696782505757,0.11653496956759159,-84.70958770232862,115.4614905466417
2025-01-01 10:57:00,1.4659771179507264,0.2077892239241131,0.9006625,0.02443295196584544,0.0034631537320685512,0.015011041666666667,0.06695853509427063,0.2982456661897889,1.0507729166666668,0.05,0.0,0.9006625,0.0,0.19320589059077975,0,0.01458333333333334,1,0,0,Off,0,0,Off,0,0,Off,0.03506475048252919,0.026298562861896885,On,0,0,Off,0.0024126206140350874,0.0,On,0.06454591448023554,0,On,0.04063781206874921,0,On,0.22254310363851054,0.16690732772888286,On,On,17415.9303113141,20.000000000000057,0.8,4751.49537424146,26.39581596111111,1.0507729166666668,1,21116.65276888889,21116.65276888889,Off,0.0,23.888888888888914,0,0.0,0.05,0.0,0.0,0,0,0,11489.55984,Off,0.0,0,79.76016363854298,51.666666666666686,46.10666666666668,0.0,50.69663954384076,0.0,0.0,0.0,124.62525568522341,48.834834899622365,50.69663954384076,47.903932577513174,12.43753247303448,19.16488344664027,-0.33511655335978574,8.975672623050233,2.3075044037934944,1.7,9.236100170605994,15486.60472338493,1807.7058686793594,24.37097383033199,-2685.2980178283424,-0.0,-0.0,415.62579825158605,1485.8337963025238,1.0,0.11769025233087196,0.0,0,1.1014643208743746,65.99961422222222,340.3466316475867,0.21001865803764755,8.957662926823348,0.002828773631734574,237.75299098286817,1.225453472898567,0.3174091198579424,-3017.0246304850443,73.23512492294364,0.11751671517912685,-93.26858320161756,117.63955703194955
2025-01-01 10:58:00,1.4659771179507264,0.2077892239241131,0.9006625,0.02443295196584544,0.0034631537320685512,0.015011041666666667,0.06695853509427063,0.2982456661897889,1.0507729166666668,0.05,0.0,0.9006625,0.0,0.19320589059077975,0,0.01458333333333334,1,0,0,Off,0,0,Off,0,0,Off,0.03506475048252919,0.026298562861896885,On,0,0,Off,0.0024126206140350874,0.0,On,0.06454591448023554,0,On,0.04063781206874921,0,On,0.22254310363851054,0.16690732772888286,On,On,17415.9303113141,20.000000000000057,0.8,4751.49537424146,26.39581596111111,1.0507729166666668,1,21116.65276888889,21116.65276888889,Off,0.0,23.888888888888914,0,0.0,0.05,0.0,0.0,0,0,0,11489.55984,Off,0.0,0,79.10300341040701,51.666666666666686,46.10666666666668,0.0,50.67789704741028,0.0,0.0,0.0,123.59844282876095,48.81826532121854,50.67789704741028,47.88844945812267,12.43753247303448,19.393168807956428,-0.10683119204362868,9.116374786644837,2.35857107023013,1.7,9.236100170605994,15417.160232882537,1735.9499047428258,17.769473793540683,-2741.964545573929,-0.0,-0.0,415.62579825158605,1484.302033839279,1.0,0.1186232745134812,0.0,0,1.1101964853856645,65.99961422222222,327.56866889078185,0.2071132239856062,9.064187811954314,0.0028295957646462594,238.88386781158843,1.224496585774631,0.31850607344639875,-3085.9983710444812,70.4529015458472,0.11848968068016276,-101.94583415350424,119.71530794704492
2025-01-01 10:59:00,1.4659771179507264,0.2077892239241131,0.9006625,0.02443295196584544,0.0034631537320685512,0.015011041666666667,0.06695853509427063,0.2982456661897889,1.0507729166666668,0.05,0.0,0.9006625,0.0,0.19320589059077975,0,0.01458333333333334,1,0,0,Off,0,0,Off,0,0,Off,0.03506475048252919,0.026298562861896885,On,0,0,Off,0.0024126206140350874,0.0,On,0.06454591448023554,0,On,0.04063781206874921,0,On,0.22254310363851054,0.16690732772888286,On,On,17415.9303113141,20.000000000000057,0.8,4751.49537424146,26.39581596111111,1.0507729166666668,1,21116.65276888889,21116.65276888889,Off,0.0,23.888888888888914,0,0.0,0.05,0.0,0.0,0,0,0,11489.55984,Off,0.0,0,78.46536284900763,51.666666666666686,46.10666666666668,0.0,50.65930069432434,0.0,0.0,0.0,122.60212945157443,48.8018322629449,50.65930069432434,47.87309804725519,12.43753247303448,19.614316088779585,0.0,9.249284279915477,2.4095778719244243,1.7,9.236100170605994,15350.475289892393,1667.9034995236775,10.955676053751503,-2797.307204250055,-0.0,-0.0,415.62579825158605,1482.7745972914631,1.0,0.1195235889773638,0.0,0,1.118622538010192,65.99961422222222,316.22638457676317,0.2043440218407648,9.167159516192122,0.0028304224535639806,239.95775275476956,1.223571019500594,0.3195388145145,-3151.488342128095,67.89646741031265,0.11945359484512258,-110.73517420332512,121.69085025707662
2025-01-01 11:00:00,1.4659771179507264,0.2077892239241131,0.9006625,0.02443295196584544,0.0034631537320685512,0.015011041666666667,0.06695853509427063,0.2982456661897889,1.0507729166666668,0.05,0.0,0.9006625,0.0,0.19320589059077975,0,0.01458333333333334,1,0,0,Off,0,0,Off,0,0,Off,0.03506475048252919,0.026298562861896885,On,0,0,Off,0.0024126206140350874,0.0,On,0.06454591448023554,0,On,0.04063781206874921,0,On,0.22254310363851054,0.16690732772888286,On,On,17415.9303113141,20.000000000000057,0.8,4751.49537424146,26.39581596111111,1.0507729166666668,1,21116.65276888889,21116.65276888889,Off,0.0,23.888888888888914,0,0.0,0.05,0.0,0.0,0,0,0,11489.55984,Off,0.0,0,77.75021366366215,51.666666666666686,46.10666666666668,0.0,50.64084617821455,0.20690380238035716,551.0691777596086,0.0,121.4847088494721,48.78553166973645,50.64084617821455,47.857874415497406,12.43753247303448,19.82878788605489,0.0,9.374999094263352,2.4604998576955674,1.7,9.236100170605994,15285.254391900771,1603.2370105112632,3.9381417903923506,-2851.39865489405,-0.0,-0.0,415.62579825158605,1481.2520376284917,1.0,0.12039345205709653,0.0,0,1.126763595807212,65.99961422222222,305.0969372291373,0.2017003697019232,9.26616217148306,0.002831253486958535,240.97841483887586,1.2226747051189106,0.32051258875770094,-3213.7325421219275,65.47417839173048,0.120408209156859,-119.63039586886316,123.56853765925551
2025-01-01 11:01:00,1.4659771179507264,0.2077892239241131,0.9006625,0.02443295196584544,0.0034631537320685512,0.015011041666666667,0.06695853509427063,0.2982456661897889,1.0507729166666668,0.05,0.0,0.9006625,0.0,0.19320589059077975,0,0.01458333333333334,1,0,0,Off,0,0,Off,0,0,Off,0.03506475048252919,0.026298562861896885,On,0,0,Off,0.0024126206140350874,0.0,On,0.06454591448023554,0,On,0.04063781206874921,0,On,0.22254310363851054,0.16690732772888286,On,On,17415.9303113141,20.000000000000057,0.8,4751.49537424146,26.39581596111111,1.0507729166666668,1,21116.65276888889,21116.65276888889,Off,0.0,23.888888888888914,0,0.0,0.05,0.0,0.0,0,0,0,11489.55984,Off,0.0,0,76.9566448667211,51.666666666666686,46.10666666666668,0.0,50.61154085693551,0.20706263774136074,551.0691777596086,0.0,120.24475760425173,48.69611211915101,50.61154085693551,47.73839775025877,12.43753247303448,20.036945707838314,0.0,9.494024662715718,2.5113129809071553,1.7,9.236100170605994,15221.66645098269,1541.7594829168384,-3.2743575939333454,-2904.2909492816952,-0.0,-0.0,415.62579825158605,1479.734899508878,1.0,0.12123466499304271,0.0,0,1.1346365166044057,65.99961422222222,294.40129069870034,0.19917344291589606,9.362117648381759,0.00283208866696234,241.9489005038712,1.2218060108323603,0.32143183003117054,-3272.931848572852,63.19595724823014,0.12135329757586477,-128.62527383470433,125.35091624077099
2025-01-01 11:02:00,0.41520420128405955,0.2077892239241131,0.0,0.0069200700214009925,0.0034631537320685512,0.0,0.06695853509427063,0.2982456661897889,0.0,0.05,0.0,0.0,0.0,0.19320589059077975,0,0.01458333333333334,1,0,0,Off,0,0,Off,0,0,Off,0.03506475048252919,0.026298562861896885,On,0,0,Off,0.0024126206140350874,0.0,On,0.06454591448023554,0,On,0.04063781206874921,0,On,0.22254310363851054,0.16690732772888286,On,Off,0.0,20.000000000000057,0.0,0.0,0.0,0.0,0,0.0,21116.65276888889,Off,0.0,23.888888888888914,0,0.0,0.05,0.0,0.0,0,0,0,11489.55984,Off,0.0,0,76.1796167024765,51.666666666666686,46.10666666666668,0.0,50.582372561882245,0.20722097276381934,551.0691777596086,0.0,119.03065109761951,48.60685742655734,50.582372561882245,47.619099858894884,12.43753247303448,20.23910292688371,0.0,9.606802431118544,2.5619941332382887,1.7,9.236100170605994,-2256.222168387452,-3268.201707856193,-10.672908178973572,-2956.0278866383164,-0.0,-0.0,415.62579825158605,1478.2237201240898,1.0,0.12204879771269941,0.0,0,1.1422559933698833,65.99961422222222,284.1799199992786,0.19675549123892414,9.455228752736069,0.002832927806661048,242.8718828780636,1.2209635177760556,0.32230040022455175,-3329.2624886591743,61.060780802981526,0.12228865611005017,-137.71358621845414,127.04067803948057
2025-01-01 11:03:00,0.41520420128405955,0.2077892239241131,0.0,0.0069200700214009925,0.0034631537320685512,0.0,0.06695853509427063,0.2982456661897889,0.0,0.05,0.0,0.0,0.0,0.19320589059077975,0,0.01458333333333334,1,0,0,Off,0,0,Off,0,0,Off,0.03506475048252919,0.026298562861896885,On,0,0,Off,0.0024126206140350874,0.0,On,0.06454591448023554,0,On,0.04063781206874921,0,On,0.22254310363851054,0.16690732772888286,On,Off,0.0,20.000000000000057,0.0,0.0,0.0,0.0,0,0.0,21116.65276888889,Off,0.0,23.888888888888914,0,0.0,0.05,0.0,0.0,0,0,0,11489.55984,Off,0.0,0,76.26686134258104,51.666666666666686,46.10666666666668,0.0,50.55333766654141,0.20737882432240715,551.0691777596086,0.0,119.16697084778286,48.517764155762485,50.55333766654141,47.49997740037303,12.43753247303448,20.1193101493474,0.0,9.542231976178677,2.612521167669271,1.7,9.236100170605994,-2217.8800971000674,-3234.721904482762,-18.2485124386086,-2925.326149328466,-0.0,-0.0,415.62579825158605,1476.7190330688543,1.0,0.12156669980856903,0.0,0,1.1377440339675442,65.99961422222222,291.82025397681275,0.19827761713827108,9.402073348653857,0.0028337707287296454,241.80678341211322,1.2214616279168289,0.3218033907477222,-3296.9822282499376,62.260323767175734,0.12321410222939808,-146.88913390649455,128.64062146788595
2025-01-01 11:04:00,0.41520420128405955,0.2077892239241131,0.0,0.0069200700214009925,0.0034631537320685512,0.0,0.06695853509427063,0.2982456661897889,0.0,0.05,0.0,0.0,0.0,0.19320589059077975,0,0.01458333333333334,1,0,0,Off,0,0,Off,0,0,Off,0.03506475048252919,0.026298562861896885,On,0,0,Off,0.0024126206140350874,0.0,On,0.06454591448023554,0,On,0.04063781206874921,0,On,0.22254310363851054,0.16690732772888286,On,Off,0.0,20.000000000000057,0.0,0.0,0.0,0.0,0,0.0,21116.65276888889,Off,0.0,23.888888888888914,0,0.0,0.05,0.0,0.0,0,0,0,11489.55984,Off,0.0,0,76.34259517996827,51.666666666666686,46.10666666666668,0.0,50.524245783289864,0.20753722708341424,551.0691777596086,0.0,119.28530496870042,48.428652760545134,50.524245783289864,47.38085624917277,12.43753247303448,20.003788096353922,0.0,9.48169847442572,2.662872912155818,1.7,9.236100170605994,-2182.5681673440195,-3202.459145982839,-25.992138945506355,-2895.839819922107,-0.0,-0.0,415.62579825158605,1475.2213620898508,1.0,0.12110086654822229,0.0,0,1.1333842955390294,65.99961422222222,297.6458543265014,0.19975973559707608,9.35040745944546,0.002834609611981343,240.77066158420135,1.2219423463669725,0.3213367562354932,-3266.7891889747384,64.33004299189969,0.12412947416075723,-156.1457580414761,130.15361909596976
2025-01-01 11:05:00,0.41520420128405955,0.2077892239241131,0.0,0.0069200700214009925,0.0034631537320685512,0.0,0.06695853509427063,0.2982456661897889,0.0,0.05,0.0,0.0,0.0,0.19320589059077975,0,0.01458333333333334,1,0,0,Off,0,0,Off,0,0,Off,0.03506475048252919,0.026298562861896885,On,0,0,Off,0.0024126206140350874,0.0,On,0.06454591448023554,0,On,0.04063781206874921,0,On,0.22254310363851054,0.16690732772888286,On,Off,0.0,20.000000000000057,0.0,0.0,0.0,0.0,0,0.0,21116.65276888889,Off,0.0,23.888888888888914,0,0.0,0.05,0.0,0.0,0,0,0,11489.55984,Off,0.0,0,76.40776490478115,51.666666666666686,46.10666666666668,0.0,50.495099472475694,0.20769616904957233,551.0691777596086,0.0,119.38713266372054,48.33952563218859,50.495099472475694,47.261738712045045,12.43753247303448,19.892186337129427,0.0,9.424850717394822,2.7130291752445204,1.7,9.236100170605994,-2147.952986381943,-3172.9525309262676,-33.89476514869702,-2867.4670598545804,-0.0,-0.0,415.62579825158605,1473.7312249672714,1.0,0.12064997501603526,0.0,0,1.1291643969029712,65.99961422222222,303.88827522105134,0.20120501528166812,9.3000575048615,0.002835444572081615,239.76130849041394,1.2224070932535478,0.3208979161767042,-3238.4955002663705,65.54296934010307,0.12503463009149277,-165.47735573867595,131.58259058997893
2025-01-01 11:06:00,0.41520420128405955,0.2077892239241131,0.0,0.0069200700214009925,0.0034631537320685512,0.0,0.06695853509427063,0.2982456661897889,0.0,0.05,0.0,0.0,0.0,0.19320589059077975,0,0.01458333333333334,1,0,0,Off,0,0,Off,0,0,Off,0.03506475048252919,0.026298562861896885,On,0,0,Off,0.0024126206140350874,0.0,On,0.06454591448023554,0,On,0.04063781206874921,0,On,0.22254310363851054,0.16690732772888286,On,Off,0.0,20.000000000000057,0.0,0.0,0.0,0.0,0,0.0,21116.65276888889,Off,0.0,23.888888888888914,0,0.0,0.05,0.0,0.0,0,0,0,11489.55984,Off,0.0,0,76.46302137984341,51.666666666666686,46.10666666666668,0.0,50.465901085778306,0.2078556392893092,551.0691777596086,0.0,119.47347090600533,48.250384965308356,50.465901085778306,47.14262690507339,12.43753247303448,19.784264497423514,0.0,9.371345891849819,2.762970745016862,1.7,9.236100170605994,-2114.6063046272766,-3145.1098191286937,-41.94741589114395,-2840.1356316189745,-0.0,-0.0,415.62579825158605,1472.2491323039544,1.0,0.12021313537801212,0.0,0,1.125076010093557,65.99961422222222,309.9035287401118,0.20261540281993182,9.251610105043843,0.002836275715769174,238.77719338605465,1.222856835028154,0.3204843331618133,-3211.9196662674694,66.80984713877564,0.12592944731104103,-174.87789416463033,132.9304782734864
2025-01-01 11:07:00,0.41520420128405955,0.2077892239241131,0.0,0.0069200700214009925,0.0034631537320685512,0.0,0.06695853509427063,0.2982456661897889,0.0,0.05,0.0,0.0,0.0,0.19320589059077975,0,0.01458333333333334,1,0,0,Off,0,0,Off,0,0,Off,0.03506475048252919,0.026298562861896885,On,0,0,Off,0.0024126206140350874,0.0,On,0.06454591448023554,0,On,0.04063781206874921,0,On,0.22254310363851054,0.16690732772888286,On,Off,0.0,20.000000000000057,0.0,0.0,0.0,0.0,0,0.0,21116.65276888889,Off,0.0,23.888888888888914,0,0.0,0.05,0.0,0.0,0,0,0,11489.55984,Off,0.0,0,76.50892701899349,51.666666666666686,46.10666666666668,0.0,50.436652831388784,0.20801562758790396,551.0691777596087,0.0,119.54519846717733,48.161232819308054,50.436652831388784,47.02352281326769,12.43753247303448,19.67981503202214,0.0,9.320928060251866,2.812679382468686,1.7,9.236100170605994,-2082.467884214734,-3118.9059240542288,-50.14119668455487,-2813.782828227683,-0.0,-0.0,415.62579825158605,1470.7755873526485,1.0,0.1197895820711536,0.0,0,1.12111197019855,65.99961422222222,315.68914576136297,0.20399254153605656,9.204258418320348,0.002837103143553111,237.81698770428065,1.2232924050874916,0.32009412305519286,-3186.925184188391,68.01926013416231,0.1268138213124558,-184.34142308937157,134.2002264048167
2025-01-01 11:08:00,0.41520420128405955,0.2077892239241131,0.0,0.0069200700214009925,0.0034631537320685512,0.0,0.06695853509427063,0.2982456661897889,0.0,0.05,0.0,0.0,0.0,0.19320589059077975,0,0.01458333333333334,1,0,0,Off,0,0,Off,0,0,Off,0.03506475048252919,0.026298562861896885,On,0,0,Off,0.0024126206140350874,0.0,On,0.06454591448023554,0,On,0.04063781206874921,0,On,0.22254310363851054,0.16690732772888286,On,Off,0.0,20.000000000000057,0.0,0.0,0.0,0.0,0,0.0,21116.65276888889,Off,0.0,23.888888888888914,0,0.0,0.05,0.0,0.0,0,0,0,11489.55984,Off,0.0,0,76.54596377252724,51.666666666666686,46.10666666666668,0.0,50.407356793501016,0.2081761243459513,551.0691777596086,0.0,119.60306839457382,48.072071136754005,50.407356793501016,46.904428308380496,12.43753247303448,19.578660267096154,0.0,9.273374092374205,2.8621378102312187,1.7,9.236100170605994,-2051.514985383185,-3094.238147334269,-58.467322204034645,-2788.354513084097,-0.0,-0.0,415.62579825158605,1469.3110858108757,1.0,0.11937866333960624,0.0,0,1.117266177427999,65.99961422222222,321.2137294493263,0.20533778954510307,9.159310292105209,0.0028379269505314736,236.87954705643554,1.2237145154331968,0.3197256414714589,-3163.3932428902035,69.15509555593468,0.12768766487099736,-193.86208600994686,135.39476380591222
2025-01-01 11:09:00,0.41520420128405955,0.2077892239241131,0.0,0.0069200700214009925,0.0034631537320685512,0.0,0.06695853509427063,0.2982456661897889,0.0,0.05,0.0,0.0,0.0,0.19320589059077975,0,0.01458333333333334,1,0,0,Off,0,0,Off,0,0,Off,0.03506475048252919,0.026298562861896885,On,0,0,Off,0.0024126206140350874,0.0,On,0.06454591448023554,0,On,0.04063781206874921,0,On,0.22254310363851054,0.16690732772888286,On,Off,0.0,20.000000000000057,0.0,0.0,0.0,0.0,0,0.0,21116.65276888889,Off,0.0,23.888888888888914,0,0.0,0.05,0.0,0.0,0,0,0,11489.55984,Off,0.0,0,76.5745591492959,51.666666666666686,46.10666666666668,0.0,50.378014950042854,0.2083371204865773,551.0691777596086,0.0,119.64774867077483,47.98290176009097,50.378014950042854,46.785345165115025,12.43753247303448,19.480642718563633,-0.01935728143642379,9.228487952687205,2.9113296974245952,1.7,9.236100170605994,-2021.707694555359,-3070.994009329508,-66.91714055389414,-2763.8025111976617,-0.0,-0.0,415.62579825158605,1467.8561156246906,1.0,0.11897980316033337,0.0,0,1.1135332407761895,65.99961422222222,326.46901839071677,0.20665232704051803,9.114597696385976,0.0028387472271348586,235.9638516764761,1.2241237965653269,0.3193774420681801,-3141.219636177746,70.2256268482377,0.12855090711366038,-203.4341299408683,136.51698938697416
2025-01-01 11:10:00,0.41520420128405955,0.2077892239241131,0.0,0.0069200700214009925,0.0034631537320685512,0.0,0.06695853509427063,0.2982456661897889,0.0,0.05,0.0,0.0,0.0,0.19320589059077975,0,0.01458333333333334,1,0,0,Off,0,0,Off,0,0,Off,0.03506475048252919,0.026298562861896885,On,0,0,Off,0.0024126206140350874,0.0,On,0.06454591448023554,0,On,0.04063781206874921,0,On,0.22254310363851054,0.16690732772888286,On,Off,0.0,20.000000000000057,0.0,0.0,0.0,0.0,0,0.0,21116.65276888889,Off,0.0,23.888888888888914,0,0.0,0.05,0.0,0.0,0,0,0,11489.55984,Off,0.0,0,76.59510042579241,51.666666666666686,46.10666666666668,0.0,50.348629184673825,0.20849860739334874,551.0691777596084,0.0,119.67984441530064,47.89372644295194,50.348629184673825,46.666275072091,12.43753247303448,19.385619807791137,-0.1143801922089196,9.186095084952578,2.9602396413291596,1.7,9.236100170605994,-1993.0011238296502,-3049.0797835013136,-75.48215377989354,-2740.0831601887758,-0.0,-0.0,415.62579825158605,1466.4111567883958,1.0,0.11859248062888864,0.0,0,1.1099082850928785,65.99961422222222,331.4562381075398,0.20793721283512756,9.072132531041161,0.0028395640596330296,235.0689739599525,1.2245208191743724,0.3190482350166195,-3120.3117827568967,71.23199925558305,0.1294034925907971,-213.05191396371362,137.56976018382008
2025-01-01 11:11:00,0.41520420128405955,0.2077892239241131,0.0,0.0069200700214009925,0.0034631537320685512,0.0,0.06695853509427063,0.2982456661897889,0.0,0.05,0.0,0.0,0.0,0.19320589059077975,0,0.01458333333333334,1,0,0,Off,0,0,Off,0,0,Off,0.03506475048252919,0.026298562861896885,On,0,0,Off,0.0024126206140350874,0.0,On,0.06454591448023554,0,On,0.04063781206874921,0,On,0.22254310363851054,0.16690732772888286,On,Off,0.0,20.000000000000057,0.0,0.0,0.0,0.0,0,0.0,21116.65276888889,Off,0.0,23.888888888888914,0,0.0,0.05,0.0,0.0,0,0,0,11489.55984,Off,0.0,0,76.60794392714706,51.666666666666686,46.10666666666668,0.0,50.319201295652,0.2086605768648709,551.0691777596086,0.0,119.69991238616728,47.804546858516105,50.319201295652,46.54721963994816,12.43753247303448,19.293460410956865,-0.20653958904319225,9.146037625709818,3.008853146468929,1.7,9.236100170605994,-1965.3482244481384,-3028.4096433613327,-84.15403505619238,-2717.15635259294,-0.0,-0.0,415.62579825158605,1464.9766811262925,1.0,0.11821621657190802,0.0,0,1.1063868257894653,65.99961422222222,336.1823298932158,0.20919342041486222,9.03046502973039,0.002840377530511841,234.19405729386867,1.2249061082682404,0.31873685142869695,-3100.586203678856,72.17656031752323,0.13024538035872166,-222.70991662468452,138.55588156849214
2025-01-01 11:12:00,0.41520420128405955,0.2077892239241131,0.0,0.0069200700214009925,0.0034631537320685512,0.0,0.06695853509427063,0.2982456661897889,0.0,0.05,0.0,0.0,0.0,0.19320589059077975,0,0.01458333333333334,1,0,0,Off,0,0,Off,0,0,Off,0.03506475048252919,0.026298562861896885,On,0,0,Off,0.0024126206140350874,0.0,On,0.06454591448023554,0,On,0.04063781206874921,0,On,0.22254310363851054,0.16690732772888286,On,Off,0.0,20.000000000000057,0.0,0.0,0.0,0.0,0,0.0,21116.65276888889,Off,0.0,23.888888888888914,0,0.0,0.05,0.0,0.0,0,0,0,11489.55984,Off,0.0,0,76.61342105916643,51.666666666666686,46.10666666666668,0.0,50.28973300265592,0.20882302108026,551.0691777596084,0.0,119.70847040494755,47.715364605938774,50.28973300265592,46.4281804075802,12.43753247303448,19.204042617429838,-0.29595738257021864,9.108171300775783,3.057156601621984,1.7,9.236100170605994,-1938.7018736238697,-3008.9047292568857,-92.92464292951237,-2694.9849011134816,-0.0,-0.0,415.62579825158605,1463.55315209731,1.0,0.11785056493353871,0.0,0,1.1029646882244886,65.99961422222222,340.65722923802605,0.21042186035737492,8.990223914519433,0.0028411877187653257,233.33830233011375,1.2252801523082255,0.3184422205011046,-3081.966865536419,73.06213627953305,0.13107654308028133,-232.40274226525932,139.47809933574695
2025-01-01 11:13:00,1.4659771179507264,0.2077892239241131,0.9006625,0.02443295196584544,0.0034631537320685512,0.015011041666666667,0.06695853509427063,0.2982456661897889,1.0507729166666668,0.05,0.0,0.9006625,0.0,0.19320589059077975,0,0.01458333333333334,1,0,0,Off,0,0,Off,0,0,Off,0.03506475048252919,0.026298562861896885,On,0,0,Off,0.0024126206140350874,0.0,On,0.06454591448023554,0,On,0.04063781206874921,0,On,0.22254310363851054,0.16690732772888286,On,On,17415.9303113141,20.000000000000057,0.8,4751.49537424146,26.39581596111111,1.0507729166666668,1,21116.65276888889,21116.65276888889,Off,0.0,23.888888888888914,0,0.0,0.05,0.0,0.0,0,0,0,11489.55984,Off,0.0,0,76.61184236158645,51.666666666666686,46.10666666666668,0.0,50.26022595227735,0.20898593257165343,551.0691777596084,0.0,119.70600368997884,47.62618121552816,50.26022595227735,46.30915884715357,12.43753247303448,19.11725222427643,-0.38274777572362595,9.072363200337206,3.105137255202803,1.7,9.236100170605994,15502.914296893992,1761.0030031253527,-101.78603296040998,-2673.534101346189,-0.0,-0.0,415.62579825158605,1462.1410245696154,1.0,0.1174951070640213,0.0,0,1.0996379542504062,65.99961422222222,344.892288674498,0.21162339449578615,8.95066895564365,0.0028419947001325067,232.50095778757978,1.2256434093089676,0.3181633532439889,-3064.383981205783,73.89161008967605,0.13189696614879368,-242.12512636723986,140.33909340682987
2025-01-01 11:14:00,1.4659771179507264,0.2077892239241131,0.9006625,0.02443295196584544,0.0034631537320685512,0.015011041666666667,0.06695853509427063,0.2982456661897889,1.0507729166666668,0.05,0.0,0.9006625,0.0,0.19320589059077975,0,0.01458333333333334,1,0,0,Off,0,0,Off,0,0,Off,0.03506475048252919,0.026298562861896885,On,0,0,Off,0.0024126206140350874,0.0,On,0.06454591448023554,0,On,0.04063781206874921,0,On,0.22254310363851054,0.16690732772888286,On,On,17415.9303113141,20.000000000000057,0.8,4751.49537424146,26.39581596111111,1.0507729166666668,1,21116.65276888889,21116.65276888889,Off,0.0,23.888888888888914,0,0.0,0.05,0.0,0.0,0,0,0,11489.55984,Off,0.0,0,75.75501288212602,51.666666666666686,46.10666666666668,0.0,50.230681722620915,0.20914930420141858,551.0691777596086,0.0,118.36720762832192,47.536998153080184,50.230681722620915,46.19015636830982,12.43753247303448,19.349209128804258,-0.15079087119579881,9.209983544308246,3.1527831894046168,1.7,9.236100170605994,15432.40958942305,1690.316849294496,-110.73046721171752,-2731.0159936556624,-0.0,-0.0,415.62579825158605,1460.740743669018,1.0,0.11844389721117903,0.0,0,1.1085176913092862,65.99961422222222,331.8694735130283,0.20864534931180584,9.05917350711995,0.0028427985472969292,233.62359486934065,1.2246708590072555,0.3192337855508911,-3132.0893218362057,70.91079688924194,0.13270664683949943,-251.87193999039624,141.14147277867872
2025-01-01 11:15:00,1.4659771179507264,0.2077892239241131,1.3652353511809254,0.02443295196584544,0.0034631537320685512,0.022753922519682092,0.06695853509427063,0.2982456661897889,1.0507729166666668,0.05,0.4645728511809253,0.9006625,0.0,0.19320589059077975,0,0.01458333333333334,1,0,0,Off,0,0,Off,0,0,Off,0.03506475048252919,0.026298562861896885,On,0,0,Off,0.0024126206140350874,0.0,On,0.06454591448023554,0,On,0.04063781206874921,0,On,0.22254310363851054,0.16690732772888286,On,On,17415.9303113141,20.000000000000057,0.8,4751.49537424146,26.39581596111111,1.0507729166666668,1,21116.65276888889,21116.65276888889,Off,0.0,23.888888888888914,0,0.0,0.05,0.0,0.0,0,0,0,11489.55984,On,10550.56,0,76.81991683912476,51.666666666666686,46.10666666666668,0.0,50.201288754903814,0.04186241861181767,110.21383555192169,10550.56,120.03112006113243,47.44799309055837,50.201288754903814,46.071345258385655,12.43753247303448,19.573905500477522,0.0,9.339925299047042,3.2000832935297194,1.7,9.236100170605994,15364.692067638734,1623.5735811196528,-119.75042322363717,-2787.161518749189,-0.0,-0.0,415.62579825158605,1459.352748308013,1.0,0.11935933050590568,0.0,0,1.117085241232173,65.99961422222222,320.29747682223933,0.20580769873797541,9.163356518505928,0.0028436069173019326,234.6896849637564,1.2237301984965796,0.32024120849899224,-3196.337527607242,68.41573448543457,0.13350559349315547,-261.6381933963342,141.88777017269703
2025-01-01 11:16:00,1.4659771179507264,0.2077892239241131,1.3652353511809254,0.02443295196584544,0.0034631537320685512,0.022753922519682092,0.06695853509427063,0.2982456661897889,1.0507729166666668,0.05,0.4645728511809253,0.9006625,0.0,0.19320589059077975,0,0.01458333333333334,1,0,0,Off,0,0,Off,0,0,Off,0.03506475048252919,0.026298562861896885,On,0,0,Off,0.0024126206140350874,0.0,On,0.06454591448023554,0,On,0.04063781206874921,0,On,0.22254310363851054,0.16690732772888286,On,On,17415.9303113141,20.000000000000057,0.8,4751.49537424146,26.39581596111111,1.0507729166666668,1,21116.65276888889,21116.65276888889,Off,0.0,23.888888888888914,0,0.0,0.05,0.0,0.0,0,0,0,11489.55984,On,10550.56,0,79.80392042522098,51.666666666666686,46.10666666666668,0.0,50.180872563944995,0.041885062901653135,110.21383555192169,10550.56,124.69362566440778,48.82013285741337,50.180872563944995,48.13976300414757,12.43753247303448,19.79180945183014,0.0,9.462791687765451,3.2470272369094295,1.7,9.236100170605994,15298.466522190316,1560.150421975824,-128.8386013068538,-2842.0430210252334,-0.0,-0.0,415.62579825158605,1457.97746531554,1.0,0.12024370158890163,0.0,0,1.1253620795857393,65.99961422222222,308.95343364986525,0.2030994302787024,9.264190829010865,0.0028444196003421154,235.7029578626176,1.2228193305743085,0.3211908705781051,-3257.372535420977,66.02758315534079,0.13429382473575727,-271.41903895395996,142.58043764710615
2025-01-01 11:17:00,1.4659771179507264,0.2077892239241131,1.3652353511809254,0.02443295196584544,0.0034631537320685512,0.022753922519682092,0.06695853509427063,0.2982456661897889,1.0507729166666668,0.05,0.4645728511809253,0.9006625,0.0,0.19320589059077975,0,0.01458333333333334,1,0,0,Off,0,0,Off,0,0,Off,0.03506475048252919,0.026298562861896885,On,0,0,Off,0.0024126206140350874,0.0,On,0.06454591448023554,0,On,0.04063781206874921,0,On,0.22254310363851054,0.16690732772888286,On,On,17415.9303113141,20.000000000000057,0.8,4751.49537424146,26.39581596111111,1.0507729166666668,1,21116.65276888889,21116.65276888889,Off,0.0,23.888888888888914,0,0.0,0.05,0.0,0.0,0,0,0,11489.55984,On,10550.56,0,82.80357024294918,51.666666666666686,46.10666666666668,0.0,50.16067467616636,0.04190748918299346,110.21383555192169,10550.56,129.38057850460808,50.191652719805774,50.20714174162549,50.16067467616636,12.43753247303448,20.003287566393777,0.0,9.579082970308427,3.293605441469638,1.7,9.236100170605994,15233.901391095837,1499.8830235256883,-137.98792850045086,-2895.7123211427975,-0.0,-0.0,415.62579825158605,1456.6153129860645,1.0,0.12109884622129773,0.0,0,1.1333653872778962,65.99961422222222,298.0576026729491,0.20051142955135903,9.361910819983919,0.0028452364001164267,236.66643443968798,1.2219365976203922,0.3220871328966988,-3315.3955857184837,63.78323500271195,0.1350713687324816,-281.20977335524225,143.22184485479139
2025-01-01 11:18:00,0.41520420128405955,0.2077892239241131,0.4645728511809253,0.0069200700214009925,0.0034631537320685512,0.007742880853015421,0.06695853509427063,0.2982456661897889,0.0,0.05,0.4645728511809253,0.0,0.0,0.19320589059077975,0,0.01458333333333334,1,0,0,Off,0,0,Off,0,0,Off,0.03506475048252919,0.026298562861896885,On,0,0,Off,0.0024126206140350874,0.0,On,0.06454591448023554,0,On,0.04063781206874921,0,On,0.22254310363851054,0.16690732772888286,On,Off,0.0,20.000000000000057,0.0,0.0,0.0,0.0,0,0.0,21116.65276888889,Off,0.0,23.888888888888914,0,0.0,0.05,0.0,0.0,0,0,0,11489.55984,On,10550.56,0,85.93337241184561,51.666666666666686,46.10666666666668,0.0,51.5625494273478,0.04040591664592211,110.21383555192168,10550.56,134.27089439350877,51.562549427347804,51.562549427347804,51.5625494273478,12.43753247303448,20.208657922220407,0.0,9.689236266218268,3.3398090540844496,1.7,9.236100170605994,-2244.937481910809,-3308.903897353525,-147.19156097077368,-2948.213045612624,-0.0,-0.0,415.62579825158605,1455.2666999051924,1.0,0.12192636578358536,0.0,0,1.141110151645661,65.99961422222222,287.64976545022904,0.19803568722607479,9.456722325706572,0.002846057131173095,237.5827675196186,1.2210805569435506,0.32293379548329604,-3370.5833203094962,61.67942295597126,0.13583826247551684,-291.00583918925133,143.81427821847765
2025-01-01 11:19:00,0.41520420128405955,0.2077892239241131,0.0,0.0069200700214009925,0.0034631537320685512,0.0,0.06695853509427063,0.2982456661897889,0.0,0.05,0.0,0.0,0.0,0.19320589059077975,0,0.01458333333333334,1,0,0,Off,0,0,Off,0,0,Off,0.03506475048252919,0.026298562861896885,On,0,0,Off,0.0024126206140350874,0.0,On,0.06454591448023554,0,On,0.04063781206874921,0,On,0.22254310363851054,0.16690732772888286,On,Off,0.0,20.000000000000057,0.0,0.0,0.0,0.0,0,0.0,21116.65276888889,Off,0.0,23.888888888888914,0,0.0,0.05,0.0,0.0,0,0,0,11489.55984,Off,0.0,0,88.09787824146035,51.666666666666686,46.10666666666668,0.0,52.93279594186036,0.0390386933781347,110.21383555192168,0.0,137.6529347522818,52.93279594186036,52.93279594186036,52.93279594186036,12.43753247303448,20.091975517544686,0.0,9.622146742554131,3.3856299188910732,1.7,9.236100170605994,-2207.6068090394533,-3274.0447875275086,-156.44288507614488,-2918.338416938998,-0.0,-0.0,415.62579825158605,1453.932024703399,1.0,0.12145655719821179,0.0,0,1.1367132081080211,65.99961422222222,295.1058096479586,0.1995280844148181,9.404497789154355,0.0028468816175666488,236.56358345589507,1.2215658231268929,0.3224183952645886,-3336.944628784637,62.899841257128635,0.13659455110602453,-300.80282593099514,144.35994085485027
2025-01-01 11:20:00,0.41520420128405955,0.2077892239241131,0.0,0.0069200700214009925,0.0034631537320685512,0.0,0.06695853509427063,0.2982456661897889,0.0,0.05,0.0,0.0,0.0,0.19320589059077975,0,0.01458333333333334,1,0,0,Off,0,0,Off,0,0,Off,0.03506475048252919,0.026298562861896885,On,0,0,Off,0.0024126206140350874,0.0,On,0.06454591448023554,0,On,0.04063781206874921,0,On,0.22254310363851054,0.16690732772888286,On,Off,0.0,20.000000000000057,0.0,0.0,0.0,0.0,0,0.0,21116.65276888889,Off,0.0,23.888888888888914,0,0.0,0.05,0.0,0.0,0,0,0,11489.55984,Off,0.0,0,88.31226185559579,51.666666666666686,46.10666666666668,0.0,52.91118543081964,0.03905953770654617,110.21383555192169,0.0,137.98790914936842,52.899840760651884,52.91118543081964,52.89416842556801,12.43753247303448,19.979463596509607,0.0,9.559203890491371,3.431060549618053,1.7,9.236100170605994,-2173.2396498396356,-3240.4505653891106,-165.7355158595687,-2889.646281727359,-0.0,-0.0,415.62579825158605,1452.6116758325052,1.0,0.12100266390720857,0.0,0,1.1324652159793378,65.99961422222222,300.7808336361375,0.2009808118104153,9.353719831346076,0.002847702240951613,235.5719893950767,1.2220340918219543,0.3219341007149978,-3305.459519604708,65.0089542155981,0.137340287268548,-310.5964703775782,144.86095451800952
2025-01-01 11:21:00,0.41520420128405955,0.2077892239241131,0.0,0.0069200700214009925,0.0034631537320685512,0.0,0.06695853509427063,0.2982456661897889,0.0,0.05,0.0,0.0,0.0,0.19320589059077975,0,0.01458333333333334,1,0,0,Off,0,0,Off,0,0,Off,0.03506475048252919,0.026298562861896885,On,0,0,Off,0.0024126206140350874,0.0,On,0.06454591448023554,0,On,0.04063781206874921,0,On,0.22254310363851054,0.16690732772888286,On,Off,0.0,20.000000000000057,0.0,0.0,0.0,0.0,0,0.0,21116.65276888889,Off,0.0,23.888888888888914,0,0.0,0.05,0.0,0.0,0,0,0,11489.55984,Off,0.0,0,88.51626286615378,51.666666666666686,46.10666666666668,0.0,52.88952055557228,0.03908045682700831,110.21383555192169,0.0,138.30666072836527,52.866841042848435,52.88952055557228,52.85550128648652,12.43753247303448,19.870776391144073,0.0,9.500051498706814,3.4760941019348,1.7,9.236100170605994,-2139.5386253935217,-3209.690932522927,-175.06329451789077,-2862.0366702879082,-0.0,-0.0,415.62579825158605,1451.306031314891,1.0,0.12056337705095277,0.0,0,1.1283539256285062,65.99961422222222,306.8722466428008,0.20239705454293938,9.304919649761194,0.002848519111427647,234.60586136380385,1.2224867659207237,0.321478305714004,-3275.9362854814594,66.24535295853198,0.1380755304956034,-320.38265655490613,145.31936203701537
2025-01-01 11:22:00,0.41520420128405955,0.2077892239241131,0.0,0.0069200700214009925,0.0034631537320685512,0.0,0.06695853509427063,0.2982456661897889,0.0,0.05,0.0,0.0,0.0,0.19320589059077975,0,0.01458333333333334,1,0,0,Off,0,0,Off,0,0,Off,0.03506475048252919,0.026298562861896885,On,0,0,Off,0.0024126206140350874,0.0,On,0.06454591448023554,0,On,0.04063781206874921,0,On,0.22254310363851054,0.16690732772888286,On,Off,0.0,20.000000000000057,0.0,0.0,0.0,0.0,0,0.0,21116.65276888889,Off,0.0,23.888888888888914,0,0.0,0.05,0.0,0.0,0,0,0,11489.55984,Off,0.0,0,88.7105218799811,51.666666666666686,46.10666666666668,0.0,52.8678036096573,0.03910144872598364,110.21383555192169,0.0,138.61019043747046,52.83379894535838,52.8678036096573,52.81679661320893,12.43753247303448,19.765677311236963,0.0,9.444340809600696,3.5207243461184894,1.7,9.236100170605994,-2107.064309530407,-3180.6536041606446,-184.4202868795093,-2835.4389027679613,-0.0,-0.0,415.62579825158605,1450.0154585180135,1.0,0.12013781790104748,0.0,0,1.1243711130271323,65.99961422222222,312.74879498596823,0.2037787736943022,9.257973516104675,0.0028493323305157398,233.66373045162288,1.2229247980216291,0.32104843881965106,-3248.189251849822,67.53564768917755,0.1388003466250184,-330.15741518115783,145.73712830164854
2025-01-01 11:23:00,0.41520420128405955,0.2077892239241131,0.0,0.0069200700214009925,0.0034631537320685512,0.0,0.06695853509427063,0.2982456661897889,0.0,0.05,0.0,0.0,0.0,0.19320589059077975,0,0.01458333333333334,1,0,0,Off,0,0,Off,0,0,Off,0.03506475048252919,0.026298562861896885,On,0,0,Off,0.0024126206140350874,0.0,On,0.06454591448023554,0,On,0.04063781206874921,0,On,0.22254310363851054,0.16690732772888286,On,Off,0.0,20.000000000000057,0.0,0.0,0.0,0.0,0,0.0,21116.65276888889,Off,0.0,23.888888888888914,0,0.0,0.05,0.0,0.0,0,0,0,11489.55984,Off,0.0,0,88.89559105088038,51.666666666666686,46.10666666666668,0.0,52.84603674539772,0.03912251151813834,110.21383555192168,0.0,138.8993610170006,52.800716492008796,52.84603674539772,52.778056365314335,12.43753247303448,19.663962599241817,0.0,9.391810816687412,3.564945640190114,1.7,9.236100170605994,-2075.7597917054654,-3153.311592136386,-193.8007813414163,-2809.791772718029,-0.0,-0.0,415.62579825158605,1448.7403139020769,1.0,0.1197252323989891,0.0,0,1.1205097209336756,65.99961422222222,318.40618276097774,0.20512762093969283,9.212078741229234,0.0028501419937638746,232.74432482112908,1.223349007464165,0.32064258647832705,-3222.078394410567,68.76680227418105,0.13951480725021811,-339.9169227447543,146.116141403338
2025-01-01 11:24:00,0.41520420128405955,0.2077892239241131,0.0,0.0069200700214009925,0.0034631537320685512,0.0,0.06695853509427063,0.2982456661897889,0.0,0.05,0.0,0.0,0.0,0.19320589059077975,0,0.01458333333333334,1,0,0,Off,0,0,Off,0,0,Off,0.03506475048252919,0.026298562861896885,On,0,0,Off,0.0024126206140350874,0.0,On,0.06454591448023554,0,On,0.04063781206874921,0,On,0.22254310363851054,0.16690732772888286,On,Off,0.0,20.000000000000057,0.0,0.0,0.0,0.0,0,0.0,21116.65276888889,Off,0.0,23.888888888888914,0,0.0,0.05,0.0,0.0,0,0,0,11489.55984,Off,0.0,0,89.07194271605051,51.666666666666686,46.10666666666668,0.0,52.82422199339245,0.03914364342809995,110.21383555192168,0.0,139.17491049382892,52.767595591920916,52.82422199339245,52.73928239118515,12.43753247303448,19.565458130051795,0.0,9.342233557493358,3.608752903589726,1.7,9.236100170605994,-2045.6042637569635,-3127.559062480977,-203.19928620939777,-2785.04253289333,-0.0,-0.0,415.62579825158605,1447.480942778533,1.0,0.11932497966309531,0.0,0,1.1167637513296687,65.99961422222222,323.81247088478096,0.2064449603421578,9.167847410077819,0.002850948191544278,231.84655067479918,1.2237600930250634,0.320259075505086,-3197.481625360885,69.92256287990813,0.1402189892024121,-349.6575002375817,146.45821402818393
2025-01-01 11:25:00,0.41520420128405955,0.2077892239241131,0.0,0.0069200700214009925,0.0034631537320685512,0.0,0.06695853509427063,0.2982456661897889,0.0,0.05,0.0,0.0,0.0,0.19320589059077975,0,0.01458333333333334,1,0,0,Off,0,0,Off,0,0,Off,0.03506475048252919,0.026298562861896885,On,0,0,Off,0.0024126206140350874,0.0,On,0.06454591448023554,0,On,0.04063781206874921,0,On,0.22254310363851054,0.16690732772888286,On,Off,0.0,20.000000000000057,0.0,0.0,0.0,0.0,0,0.0,21116.65276888889,Off,0.0,23.888888888888914,0,0.0,0.05,0.0,0.0,0,0,0,11489.55984,Off,0.0,0,89.23999531020657,51.666666666666686,46.10666666666668,0.0,52.80236128010491,0.03916484277394881,110.21383555192168,0.0,139.43749267219775,52.73443805609146,52.80236128010491,52.70047644408474,12.43753247303448,19.470009769375945,-0.029990230624111547,9.295408435886522,3.652141591450269,1.7,9.236100170605994,-2016.5596482112037,-3103.2802629479283,-212.6105265389961,-2761.144304101448,-0.0,-0.0,415.62579825158605,1446.2376782387464,1.0,0.1189364940258967,0.0,0,1.1131279101272602,65.99961422222222,328.9588576386587,0.20773197623825276,9.124509022991036,0.00285175100977184,230.96943450153609,1.2241586726689766,0.31989643183058075,-3174.2917043555867,71.01144140765845,0.14091297406358266,-359.3756115819134,146.7650850429173
2025-01-01 11:26:00,0.41520420128405955,0.2077892239241131,0.0,0.0069200700214009925,0.0034631537320685512,0.0,0.06695853509427063,0.2982456661897889,0.0,0.05,0.0,0.0,0.0,0.19320589059077975,0,0.01458333333333334,1,0,0,Off,0,0,Off,0,0,Off,0.03506475048252919,0.026298562861896885,On,0,0,Off,0.0024126206140350874,0.0,On,0.06454591448023554,0,On,0.04063781206874921,0,On,0.22254310363851054,0.16690732772888286,On,Off,0.0,20.000000000000057,0.0,0.0,0.0,0.0,0,0.0,21116.65276888889,Off,0.0,23.888888888888914,0,0.0,0.05,0.0,0.0,0,0,0,11489.55984,Off,0.0,0,89.40012753563937,51.666666666666686,46.10666666666668,0.0,52.78045643974183,0.03918610795615317,110.21383555192169,0.0,139.6876992744365,52.701245608590476,52.78045643974183,52.6616401930148,12.43753247303448,19.377478104007395,-0.12252189599266217,9.251156603823304,3.695107669515652,1.7,9.236100170605994,-1988.5827747454878,-3080.3785601652794,-222.0294405463737,-2738.054635228521,-0.0,-0.0,415.62579825158605,1445.0108442217627,1.0,0.11855926444399086,0.0,0,1.1095974144658225,65.99961422222222,333.84606223144726,0.20898973027342269,9.08337460916012,0.002852550530392704,230.11209154762145,1.2245453051970074,0.3195533391143357,-3152.4132396355294,72.03467947025018,0.14159684770907094,-369.0678617862349,147.0384212398612
2025-01-01 11:27:00,0.41520420128405955,0.2077892239241131,0.0,0.0069200700214009925,0.0034631537320685512,0.0,0.06695853509427063,0.2982456661897889,0.0,0.05,0.0,0.0,0.0,0.19320589059077975,0,0.01458333333333334,1,0,0,Off,0,0,Off,0,0,Off,0.03506475048252919,0.026298562861896885,On,0,0,Off,0.0024126206140350874,0.0,On,0.06454591448023554,0,On,0.04063781206874921,0,On,0.22254310363851054,0.16690732772888286,On,Off,0.0,20.000000000000057,0.0,0.0,0.0,0.0,0,0.0,21116.65276888889,Off,0.0,23.888888888888914,0,0.0,0.05,0.0,0.0,0,0,0,11489.55984,Off,0.0,0,89.55268760607906,51.666666666666686,46.10666666666668,0.0,52.75850922300998,0.03920743744947185,110.21383555192169,0.0,139.92607438449852,52.6680198948154,52.75850922300998,52.62277523071812,12.43753247303448,19.28773500485232,-0.21226499514773778,9.209316154004132,3.7376475897384966,1.7,9.236100170605994,-1961.6282041201275,-3058.765416785203,-231.45117565818188,-2715.7345531642773,-0.0,-0.0,415.62579825158605,1443.800750277807,1.0,0.11819282113904035,0.0,0,1.1061678676849087,65.99961422222222,338.48055079256335,0.21021919776822906,9.042315350718864,0.002853346831746897,229.27370527656026,1.224920504330218,0.3192286031470414,-3131.760140753343,72.99472396814005,0.1422706998785143,-378.7309948625139,147.27981920433203
2025-01-01 11:28:00,0.41520420128405955,0.2077892239241131,0.0,0.0069200700214009925,0.0034631537320685512,0.0,0.06695853509427063,0.2982456661897889,0.0,0.05,0.0,0.0,0.0,0.19320589059077975,0,0.01458333333333334,1,0,0,Off,0,0,Off,0,0,Off,0.03506475048252919,0.026298562861896885,On,0,0,Off,0.0024126206140350874,0.0,On,0.06454591448023554,0,On,0.04063781206874921,0,On,0.22254310363851054,0.16690732772888286,On,Off,0.0,20.000000000000057,0.0,0.0,0.0,0.0,0,0.0,21116.65276888889,Off,0.0,23.888888888888914,0,0.0,0.05,0.0,0.0,0,0,0,11489.55984,Off,0.0,0,89.69799924540737,51.666666666666686,46.10666666666668,0.0,52.73652130383602,0.03922882979679046,110.21383555192169,0.0,140.15312382094902,52.63476248782491,52.73652130383602,52.58388307981936,12.43753247303448,19.200661397582262,-0.2993386024177944,9.169739001438572,3.77975826658368,1.7,9.236100170605994,-1935.6503225387173,-3038.359447391797,-240.87108425894255,-2694.147934539934,-0.0,-0.0,415.62579825158605,1442.6076946557814,1.0,0.11783672701236748,0.0,0,1.1028351789733544,65.99961422222222,342.87181374963075,0.2114212903400756,9.003331290585788,0.002854139988848672,228.45351406821908,1.2252847478054298,0.31892112898077174,-3112.253943597048,73.89449620525092,0.14293462377385555,-388.3618915348182,147.49080727587565
2025-01-01 11:29:00,1.4659771179507264,0.2077892239241131,0.9006625,0.02443295196584544,0.0034631537320685512,0.015011041666666667,0.06695853509427063,0.2982456661897889,1.0507729166666668,0.05,0.0,0.9006625,0.0,0.19320589059077975,0,0.01458333333333334,1,0,0,Off,0,0,Off,0,0,Off,0.03506475048252919,0.026298562861896885,On,0,0,Off,0.0024126206140350874,0.0,On,0.06454591448023554,0,On,0.04063781206874921,0,On,0.22254310363851054,0.16690732772888286,On,On,17415.9303113141,20.000000000000057,0.8,4751.49537424146,26.39581596111111,1.0507729166666668,1,21116.65276888889,21116.65276888889,Off,0.0,23.888888888888914,0,0.0,0.05,0.0,0.0,0,0,0,11489.55984,Off,0.0,0,89.83636571097368,51.666666666666686,46.10666666666668,0.0,52.714494284764584,0.039250283604208284,110.21383555192168,0.0,140.36932142339637,52.60147489342643,52.714494284764584,52.54496519775736,12.43753247303448,19.116145768278937,-0.38385423172112,9.13228864414298,3.8214370540568936,1.7,9.236100170605994,15505.325821499559,1732.409745367895,-250.2847191879336,-2673.2610741139706,-0.0,-0.0,415.62579825158605,1441.4319632166842,1.0,0.11749057196065042,0.0,0,1.099595510169817,65.99961422222222,347.0307860478435,0.2125968702039822,8.964997955221362,0.0028549300736133054,227.65080232082832,1.2256384834380072,0.31862990462711666,-3093.822595419747,74.73696654618209,0.14358871568315165,-397.95756676698056,147.67284757904696
2025-01-01 11:30:00,1.3384849948340674,0.176826705157016,0.9006625,0.022308083247234455,0.0029471117526169337,0.015011041666666667,0.014990144660974265,0.22272193350642625,1.0507729166666668,0.05,0.0,0.9006625,0.0,0.16224337182368267,0,0.01458333333333334,1,0,0,Off,0,0,Off,0,0,Off,0.03506475048252919,0.026298562861896885,On,0,0,Off,0.0024126206140350874,0.0,On,0.012577524046939178,0,On,0.006397437741515965,0,On,0.1812597452823811,0.1359448089617858,On,On,17415.9303113141,20.000000000000057,0.8,4751.49537424146,26.39581596111111,1.0507729166666668,1,21116.65276888889,21116.65276888889,Off,0.0,23.888888888888914,0,0.0,0.05,0.0,0.0,0,0,0,11489.55984,Off,0.0,0,89.13874037428154,51.666666666666686,46.10666666666668,0.0,52.69242970146979,0.0,0.0,0.0,139.2792818348149,52.56815855442795,52.69242970146979,52.506022980907034,12.43753247303448,19.35031056610464,-0.14968943389541778,9.268331914810682,3.8626817234746404,2.2,9.236100170605994,15413.339215755994,1914.687616999222,-147.2997708558724,-2601.2964342656574,-0.0,-0.0,225.02389599763384,1609.4698764040386,0.0,0.11639839250244735,0.0,0,1.0893737910267525,0.0,373.6814427099181,0.20957479711553256,9.073926230603398,0.0028557171550478624,122.22760100674341,1.2246567015753926,0.31578568857265316,-2908.5749063601256,71.76714911788751,0.13621630837444665,-295.12710881030245,147.82733795443005
2025-01-01 11:31:00,1.3384849948340674,0.176826705157016,0.9006625,0.022308083247234455,0.0029471117526169337,0.015011041666666667,0.014990144660974265,0.22272193350642625,1.0507729166666668,0.05,0.0,0.9006625,0.0,0.16224337182368267,0,0.01458333333333334,1,0,0,Off,0,0,Off,0,0,Off,0.03506475048252919,0.026298562861896885,On,0,0,Off,0.0024126206140350874,0.0,On,0.012577524046939178,0,On,0.006397437741515965,0,On,0.1812597452823811,0.1359448089617858,On,On,17415.9303113141,20.000000000000057,0.8,4751.49537424146,26.39581596111111,1.0507729166666668,1,21116.65276888889,21116.65276888889,Off,0.0,23.888888888888914,0,0.0,0.05,0.0,0.0,0,0,0,11489.55984,Off,0.0,0,88.48093816120115,51.666666666666686,46.10666666666668,0.0,52.67271367663013,0.0,0.0,0.0,138.2514658768768,52.5496406467398,52.67271367663013,52.48810413179464,12.43753247303448,19.576916341191588,0.0,9.40585953365036,3.9077741464504796,2.2,9.236100170605994,15344.498814385064,1845.2930136091145,-156.87190292808498,-2656.7557406980327,-0.0,-0.0,225.02389599763384,1608.2359260535166,0.0,0.11732972242920849,0.0,0,1.0980901176975961,0.0,360.300347771363,0.20647131945728114,9.170994376453526,0.0028561400843701863,123.01738218121729,1.2225202916390616,0.3168634278152054,-2975.286435195919,69.08407456357317,0.13695855212168184,-304.78280726683204,147.91090433874706
2025-01-01 11:32:00,1.3384849948340674,0.176826705157016,0.9006625,0.022308083247234455,0.0029471117526169337,0.015011041666666667,0.014990144660974265,0.22272193350642625,1.0507729166666668,0.05,0.0,0.9006625,0.0,0.16224337182368267,0,0.01458333333333334,1,0,0,Off,0,0,Off,0,0,Off,0.03506475048252919,0.026298562861896885,On,0,0,Off,0.0024126206140350874,0.0,On,0.012577524046939178,0,On,0.006397437741515965,0,On,0.1812597452823811,0.1359448089617858,On,On,17415.9303113141,20.000000000000057,0.8,4751.49537424146,26.39581596111111,1.0507729166666668,1,21116.65276888889,21116.65276888889,Off,0.0,23.888888888888914,0,0.0,0.05,0.0,0.0,0,0,0,11489.55984,Off,0.0,0,87.84169243852723,51.666666666666686,46.10666666666668,0.0,52.65314332357155,0.0,0.0,0.0,137.2526444351988,52.53125939254943,52.65314332357155,52.47031742703837,12.43753247303448,19.796743122323633,0.0,9.535914455785962,3.952415868817574,2.2,9.236100170605994,15278.513354484381,1779.3335052728034,-166.11007125519106,-2710.9998713921796,-0.0,-0.0,225.02389599763384,1607.021782407872,0.0,0.11822962948868948,0.0,0,1.1065123574200042,0.0,348.5590185648282,0.20370240178729632,9.272043150410198,0.002856566490340317,123.77146825487078,1.2216026000234148,0.3178792455144903,-3038.6963632197035,66.53449425104712,0.13768943573704,-314.41891995820765,148.3088487030166
2025-01-01 11:33:00,1.3384849948340674,0.176826705157016,0.9006625,0.022308083247234455,0.0029471117526169337,0.015011041666666667,0.014990144660974265,0.22272193350642625,1.0507729166666668,0.05,0.0,0.9006625,0.0,0.16224337182368267,0,0.01458333333333334,1,0,0,Off,0,0,Off,0,0,Off,0.03506475048252919,0.026298562861896885,On,0,0,Off,0.0024126206140350874,0.0,On,0.012577524046939178,0,On,0.006397437741515965,0,On,0.1812597452823811,0.1359448089617858,On,On,17415.9303113141,20.000000000000057,0.8,4751.49537424146,26.39581596111111,1.0507729166666668,1,21116.65276888889,21116.65276888889,Off,0.0,23.888888888888914,0,0.0,0.05,0.0,0.0,0,0,0,11489.55984,Off,0.0,0,87.21999520141128,51.666666666666686,46.10666666666668,0.0,52.633714548500464,0.0,0.0,0.0,136.28124250220512,52.5130109368845,52.633714548500464,52.45265913107652,12.43753247303448,20.010162726151684,0.0,9.659028537953548,3.9966711992220905,2.2,9.236100170605994,15214.539579352426,1716.6206677492146,-175.11199439379357,-2764.079442798307,-0.0,-0.0,225.02389599763384,1605.8277152022322,0.0,0.11909999941406346,0.0,0,1.1146581587907611,0.0,337.66481483899855,0.20105524813933442,9.369982499527275,0.0028569958324307356,124.49207263422444,1.2207129612547611,0.31883786860832203,-3099.010446172406,64.13573968016061,0.1384101838016451,-324.0466421942629,148.93464780046935
2025-01-01 11:34:00,0.2877120781674005,0.176826705157016,0.0,0.004795201302790009,0.0029471117526169337,0.0,0.014990144660974265,0.22272193350642625,0.0,0.05,0.0,0.0,0.0,0.16224337182368267,0,0.01458333333333334,1,0,0,Off,0,0,Off,0,0,Off,0.03506475048252919,0.026298562861896885,On,0,0,Off,0.0024126206140350874,0.0,On,0.012577524046939178,0,On,0.006397437741515965,0,On,0.1812597452823811,0.1359448089617858,On,Off,0.0,20.000000000000057,0.0,0.0,0.0,0.0,0,0.0,21116.65276888889,Off,0.0,23.888888888888914,0,0.0,0.05,0.0,0.0,0,0,0,11489.55984,Off,0.0,0,86.61500022202519,51.666666666666686,46.10666666666668,0.0,52.614423479843865,0.0,0.0,0.0,135.33593784691436,52.494891634178195,52.614423479843865,52.435125711345364,12.43753247303448,20.21748688557598,0.0,9.7756648363878,4.040588920574342,2.2,9.236100170605994,-2263.703302243133,-3094.522210498061,-183.9372833659414,-2816.0343129120615,-0.0,-0.0,225.02389599763384,1604.6539786818082,0.0,0.11994243283324006,0.0,0,1.122542502103464,0.0,327.3071146712948,0.19852182549092037,9.465015056299423,0.0028574279888950154,125.18095803676005,1.2198499596928603,0.3197434015022412,-3156.4085944171343,61.886383919073296,0.1391217422097855,-333.67424408514364,149.73696071920224
2025-01-01 11:35:00,0.2877120781674005,0.176826705157016,0.0,0.004795201302790009,0.0029471117526169337,0.0,0.014990144660974265,0.22272193350642625,0.0,0.05,0.0,0.0,0.0,0.16224337182368267,0,0.01458333333333334,1,0,0,Off,0,0,Off,0,0,Off,0.03506475048252919,0.026298562861896885,On,0,0,Off,0.0024126206140350874,0.0,On,0.012577524046939178,0,On,0.006397437741515965,0,On,0.1812597452823811,0.1359448089617858,On,Off,0.0,20.000000000000057,0.0,0.0,0.0,0.0,0,0.0,21116.65276888889,Off,0.0,23.888888888888914,0,0.0,0.05,0.0,0.0,0,0,0,11489.55984,Off,0.0,0,86.87444945235991,51.666666666666686,46.10666666666668,0.0,52.59526643260068,0.0,0.0,0.0,135.74132726931236,52.47689801466118,52.59526643260068,52.41771380569144,12.43753247303448,20.102762527360312,0.0,9.71474101411023,4.084207467980818,2.2,9.236100170605994,-2227.4055110429067,-3063.380809747489,-192.6283806299155,-2787.237138720014,-0.0,-0.0,225.02389599763384,1603.5008113258923,0.0,0.11947663846933693,0.0,0,1.1181831277071776,0.0,334.8077316794738,0.19996617975778735,9.41386590158838,0.0028578628441541893,124.54445354619907,1.2203268609474172,0.31927072570892073,-3126.396035704945,63.015225957456295,0.13982486927262866,-343.30807360574255,150.67969297582704
2025-01-01 11:36:00,0.2877120781674005,0.176826705157016,0.0,0.004795201302790009,0.0029471117526169337,0.0,0.014990144660974265,0.22272193350642625,0.0,0.05,0.0,0.0,0.0,0.16224337182368267,0,0.01458333333333334,1,0,0,Off,0,0,Off,0,0,Off,0.03506475048252919,0.026298562861896885,On,0,0,Off,0.0024126206140350874,0.0,On,0.012577524046939178,0,On,0.006397437741515965,0,On,0.1812597452823811,0.1359448089617858,On,Off,0.0,20.000000000000057,0.0,0.0,0.0,0.0,0,0.0,21116.65276888889,Off,0.0,23.888888888888914,0,0.0,0.05,0.0,0.0,0,0,0,11489.55984,Off,0.0,0,87.12264565028566,51.666666666666686,46.10666666666668,0.0,52.57605295852107,0.0,0.0,0.0,136.12913382857136,52.458850496503956,52.57605295852107,52.400249265495404,12.43753247303448,19.99217814841323,0.0,9.657614247739877,4.127557178779216,2.2,9.236100170605994,-2194.0469266273853,-3033.3727806661223,-201.2212397789159,-2759.5907108035294,-0.0,-0.0,225.02389599763384,1602.3684348085712,0.0,0.11902677915565643,0.0,0,1.1139728896150793,0.0,340.5198881785102,0.20137048649505448,9.363438529446967,0.002858295319239231,123.92621855237509,1.2207868961069503,0.31882687265693804,-3098.3159923737558,64.94321170763365,0.1405201769482589,-352.95296285158054,151.73172307266464
2025-01-01 11:37:00,0.2877120781674005,0.176826705157016,0.0,0.004795201302790009,0.0029471117526169337,0.0,0.014990144660974265,0.22272193350642625,0.0,0.05,0.0,0.0,0.0,0.16224337182368267,0,0.01458333333333334,1,0,0,Off,0,0,Off,0,0,Off,0.03506475048252919,0.026298562861896885,On,0,0,Off,0.0024126206140350874,0.0,On,0.012577524046939178,0,On,0.006397437741515965,0,On,0.1812597452823811,0.1359448089617858,On,Off,0.0,20.000000000000057,0.0,0.0,0.0,0.0,0,0.0,21116.65276888889,Off,0.0,23.888888888888914,0,0.0,0.05,0.0,0.0,0,0,0,11489.55984,Off,0.0,0,87.36052857825517,51.666666666666686,46.10666666666668,0.0,52.55678553831532,0.0,0.0,0.0,136.5008259035237,52.44075141743996,52.55678553831532,52.382734357002285,12.43753247303448,19.885385845550985,0.0,9.603949731895737,4.170661453248067,2.2,9.236100170605994,-2161.3188784780978,-3005.922185400342,-209.74640900691085,-2732.996475634578,-0.0,-0.0,225.02389599763384,1601.257056758081,0.0,0.11859152618527108,0.0,0,1.10989935244493,0.0,346.6537011588467,0.20273800331464162,9.314974948345753,0.0028587254853679692,123.32481118865897,1.2212314764189767,0.3184093563567136,-3071.9925385495435,66.07035314920114,0.1412081533213715,-362.6124151143132,152.86600610740234
2025-01-01 11:38:00,0.2877120781674005,0.176826705157016,0.0,0.004795201302790009,0.0029471117526169337,0.0,0.014990144660974265,0.22272193350642625,0.0,0.05,0.0,0.0,0.0,0.16224337182368267,0,0.01458333333333334,1,0,0,Off,0,0,Off,0,0,Off,0.03506475048252919,0.026298562861896885,On,0,0,Off,0.0024126206140350874,0.0,On,0.012577524046939178,0,On,0.006397437741515965,0,On,0.1812597452823811,0.1359448089617858,On,Off,0.0,20.000000000000057,0.0,0.0,0.0,0.0,0,0.0,21116.65276888889,Off,0.0,23.888888888888914,0,0.0,0.05,0.0,0.0,0,0,0,11489.55984,Off,0.0,0,87.58874101877083,51.666666666666686,46.10666666666668,0.0,52.537466445567674,0.0,0.0,0.0,136.85740784182943,52.42260291997402,52.537466445567674,52.365171157177194,12.43753247303448,19.782148203134284,0.0,9.553423611203172,4.213537730489432,2.2,9.236100170605994,-2129.784895480537,-2980.0046597959613,-218.22947604386184,-2707.384939646955,-0.0,-0.0,225.02389599763384,1600.1668659147997,0.0,0.1181699898161779,0.0,0,1.1059541890918791,0.0,352.57614816878396,0.20407074252657156,9.268350990286951,0.0028591534080844665,122.73924184946192,1.221661557798225,0.31801575614267535,-3047.2570964676547,67.25243667169326,0.14188918136440318,-372.2887641414528,154.05928809759098
2025-01-01 11:39:00,0.2877120781674005,0.176826705157016,0.0,0.004795201302790009,0.0029471117526169337,0.0,0.014990144660974265,0.22272193350642625,0.0,0.05,0.0,0.0,0.0,0.16224337182368267,0,0.01458333333333334,1,0,0,Off,0,0,Off,0,0,Off,0.03506475048252919,0.026298562861896885,On,0,0,Off,0.0024126206140350874,0.0,On,0.012577524046939178,0,On,0.006397437741515965,0,On,0.1812597452823811,0.1359448089617858,On,Off,0.0,20.000000000000057,0.0,0.0,0.0,0.0,0,0.0,21116.65276888889,Off,0.0,23.888888888888914,0,0.0,0.05,0.0,0.0,0,0,0,11489.55984,Off,0.0,0,87.80783560283629,51.666666666666686,46.10666666666668,0.0,52.51809781217056,0.0,0.0,0.0,137.1997431294317,52.40440701307769,52.51809781217056,52.347561613531255,12.43753247303448,19.682261270759167,0.0,9.50579512473448,4.256198383774498,2.2,9.236100170605994,-2099.3895935156097,-2955.601306871843,-226.69155547299897,-2682.6960648728887,-0.0,-0.0,225.02389599763384,1599.0980349091842,0.0,0.11776140854463725,0.0,0,1.1021302726343438,0.0,358.2825753596453,0.20537039637254287,9.2234602526322,0.002859579149010345,122.16865708795488,1.2220779603487768,0.3176442820334833,-3023.9834173078098,68.38211043596674,0.14256355578701133,-381.98332654136357,155.2917710683646
2025-01-01 11:40:00,0.2877120781674005,0.176826705157016,0.0,0.004795201302790009,0.0029471117526169337,0.0,0.014990144660974265,0.22272193350642625,0.0,0.05,0.0,0.0,0.0,0.16224337182368267,0,0.01458333333333334,1,0,0,Off,0,0,Off,0,0,Off,0.03506475048252919,0.026298562861896885,On,0,0,Off,0.0024126206140350874,0.0,On,0.012577524046939178,0,On,0.006397437741515965,0,On,0.1812597452823811,0.1359448089617858,On,Off,0.0,20.000000000000057,0.0,0.0,0.0,0.0,0,0.0,21116.65276888889,Off,0.0,23.888888888888914,0,0.0,0.05,0.0,0.0,0,0,0,11489.55984,Off,0.0,0,88.0182840519842,51.666666666666686,46.10666666666668,0.0,52.49868164819068,0.0,0.0,0.0,137.5285688312253,52.38616559091756,52.49868164819068,52.329907562281,12.43753247303448,19.585551137608203,0.0,9.460854985082422,4.298651521513518,2.2,9.236100170605994,-2070.1141397045335,-2932.6176360990667,-235.14984317419692,-2658.8782141054,-0.0,-0.0,225.02389599763384,1598.0507192225707,0.0,0.11736513662549344,0.0,0,1.0984215595365574,0.0,363.74017840323273,0.2066383618790473,9.179519192562221,0.0028600027663809218,121.61232591121114,1.2224813819882479,0.31729337666684926,-3002.0619064869325,69.44427038786603,0.1432314978480316,-391.69654268440553,156.5466995102086
2025-01-01 11:41:00,0.2877120781674005,0.176826705157016,0.0,0.004795201302790009,0.0029471117526169337,0.0,0.014990144660974265,0.22272193350642625,0.0,0.05,0.0,0.0,0.0,0.16224337182368267,0,0.01458333333333334,1,0,0,Off,0,0,Off,0,0,Off,0.03506475048252919,0.026298562861896885,On,0,0,Off,0.0024126206140350874,0.0,On,0.012577524046939178,0,On,0.006397437741515965,0,On,0.1812597452823811,0.1359448089617858,On,Off,0.0,20.000000000000057,0.0,0.0,0.0,0.0,0,0.0,21116.65276888889,Off,0.0,23.888888888888914,0,0.0,0.05,0.0,0.0,0,0,0,11489.55984,Off,0.0,0,88.22050352767559,51.666666666666686,46.10666666666668,0.0,52.47921985969836,0.0,0.0,0.0,137.8445367619931,52.3678804496636,52.47921985969836,52.31221074464622,12.43753247303448,19.491864128981323,-0.008135871018733809,9.418419781725245,4.340901686276337,2.2,9.236100170605994,-2041.9219870342179,-2910.950258786658,-243.6181455584021,-2635.885567782332,-0.0,-0.0,225.02389599763384,1597.0250569059724,0.0,0.11698060514770661,0.0,0,1.0948227253540581,0.0,368.93968475048047,0.20787585111674084,9.137147026806062,0.00286042431552619,121.06959970989456,1.222872438833498,0.31696167394723185,-2981.3966592386087,70.4464004519506,0.1438931680998696,-401.42810285997496,157.80995730157287
2025-01-01 11:42:00,0.2877120781674005,0.176826705157016,0.0,0.004795201302790009,0.0029471117526169337,0.0,0.014990144660974265,0.22272193350642625,0.0,0.05,0.0,0.0,0.0,0.16224337182368267,0,0.01458333333333334,1,0,0,Off,0,0,Off,0,0,Off,0.03506475048252919,0.026298562861896885,On,0,0,Off,0.0024126206140350874,0.0,On,0.012577524046939178,0,On,0.006397437741515965,0,On,0.1812597452823811,0.1359448089617858,On,Off,0.0,20.000000000000057,0.0,0.0,0.0,0.0,0,0.0,21116.65276888889,Off,0.0,23.888888888888914,0,0.0,0.05,0.0,0.0,0,0,0,11489.55984,Off,0.0,0,88.41487103541107,51.666666666666686,46.10666666666668,0.0,52.45971426079127,0.0,0.0,0.0,138.1482359928298,52.349553298823594,52.45971426079127,52.29447281783976,12.43753247303448,19.401061449318284,-0.0989385506817726,9.378326475254061,4.382950459148923,2.2,9.236100170605994,-2014.771204841327,-2890.513287105169,-252.10734771938777,-2613.6766889888668,-0.0,-0.0,225.02389599763384,1596.0211683197967,0.0,0.11660730092560913,0.0,0,1.0913289671767354,0.0,373.88158814990567,0.20908394954709825,9.095584238478498,0.0028608438491965677,120.53989041119534,1.2232516871926509,0.3166479578655964,-2961.9025942635462,71.38930715837698,0.1445486772620849,-411.17705892219135,159.06971120280357
2025-01-01 11:43:00,0.2877120781674005,0.176826705157016,0.0,0.004795201302790009,0.0029471117526169337,0.0,0.014990144660974265,0.22272193350642625,0.0,0.05,0.0,0.0,0.0,0.16224337182368267,0,0.01458333333333334,1,0,0,Off,0,0,Off,0,0,Off,0.03506475048252919,0.026298562861896885,On,0,0,Off,0.0024126206140350874,0.0,On,0.012577524046939178,0,On,0.006397437741515965,0,On,0.1812597452823811,0.1359448089617858,On,Off,0.0,20.000000000000057,0.0,0.0,0.0,0.0,0,0.0,21116.65276888889,Off,0.0,23.888888888888914,0,0.0,0.05,0.0,0.0,0,0,0,11489.55984,Off,0.0,0,88.60173281589516,51.666666666666686,46.10666666666668,0.0,52.44016658244442,0.0,0.0,0.0,138.44020752483618,52.33118576958526,52.44016658244442,52.27669536315568,12.43753247303448,19.31301569045978,-0.18698430954027856,9.340427763466467,4.424796981115694,2.2,9.236100170605994,-1988.6174172971093,-2871.2280408431766,-260.6258208460822,-2592.2135773841537,-0.0,-0.0,225.02389599763384,1595.0391558557023,0.0,0.11624475281064894,0.0,0,1.0879358755202895,0.0,378.57226408941085,0.21026365323291313,9.055457531091557,0.002861261417803687,120.02265626321358,1.2236196378647088,0.3163511276932077,-2943.503055887367,72.27501504419037,0.14519809547769308,-420.94192286534246,160.31610201926026
2025-01-01 11:44:00,0.2877120781674005,0.176826705157016,0.0,0.004795201302790009,0.0029471117526169337,0.0,0.014990144660974265,0.22272193350642625,0.0,0.05,0.0,0.0,0.0,0.16224337182368267,0,0.01458333333333334,1,0,0,Off,0,0,Off,0,0,Off,0.03506475048252919,0.026298562861896885,On,0,0,Off,0.0024126206140350874,0.0,On,0.012577524046939178,0,On,0.006397437741515965,0,On,0.1812597452823811,0.1359448089617858,On,Off,0.0,20.000000000000057,0.0,0.0,0.0,0.0,0,0.0,21116.65276888889,Off,0.0,23.888888888888914,0,0.0,0.05,0.0,0.0,0,0,0,11489.55984,Off,0.0,0,88.7814104387879,51.666666666666686,46.10666666666668,0.0,52.42057847929083,0.0,0.0,0.0,138.7209538106061,52.312779421207374,52.42057847929083,52.25887989216565,12.43753247303448,19.22760856699459,-0.27239143300546687,9.304589087613028,4.466438402457226,2.2,9.236100170605994,-1963.415972798248,-2853.0222139204016,-269.17977728378526,-2571.461043796957,-0.0,-0.0,225.02389599763384,1594.0791036700984,0.0,0.11589252289393681,0.0,0,1.0846393519907773,0.0,383.02117500107465,0.21141589202337638,9.016705290930862,0.0028616770696057543,119.51739264136287,1.223976765375561,0.316070175683453,-2926.1282460999346,73.10603217953286,0.1458414601825485,-430.7207538150533,161.540976531268
2025-01-01 11:45:00,1.3384849948340674,0.176826705157016,0.9006625,0.022308083247234455,0.0029471117526169337,0.015011041666666667,0.014990144660974265,0.22272193350642625,1.0507729166666668,0.05,0.0,0.9006625,0.0,0.16224337182368267,0,0.01458333333333334,1,0,0,Off,0,0,Off,0,0,Off,0.03506475048252919,0.026298562861896885,On,0,0,Off,0.0024126206140350874,0.0,On,0.012577524046939178,0,On,0.006397437741515965,0,On,0.1812597452823811,0.1359448089617858,On,On,17415.9303113141,20.000000000000057,0.8,4751.49537424146,26.39581596111111,1.0507729166666668,1,21116.65276888889,21116.65276888889,Off,0.0,23.888888888888914,0,0.0,0.05,0.0,0.0,0,0,0,11489.55984,Off,0.0,0,88.95420488881717,51.666666666666686,46.10666666666668,0.0,52.40095153505957,0.0,0.0,0.0,138.99094513877682,52.29433574614504,52.40095153505957,52.24102785168778,12.43753247303448,19.14472939849114,-0.35527060150891643,9.270686497213838,4.507870269557572,2.2,9.236100170605994,15476.807182734981,1915.666225528094,-277.773580730846,-2551.386280773679,-0.0,-0.0,225.02389599763384,1593.1410774195126,0.0,0.11555020068136981,0.0,0,1.0814355547695316,0.0,387.23925619692767,0.21254154424725566,8.978590492420127,0.002862090850856894,119.02362590920029,1.2243235141345343,0.315804171273063,-2909.714095894471,73.8849471811051,0.146478782783037,-440.5112347272743,162.73765399642824
2025-01-01 11:46:00,1.3384849948340674,0.176826705157016,0.9006625,0.022308083247234455,0.0029471117526169337,0.015011041666666667,0.014990144660974265,0.22272193350642625,1.0507729166666668,0.05,0.0,0.9006625,0.0,0.16224337182368267,0,0.01458333333333334,1,0,0,Off,0,0,Off,0,0,Off,0.03506475048252919,0.026298562861896885,On,0,0,Off,0.0024126206140350874,0.0,On,0.012577524046939178,0,On,0.006397437741515965,0,On,0.1812597452823811,0.1359448089617858,On,On,17415.9303113141,20.000000000000057,0.8,4751.49537424146,26.39581596111111,1.0507729166666668,1,21116.65276888889,21116.65276888889,Off,0.0,23.888888888888914,0,0.0,0.05,0.0,0.0,0,0,0,11489.55984,Off,0.0,0,88.2719119550171,51.666666666666686,46.10666666666668,0.0,52.38128726711328,0.0,0.0,0.0,137.9248624297142,52.27585617432602,52.38128726711328,52.223140627932395,12.43753247303448,19.380501496307144,-0.11949850369291326,9.41009849109918,4.54908685718053,2.2,9.236100170605994,15406.49973879181,1845.0025824830586,-286.4100175252715,-2608.658441330363,-0.0,-0.0,225.02389599763384,1592.2251239894542,0.0,0.11652269177540649,0.0,0,1.090537109241843,0.0,374.2039728104395,0.20947250468011053,9.088250495666546,0.0028625028059323003,119.84073058190103,1.2233364366525397,0.31689658830218453,-2977.3482468404977,70.85545508209641,0.147110054308166,-450.3107399212068,163.9007223959353
2025-01-01 11:47:00,1.3384849948340674,0.176826705157016,0.9006625,0.022308083247234455,0.0029471117526169337,0.015011041666666667,0.014990144660974265,0.22272193350642625,1.0507729166666668,0.05,0.0,0.9006625,0.0,0.16224337182368267,0,0.01458333333333334,1,0,0,Off,0,0,Off,0,0,Off,0.03506475048252919,0.026298562861896885,On,0,0,Off,0.0024126206140350874,0.0,On,0.012577524046939178,0,On,0.006397437741515965,0,On,0.1812597452823811,0.1359448089617858,On,On,17415.9303113141,20.000000000000057,0.8,4751.49537424146,26.39581596111111,1.0507729166666668,1,21116.65276888889,21116.65276888889,Off,0.0,23.888888888888914,0,0.0,0.05,0.0,0.0,0,0,0,11489.55984,Off,0.0,0,87.60965497720638,51.666666666666686,46.10666666666668,0.0,52.3617740579826,0.0,0.0,0.0,136.89008590188496,52.25751834376912,52.3617740579826,52.20539048666238,12.43753247303448,19.608948306849037,0.0,9.541767834975444,4.590081453317635,2.2,9.236100170605994,15338.946861909111,1778.252055141189,-295.09053517471966,-2664.63273688289,-0.0,-0.0,225.02389599763384,1591.3312706511733,0.0,0.11746106909248774,0.0,0,1.0993193925135027,0.0,362.6253914802681,0.20654751499390453,9.193548673823486,0.00286291792378265,120.62018134311076,1.2223815318099922,0.3179248880740425,-3041.5576191115733,68.31430001130246,0.1477352501803586,-460.11639446978654,165.02585929506688
2025-01-01 11:48:00,1.3384849948340674,0.176826705157016,0.9006625,0.022308083247234455,0.0029471117526169337,0.015011041666666667,0.014990144660974265,0.22272193350642625,1.0507729166666668,0.05,0.0,0.9006625,0.0,0.16224337182368267,0,0.01458333333333334,1,0,0,Off,0,0,Off,0,0,Off,0.03506475048252919,0.026298562861896885,On,0,0,Off,0.0024126206140350874,0.0,On,0.012577524046939178,0,On,0.006397437741515965,0,On,0.1812597452823811,0.1359448089617858,On,On,17415.9303113141,20.000000000000057,0.8,4751.49537424146,26.39581596111111,1.0507729166666668,1,21116.65276888889,21116.65276888889,Off,0.0,23.888888888888914,0,0.0,0.05,0.0,0.0,0,0,0,11489.55984,Off,0.0,0,86.96616397636613,51.666666666666686,46.10666666666668,0.0,52.34240748774932,0.0,0.0,0.0,135.88463121307208,52.23931809215409,52.34240748774932,52.18777339435648,12.43753247303448,19.830538975434738,0.0,9.66629972843838,4.630846602855735,2.2,9.236100170605994,15272.858062079242,1714.7965297796745,-303.8154508753648,-2719.3779370627312,-0.0,-0.0,225.02389599763384,1590.4595271782568,0.0,0.11836767205997648,0.0,0,1.1078042993100337,0.0,351.2817918302398,0.2037553136623946,9.295457452976185,0.0028633360679750945,121.36445969069827,1.221456696920189,0.31889439533166475,-3102.581374082001,65.88252962021535,0.14835433423019903,-469.9251263735066,166.10967549814183
2025-01-01 11:49:00,1.3384849948340674,0.176826705157016,0.9006625,0.022308083247234455,0.0029471117526169337,0.015011041666666667,0.014990144660974265,0.22272193350642625,1.0507729166666668,0.05,0.0,0.9006625,0.0,0.16224337182368267,0,0.01458333333333334,1,0,0,Off,0,0,Off,0,0,Off,0.03506475048252919,0.026298562861896885,On,0,0,Off,0.0024126206140350874,0.0,On,0.012577524046939178,0,On,0.006397437741515965,0,On,0.1812597452823811,0.1359448089617858,On,On,17415.9303113141,20.000000000000057,0.8,4751.49537424146,26.39581596111111,1.0507729166666668,1,21116.65276888889,21116.65276888889,Off,0.0,23.888888888888914,0,0.0,0.05,0.0,0.0,0,0,0,11489.55984,Off,0.0,0,86.34044186189672,51.666666666666686,46.10666666666668,0.0,52.3231834164423,0.0,0.0,0.0,134.90694040921363,52.22125152098936,52.3231834164423,52.170285573262895,12.43753247303448,20.045641207443005,0.0,9.784196469307359,4.671374315245704,2.2,9.236100170605994,15208.404280067942,1654.475482518104,-312.5841317983674,-2772.942947736648,-0.0,-0.0,225.02389599763384,1589.6098819957376,0.0,0.1192443753642712,0.0,0,1.11600937484134,0.0,340.3930204928562,0.2010865626375987,9.394212265770378,0.0028637571108513804,122.07557390005479,1.2205602682759882,0.31980953817472657,-3160.61692427559,63.5970325522341,0.14896726205912253,-479.7337122774759,167.14958047910847
2025-01-01 11:50:00,0.2877120781674005,0.176826705157016,0.0,0.004795201302790009,0.0029471117526169337,0.0,0.014990144660974265,0.22272193350642625,0.0,0.05,0.0,0.0,0.0,0.16224337182368267,0,0.01458333333333334,1,0,0,Off,0,0,Off,0,0,Off,0.03506475048252919,0.026298562861896885,On,0,0,Off,0.0024126206140350874,0.0,On,0.012577524046939178,0,On,0.006397437741515965,0,On,0.1812597452823811,0.1359448089617858,On,Off,0.0,20.000000000000057,0.0,0.0,0.0,0.0,0,0.0,21116.65276888889,Off,0.0,23.888888888888914,0,0.0,0.05,0.0,0.0,0,0,0,11489.55984,Off,0.0,0,85.7316221417144,51.666666666666686,46.10666666666668,0.0,52.304097923908195,0.0,0.0,0.0,133.95565959642875,52.20331493892146,52.304097923908195,52.1529234464281,12.43753247303448,20.25457424228396,0.0,9.895897235491338,4.711656240805843,2.2,9.236100170605994,-2270.34629999521,-3154.383298655496,-321.39515194823804,-2825.368847859346,-0.0,-0.0,225.02389599763384,1588.7823043405463,0.0,0.12009281551247879,0.0,0,1.1239499351948068,0.0,329.9986518665022,0.19853304905981742,9.490020041144241,0.0028641809317988326,122.75528674685059,1.2196907969300053,0.3206741770118505,-3215.8377045129937,61.45440585749741,0.1495739838415727,-489.5388174342325,168.14366548599446
2025-01-01 11:51:00,0.2877120781674005,0.176826705157016,0.0,0.004795201302790009,0.0029471117526169337,0.0,0.014990144660974265,0.22272193350642625,0.0,0.05,0.0,0.0,0.0,0.16224337182368267,0,0.01458333333333334,1,0,0,Off,0,0,Off,0,0,Off,0.03506475048252919,0.026298562861896885,On,0,0,Off,0.0024126206140350874,0.0,On,0.012577524046939178,0,On,0.006397437741515965,0,On,0.1812597452823811,0.1359448089617858,On,Off,0.0,20.000000000000057,0.0,0.0,0.0,0.0,0,0.0,21116.65276888889,Off,0.0,23.888888888888914,0,0.0,0.05,0.0,0.0,0,0,0,11489.55984,Off,0.0,0,85.98742180289291,51.666666666666686,46.10666666666668,0.0,52.285147281031705,0.0,0.0,0.0,134.35534656702018,52.185504834604195,52.285147281031705,52.13568361139045,12.43753247303448,20.141394269364596,0.0,9.830299244262122,4.751683819768112,2.2,9.236100170605994,-2234.416280857909,-3120.727972650359,-330.24642849154884,-2796.921014056614,-0.0,-0.0,225.02389599763384,1587.9767433984825,0.0,0.11963359063609307,0.0,0,1.1196520447019325,0.0,337.48083720107115,0.19995731596700758,9.439020252110485,0.0028646074163757303,122.13825389379573,1.2201611567497772,0.32016668755806255,-3183.380761849458,62.65278919909925,0.15017444664664067,-499.3370305526471,169.09060206109828
2025-01-01 11:52:00,0.2877120781674005,0.176826705157016,0.0,0.004795201302790009,0.0029471117526169337,0.0,0.014990144660974265,0.22272193350642625,0.0,0.05,0.0,0.0,0.0,0.16224337182368267,0,0.01458333333333334,1,0,0,Off,0,0,Off,0,0,Off,0.03506475048252919,0.026298562861896885,On,0,0,Off,0.0024126206140350874,0.0,On,0.012577524046939178,0,On,0.006397437741515965,0,On,0.1812597452823811,0.1359448089617858,On,Off,0.0,20.000000000000057,0.0,0.0,0.0,0.0,0,0.0,21116.65276888889,Off,0.0,23.888888888888914,0,0.0,0.05,0.0,0.0,0,0,0,11489.55984,Off,0.0,0,86.23211853961838,51.666666666666686,46.10666666666668,0.0,52.26614100095026,0.0,0.0,0.0,134.73768521815373,52.16764158981745,52.26614100095026,52.118391884251054,12.43753247303448,20.03229909029591,0.0,9.768753748809225,4.791448407565036,2.2,9.236100170605994,-2201.3977199795236,-3088.284589465652,-339.1353386631365,-2769.608393898942,-0.0,-0.0,225.02389599763384,1587.193128066566,0.0,0.11919009142810151,0.0,0,1.1155013309064912,0.0,343.1867779217846,0.20134192727095362,9.389424676911814,0.002865031593636961,121.53887354483388,1.2206148748445955,0.3196898171628345,-3153.0005970584343,64.7160075927822,0.1507685963469697,-509.12489408074634,169.98955541760986
2025-01-01 11:53:00,0.2877120781674005,0.176826705157016,0.0,0.004795201302790009,0.0029471117526169337,0.0,0.014990144660974265,0.22272193350642625,0.0,0.05,0.0,0.0,0.0,0.16224337182368267,0,0.01458333333333334,1,0,0,Off,0,0,Off,0,0,Off,0.03506475048252919,0.026298562861896885,On,0,0,Off,0.0024126206140350874,0.0,On,0.012577524046939178,0,On,0.006397437741515965,0,On,0.1812597452823811,0.1359448089617858,On,Off,0.0,20.000000000000057,0.0,0.0,0.0,0.0,0,0.0,21116.65276888889,Off,0.0,23.888888888888914,0,0.0,0.05,0.0,0.0,0,0,0,11489.55984,Off,0.0,0,86.4666377501474,51.666666666666686,46.10666666666668,0.0,52.24708153128457,0.0,0.0,0.0,135.10412148460532,52.149727511110875,52.24708153128457,52.101050501024034,12.43753247303448,19.926946124116927,0.0,9.71091038973884,4.830941379382482,2.2,9.236100170605994,-2168.992206038011,-3058.586099619062,-348.0588208484233,-2743.333955579068,-0.0,-0.0,225.02389599763384,1586.4313667035103,0.0,0.11876100936280845,0.0,0,1.1114855473026062,0.0,349.31785354342344,0.20269010059503365,9.341765821240884,0.002865453532395557,120.95575558668821,1.22105334090978,0.3192409825301805,-3124.511255723472,65.92515610441001,0.15135637917306713,-518.8989304021302,170.8401095537069
2025-01-01 11:54:00,0.2877120781674005,0.176826705157016,0.0,0.004795201302790009,0.0029471117526169337,0.0,0.014990144660974265,0.22272193350642625,0.0,0.05,0.0,0.0,0.0,0.16224337182368267,0,0.01458333333333334,1,0,0,Off,0,0,Off,0,0,Off,0.03506475048252919,0.026298562861896885,On,0,0,Off,0.0024126206140350874,0.0,On,0.012577524046939178,0,On,0.006397437741515965,0,On,0.1812597452823811,0.1359448089617858,On,Off,0.0,20.000000000000057,0.0,0.0,0.0,0.0,0,0.0,21116.65276888889,Off,0.0,23.888888888888914,0,0.0,0.05,0.0,0.0,0,0,0,11489.55984,Off,0.0,0,86.6916115750353,51.666666666666686,46.10666666666668,0.0,52.22797111569501,0.0,0.0,0.0,135.45564308599265,52.13176471278953,52.22797111569501,52.0836615113368,12.43753247303448,19.825101893120774,0.0,9.65642728440316,4.870154216916452,2.2,9.236100170605994,-2137.7651930960155,-3030.5438839453586,-357.01346369662946,-2718.0293783247375,-0.0,-0.0,225.02389599763384,1585.6913468916648,0.0,0.11834546925679168,0.0,0,1.1075965030393393,0.0,355.24028923108847,0.2040038224629524,9.29592167393907,0.002865873295994338,120.3879468835085,1.22147749506217,0.3188176438543948,-3097.7331905050005,67.1893065596418,0.15193774296765392,-528.6556644460819,171.64220074945246
2025-01-01 11:55:00,0.2877120781674005,0.176826705157016,0.0,0.004795201302790009,0.0029471117526169337,0.0,0.014990144660974265,0.22272193350642625,0.0,0.05,0.0,0.0,0.0,0.16224337182368267,0,0.01458333333333334,1,0,0,Off,0,0,Off,0,0,Off,0.03506475048252919,0.026298562861896885,On,0,0,Off,0.0024126206140350874,0.0,On,0.012577524046939178,0,On,0.006397437741515965,0,On,0.1812597452823811,0.1359448089617858,On,Off,0.0,20.000000000000057,0.0,0.0,0.0,0.0,0,0.0,21116.65276888889,Off,0.0,23.888888888888914,0,0.0,0.05,0.0,0.0,0,0,0,11489.55984,Off,0.0,0,86.90758417927943,51.666666666666686,46.10666666666668,0.0,52.208811858495714,0.0,0.0,0.0,135.7931002801241,52.11375517783601,52.208811858495714,52.06622683750617,12.43753247303448,19.726565576121853,0.0,9.605049165855087,4.909078579798278,2.2,9.236100170605994,-2107.6618906872573,-3004.135148872962,-365.99558331336596,-2693.635575628764,-0.0,-0.0,225.02389599763384,1584.9729352024913,0.0,0.11794272101264022,0.0,0,1.103827177947058,0.0,360.94978894387305,0.20528476695741288,9.251090921990988,0.0028662909439983782,119.83462435661475,1.2218881449133596,0.3184179155763816,-3072.5312986781933,68.39614980523116,0.15251263818566668,-538.3916431322124,172.3960598188464
2025-01-01 11:56:00,0.2877120781674005,0.176826705157016,0.0,0.004795201302790009,0.0029471117526169337,0.0,0.014990144660974265,0.22272193350642625,0.0,0.05,0.0,0.0,0.0,0.16224337182368267,0,0.01458333333333334,1,0,0,Off,0,0,Off,0,0,Off,0.03506475048252919,0.026298562861896885,On,0,0,Off,0.0024126206140350874,0.0,On,0.012577524046939178,0,On,0.006397437741515965,0,On,0.1812597452823811,0.1359448089617858,On,Off,0.0,20.000000000000057,0.0,0.0,0.0,0.0,0,0.0,21116.65276888889,Off,0.0,23.888888888888914,0,0.0,0.05,0.0,0.0,0,0,0,11489.55984,Off,0.0,0,87.11502023725107,51.666666666666686,46.10666666666668,0.0,52.189605744041216,0.0,0.0,0.0,136.1172191207048,52.09570077618669,52.189605744041216,52.04874829225944,12.43753247303448,19.631165864472152,0.0,9.556553391996081,4.947706363782117,2.2,9.236100170605994,-2078.66375077178,-2979.2580721992945,-375.00128986431605,-2670.101715847348,-0.0,-0.0,225.02389599763384,1584.2759769597112,0.0,0.11755212824732027,0.0,0,1.1001716161101947,0.0,366.4140690779343,0.20653431759094432,9.207887106413477,0.0028667065327072417,119.29508268537217,1.2222859780373152,0.3180401513947042,-3048.787934034806,69.52986183551127,0.1530810186784019,-548.1034520101716,173.10216214585557
2025-01-01 11:57:00,0.2877120781674005,0.176826705157016,0.0,0.004795201302790009,0.0029471117526169337,0.0,0.014990144660974265,0.22272193350642625,0.0,0.05,0.0,0.0,0.0,0.16224337182368267,0,0.01458333333333334,1,0,0,Off,0,0,Off,0,0,Off,0.03506475048252919,0.026298562861896885,On,0,0,Off,0.0024126206140350874,0.0,On,0.012577524046939178,0,On,0.006397437741515965,0,On,0.1812597452823811,0.1359448089617858,On,Off,0.0,20.000000000000057,0.0,0.0,0.0,0.0,0,0.0,21116.65276888889,Off,0.0,23.888888888888914,0,0.0,0.05,0.0,0.0,0,0,0,11489.55984,Off,0.0,0,87.31433084046517,51.666666666666686,46.10666666666668,0.0,52.17035465424312,0.0,0.0,0.0,136.42864193822683,52.07760328124532,52.17035465424312,52.03122759474642,12.43753247303448,19.5387513229042,0.0,9.510744305113105,4.986029747525619,2.2,9.236100170605994,-2050.734753328623,-2955.8012093781163,-384.0265449115937,-2647.3826807565833,-0.0,-0.0,225.02389599763384,1583.6002960197525,0.0,0.11717313003308814,0.0,0,1.0966245678000408,0.0,371.6240314303269,0.2077536758137052,9.166231455306269,0.0028671201156175684,118.76869575729948,1.2226716016739227,0.3176829029452572,-3026.399882197021,70.59867281890455,0.15364284229503475,-557.7877294163078,173.7611845047141
2025-01-01 11:58:00,0.2877120781674005,0.176826705157016,0.0,0.004795201302790009,0.0029471117526169337,0.0,0.014990144660974265,0.22272193350642625,0.0,0.05,0.0,0.0,0.0,0.16224337182368267,0,0.01458333333333334,1,0,0,Off,0,0,Off,0,0,Off,0.03506475048252919,0.026298562861896885,On,0,0,Off,0.0024126206140350874,0.0,On,0.012577524046939178,0,On,0.006397437741515965,0,On,0.1812597452823811,0.1359448089617858,On,Off,0.0,20.000000000000057,0.0,0.0,0.0,0.0,0,0.0,21116.65276888889,Off,0.0,23.888888888888914,0,0.0,0.05,0.0,0.0,0,0,0,11489.55984,Off,0.0,0,87.50588764620599,51.666666666666686,46.10666666666668,0.0,52.15106038037854,0.0,0.0,0.0,136.72794944719686,52.05946438101443,52.15106038037854,52.01366638133238,12.43753247303448,19.44918512755494,-0.050814872445116066,9.467447625761453,5.024041229559486,2.2,9.236100170605994,-2023.833664725247,-2933.6717289140656,-393.06721062965346,-2625.4376552995213,-0.0,-0.0,225.02389599763384,1582.945694543416,0.0,0.11680522016893288,0.0,0,1.0931812954759619,0.0,376.5800945766406,0.2089439183887085,9.125364906780938,0.0028675317437362857,118.25489566914509,1.2230455643287088,0.31734487816203855,-3005.2754118471557,71.60368293309013,0.1541980713301144,-567.4411784335125,174.37396780385902
2025-01-01 11:59:00,0.2877120781674005,0.176826705157016,0.0,0.004795201302790009,0.0029471117526169337,0.0,0.014990144660974265,0.22272193350642625,0.0,0.05,0.0,0.0,0.0,0.16224337182368267,0,0.01458333333333334,1,0,0,Off,0,0,Off,0,0,Off,0.03506475048252919,0.026298562861896885,On,0,0,Off,0.0024126206140350874,0.0,On,0.012577524046939178,0,On,0.006397437741515965,0,On,0.1812597452823811,0.1359448089617858,On,Off,0.0,20.000000000000057,0.0,0.0,0.0,0.0,0,0.0,21116.65276888889,Off,0.0,23.888888888888914,0,0.0,0.05,0.0,0.0,0,0,0,11489.55984,Off,0.0,0,87.69003210630711,51.666666666666686,46.10666666666668,0.0,52.13172463178097,0.0,0.0,0.0,137.01567516610487,52.04128568628755,52.13172463178097,51.99606621354086,12.43753247303448,19.362341634652136,-0.13765836534792086,9.426505682770555,5.061733656837322,2.2,9.236100170605994,-1997.9168709334938,-2912.7845659754084,-402.1190919120387,-2604.229197565475,-0.0,-0.0,225.02389599763384,1582.3119523606588,0.0,0.11644793373209643,0.0,0,1.0898374479209298,0.0,381.2884306343473,0.21010603400848304,9.085915683441625,0.0028679414658121447,117.75315905652253,1.2234083698239622,0.31702490567316755,-2985.33178327035,72.54721729494149,0.15474667284164778,-577.0605769091306,174.94148499709192
2025-01-01 12:00:00,0.28956584155044507,0.17814163330011085,0.0,0.004826097359174084,0.0029690272216685142,0.0,0.015090670519892393,0.2244751710305527,0.0,0.05,0.0,0.0,0.0,0.1635582999667775,0,0.01458333333333334,1,0,0,Off,0,0,Off,0,0,Off,0.03681798800665564,0.02761349100499172,On,0,0,Off,0.0025131464729532165,0.0,On,0.012577524046939178,0,On,0.006397437741515965,0,On,0.1812597452823811,0.1359448089617858,On,Off,0.0,20.000000000000057,0.0,0.0,0.0,0.0,0,0.0,21116.65276888889,Off,0.0,23.888888888888914,0,0.0,0.05,0.0,0.0,0,0,0,11489.55984,Off,0.0,0,87.8670814521142,51.666666666666686,46.10666666666668,0.0,52.112349042497755,0.0,0.0,0.0,137.29231476892843,52.02306873692416,52.112349042497755,51.97842858413737,12.43753247303448,19.27810415620019,-0.22189584379986727,9.387774323388346,5.099100246078409,2.2,9.236100170605994,-1971.08672402623,-2893.061535362581,-411.1779722592138,-2583.7226244079206,-0.0,-0.0,226.87765938067844,1581.6988284439894,0.0,0.1161008384386016,0.0,0,1.0865889793846135,0.0,385.75824100101215,0.21124094610475325,9.047140371959054,0.002868349328513941,117.2629982567845,1.2237604863698495,0.3167219119531226,-2966.4936128163044,73.43207745372361,0.15528861886092707,-586.6427857579137,175.46481349869984
2025-01-01 12:01:00,1.340338758217112,0.17814163330011085,0.9006625,0.022338979303618535,0.0029690272216685142,0.015011041666666667,0.015090670519892393,0.2244751710305527,1.0507729166666668,0.05,0.0,0.9006625,0.0,0.1635582999667775,0,0.01458333333333334,1,0,0,Off,0,0,Off,0,0,Off,0.03681798800665564,0.02761349100499172,On,0,0,Off,0.0025131464729532165,0.0,On,0.012577524046939178,0,On,0.006397437741515965,0,On,0.1812597452823811,0.1359448089617858,On,On,17415.9303113141,20.000000000000057,0.8,4751.49537424146,26.39581596111111,1.0507729166666668,1,21116.65276888889,21116.65276888889,Off,0.0,23.888888888888914,0,0.0,0.05,0.0,0.0,0,0,0,11489.55984,Off,0.0,0,88.03724239226541,51.666666666666686,46.10666666666668,0.0,52.09293517662876,0.0,0.0,0.0,137.5581912379147,52.00481500688125,52.09293517662876,51.9607549220075,12.43753247303448,19.196397129513283,-0.3036028704867739,9.351120698476496,5.136134598959454,2.2,9.236100170605994,15468.91258735185,1877.0648087896907,-420.23964422959364,-2563.89374589565,-0.0,-0.0,226.87765938067844,1581.1060581454685,0.0,0.11576366792622876,0.0,0,1.0834333969801715,0.0,389.9983625527209,0.21234908179037232,9.01036832353432,0.002868755376574117,116.7840910657982,1.224102211670315,0.31643490506299776,-2948.6916888277697,74.26112337600034,0.15582388651226076,-596.1847557521112,175.94511152251758
2025-01-01 12:02:00,1.340338758217112,0.17814163330011085,0.9006625,0.022338979303618535,0.0029690272216685142,0.015011041666666667,0.015090670519892393,0.2244751710305527,1.0507729166666668,0.05,0.0,0.9006625,0.0,0.1635582999667775,0,0.01458333333333334,1,0,0,Off,0,0,Off,0,0,Off,0.03681798800665564,0.02761349100499172,On,0,0,Off,0.0025131464729532165,0.0,On,0.012577524046939178,0,On,0.006397437741515965,0,On,0.1812597452823811,0.1359448089617858,On,On,17415.9303113141,20.000000000000057,0.8,4751.49537424146,26.39581596111111,1.0507729166666668,1,21116.65276888889,21116.65276888889,Off,0.0,23.888888888888914,0,0.0,0.05,0.0,0.0,0,0,0,11489.55984,Off,0.0,0,87.35240019539768,51.666666666666686,46.10666666666668,0.0,52.073484552677826,0.0,0.0,0.0,136.48812530530887,51.98652592717366,52.073484552677826,51.94304661442159,12.43753247303448,19.43331051839171,-0.06668948160834631,9.48791503620747,5.172830712078365,2.2,9.236100170605994,15398.23792533619,1807.514990960567,-429.29993528719774,-2621.5557304613035,-0.0,-0.0,226.87765938067844,1580.5333547136968,0.0,0.11673995109671136,0.0,0,1.092570441536194,0.0,376.98568510271434,0.20926856315328668,9.119830035999076,0.0028691596534252666,117.58685962308189,1.2231107214497403,0.31750471568167593,-3015.257143452303,71.27676017140972,0.15635245805823228,-605.6835329797013,176.38359769250363
2025-01-01 12:03:00,1.340338758217112,0.17814163330011085,0.9006625,0.022338979303618535,0.0029690272216685142,0.015011041666666667,0.015090670519892393,0.2244751710305527,1.0507729166666668,0.05,0.0,0.9006625,0.0,0.1635582999667775,0,0.01458333333333334,1,0,0,Off,0,0,Off,0,0,Off,0.03681798800665564,0.02761349100499172,On,0,0,Off,0.0025131464729532165,0.0,On,0.012577524046939178,0,On,0.006397437741515965,0,On,0.1812597452823811,0.1359448089617858,On,On,17415.9303113141,20.000000000000057,0.8,4751.49537424146,26.39581596111111,1.0507729166666668,1,21116.65276888889,21116.65276888889,Off,0.0,23.888888888888914,0,0.0,0.05,0.0,0.0,0,0,0,11489.55984,Off,0.0,0,86.68768219662167,51.666666666666686,46.10666666666668,0.0,52.054185534603796,0.0,0.0,0.0,135.44950343222135,51.968379118318566,52.054185534603796,51.925475910175955,12.43753247303448,19.662866262679803,0.0,9.61708338664838,5.209182982586759,2.2,9.236100170605994,15330.327097388275,1741.8441637951487,-438.3547310250342,-2677.9126726581667,-0.0,-0.0,226.87765938067844,1579.9804086588454,0.0,0.11768199124517732,0.0,0,1.101387005285665,0.0,365.43179935166194,0.2063327848198669,9.225593559655646,0.0028695670392288575,118.35262511896123,1.2221515421127176,0.3185115883300609,-3078.4299352625408,68.77872481622931,0.15687432088520498,-615.1362631564335,176.78153213139933
2025-01-01 12:04:00,1.340338758217112,0.17814163330011085,0.9006625,0.022338979303618535,0.0029690272216685142,0.015011041666666667,0.015090670519892393,0.2244751710305527,1.0507729166666668,0.05,0.0,0.9006625,0.0,0.1635582999667775,0,0.01458333333333334,1,0,0,Off,0,0,Off,0,0,Off,0.03681798800665564,0.02761349100499172,On,0,0,Off,0.0025131464729532165,0.0,On,0.012577524046939178,0,On,0.006397437741515965,0,On,0.1812597452823811,0.1359448089617858,On,On,17415.9303113141,20.000000000000057,0.8,4751.49537424146,26.39581596111111,1.0507729166666668,1,21116.65276888889,21116.65276888889,Off,0.0,23.888888888888914,0,0.0,0.05,0.0,0.0,0,0,0,11489.55984,Off,0.0,0,86.04181502754484,51.666666666666686,46.10666666666668,0.0,52.035033683037106,0.0,0.0,0.0,134.4403359805388,51.95037039966407,52.035033683037106,51.90803875797756,12.43753247303448,19.885534752533236,0.0,9.739225383995983,5.245186210303078,2.2,9.236100170605994,15263.889940083927,1679.4332078306525,-447.3999948973195,-2733.0334862370705,-0.0,-0.0,226.87765938067844,1579.4468875608645,0.0,0.1185921336483562,0.0,0,1.109905037698392,0.0,354.11545562621814,0.2035304336620028,9.327952588959771,0.0028699773998770773,119.08382293093652,1.2212225652239819,0.31946077107220405,-3138.4494384014793,66.38727199067174,0.15738946744210075,-624.5401949659446,177.14020006862506
2025-01-01 12:05:00,1.340338758217112,0.17814163330011085,0.9006625,0.022338979303618535,0.0029690272216685142,0.015011041666666667,0.015090670519892393,0.2244751710305527,1.0507729166666668,0.05,0.0,0.9006625,0.0,0.1635582999667775,0,0.01458333333333334,1,0,0,Off,0,0,Off,0,0,Off,0.03681798800665564,0.02761349100499172,On,0,0,Off,0.0025131464729532165,0.0,On,0.012577524046939178,0,On,0.006397437741515965,0,On,0.1812597452823811,0.1359448089617858,On,On,17415.9303113141,20.000000000000057,0.8,4751.49537424146,26.39581596111111,1.0507729166666668,1,21116.65276888889,21116.65276888889,Off,0.0,23.888888888888914,0,0.0,0.05,0.0,0.0,0,0,0,11489.55984,Off,0.0,0,85.41379841432436,51.666666666666686,46.10666666666668,0.0,52.01602483930271,0.0,0.0,0.0,133.4590600223818,51.93249585509108,52.01602483930271,51.890731362985264,12.43753247303448,20.10168486205503,0.0,9.854837978102832,5.280835596721662,2.2,9.236100170605994,15199.096892092548,1620.1219114421274,-456.43178303830877,-2786.9671903515805,-0.0,-0.0,226.87765938067844,1578.9324358830659,0.0,0.1194722586555162,0.0,0,1.1181421369831368,0.0,343.2561117493498,0.20085212408844738,9.427143212856851,0.0028703906098739226,119.78242504287354,1.2203221216083107,0.3203566220720616,-3195.512956143816,64.13949334448333,0.157897895139421,-633.892682507425,177.4608994691162
2025-01-01 12:06:00,0.28956584155044507,0.17814163330011085,0.0,0.004826097359174084,0.0029690272216685142,0.0,0.015090670519892393,0.2244751710305527,0.0,0.05,0.0,0.0,0.0,0.1635582999667775,0,0.01458333333333334,1,0,0,Off,0,0,Off,0,0,Off,0.03681798800665564,0.02761349100499172,On,0,0,Off,0.0025131464729532165,0.0,On,0.012577524046939178,0,On,0.006397437741515965,0,On,0.1812597452823811,0.1359448089617858,On,Off,0.0,20.000000000000057,0.0,0.0,0.0,0.0,0,0.0,21116.65276888889,Off,0.0,23.888888888888914,0,0.0,0.05,0.0,0.0,0,0,0,11489.55984,Off,0.0,0,84.80276290167274,51.666666666666686,46.10666666666668,0.0,51.99715506524531,0.0,0.0,0.0,132.50431703386366,51.9147517762799,51.99715506524531,51.873550131797195,12.43753247303448,20.31163691802849,0.0,9.96435525065318,5.316126741375103,2.2,9.236100170605994,-2279.984219505512,-3187.761468049826,-465.44625614857637,-2839.7549652791004,-0.0,-0.0,226.87765938067844,1578.43667478677,0.0,0.12032400805976724,0.0,0,1.126113668699043,0.0,332.89308639290994,0.19828960005241292,9.52337298400463,0.002870806550641799,120.45016274902545,1.2194487572164587,0.3212029376162645,-3249.793611449109,62.032143399282944,0.15839960621583662,-643.1911869468415,177.74493079826513
2025-01-01 12:07:00,0.28956584155044507,0.17814163330011085,0.0,0.004826097359174084,0.0029690272216685142,0.0,0.015090670519892393,0.2244751710305527,0.0,0.05,0.0,0.0,0.0,0.1635582999667775,0,0.01458333333333334,1,0,0,Off,0,0,Off,0,0,Off,0.03681798800665564,0.02761349100499172,On,0,0,Off,0.0025131464729532165,0.0,On,0.012577524046939178,0,On,0.006397437741515965,0,On,0.1812597452823811,0.1359448089617858,On,Off,0.0,20.000000000000057,0.0,0.0,0.0,0.0,0,0.0,21116.65276888889,Off,0.0,23.888888888888914,0,0.0,0.05,0.0,0.0,0,0,0,11489.55984,Off,0.0,0,85.05642270659331,51.666666666666686,46.10666666666668,0.0,51.97842061440111,0.0,0.0,0.0,132.90066047905205,51.89713463553369,51.97842061440111,51.85649164609999,12.43753247303448,20.199448125883254,0.0,9.896669565121025,5.351055635999973,2.2,9.236100170605994,-2244.2091405465785,-3152.9666268878627,-474.439688871446,-2811.4985711865525,-0.0,-0.0,226.87765938067844,1577.9592019614056,0.0,0.11986925424331679,0.0,0,1.1218576229035642,0.0,340.4117712592954,0.19969864475922083,9.472241411526614,0.0028712251096639978,119.84983619043763,1.2199148160864024,0.320680147245776,-3216.2203108849703,63.2536839971077,0.15889460757933585,-652.433277471349,177.99358859990303
2025-01-01 12:08:00,0.28956584155044507,0.17814163330011085,0.0,0.004826097359174084,0.0029690272216685142,0.0,0.015090670519892393,0.2244751710305527,0.0,0.05,0.0,0.0,0.0,0.1635582999667775,0,0.01458333333333334,1,0,0,Off,0,0,Off,0,0,Off,0.03681798800665564,0.02761349100499172,On,0,0,Off,0.0025131464729532165,0.0,On,0.012577524046939178,0,On,0.006397437741515965,0,On,0.1812597452823811,0.1359448089617858,On,Off,0.0,20.000000000000057,0.0,0.0,0.0,0.0,0,0.0,21116.65276888889,Off,0.0,23.888888888888914,0,0.0,0.05,0.0,0.0,0,0,0,11489.55984,Off,0.0,0,85.29904478176,51.666666666666686,46.10666666666668,0.0,51.959630983169944,0.0,0.0,0.0,133.2797574715,51.879464798857164,51.959630983169944,51.839381706700784,12.43753247303448,20.091320274719738,0.0,9.83313466505996,5.385618656800535,2.2,9.236100170605994,-2211.34012411495,-3119.420748150418,-483.4084755808142,-2784.3714576063726,-0.0,-0.0,226.87765938067844,1577.4995914510428,0.0,0.11943013106162127,0.0,0,1.1177478643846799,0.0,346.1536741107446,0.2010681995189648,9.423920277252499,0.002871641423467583,119.2666830108643,1.2203643328242326,0.32018864001694053,-3184.7820587052606,65.36131055484233,0.15938291062751186,-661.6166316103449,178.20815602953073
2025-01-01 12:09:00,0.28956584155044507,0.17814163330011085,0.0,0.004826097359174084,0.0029690272216685142,0.0,0.015090670519892393,0.2244751710305527,0.0,0.05,0.0,0.0,0.0,0.1635582999667775,0,0.01458333333333334,1,0,0,Off,0,0,Off,0,0,Off,0.03681798800665564,0.02761349100499172,On,0,0,Off,0.0025131464729532165,0.0,On,0.012577524046939178,0,On,0.006397437741515965,0,On,0.1812597452823811,0.1359448089617858,On,Off,0.0,20.000000000000057,0.0,0.0,0.0,0.0,0,0.0,21116.65276888889,Off,0.0,23.888888888888914,0,0.0,0.05,0.0,0.0,0,0,0,11489.55984,Off,0.0,0,85.53155242950099,51.666666666666686,46.10666666666668,0.0,51.94078860480196,0.0,0.0,0.0,133.6430506710953,51.86174455925626,51.94078860480196,51.82222253648341,12.43753247303448,19.98691155116251,0.0,9.773395404611179,5.419812555031257,2.2,9.236100170605994,-2179.076327215217,-3088.692212839451,-492.34913425558307,-2758.276781570916,-0.0,-0.0,226.87765938067844,1577.0573934921108,0.0,0.11900533303755056,0.0,0,1.113772175168071,0.0,352.32279497502026,0.20240148159496554,9.376812222173072,0.002872055559012156,118.69934606114516,1.2207986939084006,0.3197258067087779,-3155.28939495714,66.59718211768913,0.1598645310503877,-670.7390349704775,178.38990071489445
2025-01-01 12:10:00,0.28956584155044507,0.17814163330011085,0.0,0.004826097359174084,0.0029690272216685142,0.0,0.015090670519892393,0.2244751710305527,0.0,0.05,0.0,0.0,0.0,0.1635582999667775,0,0.01458333333333334,1,0,0,Off,0,0,Off,0,0,Off,0.03681798800665564,0.02761349100499172,On,0,0,Off,0.0025131464729532165,0.0,On,0.012577524046939178,0,On,0.006397437741515965,0,On,0.1812597452823811,0.1359448089617858,On,Off,0.0,20.000000000000057,0.0,0.0,0.0,0.0,0,0.0,21116.65276888889,Off,0.0,23.888888888888914,0,0.0,0.05,0.0,0.0,0,0,0,11489.55984,Off,0.0,0,85.754575694523,51.666666666666686,46.10666666666668,0.0,51.92189570904924,0.0,0.0,0.0,133.99152452269217,51.84397601792772,51.92189570904924,51.805016172366976,12.43753247303448,19.88598924548922,0.0,9.717104060936267,5.453634446381509,2.2,9.236100170605994,-2147.9851150713907,-3059.6708447775736,-501.2583106167583,-2733.1464509986,-0.0,-0.0,226.87765938067844,1576.6321340776622,0.0,0.11859398773361593,0.0,0,1.1099223901020194,0.0,358.28367654653107,0.20370047799985208,9.330805442688675,0.0028724675779160424,118.14689556934186,1.2212188363654224,0.3192890723866908,-3127.558858871232,67.88801409365841,0.1603394886227507,-679.7983805051691,178.54006988841084
2025-01-01 12:11:00,0.28956584155044507,0.17814163330011085,0.0,0.004826097359174084,0.0029690272216685142,0.0,0.015090670519892393,0.2244751710305527,0.0,0.05,0.0,0.0,0.0,0.1635582999667775,0,0.01458333333333334,1,0,0,Off,0,0,Off,0,0,Off,0.03681798800665564,0.02761349100499172,On,0,0,Off,0.0025131464729532165,0.0,On,0.012577524046939178,0,On,0.006397437741515965,0,On,0.1812597452823811,0.1359448089617858,On,Off,0.0,20.000000000000057,0.0,0.0,0.0,0.0,0,0.0,21116.65276888889,Off,0.0,23.888888888888914,0,0.0,0.05,0.0,0.0,0,0,0,11489.55984,Off,0.0,0,85.96865685490971,51.666666666666686,46.10666666666668,0.0,51.90295438677985,0.0,0.0,0.0,134.32602633579643,51.82616114518127,51.90295438677985,51.787764524381984,12.43753247303448,19.788353227052255,0.0,9.664000504920525,5.487081799477983,2.2,9.236100170605994,-2118.011931971678,-3032.332292062563,-510.13278109649593,-2708.921591892219,-0.0,-0.0,226.87765938067844,1576.2233159331074,0.0,0.1181953474616512,0.0,0,1.1061915115650411,0.0,364.03200053986234,0.2049668637719447,9.287200136473581,0.002872877538112221,117.60852871370464,1.2216255650497507,0.31887652209687584,-3101.4521055148666,69.11981345230365,0.16080780699043543,-688.7926673988193,178.65988630232337
2025-01-01 12:12:00,0.28956584155044507,0.17814163330011085,0.0,0.004826097359174084,0.0029690272216685142,0.0,0.015090670519892393,0.2244751710305527,0.0,0.05,0.0,0.0,0.0,0.1635582999667775,0,0.01458333333333334,1,0,0,Off,0,0,Off,0,0,Off,0.03681798800665564,0.02761349100499172,On,0,0,Off,0.0025131464729532165,0.0,On,0.012577524046939178,0,On,0.006397437741515965,0,On,0.1812597452823811,0.1359448089617858,On,Off,0.0,20.000000000000057,0.0,0.0,0.0,0.0,0,0.0,21116.65276888889,Off,0.0,23.888888888888914,0,0.0,0.05,0.0,0.0,0,0,0,11489.55984,Off,0.0,0,86.17425881569747,51.666666666666686,46.10666666666668,0.0,51.88396660931844,0.0,0.0,0.0,134.6472793995273,51.808301798672346,51.88396660931844,51.7704693933493,12.43753247303448,19.69383283432304,0.0,9.613857493126625,5.520152423718278,2.2,9.236100170605994,-2089.138677933455,-3006.571932300458,-518.969454662743,-2685.551577957132,-0.0,-0.0,226.87765938067844,1575.8304166668854,0.0,0.11780877804419895,0.0,0,1.10257360428358,0.0,369.5352406429987,0.2062020235490841,9.243814359485132,0.002873285494348433,117.08355771422659,1.2220195649712147,0.3184864811122013,-3076.848484495578,70.27655219511988,0.16126951345345436,-697.7199996213774,178.75054495863435
2025-01-01 12:13:00,0.28956584155044507,0.17814163330011085,0.0,0.004826097359174084,0.0029690272216685142,0.0,0.015090670519892393,0.2244751710305527,0.0,0.05,0.0,0.0,0.0,0.1635582999667775,0,0.01458333333333334,1,0,0,Off,0,0,Off,0,0,Off,0.03681798800665564,0.02761349100499172,On,0,0,Off,0.0025131464729532165,0.0,On,0.012577524046939178,0,On,0.006397437741515965,0,On,0.1812597452823811,0.1359448089617858,On,Off,0.0,20.000000000000057,0.0,0.0,0.0,0.0,0,0.0,21116.65276888889,Off,0.0,23.888888888888914,0,0.0,0.05,0.0,0.0,0,0,0,11489.55984,Off,0.0,0,86.3717910188681,51.666666666666686,46.10666666666668,0.0,51.864934245937036,0.0,0.0,0.0,134.9559234669814,51.790399739891356,51.864934245937036,51.75313248686852,12.43753247303448,19.602277234884312,0.0,9.566475052887188,5.5528444566213375,2.2,9.236100170605994,-2061.3297228357724,-2982.2752956283325,-527.7653736742917,-2662.9914853924492,-0.0,-0.0,226.87765938067844,1575.4528897821285,0.0,0.11743372057923743,0.0,0,1.099063437487682,0.0,374.78410317599844,0.20740716000528012,9.20266275560246,0.0028736914986391983,116.57137212633953,1.222401440990657,0.3181174739719101,-3053.642010772186,71.36671514385334,0.16172463874841647,-706.578584203583,178.81321052929124
2025-01-01 12:14:00,0.28956584155044507,0.17814163330011085,0.0,0.004826097359174084,0.0029690272216685142,0.0,0.015090670519892393,0.2244751710305527,0.0,0.05,0.0,0.0,0.0,0.1635582999667775,0,0.01458333333333334,1,0,0,Off,0,0,Off,0,0,Off,0.03681798800665564,0.02761349100499172,On,0,0,Off,0.0025131464729532165,0.0,On,0.012577524046939178,0,On,0.006397437741515965,0,On,0.1812597452823811,0.1359448089617858,On,Off,0.0,20.000000000000057,0.0,0.0,0.0,0.0,0,0.0,21116.65276888889,Off,0.0,23.888888888888914,0,0.0,0.05,0.0,0.0,0,0,0,11489.55984,Off,0.0,0,86.56162358120075,51.666666666666686,46.10666666666668,0.0,51.84585907563697,0.0,0.0,0.0,135.25253684562617,51.77245664527019,51.84585907563697,51.735755430086805,12.43753247303448,19.51355016741181,0.0,9.52167486922932,5.585156350851597,2.2,9.236100170605994,-2034.5442067829686,-2959.346893734508,-536.5177139035349,-2641.2006820026963,-0.0,-0.0,226.87765938067844,1575.0901642569213,0.0,0.11706967074031215,0.0,0,1.0956562911807055,0.0,379.7788158390493,0.20858335115602253,9.162287785222563,0.0028740956005716637,116.07141831719596,1.2227717393979396,0.3177681829328846,-3031.7383973475016,72.39150361299374,0.16217321683221483,-715.3667292770556,178.84901537352073
2025-01-01 12:15:00,0.28956584155044507,0.17814163330011085,0.0,0.004826097359174084,0.0029690272216685142,0.0,0.015090670519892393,0.2244751710305527,0.0,0.05,0.0,0.0,0.0,0.1635582999667775,0,0.01458333333333334,1,0,0,Off,0,0,Off,0,0,Off,0.03681798800665564,0.02761349100499172,On,0,0,Off,0.0025131464729532165,0.0,On,0.012577524046939178,0,On,0.006397437741515965,0,On,0.1812597452823811,0.1359448089617858,On,Off,0.0,20.000000000000057,0.0,0.0,0.0,0.0,0,0.0,21116.65276888889,Off,0.0,23.888888888888914,0,0.0,0.05,0.0,0.0,0,0,0,11489.55984,Off,0.0,0,86.74409651508232,51.666666666666686,46.10666666666668,0.0,51.826742795815846,0.0,0.0,0.0,135.5376508048161,51.75447411435173,51.826742795815846,51.71833977361968,12.43753247303448,19.427526513343814,-0.07247348665624287,9.479295488865388,5.617086861050004,2.2,9.236100170605994,-2008.6248206372338,-2937.699193199864,-545.2237838524039,-2620.1418970235627,-0.0,-0.0,226.87765938067844,1575.218560094915,0.0,0.1167161653473092,0.0,0,1.092347830455048,0.0,384.63941700565056,0.20973158693567848,9.123319077968656,0.002874497847531599,115.58318610558351,1.2231309619477526,0.31743741228311784,-3011.0525385692304,73.35334536936624,0.1626152846685937,-724.082841918382,178.85905806597802
2025-01-01 12:16:00,0.28956584155044507,0.17814163330011085,0.0,0.004826097359174084,0.0029690272216685142,0.0,0.015090670519892393,0.2244751710305527,0.0,0.05,0.0,0.0,0.0,0.1635582999667775,0,0.01458333333333334,1,0,0,Off,0,0,Off,0,0,Off,0.03681798800665564,0.02761349100499172,On,0,0,Off,0.0025131464729532165,0.0,On,0.012577524046939178,0,On,0.006397437741515965,0,On,0.1812597452823811,0.1359448089617858,On,Off,0.0,20.000000000000057,0.0,0.0,0.0,0.0,0,0.0,21116.65276888889,Off,0.0,23.888888888888914,0,0.0,0.05,0.0,0.0,0,0,0,11489.55984,Off,0.0,0,86.91951978997044,51.666666666666686,46.10666666666668,0.0,51.807587028902624,0.0,0.0,0.0,135.8117496718288,51.736453676043844,51.807587028902624,51.700886999614454,12.43753247303448,19.34409228016997,-0.15590771983008622,9.439189221114148,5.648635030708193,2.2,9.236100170605994,-1983.5911458575993,-2917.2517121790297,-553.8810221893067,-2599.781144232767,-0.0,-0.0,226.87765938067844,1575.585150638387,0.0,0.11637278282266993,0.0,0,1.0891341097618625,0.0,389.31233899448944,0.2108527630397664,9.085013523436592,0.0028748982848772722,115.10620881299285,1.2234795656952135,0.3171240655121163,-2991.506860664669,74.25514848563948,0.16305088202059304,-732.7254258657615,178.84440367645485
2025-01-01 12:17:00,0.28956584155044507,0.17814163330011085,0.0,0.004826097359174084,0.0029690272216685142,0.0,0.015090670519892393,0.2244751710305527,0.0,0.05,0.0,0.0,0.0,0.1635582999667775,0,0.01458333333333334,1,0,0,Off,0,0,Off,0,0,Off,0.03681798800665564,0.02761349100499172,On,0,0,Off,0.0025131464729532165,0.0,On,0.012577524046939178,0,On,0.006397437741515965,0,On,0.1812597452823811,0.1359448089617858,On,Off,0.0,20.000000000000057,0.0,0.0,0.0,0.0,0,0.0,21116.65276888889,Off,0.0,23.888888888888914,0,0.0,0.05,0.0,0.0,0,0,0,11489.55984,Off,0.0,0,87.08818608581988,51.666666666666686,46.10666666666668,0.0,51.78839332897907,0.0,0.0,0.0,136.07529075909358,51.718396794860524,51.78839332897907,51.68339852780126,12.43753247303448,19.26313985463315,-0.23686014536690791,9.4012199429981,5.679800180447265,2.2,9.236100170605994,-1959.453257317336,-2897.9302613068967,-562.486991175404,-2580.086500975548,-0.0,-0.0,226.87765938067844,1575.966752415119,0.0,0.11603912410731887,0.0,0,1.0860113943030263,0.0,393.75558427753344,0.21194773756141466,9.048685460278548,0.0028752969561125765,114.6400446549462,1.2238179826442959,0.3168271292793184,-2973.030139769483,75.09987846258647,0.16348005126728468,-741.2930794884837,178.80608831307973
2025-01-01 12:18:00,1.340338758217112,0.17814163330011085,0.9006625,0.022338979303618535,0.0029690272216685142,0.015011041666666667,0.015090670519892393,0.2244751710305527,1.0507729166666668,0.05,0.0,0.9006625,0.0,0.1635582999667775,0,0.01458333333333334,1,0,0,Off,0,0,Off,0,0,Off,0.03681798800665564,0.02761349100499172,On,0,0,Off,0.0025131464729532165,0.0,On,0.012577524046939178,0,On,0.006397437741515965,0,On,0.1812597452823811,0.1359448089617858,On,On,17415.9303113141,20.000000000000057,0.8,4751.49537424146,26.39581596111111,1.0507729166666668,1,21116.65276888889,21116.65276888889,Off,0.0,23.888888888888914,0,0.0,0.05,0.0,0.0,0,0,0,11489.55984,Off,0.0,0,87.25037341621676,51.666666666666686,46.10666666666668,0.0,51.769163185591204,0.0,0.0,0.0,136.32870846283868,51.700304874513726,51.769163185591204,51.665875718974995,12.43753247303448,19.18456702864114,-0.31543297135891635,9.365261474347431,5.710581898094402,2.2,9.236100170605994,15479.76195688993,1871.829268677759,-571.0472002536779,-2561.027825856732,-0.0,-0.0,226.87765938067844,1576.3639278763897,0.0,0.11571480896546413,0.0,0,1.082976125447726,0.0,397.9818120518827,0.21301733996887132,9.012916399842123,0.002875693902988434,114.18427298906475,1.2241466236770888,0.3165456616439832,-2955.556617163472,75.8905115997711,0.16390283724956028,-749.7844941321242,178.7372938784463
2025-01-01 12:19:00,1.340338758217112,0.17814163330011085,0.9006625,0.022338979303618535,0.0029690272216685142,0.015011041666666667,0.015090670519892393,0.2244751710305527,1.0507729166666668,0.05,0.0,0.9006625,0.0,0.1635582999667775,0,0.01458333333333334,1,0,0,Off,0,0,Off,0,0,Off,0.03681798800665564,0.02761349100499172,On,0,0,Off,0.0025131464729532165,0.0,On,0.012577524046939178,0,On,0.006397437741515965,0,On,0.1812597452823811,0.1359448089617858,On,On,17415.9303113141,20.000000000000057,0.8,4751.49537424146,26.39581596111111,1.0507729166666668,1,21116.65276888889,21116.65276888889,Off,0.0,23.888888888888914,0,0.0,0.05,0.0,0.0,0,0,0,11489.55984,Off,0.0,0,86.55785708535261,51.666666666666686,46.10666666666668,0.0,51.749898026982784,0.0,0.0,0.0,135.24665169586345,51.68217926096014,51.749898026982784,51.64831987794882,12.43753247303448,19.424504664013632,-0.07549533598642455,9.502689737897214,5.740979733366074,2.2,9.236100170605994,15408.371062204933,1801.8978300318568,-579.5351165757276,-2619.4033614570208,-0.0,-0.0,226.87765938067844,1576.7772150014569,0.0,0.1167037375243417,0.0,0,1.092231518327971,0.0,384.96645296717554,0.20988661850396573,9.12399090903332,0.002876089165589318,114.98096190382775,1.2231424207094221,0.3176200467604403,-3022.467426411301,72.86988220169759,0.1643192830779652,-758.1983704579839,178.6632538822563
2025-01-01 12:20:00,1.340338758217112,0.17814163330011085,0.9006625,0.022338979303618535,0.0029690272216685142,0.015011041666666667,0.015090670519892393,0.2244751710305527,1.0507729166666668,0.05,0.0,0.9006625,0.0,0.1635582999667775,0,0.01458333333333334,1,0,0,Off,0,0,Off,0,0,Off,0.03681798800665564,0.02761349100499172,On,0,0,Off,0.0025131464729532165,0.0,On,0.012577524046939178,0,On,0.006397437741515965,0,On,0.1812597452823811,0.1359448089617858,On,On,17415.9303113141,20.000000000000057,0.8,4751.49537424146,26.39581596111111,1.0507729166666668,1,21116.65276888889,21116.65276888889,Off,0.0,23.888888888888914,0,0.0,0.05,0.0,0.0,0,0,0,11489.55984,Off,0.0,0,85.88574816577035,51.666666666666686,46.10666666666668,0.0,51.73078615108172,0.0,0.0,0.0,134.19648150901617,51.66419751250307,51.73078615108172,51.63090319321375,12.43753247303448,19.656980699252266,0.0,9.632434073188122,5.770994411136728,2.2,9.236100170605994,15339.766587835351,1735.8743277086246,-587.9901130320083,-2676.461787547649,-0.0,-0.0,226.87765938067844,1577.2071274286434,0.0,0.11765788609136787,0.0,0,1.1011614048952805,0.0,373.4204046882206,0.20690371933637397,9.230612592203062,0.002876487512800514,115.74092369769113,1.2221710049825523,0.31863103603846665,-3085.9580317582336,70.33698522539828,0.16472944673075965,-766.5337554832796,178.54364245127138
2025-01-01 12:21:00,1.340338758217112,0.17814163330011085,0.9006625,0.022338979303618535,0.0029690272216685142,0.015011041666666667,0.015090670519892393,0.2244751710305527,1.0507729166666668,0.05,0.0,0.9006625,0.0,0.1635582999667775,0,0.01458333333333334,1,0,0,Off,0,0,Off,0,0,Off,0.03681798800665564,0.02761349100499172,On,0,0,Off,0.0025131464729532165,0.0,On,0.012577524046939178,0,On,0.006397437741515965,0,On,0.1812597452823811,0.1359448089617858,On,On,17415.9303113141,20.000000000000057,0.8,4751.49537424146,26.39581596111111,1.0507729166666668,1,21116.65276888889,21116.65276888889,Off,0.0,23.888888888888914,0,0.0,0.05,0.0,0.0,0,0,0,11489.55984,Off,0.0,0,85.23276045341541,51.666666666666686,46.10666666666668,0.0,51.711823056072724,0.0,0.0,0.0,133.17618820846158,51.64635538965521,51.711823056072724,51.61362155644646,12.43753247303448,19.882470249380148,0.0,9.75509859497257,5.800625309665486,2.2,9.236100170605994,15272.658858751196,1673.1382156648842,-596.3518249318664,-2732.271848843701,-0.0,-0.0,226.87765938067844,1577.6541548990604,0.0,0.11857963175064071,0.0,0,1.1097880323049623,0.0,362.1227369001181,0.20405708093586217,9.334457757853013,0.0028768888115809016,116.46657098722261,1.221230244279487,0.31958391705191275,-3146.2695412614544,67.91238268487851,0.1651333665545413,-774.7893438577746,178.43751892590817
2025-01-01 12:22:00,1.340338758217112,0.17814163330011085,0.9006625,0.022338979303618535,0.0029690272216685142,0.015011041666666667,0.015090670519892393,0.2244751710305527,1.0507729166666668,0.05,0.0,0.9006625,0.0,0.1635582999667775,0,0.01458333333333334,1,0,0,Off,0,0,Off,0,0,Off,0.03681798800665564,0.02761349100499172,On,0,0,Off,0.0025131464729532165,0.0,On,0.012577524046939178,0,On,0.006397437741515965,0,On,0.1812597452823811,0.1359448089617858,On,On,17415.9303113141,20.000000000000057,0.8,4751.49537424146,26.39581596111111,1.0507729166666668,1,21116.65276888889,21116.65276888889,Off,0.0,23.888888888888914,0,0.0,0.05,0.0,0.0,0,0,0,11489.55984,Off,0.0,0,84.59788174283786,51.666666666666686,46.10666666666668,0.0,51.693004523665046,0.0,0.0,0.0,132.18419022318415,51.628648920128555,51.693004523665046,51.596471118360306,12.43753247303448,20.101346579075308,0.0,9.871184337239777,5.829874268138233,2.2,9.236100170605994,15207.217958403284,1613.5276374726495,-604.6932474314763,-2786.8824547415556,-0.0,-0.0,226.87765938067844,1578.1187621949268,0.0,0.11947088379955015,0.0,0,1.1181292696915561,0.0,351.29244245006055,0.20133709762148747,9.435079118851698,0.0028772929374112316,117.15986064732662,1.2203184474553521,0.3204830835645045,-3203.6008751503223,65.63313838151161,0.16553111323727698,-782.9645374053088,178.27128997383247
2025-01-01 12:23:00,0.28956584155044507,0.17814163330011085,0.0,0.004826097359174084,0.0029690272216685142,0.0,0.015090670519892393,0.2244751710305527,0.0,0.05,0.0,0.0,0.0,0.1635582999667775,0,0.01458333333333334,1,0,0,Off,0,0,Off,0,0,Off,0.03681798800665564,0.02761349100499172,On,0,0,Off,0.0025131464729532165,0.0,On,0.012577524046939178,0,On,0.006397437741515965,0,On,0.1812597452823811,0.1359448089617858,On,Off,0.0,20.000000000000057,0.0,0.0,0.0,0.0,0,0.0,21116.65276888889,Off,0.0,23.888888888888914,0,0.0,0.05,0.0,0.0,0,0,0,11489.55984,Off,0.0,0,83.98023143163554,51.666666666666686,46.10666666666668,0.0,51.67432655871848,0.0,0.0,0.0,131.21911161193054,51.61107434191319,51.67432655871848,51.57944823351055,12.43753247303448,20.313934115804507,0.0,9.981129131297498,5.858740478709378,2.2,9.236100170605994,-2272.488601484687,-3194.6307509504263,-612.9220562885872,-2840.3347220737573,-0.0,-0.0,226.87765938067844,1578.6013910853433,0.0,0.12033331055747909,0.0,0,1.1262007308738762,0.0,340.9684612083919,0.19873531579086487,9.531973732985762,0.002877699772630223,117.82251190708895,1.2194341400486781,0.3213323641242736,-3258.126679162911,63.49592821248434,0.16592272022684362,-791.0580212108637,178.13596492227646
2025-01-01 12:24:00,0.28956584155044507,0.17814163330011085,0.0,0.004826097359174084,0.0029690272216685142,0.0,0.015090670519892393,0.2244751710305527,0.0,0.05,0.0,0.0,0.0,0.1635582999667775,0,0.01458333333333334,1,0,0,Off,0,0,Off,0,0,Off,0.03681798800665564,0.02761349100499172,On,0,0,Off,0.0025131464729532165,0.0,On,0.012577524046939178,0,On,0.006397437741515965,0,On,0.1812597452823811,0.1359448089617858,On,Off,0.0,20.000000000000057,0.0,0.0,0.0,0.0,0,0.0,21116.65276888889,Off,0.0,23.888888888888914,0,0.0,0.05,0.0,0.0,0,0,0,11489.55984,Off,0.0,0,84.22751325955238,51.666666666666686,46.10666666666668,0.0,51.65578536024217,0.0,0.0,0.0,131.6054894680506,51.5936280759378,51.65578536024217,51.56254943378563,12.43753247303448,20.2042939183632,0.0,9.913828809415678,5.887226808219271,2.2,9.236100170605994,-2237.307159365785,-3160.0249974363314,-621.1424205260091,-2812.716731960973,-0.0,-0.0,226.87765938067844,1579.1024593007905,0.0,0.1198889145992932,0.0,0,1.1220416243838467,0.0,348.53191321450964,0.2001152562031408,9.482214996550791,0.002878109205588972,117.24541540916422,1.2198895981897087,0.32081276234531203,-3224.7236846272413,64.69868719090965,0.1663082696511635,-799.0695323833997,177.92711185739057
2025-01-01 12:25:00,0.28956584155044507,0.17814163330011085,0.0,0.004826097359174084,0.0029690272216685142,0.0,0.015090670519892393,0.2244751710305527,0.0,0.05,0.0,0.0,0.0,0.1635582999667775,0,0.01458333333333334,1,0,0,Off,0,0,Off,0,0,Off,0.03681798800665564,0.02761349100499172,On,0,0,Off,0.0025131464729532165,0.0,On,0.012577524046939178,0,On,0.006397437741515965,0,On,0.1812597452823811,0.1359448089617858,On,Off,0.0,20.000000000000057,0.0,0.0,0.0,0.0,0,0.0,21116.65276888889,Off,0.0,23.888888888888914,0,0.0,0.05,0.0,0.0,0,0,0,11489.55984,Off,0.0,0,84.46398382052789,51.666666666666686,46.10666666666668,0.0,51.63719037241911,0.0,0.0,0.0,131.97497471957482,51.57613043900919,51.63719037241911,51.545600472304244,12.43753247303448,20.098631587206548,0.0,9.850642645829648,5.915332269270166,2.2,9.236100170605994,-2204.9870845600335,-3126.6700073130905,-629.2325659822172,-2786.2024207200434,-0.0,-0.0,226.87765938067844,1579.622360991833,0.0,0.11945984918842761,0.0,0,1.1180259966489252,0.0,354.33767677933145,0.20145617153471534,9.43522233848061,0.00287851648102151,116.6847807246295,1.2203288447274538,0.32032415737561465,-3193.437960851701,66.76795353861041,0.1666877902256527,-806.9977483468839,177.76518236466683
2025-01-01 12:26:00,0.28956584155044507,0.17814163330011085,0.0,0.004826097359174084,0.0029690272216685142,0.0,0.015090670519892393,0.2244751710305527,0.0,0.05,0.0,0.0,0.0,0.1635582999667775,0,0.01458333333333334,1,0,0,Off,0,0,Off,0,0,Off,0.03681798800665564,0.02761349100499172,On,0,0,Off,0.0025131464729532165,0.0,On,0.012577524046939178,0,On,0.006397437741515965,0,On,0.1812597452823811,0.1359448089617858,On,Off,0.0,20.000000000000057,0.0,0.0,0.0,0.0,0,0.0,21116.65276888889,Off,0.0,23.888888888888914,0,0.0,0.05,0.0,0.0,0,0,0,11489.55984,Off,0.0,0,84.69055594242406,51.666666666666686,46.10666666666668,0.0,51.618543978566585,0.0,0.0,0.0,132.32899366003758,51.55858367708734,51.618543978566585,51.52860352634772,12.43753247303448,19.99660916561699,0.0,9.791217568244724,5.9430606659017435,2.2,9.236100170605994,-2173.2448047032894,-3096.1013219830065,-637.3253349821186,-2760.696369396691,-0.0,-0.0,226.87765938067844,1580.1614668993022,0.0,0.11904482118927885,0.0,0,1.1141417451992721,0.0,360.5739053127233,0.20276127962233312,9.388698540498183,0.0028789216630829865,116.13929498194993,1.2207532515583412,0.3198639550270462,-3164.0811667804464,67.97984479743992,0.1670613742327646,-814.8427198608268,177.5173848787081
2025-01-01 12:27:00,0.28956584155044507,0.17814163330011085,0.0,0.004826097359174084,0.0029690272216685142,0.0,0.015090670519892393,0.2244751710305527,0.0,0.05,0.0,0.0,0.0,0.1635582999667775,0,0.01458333333333334,1,0,0,Off,0,0,Off,0,0,Off,0.03681798800665564,0.02761349100499172,On,0,0,Off,0.0025131464729532165,0.0,On,0.012577524046939178,0,On,0.006397437741515965,0,On,0.1812597452823811,0.1359448089617858,On,Off,0.0,20.000000000000057,0.0,0.0,0.0,0.0,0,0.0,21116.65276888889,Off,0.0,23.888888888888914,0,0.0,0.05,0.0,0.0,0,0,0,11489.55984,Off,0.0,0,84.9078505200286,51.666666666666686,46.10666666666668,0.0,51.59984836081322,0.0,0.0,0.0,132.6685164375447,51.54098984649904,51.59984836081322,51.511560589341954,12.43753247303448,19.897997309044445,0.0,9.735209002594924,5.9704108357088685,2.2,9.236100170605994,-2142.6429422541696,-3067.2248705614547,-645.2718705605967,-2736.131742206125,-0.0,-0.0,226.87765938067844,1580.7201245358488,0.0,0.11864296881248965,0.0,0,1.1103808045391443,0.0,366.61114057127713,0.2040325676161223,9.34464319567537,0.0028793248107655336,115.60806131444686,1.2211637430290492,0.31942960405214244,-3136.4714599199187,69.24658935846398,0.16742904580205217,-822.6031176901454,177.33124712954856
2025-01-01 12:28:00,0.28956584155044507,0.17814163330011085,0.0,0.004826097359174084,0.0029690272216685142,0.0,0.015090670519892393,0.2244751710305527,0.0,0.05,0.0,0.0,0.0,0.1635582999667775,0,0.01458333333333334,1,0,0,Off,0,0,Off,0,0,Off,0.03681798800665564,0.02761349100499172,On,0,0,Off,0.0025131464729532165,0.0,On,0.012577524046939178,0,On,0.006397437741515965,0,On,0.1812597452823811,0.1359448089617858,On,Off,0.0,20.000000000000057,0.0,0.0,0.0,0.0,0,0.0,21116.65276888889,Off,0.0,23.888888888888914,0,0.0,0.05,0.0,0.0,0,0,0,11489.55984,Off,0.0,0,85.11640087915427,51.666666666666686,46.10666666666668,0.0,51.58110556442115,0.0,0.0,0.0,132.99437637367853,51.523350874584835,51.58110556442115,51.49447352966669,12.43753247303448,19.802599180277543,0.0,9.682359281254666,5.997387433322091,2.2,9.236100170605994,-2113.1291088328358,-3040.016561029776,-653.2313889211662,-2712.450864196216,-0.0,-0.0,226.87765938067844,1581.2986583632005,0.0,0.11825355499579726,0.0,0,1.1067362764950008,0.0,372.44409598270215,0.2052717076226373,9.3008528328797,0.0028797259795097538,115.0903068127793,1.221561111485758,0.31901920788374666,-3110.4717722186033,70.45521118882753,0.16779090616965506,-830.2792847125095,177.0478957913433
2025-01-01 12:29:00,0.28956584155044507,0.17814163330011085,0.0,0.004826097359174084,0.0029690272216685142,0.0,0.015090670519892393,0.2244751710305527,0.0,0.05,0.0,0.0,0.0,0.1635582999667775,0,0.01458333333333334,1,0,0,Off,0,0,Off,0,0,Off,0.03681798800665564,0.02761349100499172,On,0,0,Off,0.0025131464729532165,0.0,On,0.012577524046939178,0,On,0.006397437741515965,0,On,0.1812597452823811,0.1359448089617858,On,Off,0.0,20.000000000000057,0.0,0.0,0.0,0.0,0,0.0,21116.65276888889,Off,0.0,23.888888888888914,0,0.0,0.05,0.0,0.0,0,0,0,11489.55984,Off,0.0,0,85.31666147172558,51.666666666666686,46.10666666666668,0.0,51.56231751708303,0.0,0.0,0.0,133.30728354957122,51.505668577890845,51.56231751708303,51.47734410829475,12.43753247303448,19.710247227035016,0.0,9.63244349653902,6.02398912308177,2.2,9.236100170605994,-2084.6865115934706,-3014.372647970586,-661.0706466662766,-2689.6042283158304,-0.0,-0.0,226.87765938067844,1581.8973699851304,0.0,0.11787595566997734,0.0,0,1.1032023203963464,0.0,378.0400573416815,0.20648008018889652,9.259340860122194,0.002880125221692583,114.58537042297624,1.2219460300877272,0.31863110935027306,-3085.9626543775157,71.59000640692965,0.16814697499439346,-837.869884940242,176.79923827396533
2025-01-01 12:30:00,0.28956584155044507,0.17814163330011085,0.0,0.004826097359174084,0.0029690272216685142,0.0,0.015090670519892393,0.2244751710305527,0.0,0.05,0.0,0.0,0.0,0.1635582999667775,0,0.01458333333333334,1,0,0,Off,0,0,Off,0,0,Off,0.03681798800665564,0.02761349100499172,On,0,0,Off,0.0025131464729532165,0.0,On,0.012577524046939178,0,On,0.006397437741515965,0,On,0.1812597452823811,0.1359448089617858,On,Off,0.0,20.000000000000057,0.0,0.0,0.0,0.0,0,0.0,21116.65276888889,Off,0.0,23.888888888888914,0,0.0,0.05,0.0,0.0,0,0,0,11489.55984,Off,0.0,0,85.50903371091283,51.666666666666686,46.10666666666668,0.0,51.54348604630271,0.0,0.0,0.0,133.6078651733013,51.48794467855414,51.54348604630271,51.460173994679856,12.43753247303448,19.620793569767734,0.0,9.585263874714775,6.0502197985621295,3.9,9.236100170605994,-1738.0737466772885,-2800.269147947723,-313.10213699221606,-2356.797177287501,-0.0,-0.0,226.87765938067844,1623.1684416761532,0.0,0.11573291588570482,0.0,0,1.083145588306468,0.0,391.84577122953436,0.20765888293718482,9.218638612124487,0.0028805225870664444,62.807598322051376,1.222319092399188,0.3901066310557171,-2872.928438601151,72.65929065342765,0.17580636338033123,-489.67541033949766,176.5732733472815
2025-01-01 12:31:00,0.28956584155044507,0.17814163330011085,0.0,0.004826097359174084,0.0029690272216685142,0.0,0.015090670519892393,0.2244751710305527,0.0,0.05,0.0,0.0,0.0,0.1635582999667775,0,0.01458333333333334,1,0,0,Off,0,0,Off,0,0,Off,0.03681798800665564,0.02761349100499172,On,0,0,Off,0.0025131464729532165,0.0,On,0.012577524046939178,0,On,0.006397437741515965,0,On,0.1812597452823811,0.1359448089617858,On,Off,0.0,20.000000000000057,0.0,0.0,0.0,0.0,0,0.0,21116.65276888889,Off,0.0,23.888888888888914,0,0.0,0.05,0.0,0.0,0,0,0,11489.55984,Off,0.0,0,85.67741335850322,51.666666666666686,46.10666666666668,0.0,51.52461289108371,0.0,0.0,0.0,133.87095837266128,51.47018081532124,51.52461289108371,51.44296477744001,12.43753247303448,19.540241827100925,0.0,9.54749906028819,6.089619773881473,3.9,9.236100170605994,-1718.6114308152005,-2778.572959512957,-324.29051513676563,-2338.131790847904,-0.0,-0.0,226.87765938067844,1623.817417559737,0.0,0.11540767028280044,0.0,0,1.0801016112563273,0.0,392.64270065202544,0.20871671638239148,9.182361342228482,0.0028807403281919724,62.562382666103176,1.2226553281460513,0.3898665851271901,-2852.088716357304,73.51575684434691,0.17630950941296275,-500.07517139290337,175.7846562561377
2025-01-01 12:32:00,0.28956584155044507,0.17814163330011085,0.0,0.004826097359174084,0.0029690272216685142,0.0,0.015090670519892393,0.2244751710305527,0.0,0.05,0.0,0.0,0.0,0.1635582999667775,0,0.01458333333333334,1,0,0,Off,0,0,Off,0,0,Off,0.03681798800665564,0.02761349100499172,On,0,0,Off,0.0025131464729532165,0.0,On,0.012577524046939178,0,On,0.006397437741515965,0,On,0.1812597452823811,0.1359448089617858,On,Off,0.0,20.000000000000057,0.0,0.0,0.0,0.0,0,0.0,21116.65276888889,Off,0.0,23.888888888888914,0,0.0,0.05,0.0,0.0,0,0,0,11489.55984,Off,0.0,0,85.8392982974123,51.666666666666686,46.10666666666668,0.0,51.50570333824096,0.0,0.0,0.0,134.1239035897067,51.4523819724739,51.50570333824096,51.42572128959037,12.43753247303448,19.462075610554063,-0.03792438944599397,9.511843911736655,6.1283677717355545,3.9,9.236100170605994,-1696.9067793587456,-2758.1089257555136,-334.9908668381146,-2320.076069633974,-0.0,-0.0,226.87765938067844,1624.4885517972452,0.0,0.1150916601055455,0.0,0,1.077144068652876,0.0,396.29163089455017,0.20974939964388353,9.14663793819966,0.0028809571595588552,62.322640974607644,1.2229817792211386,0.38963981322412217,-2832.4337367494786,74.32481099396459,0.1768029330517693,-510.34890021939464,175.35803338128005
2025-01-01 12:33:00,0.28956584155044507,0.17814163330011085,0.0,0.004826097359174084,0.0029690272216685142,0.0,0.015090670519892393,0.2244751710305527,0.0,0.05,0.0,0.0,0.0,0.1635582999667775,0,0.01458333333333334,1,0,0,Off,0,0,Off,0,0,Off,0.03681798800665564,0.02761349100499172,On,0,0,Off,0.0025131464729532165,0.0,On,0.012577524046939178,0,On,0.006397437741515965,0,On,0.1812597452823811,0.1359448089617858,On,Off,0.0,20.000000000000057,0.0,0.0,0.0,0.0,0,0.0,21116.65276888889,Off,0.0,23.888888888888914,0,0.0,0.05,0.0,0.0,0,0,0,11489.55984,Off,0.0,0,85.99482348672502,51.666666666666686,46.10666666666668,0.0,51.486758819495186,0.0,0.0,0.0,134.36691169800784,51.43454949923934,51.486758819495186,51.40844483911142,12.43753247303448,19.38624597317083,-0.11375402682922697,9.478174393197856,6.166543307505865,3.9,9.236100170605994,-1675.093375760563,-2738.8062158078687,-345.3021450757907,-2302.6137119296327,-0.0,-0.0,226.87765938067844,1625.182068548119,0.0,0.1147847213973907,0.0,0,1.0742714260250283,0.0,400.6426767883912,0.2107570942819202,9.112135496468474,0.0028811731023616867,62.08826060302628,1.2232986344605181,0.38942554898685205,-2813.891694262462,75.08547845459312,0.17728772386218583,-520.5153423630002,175.2131972872095
2025-01-01 12:34:00,0.28956584155044507,0.17814163330011085,0.0,0.004826097359174084,0.0029690272216685142,0.0,0.015090670519892393,0.2244751710305527,0.0,0.05,0.0,0.0,0.0,0.1635582999667775,0,0.01458333333333334,1,0,0,Off,0,0,Off,0,0,Off,0.03681798800665564,0.02761349100499172,On,0,0,Off,0.0025131464729532165,0.0,On,0.012577524046939178,0,On,0.006397437741515965,0,On,0.1812597452823811,0.1359448089617858,On,Off,0.0,20.000000000000057,0.0,0.0,0.0,0.0,0,0.0,21116.65276888889,Off,0.0,23.888888888888914,0,0.0,0.05,0.0,0.0,0,0,0,11489.55984,Off,0.0,0,86.14421543208749,51.666666666666686,46.10666666666668,0.0,51.46778073678279,0.0,0.0,0.0,134.6003366126367,51.41668471680805,51.46778073678279,51.39113670682068,12.43753247303448,19.312669820972708,-0.18733017902734872,9.446374023887778,6.2042110696166946,3.9,9.236100170605994,-1653.9538556105122,-2720.7971422076403,-355.29633979190805,-2285.7208616719217,-0.0,-0.0,226.87765938067844,1625.8981706352224,0.0,0.11448654998336387,0.0,0,1.0714808365959914,0.0,404.8893466807313,0.2117404352685147,9.078128838852258,0.0028813881773333675,61.85905865810556,1.2236062264392384,0.3892230712284964,-2796.395389715024,75.59824750738339,0.1777647706285422,-530.589687163771,175.29334737186298
2025-01-01 12:35:00,0.28956584155044507,0.17814163330011085,0.0,0.004826097359174084,0.0029690272216685142,0.0,0.015090670519892393,0.2244751710305527,0.0,0.05,0.0,0.0,0.0,0.1635582999667775,0,0.01458333333333334,1,0,0,Off,0,0,Off,0,0,Off,0.03681798800665564,0.02761349100499172,On,0,0,Off,0.0025131464729532165,0.0,On,0.012577524046939178,0,On,0.006397437741515965,0,On,0.1812597452823811,0.1359448089617858,On,Off,0.0,20.000000000000057,0.0,0.0,0.0,0.0,0,0.0,21116.65276888889,Off,0.0,23.888888888888914,0,0.0,0.05,0.0,0.0,0,0,0,11489.55984,Off,0.0,0,86.28772447009526,51.666666666666686,46.10666666666668,0.0,51.44877044208867,0.0,0.0,0.0,134.82456948452383,51.39878889931566,51.44877044208867,51.37379812792916,12.43753247303448,19.2412551311302,-0.2587448688698579,9.416325672190183,6.241424236104779,3.9,9.236100170605994,-1633.5998443646376,-2703.375017471557,-365.0268153201205,-2269.37197677192,-0.0,-0.0,226.87765938067844,1626.6370379904306,0.0,0.1141968031006194,0.0,0,1.0687690924446545,0.0,408.8944730266037,0.21270020773706497,9.04525645999817,0.002881602404478661,61.63483402085713,1.22390492623103,0.38903165199737405,-2779.8776671364426,76.50264966488587,0.17823480633399288,-540.584360457006,175.55754513688558
2025-01-01 12:36:00,1.340338758217112,0.17814163330011085,0.9006625,0.022338979303618535,0.0029690272216685142,0.015011041666666667,0.015090670519892393,0.2244751710305527,1.0507729166666668,0.05,0.0,0.9006625,0.0,0.1635582999667775,0,0.01458333333333334,1,0,0,Off,0,0,Off,0,0,Off,0.03681798800665564,0.02761349100499172,On,0,0,Off,0.0025131464729532165,0.0,On,0.012577524046939178,0,On,0.006397437741515965,0,On,0.1812597452823811,0.1359448089617858,On,On,17415.9303113141,20.000000000000057,0.8,4751.49537424146,26.39581596111111,1.0507729166666668,1,21116.65276888889,21116.65276888889,Off,0.0,23.888888888888914,0,0.0,0.05,0.0,0.0,0,0,0,11489.55984,Off,0.0,0,86.42559288466985,51.666666666666686,46.10666666666668,0.0,51.42972923219789,0.0,0.0,0.0,135.03998888229665,51.380863268892256,51.42972923219789,51.35643028723944,12.43753247303448,19.171912829896893,-0.3280871701031636,9.387943088253609,6.2782265118296525,3.9,9.236100170605994,15801.95029578974,2064.1305340700087,-374.53973560890597,-2253.5425501803393,-0.0,-0.0,226.87765938067844,1627.3988283325884,0.0,0.1139151475576545,0.0,0,1.066133075228206,0.0,412.6848752753005,0.21363719067253473,9.014149400699077,0.002881815803006962,61.41539183871553,1.2241950937045016,0.3888507577905366,-2764.288695046224,76.92385487477276,0.17869843617712525,-550.5094991208388,175.96976351193277
2025-01-01 12:37:00,1.340338758217112,0.17814163330011085,0.9006625,0.022338979303618535,0.0029690272216685142,0.015011041666666667,0.015090670519892393,0.2244751710305527,1.0507729166666668,0.05,0.0,0.9006625,0.0,0.1635582999667775,0,0.01458333333333334,1,0,0,Off,0,0,Off,0,0,Off,0.03681798800665564,0.02761349100499172,On,0,0,Off,0.0025131464729532165,0.0,On,0.012577524046939178,0,On,0.006397437741515965,0,On,0.1812597452823811,0.1359448089617858,On,On,17415.9303113141,20.000000000000057,0.8,4751.49537424146,26.39581596111111,1.0507729166666668,1,21116.65276888889,21116.65276888889,Off,0.0,23.888888888888914,0,0.0,0.05,0.0,0.0,0,0,0,11489.55984,Off,0.0,0,85.70956113048531,51.666666666666686,46.10666666666668,0.0,51.41065835047175,0.0,0.0,0.0,133.9211892663833,51.362908997335225,51.41065835047175,51.33903432076696,12.43753247303448,19.420786592896434,-0.07921340710362301,9.532606669109494,6.314653419307457,3.9,9.236100170605994,15731.497521456831,1981.5285938764414,-383.87438935891794,-2310.561311060502,-0.0,-0.0,226.87765938067844,1628.1836774144724,0.0,0.11492457874118911,0.0,0,1.0755803523902563,0.0,399.2508618225536,0.21036670394811774,9.12903194456539,0.002882028391358575,61.848678881398136,1.2231535818659356,0.3897718834099102,-2843.8768223462193,73.91004198120072,0.17915615567617058,-560.3732403675807,176.49885100866277
2025-01-01 12:38:00,1.340338758217112,0.17814163330011085,0.9006625,0.022338979303618535,0.0029690272216685142,0.015011041666666667,0.015090670519892393,0.2244751710305527,1.0507729166666668,0.05,0.0,0.9006625,0.0,0.1635582999667775,0,0.01458333333333334,1,0,0,Off,0,0,Off,0,0,Off,0.03681798800665564,0.02761349100499172,On,0,0,Off,0.0025131464729532165,0.0,On,0.012577524046939178,0,On,0.006397437741515965,0,On,0.1812597452823811,0.1359448089617858,On,On,17415.9303113141,20.000000000000057,0.8,4751.49537424146,26.39581596111111,1.0507729166666668,1,21116.65276888889,21116.65276888889,Off,0.0,23.888888888888914,0,0.0,0.05,0.0,0.0,0,0,0,11489.55984,Off,0.0,0,85.01448828003528,51.666666666666686,46.10666666666668,0.0,51.39174591764005,0.0,0.0,0.0,132.83513793755512,51.3451034760283,51.39174591764005,51.32178225522244,12.43753247303448,19.66199811066557,0.0,9.668885814240822,6.350733460758194,3.9,9.236100170605994,15663.749331569168,1903.5578571795381,-393.06392679987795,-2366.3680370868465,-0.0,-0.0,226.87765938067844,1628.991699260103,0.0,0.11589912853435623,0.0,0,1.0847011742495831,0.0,387.3093979612346,0.20725118017969038,9.240012534644247,0.002882242661821512,62.26240044219991,1.2221458192222274,0.39063763544566693,-2919.1531101328433,71.2155930709215,0.17960836680226905,-570.1819871970198,177.11806039714185
2025-01-01 12:39:00,1.340338758217112,0.17814163330011085,0.9006625,0.022338979303618535,0.0029690272216685142,0.015011041666666667,0.015090670519892393,0.2244751710305527,1.0507729166666668,0.05,0.0,0.9006625,0.0,0.1635582999667775,0,0.01458333333333334,1,0,0,Off,0,0,Off,0,0,Off,0.03681798800665564,0.02761349100499172,On,0,0,Off,0.0025131464729532165,0.0,On,0.012577524046939178,0,On,0.006397437741515965,0,On,0.1812597452823811,0.1359448089617858,On,On,17415.9303113141,20.000000000000057,0.8,4751.49537424146,26.39581596111111,1.0507729166666668,1,21116.65276888889,21116.65276888889,Off,0.0,23.888888888888914,0,0.0,0.05,0.0,0.0,0,0,0,11489.55984,Off,0.0,0,84.33907129956536,51.666666666666686,46.10666666666668,0.0,51.37298731021319,0.0,0.0,0.0,131.77979890557089,51.32744235091576,51.37298731021319,51.30466987126705,12.43753247303448,19.896028655796112,0.0,9.797439521822806,6.386489154244423,3.9,9.236100170605994,15597.426272571562,1829.7284594769653,-402.1361162134435,-2421.02221207421,-0.0,-0.0,226.87765938067844,1629.8229864206842,0.0,0.1168411307933516,0.0,0,1.0935173833910965,0.0,375.640513950993,0.20427853283662598,9.346693503700507,0.0028824585434601454,62.65781355408232,1.2211696378939354,0.3914525544519554,-2990.4288671615486,68.66195239705374,0.18005539223495723,-579.9406490710795,177.80453285763605
2025-01-01 12:40:00,1.340338758217112,0.17814163330011085,0.9006625,0.022338979303618535,0.0029690272216685142,0.015011041666666667,0.015090670519892393,0.2244751710305527,1.0507729166666668,0.05,0.0,0.9006625,0.0,0.1635582999667775,0,0.01458333333333334,1,0,0,Off,0,0,Off,0,0,Off,0.03681798800665564,0.02761349100499172,On,0,0,Off,0.0025131464729532165,0.0,On,0.012577524046939178,0,On,0.006397437741515965,0,On,0.1812597452823811,0.1359448089617858,On,On,17415.9303113141,20.000000000000057,0.8,4751.49537424146,26.39581596111111,1.0507729166666668,1,21116.65276888889,21116.65276888889,Off,0.0,23.888888888888914,0,0.0,0.05,0.0,0.0,0,0,0,11489.55984,Off,0.0,0,83.682281346238,51.666666666666686,46.10666666666668,0.0,51.35437819193829,0.0,0.0,0.0,130.75356460349687,51.30992153863738,51.35437819193829,51.28769321198693,12.43753247303448,20.12325758237048,0.0,9.918824950615539,6.421937941881529,3.9,9.236100170605994,15532.704319325032,1759.7945178352097,-411.1140565192386,-2474.5652857985147,-0.0,-0.0,226.87765938067844,1630.6776102271333,0.0,0.11775246395041489,0.0,0,1.1020465600820677,0.0,364.4616344287667,0.2014386818115421,9.450711646534707,0.002882675969777604,63.035940030182054,1.2202233122352637,0.3922204786149797,-3057.9672294153693,66.26637300911942,0.18049748776450747,-589.6528557355649,178.53879921632628
2025-01-01 12:41:00,0.28956584155044507,0.17814163330011085,0.0,0.004826097359174084,0.0029690272216685142,0.0,0.015090670519892393,0.2244751710305527,0.0,0.05,0.0,0.0,0.0,0.1635582999667775,0,0.01458333333333334,1,0,0,Off,0,0,Off,0,0,Off,0.03681798800665564,0.02761349100499172,On,0,0,Off,0.0025131464729532165,0.0,On,0.012577524046939178,0,On,0.006397437741515965,0,On,0.1812597452823811,0.1359448089617858,On,Off,0.0,20.000000000000057,0.0,0.0,0.0,0.0,0,0.0,21116.65276888889,Off,0.0,23.888888888888914,0,0.0,0.05,0.0,0.0,0,0,0,11489.55984,Off,0.0,0,83.0432215967198,51.666666666666686,46.10666666666668,0.0,51.33591445338265,0.0,0.0,0.0,129.75503374487468,51.29253716956735,51.33591445338265,51.270848527659716,12.43753247303448,20.344015255495457,0.0,10.033530346257358,6.457092978328698,3.9,9.236100170605994,-1946.3438904244463,-3057.973789057999,-420.01681406938457,-2527.031892433958,-0.0,-0.0,226.87765938067844,1631.5556210467723,0.0,0.1186347728092763,0.0,0,1.110304098058068,0.0,353.8103426288337,0.1987227422340392,9.551589582479576,0.0028828948778555643,63.39767952255973,1.2193053346696319,0.392944763563354,-3121.9998155247263,64.02602646672709,0.18093485298799283,-599.3211450614061,179.30433099202156
2025-01-01 12:42:00,0.28956584155044507,0.17814163330011085,0.0,0.004826097359174084,0.0029690272216685142,0.0,0.015090670519892393,0.2244751710305527,0.0,0.05,0.0,0.0,0.0,0.1635582999667775,0,0.01458333333333334,1,0,0,Off,0,0,Off,0,0,Off,0.03681798800665564,0.02761349100499172,On,0,0,Off,0.0025131464729532165,0.0,On,0.012577524046939178,0,On,0.006397437741515965,0,On,0.1812597452823811,0.1359448089617858,On,Off,0.0,20.000000000000057,0.0,0.0,0.0,0.0,0,0.0,21116.65276888889,Off,0.0,23.888888888888914,0,0.0,0.05,0.0,0.0,0,0,0,11489.55984,Off,0.0,0,83.26958001534088,51.666666666666686,46.10666666666668,0.0,51.31759218284073,0.0,0.0,0.0,130.1087187739701,51.275285560388255,51.31759218284073,51.254132249162026,12.43753247303448,20.242368508973982,0.0,9.970497587368563,6.491963813161119,3.9,9.236100170605994,-1914.8806850799438,-3021.619119849315,-428.859978591248,-2502.819139896103,-0.0,-0.0,226.87765938067844,1632.4570485517893,0.0,0.11822889189153804,0.0,0,1.1065054542404342,0.0,361.06079543548105,0.19999029878825259,9.50510142666386,0.002883115207919397,63.11148987681635,1.2197276048581505,0.3925469208545209,-3086.787372731486,65.16825288217059,0.1813676405065519,-608.9471274508172,180.08714885956917
2025-01-01 12:43:00,0.28956584155044507,0.17814163330011085,0.0,0.004826097359174084,0.0029690272216685142,0.0,0.015090670519892393,0.2244751710305527,0.0,0.05,0.0,0.0,0.0,0.1635582999667775,0,0.01458333333333334,1,0,0,Off,0,0,Off,0,0,Off,0.03681798800665564,0.02761349100499172,On,0,0,Off,0.0025131464729532165,0.0,On,0.012577524046939178,0,On,0.006397437741515965,0,On,0.1812597452823811,0.1359448089617858,On,Off,0.0,20.000000000000057,0.0,0.0,0.0,0.0,0,0.0,21116.65276888889,Off,0.0,23.888888888888914,0,0.0,0.05,0.0,0.0,0,0,0,11489.55984,Off,0.0,0,83.48580839099888,51.666666666666686,46.10666666666668,0.0,51.299220717260326,0.0,0.0,0.0,130.44657561093575,51.257986926937974,51.299220717260326,51.2373700317768,12.43753247303448,20.14445009379149,0.0,9.911514276072177,6.526556980699885,3.9,9.236100170605994,-1885.7420441472914,-2986.78014635278,-437.6561456786634,-2479.582882060572,-0.0,-0.0,226.87765938067844,1633.3819019745367,0.0,0.11783729545800078,0.0,0,1.1028404990620706,0.0,366.96317853260217,0.20122043166148265,9.461259125693747,0.002883334467435787,62.83341933044867,1.2201346580963708,0.39217427143643124,-3053.89309677219,67.11295041940997,0.1817959638244791,-618.5316295463106,180.87548386764715
2025-01-01 12:44:00,0.28956584155044507,0.17814163330011085,0.0,0.004826097359174084,0.0029690272216685142,0.0,0.015090670519892393,0.2244751710305527,0.0,0.05,0.0,0.0,0.0,0.1635582999667775,0,0.01458333333333334,1,0,0,Off,0,0,Off,0,0,Off,0.03681798800665564,0.02761349100499172,On,0,0,Off,0.0025131464729532165,0.0,On,0.012577524046939178,0,On,0.006397437741515965,0,On,0.1812597452823811,0.1359448089617858,On,Off,0.0,20.000000000000057,0.0,0.0,0.0,0.0,0,0.0,21116.65276888889,Off,0.0,23.888888888888914,0,0.0,0.05,0.0,0.0,0,0,0,11489.55984,Off,0.0,0,83.69277052011012,51.666666666666686,46.10666666666668,0.0,51.28080228972467,0.0,0.0,0.0,130.76995393767206,51.24064337365728,51.28080228972467,51.22056391562359,12.43753247303448,20.049940185280033,0.0,9.856219971647072,6.560876509191364,3.9,9.236100170605994,-1857.8159445145411,-2954.860241138784,-446.41533704551046,-2457.2378862170194,-0.0,-0.0,226.87765938067844,1634.3301710270127,0.0,0.11745876643471179,0.0,0,1.0992978419149342,0.0,372.54428232180015,0.20241625853214637,9.418476622054218,0.0028835526880645395,62.56281365206241,1.2205277949462834,0.391824606860528,-3023.1053653218787,68.24512418309445,0.18221990412424383,-628.0748196881109,181.65948264260047
2025-01-01 12:45:00,0.28956584155044507,0.17814163330011085,0.0,0.004826097359174084,0.0029690272216685142,0.0,0.015090670519892393,0.2244751710305527,0.0,0.05,0.0,0.0,0.0,0.1635582999667775,0,0.01458333333333334,1,0,0,Off,0,0,Off,0,0,Off,0.03681798800665564,0.02761349100499172,On,0,0,Off,0.0025131464729532165,0.0,On,0.012577524046939178,0,On,0.006397437741515965,0,On,0.1812597452823811,0.1359448089617858,On,Off,0.0,20.000000000000057,0.0,0.0,0.0,0.0,0,0.0,21116.65276888889,Off,0.0,23.888888888888914,0,0.0,0.05,0.0,0.0,0,0,0,11489.55984,Off,0.0,0,83.89109719240349,51.666666666666686,46.10666666666668,0.0,51.26233894293579,0.0,0.0,0.0,131.07983936313045,51.22325682553972,51.26233894293579,51.20371576684168,12.43753247303448,19.95860561947609,0.0,9.804267976027159,6.594924359876729,3.9,9.236100170605994,-1830.4509036915865,-2924.7913667631783,-455.14536863830506,-2435.720699934068,-0.0,-0.0,226.87765938067844,1635.3018236114096,0.0,0.11709242636660618,0.0,0,1.0958692613287477,0.0,378.39213686180307,0.2035799295622374,9.377341826348868,0.002883769898892054,62.299192493823654,1.2209079594248657,0.3914957934844612,-2994.222086883662,69.43072012048377,0.18263951607018575,-637.5763173342103,182.4309486959053
2025-01-01 12:46:00,0.28956584155044507,0.17814163330011085,0.0,0.004826097359174084,0.0029690272216685142,0.0,0.015090670519892393,0.2244751710305527,0.0,0.05,0.0,0.0,0.0,0.1635582999667775,0,0.01458333333333334,1,0,0,Off,0,0,Off,0,0,Off,0.03681798800665564,0.02761349100499172,On,0,0,Off,0.0025131464729532165,0.0,On,0.012577524046939178,0,On,0.006397437741515965,0,On,0.1812597452823811,0.1359448089617858,On,Off,0.0,20.000000000000057,0.0,0.0,0.0,0.0,0,0.0,21116.65276888889,Off,0.0,23.888888888888914,0,0.0,0.05,0.0,0.0,0,0,0,11489.55984,Off,0.0,0,84.08127251717336,51.666666666666686,46.10666666666668,0.0,51.243832580554404,0.0,0.0,0.0,131.37698830808338,51.20582907653694,51.243832580554404,51.18682732452822,12.43753247303448,19.870267768321238,0.0,9.755397889943115,6.628700805006824,3.9,9.236100170605994,-1804.0948912718036,-2896.5303634909997,-463.852171771848,-2414.9816861115078,-0.0,-0.0,226.87765938067844,1636.2968099089746,0.0,0.11673760921561664,0.0,0,1.092548523846169,0.0,384.0091354590253,0.20471299475112859,9.337062739279938,0.0028839861271077183,62.04218496178482,1.221275871523963,0.3911862337812635,-2967.090712023361,70.56034853236176,0.18305483277144577,-647.0352883634789,183.18311659163092
2025-01-01 12:47:00,0.28956584155044507,0.17814163330011085,0.0,0.004826097359174084,0.0029690272216685142,0.0,0.015090670519892393,0.2244751710305527,0.0,0.05,0.0,0.0,0.0,0.1635582999667775,0,0.01458333333333334,1,0,0,Off,0,0,Off,0,0,Off,0.03681798800665564,0.02761349100499172,On,0,0,Off,0.0025131464729532165,0.0,On,0.012577524046939178,0,On,0.006397437741515965,0,On,0.1812597452823811,0.1359448089617858,On,Off,0.0,20.000000000000057,0.0,0.0,0.0,0.0,0,0.0,21116.65276888889,Off,0.0,23.888888888888914,0,0.0,0.05,0.0,0.0,0,0,0,11489.55984,Off,0.0,0,84.26372756358025,51.666666666666686,46.10666666666668,0.0,51.2252849995196,0.0,0.0,0.0,131.66207431809414,51.188361820030536,51.2252849995196,51.16990023028602,12.43753247303448,19.78476767080982,0.0,9.70938290655654,6.66220475265213,3.9,9.236100170605994,-1778.6866641331112,-2869.959108283766,-472.54007288723494,-2394.976605872941,-0.0,-0.0,226.87765938067844,1637.3150601370219,0.0,0.11639372284038582,0.0,0,1.089330087609949,0.0,389.41228235915133,0.20581682409439603,9.2982605975889,0.0028842013984303923,61.79145967980482,1.2216321717670469,0.39089453518347683,-2941.5785533832122,71.61944509944618,0.1834658700166752,-656.4505279445477,183.9104550573128
2025-01-01 12:48:00,0.28956584155044507,0.17814163330011085,0.0,0.004826097359174084,0.0029690272216685142,0.0,0.015090670519892393,0.2244751710305527,0.0,0.05,0.0,0.0,0.0,0.1635582999667775,0,0.01458333333333334,1,0,0,Off,0,0,Off,0,0,Off,0.03681798800665564,0.02761349100499172,On,0,0,Off,0.0025131464729532165,0.0,On,0.012577524046939178,0,On,0.006397437741515965,0,On,0.1812597452823811,0.1359448089617858,On,Off,0.0,20.000000000000057,0.0,0.0,0.0,0.0,0,0.0,21116.65276888889,Off,0.0,23.888888888888914,0,0.0,0.05,0.0,0.0,0,0,0,11489.55984,Off,0.0,0,84.43883907662295,51.666666666666686,46.10666666666668,0.0,51.20669790173787,0.0,0.0,0.0,131.93568605722336,51.1708566598507,51.20669790173787,51.152936038907114,12.43753247303448,19.701966522547707,0.0,9.666023959466271,6.695434025179981,3.9,9.236100170605994,-1754.20219263636,-2844.9533951706762,-481.2120370871693,-2375.666615092167,-0.0,-0.0,226.87765938067844,1638.3564854462336,0.0,0.11606025173440307,0.0,0,1.0862091279891821,0.0,394.5867630751285,0.206892590962646,9.260169411386952,0.002884415737265067,61.546725806321426,1.2219774187939265,0.3906194744235335,-2917.5693173686163,72.61592219793991,0.18387262987840738,-665.8205324620662,184.608495374897
2025-01-01 12:49:00,0.28956584155044507,0.17814163330011085,0.0,0.004826097359174084,0.0029690272216685142,0.0,0.015090670519892393,0.2244751710305527,0.0,0.05,0.0,0.0,0.0,0.1635582999667775,0,0.01458333333333334,1,0,0,Off,0,0,Off,0,0,Off,0.03681798800665564,0.02761349100499172,On,0,0,Off,0.0025131464729532165,0.0,On,0.012577524046939178,0,On,0.006397437741515965,0,On,0.1812597452823811,0.1359448089617858,On,Off,0.0,20.000000000000057,0.0,0.0,0.0,0.0,0,0.0,21116.65276888889,Off,0.0,23.888888888888914,0,0.0,0.05,0.0,0.0,0,0,0,11489.55984,Off,0.0,0,84.60694625426828,51.666666666666686,46.10666666666668,0.0,51.188072906054494,0.0,0.0,0.0,132.19835352229418,51.15331512156162,51.188072906054494,51.13593622931519,12.43753247303448,19.621739434389557,0.0,9.625143938241571,6.728385597412106,3.9,9.236100170605994,-1730.6069198197451,-2821.408838906511,-489.86987993240234,-2357.016705417701,-0.0,-0.0,226.87765938067844,1639.4209782108592,0.0,0.11573673256679935,0.0,0,1.0831813086653468,0.0,399.53212621727744,0.20794134285545268,9.224113820127915,0.0028846291668626605,61.30772053244775,1.2223121150689558,0.3903599619766462,-2894.9597240471685,73.55088514065743,0.18427510377221681,-675.1435618204347,185.27368188803234
2025-01-01 12:50:00,0.28956584155044507,0.17814163330011085,0.0,0.004826097359174084,0.0029690272216685142,0.0,0.015090670519892393,0.2244751710305527,0.0,0.05,0.0,0.0,0.0,0.1635582999667775,0,0.01458333333333334,1,0,0,Off,0,0,Off,0,0,Off,0.03681798800665564,0.02761349100499172,On,0,0,Off,0.0025131464729532165,0.0,On,0.012577524046939178,0,On,0.006397437741515965,0,On,0.1812597452823811,0.1359448089617858,On,Off,0.0,20.000000000000057,0.0,0.0,0.0,0.0,0,0.0,21116.65276888889,Off,0.0,23.888888888888914,0,0.0,0.05,0.0,0.0,0,0,0,11489.55984,Off,0.0,0,84.76835961772593,51.666666666666686,46.10666666666668,0.0,51.169411556528466,0.0,0.0,0.0,132.45056190269676,51.1357386602617,51.169411556528466,51.11890221212832,12.43753247303448,19.543972134278214,0.0,9.586582836515008,6.761055799720248,3.9,9.236100170605994,-1707.8638974606083,-2799.230014766624,-498.51445144359747,-2338.9948612700327,-0.0,-0.0,226.87765938067844,1640.5084123118752,0.0,0.11542274137858681,0.0,0,1.080242661801775,0.0,404.2533044287459,0.20896403719894407,9.188649505566483,0.00288484170943124,61.074202484978166,1.2226367204048567,0.3901150121534121,-2873.6566848449247,74.42667007830059,0.1846732750446705,-684.417693291562,185.90324184796458
2025-01-01 12:51:00,0.28956584155044507,0.17814163330011085,0.0,0.004826097359174084,0.0029690272216685142,0.0,0.015090670519892393,0.2244751710305527,0.0,0.05,0.0,0.0,0.0,0.1635582999667775,0,0.01458333333333334,1,0,0,Off,0,0,Off,0,0,Off,0.03681798800665564,0.02761349100499172,On,0,0,Off,0.0025131464729532165,0.0,On,0.012577524046939178,0,On,0.006397437741515965,0,On,0.1812597452823811,0.1359448089617858,On,Off,0.0,20.000000000000057,0.0,0.0,0.0,0.0,0,0.0,21116.65276888889,Off,0.0,23.888888888888914,0,0.0,0.05,0.0,0.0,0,0,0,11489.55984,Off,0.0,0,84.92336691840585,51.666666666666686,46.10666666666668,0.0,51.150715328752874,0.0,0.0,0.0,132.69276081000913,51.118128666540834,51.150715328752874,51.10183533543482,12.43753247303448,19.468558771714374,-0.031441228285682854,9.55019459159886,6.793440490656267,3.9,9.236100170605994,-1685.935444131942,-2778.329375898212,-507.145795772486,-2321.571490571586,-0.0,-0.0,226.87765938067844,1641.6186434217066,0.0,0.11511788510981255,0.0,0,1.0773895087461958,0.0,408.7583870589653,0.2099615645266551,9.154414827157431,0.0028850533862214874,60.845947340127616,1.2229516609393118,0.3898837237335573,-2853.5754463900025,75.24607049179062,0.18506712115440555,-693.6408679367324,186.49507216424644
2025-01-01 12:52:00,0.28956584155044507,0.17814163330011085,0.0,0.004826097359174084,0.0029690272216685142,0.0,0.015090670519892393,0.2244751710305527,0.0,0.05,0.0,0.0,0.0,0.1635582999667775,0,0.01458333333333334,1,0,0,Off,0,0,Off,0,0,Off,0.03681798800665564,0.02761349100499172,On,0,0,Off,0.0025131464729532165,0.0,On,0.012577524046939178,0,On,0.006397437741515965,0,On,0.1812597452823811,0.1359448089617858,On,Off,0.0,20.000000000000057,0.0,0.0,0.0,0.0,0,0.0,21116.65276888889,Off,0.0,23.888888888888914,0,0.0,0.05,0.0,0.0,0,0,0,11489.55984,Off,0.0,0,85.07223705625313,51.666666666666686,46.10666666666668,0.0,51.13198563487373,0.0,0.0,0.0,132.9253704003955,51.10048647121074,51.13198563487373,51.08473688937925,12.43753247303448,19.39540046216601,-0.10459953783404785,9.515844813184186,6.825535203133819,3.9,9.236100170605994,-1664.784401195493,-2758.6263115016022,-515.7632895817919,-2304.7190387975115,-0.0,-0.0,226.87765938067844,1642.7515093014986,0.0,0.11482179603617812,0.0,0,1.074618407962996,0.0,413.05697822134,0.21093476314273893,9.12067406204914,0.002885264217594986,60.62274492019961,1.2232573350589517,0.38966526610972735,-2834.638246960998,76.01193545939535,0.1854566155022543,-702.8109305115681,187.0476409297763
2025-01-01 12:53:00,0.28956584155044507,0.17814163330011085,0.0,0.004826097359174084,0.0029690272216685142,0.0,0.015090670519892393,0.2244751710305527,0.0,0.05,0.0,0.0,0.0,0.1635582999667775,0,0.01458333333333334,1,0,0,Off,0,0,Off,0,0,Off,0.03681798800665564,0.02761349100499172,On,0,0,Off,0.0025131464729532165,0.0,On,0.012577524046939178,0,On,0.006397437741515965,0,On,0.1812597452823811,0.1359448089617858,On,Off,0.0,20.000000000000057,0.0,0.0,0.0,0.0,0,0.0,21116.65276888889,Off,0.0,23.888888888888914,0,0.0,0.05,0.0,0.0,0,0,0,11489.55984,Off,0.0,0,85.21522278143543,51.666666666666686,46.10666666666668,0.0,51.113223827745394,0.0,0.0,0.0,133.14878559599285,51.08281334922116,51.113223827745394,51.06760810995905,12.43753247303448,19.32440428411763,-0.17559571588242662,9.483409117155798,6.857335267671431,3.9,9.236100170605994,-1644.374793073469,-2740.0461932331077,-524.3657617994671,-2288.411715889624,-0.0,-0.0,226.87765938067844,1643.906830079239,0.0,0.11453412798125392,0.0,0,1.071926119583296,0.0,417.1592634354764,0.21188442862520965,9.08806727065135,0.0028854742230810743,60.4043971965183,1.2235541174583482,0.3894588691752321,-2816.77332280975,76.7271295766422,0.18584172895901357,-711.9256636557869,187.55990185631973
2025-01-01 12:54:00,0.28956584155044507,0.17814163330011085,0.0,0.004826097359174084,0.0029690272216685142,0.0,0.015090670519892393,0.2244751710305527,0.0,0.05,0.0,0.0,0.0,0.1635582999667775,0,0.01458333333333334,1,0,0,Off,0,0,Off,0,0,Off,0.03681798800665564,0.02761349100499172,On,0,0,Off,0.0025131464729532165,0.0,On,0.012577524046939178,0,On,0.006397437741515965,0,On,0.1812597452823811,0.1359448089617858,On,Off,0.0,20.000000000000057,0.0,0.0,0.0,0.0,0,0.0,21116.65276888889,Off,0.0,23.888888888888914,0,0.0,0.05,0.0,0.0,0,0,0,11489.55984,Off,0.0,0,85.35256263067984,51.666666666666686,46.10666666666668,0.0,51.09443120449065,0.0,0.0,0.0,133.36337911043725,51.065110523014894,51.09443120449065,51.050450182277025,12.43753247303448,19.255482560668952,-0.24451743933110492,9.452771879217185,6.888835915762647,3.9,9.236100170605994,-1624.6721651092798,-2722.7045332887064,-532.9515970852509,-2272.6252947930707,-0.0,-0.0,226.87765938067844,1645.0844085497274,0.0,0.11425455364092273,0.0,0,1.0693095803643888,0.0,421.0754703031124,0.2128113201343334,9.056548539632352,0.0028856834214257936,60.19071686125368,1.223842362028759,0.38926381580354125,-2799.914158114838,77.20962482613147,0.1862224311330778,-720.9828170745066,188.03121998925562
2025-01-01 12:55:00,1.340338758217112,0.17814163330011085,0.9006625,0.022338979303618535,0.0029690272216685142,0.015011041666666667,0.015090670519892393,0.2244751710305527,1.0507729166666668,0.05,0.0,0.9006625,0.0,0.1635582999667775,0,0.01458333333333334,1,0,0,Off,0,0,Off,0,0,Off,0.03681798800665564,0.02761349100499172,On,0,0,Off,0.0025131464729532165,0.0,On,0.012577524046939178,0,On,0.006397437741515965,0,On,0.1812597452823811,0.1359448089617858,On,On,17415.9303113141,20.000000000000057,0.8,4751.49537424146,26.39581596111111,1.0507729166666668,1,21116.65276888889,21116.65276888889,Off,0.0,23.888888888888914,0,0.0,0.05,0.0,0.0,0,0,0,11489.55984,Off,0.0,0,85.4844823768665,51.666666666666686,46.10666666666668,0.0,51.07560900963401,0.0,0.0,0.0,133.5695037138539,51.04737916548051,51.07560900963401,51.03326424340376,12.43753247303448,19.18855232238812,-0.3114476776119375,9.423818152357722,6.92003236605008,3.9,9.236100170605994,15810.286584196656,2045.5593420912683,-541.5188250604031,-2257.336956280339,-0.0,-0.0,226.87765938067844,1646.2840312777398,0.0,0.11398276261227253,0.0,0,1.066765885242126,0.0,424.81556978221647,0.21371616473653302,9.02607442191587,0.0028858918306351408,59.98152626088387,1.2241224040035887,0.38907939070988273,-2783.9949877946406,78.05895564444877,0.1865986914146021,-729.9801323339394,188.46130727353636
2025-01-01 12:56:00,1.340338758217112,0.17814163330011085,0.9006625,0.022338979303618535,0.0029690272216685142,0.015011041666666667,0.015090670519892393,0.2244751710305527,1.0507729166666668,0.05,0.0,0.9006625,0.0,0.1635582999667775,0,0.01458333333333334,1,0,0,Off,0,0,Off,0,0,Off,0.03681798800665564,0.02761349100499172,On,0,0,Off,0.0025131464729532165,0.0,On,0.012577524046939178,0,On,0.006397437741515965,0,On,0.1812597452823811,0.1359448089617858,On,On,17415.9303113141,20.000000000000057,0.8,4751.49537424146,26.39581596111111,1.0507729166666668,1,21116.65276888889,21116.65276888889,Off,0.0,23.888888888888914,0,0.0,0.05,0.0,0.0,0,0,0,11489.55984,Off,0.0,0,84.76270871301686,51.666666666666686,46.10666666666668,0.0,51.05675843791564,0.0,0.0,0.0,132.44173236408884,51.029620402603925,51.05675843791564,51.01605138494807,12.43753247303448,19.43976232785958,-0.06023767214047737,9.56795615052042,6.950919895643817,3.9,9.236100170605994,15739.222443631223,1962.9550906562827,-550.0651972448316,-2314.9321877971033,-0.0,-0.0,226.87765938067844,1647.5054656572718,0.0,0.11500138012020664,0.0,0,1.076299137311746,0.0,411.346660733547,0.2104139228319221,9.14215928115812,0.002886099468014037,60.40808707368973,1.2230712509417363,0.3899966356494339,-2863.3747527038286,74.83446911865126,0.18697047982807238,-738.9153638213255,188.850166576494
2025-01-01 12:57:00,1.340338758217112,0.17814163330011085,0.9006625,0.022338979303618535,0.0029690272216685142,0.015011041666666667,0.015090670519892393,0.2244751710305527,1.0507729166666668,0.05,0.0,0.9006625,0.0,0.1635582999667775,0,0.01458333333333334,1,0,0,Off,0,0,Off,0,0,Off,0.03681798800665564,0.02761349100499172,On,0,0,Off,0.0025131464729532165,0.0,On,0.012577524046939178,0,On,0.006397437741515965,0,On,0.1812597452823811,0.1359448089617858,On,On,17415.9303113141,20.000000000000057,0.8,4751.49537424146,26.39581596111111,1.0507729166666668,1,21116.65276888889,21116.65276888889,Off,0.0,23.888888888888914,0,0.0,0.05,0.0,0.0,0,0,0,11489.55984,Off,0.0,0,84.06209212985243,51.666666666666686,46.10666666666668,0.0,51.038067564477764,0.0,0.0,0.0,131.34701895289442,51.012011582816314,51.038067564477764,50.9989835919856,12.43753247303448,19.683237423004194,0.0,9.703724915019256,6.981493898719923,3.9,9.236100170605994,15670.878684831205,1885.2133578381422,-558.5882546564374,-2371.3075052185486,-0.0,-0.0,226.87765938067844,1648.7484650426898,0.0,0.11598476242661085,0.0,0,1.085502622756218,0.0,399.3782193549747,0.20726864265724268,9.254300315569633,0.0028863087617341026,60.81538518532178,1.222054178637666,0.39085865296292627,-2938.4438721409506,72.16185573763259,0.18733776772206245,-747.7862963806224,189.19804172418506
2025-01-01 12:58:00,1.340338758217112,0.17814163330011085,0.9006625,0.022338979303618535,0.0029690272216685142,0.015011041666666667,0.015090670519892393,0.2244751710305527,1.0507729166666668,0.05,0.0,0.9006625,0.0,0.1635582999667775,0,0.01458333333333334,1,0,0,Off,0,0,Off,0,0,Off,0.03681798800665564,0.02761349100499172,On,0,0,Off,0.0025131464729532165,0.0,On,0.012577524046939178,0,On,0.006397437741515965,0,On,0.1812597452823811,0.1359448089617858,On,On,17415.9303113141,20.000000000000057,0.8,4751.49537424146,26.39581596111111,1.0507729166666668,1,21116.65276888889,21116.65276888889,Off,0.0,23.888888888888914,0,0.0,0.05,0.0,0.0,0,0,0,11489.55984,Off,0.0,0,83.38132012702518,51.666666666666686,46.10666666666668,0.0,51.01953172213547,0.0,0.0,0.0,130.28331269847683,50.99454831089216,51.01953172213547,50.98205660527051,12.43753247303448,19.919462367307624,0.0,9.831789499409119,7.011749934294486,3.9,9.236100170605994,15603.975092158329,1811.5857642644396,-567.0853860683275,-2426.522301311398,-0.0,-0.0,226.87765938067844,1650.0127658278052,0.0,0.11693526428107633,0.0,0,1.0943983797019612,0.0,387.689422774948,0.20426807235533762,9.36210183388733,0.002886519641967426,61.20465670271898,1.2210690019264836,0.3916700164607819,-3009.517729670353,69.60811969333287,0.1877005283215163,-756.590760084329,189.50537401600147
2025-01-01 12:59:00,1.340338758217112,0.17814163330011085,0.9006625,0.022338979303618535,0.0029690272216685142,0.015011041666666667,0.015090670519892393,0.2244751710305527,1.0507729166666668,0.05,0.0,0.9006625,0.0,0.1635582999667775,0,0.01458333333333334,1,0,0,Off,0,0,Off,0,0,Off,0.03681798800665564,0.02761349100499172,On,0,0,Off,0.0025131464729532165,0.0,On,0.012577524046939178,0,On,0.006397437741515965,0,On,0.1812597452823811,0.1359448089617858,On,On,17415.9303113141,20.000000000000057,0.8,4751.49537424146,26.39581596111111,1.0507729166666668,1,21116.65276888889,21116.65276888889,Off,0.0,23.888888888888914,0,0.0,0.05,0.0,0.0,0,0,0,11489.55984,Off,0.0,0,82.71935514104956,51.666666666666686,46.10666666666668,0.0,51.001146533027715,0.0,0.0,0.0,129.24899240788994,50.977226464268064,51.001146533027715,50.965266429888246,12.43753247303448,20.14881972574369,0.0,9.952704425000062,7.04168376453456,3.9,9.236100170605994,15538.68744893556,1741.8505695431522,-575.5538762330724,-2480.617954174224,-0.0,-0.0,226.87765938067844,1651.2980885481124,0.0,0.11785478319378072,0.0,0,1.1030041669668715,0.0,376.4974324150038,0.20140198439196383,9.467203011362159,0.0028867320432485787,61.576907567760365,1.220113979270164,0.39243454308215836,-3076.8586365014626,67.21383180315502,0.18805873716101817,-765.3266424622188,189.77276622914655
2025-01-01 13:00:00,0.2898674191271995,0.17814163330011085,0.0,0.004831123652119991,0.0029690272216685142,0.0,0.01539224809664678,0.2244751710305527,0.0,0.05,0.0,0.0,0.0,0.1635582999667775,0,0.01458333333333334,1,0,0,Off,0,0,Off,0,0,Off,0.03681798800665564,0.02761349100499172,On,0,0,Off,0.0028147240497076024,0.0,On,0.012577524046939178,0,On,0.006397437741515965,0,On,0.1812597452823811,0.1359448089617858,On,Off,0.0,20.000000000000057,0.0,0.0,0.0,0.0,0,0.0,21116.65276888889,Off,0.0,23.888888888888914,0,0.0,0.05,0.0,0.0,0,0,0,11489.55984,Off,0.0,0,82.07529221769595,51.666666666666686,46.10666666666668,0.0,50.98290784803638,0.0,0.0,0.0,128.24264409014992,50.96004213592673,50.98290784803638,50.9486092798719,12.43753247303448,20.371642856281117,0.0,10.066956394266223,7.071291384890724,3.9,9.236100170605994,-1940.6101800139854,-3075.7237611357095,-583.9909466929851,-2533.6290534244854,-0.0,-0.0,227.1792369574328,1652.6041381753278,0.0,0.11874498152314655,0.0,0,1.1113355425810714,0.0,365.8396364530673,0.19866136137054827,9.568414508779139,0.0028869459036332144,61.93302388464394,1.2191875883370304,0.39315557478655294,-3140.6979049244273,64.97414378871778,0.18841237241623243,-773.9918984975533,190.0009518045682
2025-01-01 13:01:00,0.2898674191271995,0.17814163330011085,0.0,0.004831123652119991,0.0029690272216685142,0.0,0.01539224809664678,0.2244751710305527,0.0,0.05,0.0,0.0,0.0,0.1635582999667775,0,0.01458333333333334,1,0,0,Off,0,0,Off,0,0,Off,0.03681798800665564,0.02761349100499172,On,0,0,Off,0.0028147240497076024,0.0,On,0.012577524046939178,0,On,0.006397437741515965,0,On,0.1812597452823811,0.1359448089617858,On,Off,0.0,20.000000000000057,0.0,0.0,0.0,0.0,0,0.0,21116.65276888889,Off,0.0,23.888888888888914,0,0.0,0.05,0.0,0.0,0,0,0,11489.55984,Off,0.0,0,82.29679700170931,51.666666666666686,46.10666666666668,0.0,50.96481171756322,0.0,0.0,0.0,128.5887453151708,50.94299160684831,50.96481171756322,50.93208155149086,12.43753247303448,20.272006875375784,0.0,10.003485895133672,7.100569047224634,3.9,9.236100170605994,-1909.6010215606261,-3039.0910543293307,-592.3937901803731,-2509.8694983051478,-0.0,-0.0,227.1792369574328,1653.9306044113828,0.0,0.11834730519032204,0.0,0,1.1076136855607386,0.0,373.0892397870888,0.19990303927827277,9.5237382385342,0.002887161164271768,61.65785931434369,1.2196014239526232,0.3927551828165795,-3105.208162151528,66.11710782219753,0.1887614151490374,-782.5845586798993,190.1907684995262
2025-01-01 13:02:00,0.2898674191271995,0.17814163330011085,0.0,0.004831123652119991,0.0029690272216685142,0.0,0.01539224809664678,0.2244751710305527,0.0,0.05,0.0,0.0,0.0,0.1635582999667775,0,0.01458333333333334,1,0,0,Off,0,0,Off,0,0,Off,0.03681798800665564,0.02761349100499172,On,0,0,Off,0.0028147240497076024,0.0,On,0.012577524046939178,0,On,0.006397437741515965,0,On,0.1812597452823811,0.1359448089617858,On,Off,0.0,20.000000000000057,0.0,0.0,0.0,0.0,0,0.0,21116.65276888889,Off,0.0,23.888888888888914,0,0.0,0.05,0.0,0.0,0,0,0,11489.55984,Off,0.0,0,82.50832515818423,51.666666666666686,46.10666666666668,0.0,50.94666744558188,0.0,0.0,0.0,128.91925805966287,50.92589506180506,50.94666744558188,50.91550886991665,12.43753247303448,20.176043058248073,0.0,9.944082520137485,7.129513276857498,3.9,9.236100170605994,-1880.8948125786847,-3003.987378805761,-600.7314054837641,-2487.070474673436,-0.0,-0.0,227.1792369574328,1655.2771619948007,0.0,0.11796370723610021,0.0,0,1.1040235882351939,0.0,378.9964251373187,0.20110766876396674,9.480257252284906,0.002887375395802904,61.390491656512005,1.2200002680326907,0.39238007741595404,-3072.0493127384457,68.06193393268472,0.18910584947864156,-791.1027353408342,190.37132985707018
2025-01-01 13:03:00,0.2898674191271995,0.17814163330011085,0.0,0.004831123652119991,0.0029690272216685142,0.0,0.01539224809664678,0.2244751710305527,0.0,0.05,0.0,0.0,0.0,0.1635582999667775,0,0.01458333333333334,1,0,0,Off,0,0,Off,0,0,Off,0.03681798800665564,0.02761349100499172,On,0,0,Off,0.0028147240497076024,0.0,On,0.012577524046939178,0,On,0.006397437741515965,0,On,0.1812597452823811,0.1359448089617858,On,Off,0.0,20.000000000000057,0.0,0.0,0.0,0.0,0,0.0,21116.65276888889,Off,0.0,23.888888888888914,0,0.0,0.05,0.0,0.0,0,0,0,11489.55984,Off,0.0,0,82.71073343362806,51.666666666666686,46.10666666666668,0.0,50.928477231348666,0.0,0.0,0.0,129.23552099004385,50.908754573366835,50.928477231348666,50.89889324437593,12.43753247303448,20.083434175762786,0.0,9.888384330014306,7.158121949039221,3.9,9.236100170605994,-1853.3738020910314,-2971.8150170765834,-609.0886866378432,-2465.147605996715,-0.0,-0.0,227.1792369574328,1656.6434709822436,0.0,0.11759297937490683,0.0,0,1.1005539422469215,0.0,384.5945669482506,0.20227836150101153,9.438518009765197,0.00288758862862633,61.13028827129275,1.2203854111020993,0.3920280425478063,-3041.008600430167,69.1935833535836,0.1894456753248489,-799.5449420754545,190.45625543761122
2025-01-01 13:04:00,0.2898674191271995,0.17814163330011085,0.0,0.004831123652119991,0.0029690272216685142,0.0,0.01539224809664678,0.2244751710305527,0.0,0.05,0.0,0.0,0.0,0.1635582999667775,0,0.01458333333333334,1,0,0,Off,0,0,Off,0,0,Off,0.03681798800665564,0.02761349100499172,On,0,0,Off,0.0028147240497076024,0.0,On,0.012577524046939178,0,On,0.006397437741515965,0,On,0.1812597452823811,0.1359448089617858,On,Off,0.0,20.000000000000057,0.0,0.0,0.0,0.0,0,0.0,21116.65276888889,Off,0.0,23.888888888888914,0,0.0,0.05,0.0,0.0,0,0,0,11489.55984,Off,0.0,0,82.90464564050797,51.666666666666686,46.10666666666668,0.0,50.91024308529308,0.0,0.0,0.0,129.5385088132937,50.891572036120834,50.91024308529308,50.882236511534714,12.43753247303448,19.993949633899494,0.0,9.836043312906279,7.18638988915803,3.9,9.236100170605994,-1826.400075741657,-2941.50440676051,-617.3543123647831,-2444.0382777119266,-0.0,-0.0,227.1792369574328,1658.0291770540248,0.0,0.11723425190975052,0.0,0,1.097196608092547,0.0,390.4589650128368,0.20341725971780575,9.397697467016485,0.0028878008906539705,60.876785920314745,1.2207577872081279,0.3916969379993592,-3011.8829277068744,70.37852094636442,0.18978085614119702,-807.9087957180268,190.55448335324363
2025-01-01 13:05:00,0.2898674191271995,0.17814163330011085,0.0,0.004831123652119991,0.0029690272216685142,0.0,0.01539224809664678,0.2244751710305527,0.0,0.05,0.0,0.0,0.0,0.1635582999667775,0,0.01458333333333334,1,0,0,Off,0,0,Off,0,0,Off,0.03681798800665564,0.02761349100499172,On,0,0,Off,0.0028147240497076024,0.0,On,0.012577524046939178,0,On,0.006397437741515965,0,On,0.1812597452823811,0.1359448089617858,On,Off,0.0,20.000000000000057,0.0,0.0,0.0,0.0,0,0.0,21116.65276888889,Off,0.0,23.888888888888914,0,0.0,0.05,0.0,0.0,0,0,0,11489.55984,Off,0.0,0,83.09053992126013,51.666666666666686,46.10666666666668,0.0,50.891966880341606,0.0,0.0,0.0,129.82896862696896,50.87434921506185,50.891966880341606,50.865540382421976,12.43753247303448,19.90741299941083,0.0,9.78679793278562,7.21431638642802,3.9,9.236100170605994,-1800.4170660204052,-2913.0117571666415,-625.6092034215247,-2423.693588779607,-0.0,-0.0,227.1792369574328,1659.4339118065577,0.0,0.1168868661371734,0.0,0,1.0939454209594162,0.0,396.0972858017692,0.20452590833822118,9.35841101082604,0.00288801220796895,60.629627301003914,1.221118107892065,0.39138516042282273,-2984.5188958450303,71.50713867838883,0.19011140809040303,-816.1932365375652,190.58403311604033
2025-01-01 13:06:00,0.2898674191271995,0.17814163330011085,0.0,0.004831123652119991,0.0029690272216685142,0.0,0.01539224809664678,0.2244751710305527,0.0,0.05,0.0,0.0,0.0,0.1635582999667775,0,0.01458333333333334,1,0,0,Off,0,0,Off,0,0,Off,0.03681798800665564,0.02761349100499172,On,0,0,Off,0.0028147240497076024,0.0,On,0.012577524046939178,0,On,0.006397437741515965,0,On,0.1812597452823811,0.1359448089617858,On,Off,0.0,20.000000000000057,0.0,0.0,0.0,0.0,0,0.0,21116.65276888889,Off,0.0,23.888888888888914,0,0.0,0.05,0.0,0.0,0,0,0,11489.55984,Off,0.0,0,83.2688414704668,51.666666666666686,46.10666666666668,0.0,50.873650384014766,0.0,0.0,0.0,130.10756479760437,50.85708777585417,50.873650384014766,50.84880647177387,12.43753247303448,19.823667472926797,0.0,9.740420370218915,7.241897813868478,3.9,9.236100170605994,-1775.3651715308852,-2886.2181022982486,-633.7962036061747,-2404.070009666258,-0.0,-0.0,227.1792369574328,1660.8572940044305,0.0,0.11655023723744923,0.0,0,1.0907949075135024,0.0,401.5256011779401,0.20560567086266252,9.320576715081994,0.0028882226052383874,60.388493583787806,1.2214670053047463,0.39109131203607334,-2958.7830659448955,72.56496364664659,0.19043731245613976,-824.3963478419964,190.60014423582177
2025-01-01 13:07:00,0.2898674191271995,0.17814163330011085,0.0,0.004831123652119991,0.0029690272216685142,0.0,0.01539224809664678,0.2244751710305527,0.0,0.05,0.0,0.0,0.0,0.1635582999667775,0,0.01458333333333334,1,0,0,Off,0,0,Off,0,0,Off,0.03681798800665564,0.02761349100499172,On,0,0,Off,0.0028147240497076024,0.0,On,0.012577524046939178,0,On,0.006397437741515965,0,On,0.1812597452823811,0.1359448089617858,On,Off,0.0,20.000000000000057,0.0,0.0,0.0,0.0,0,0.0,21116.65276888889,Off,0.0,23.888888888888914,0,0.0,0.05,0.0,0.0,0,0,0,11489.55984,Off,0.0,0,83.43992152758787,51.666666666666686,46.10666666666668,0.0,50.85529527009576,0.0,0.0,0.0,130.37487738685604,50.83978929583106,50.85529527009576,50.83203630869872,12.43753247303448,19.74257627542701,0.0,9.69671066339635,7.269132938608744,3.9,9.236100170605994,-1751.221369161362,-2860.998533018558,-641.9381281717864,-2385.1293578826712,-0.0,-0.0,227.1792369574328,1662.2989260535096,0.0,0.11622385657796662,0.0,0,1.087740307456797,0.0,406.72875176387663,0.20665771430732088,9.283428940198268,0.002888432105865818,60.15310519249642,1.221805030231016,0.39081416494980675,-2934.558481771264,73.55994875270608,0.19075857852838868,-832.516930357896,190.57880218610953
2025-01-01 13:08:00,0.2898674191271995,0.17814163330011085,0.0,0.004831123652119991,0.0029690272216685142,0.0,0.01539224809664678,0.2244751710305527,0.0,0.05,0.0,0.0,0.0,0.1635582999667775,0,0.01458333333333334,1,0,0,Off,0,0,Off,0,0,Off,0.03681798800665564,0.02761349100499172,On,0,0,Off,0.0028147240497076024,0.0,On,0.012577524046939178,0,On,0.006397437741515965,0,On,0.1812597452823811,0.1359448089617858,On,Off,0.0,20.000000000000057,0.0,0.0,0.0,0.0,0,0.0,21116.65276888889,Off,0.0,23.888888888888914,0,0.0,0.05,0.0,0.0,0,0,0,11489.55984,Off,0.0,0,83.6041141034588,51.666666666666686,46.10666666666668,0.0,50.83690313052051,0.0,0.0,0.0,130.63142828665437,50.822455275203595,50.83690313052051,50.815231347545144,12.43753247303448,19.664016425584194,0.0,9.65549090624786,7.296019839083173,3.9,9.236100170605994,-1727.952084021435,-2837.2480479334004,-650.035555500886,-2366.83724405609,-0.0,-0.0,227.1792369574328,1663.7584000040051,0.0,0.11590726732586706,0.0,0,1.084777345285728,0.0,411.70592307722256,0.2076830798537664,9.247602858188177,0.0028886407321458895,59.923209658130354,1.222132677722132,0.3905526255284395,-2911.7412754694587,74.4932275360584,0.19107520709285322,-840.5535886773209,190.51803317643493
2025-01-01 13:09:00,0.2898674191271995,0.17814163330011085,0.0,0.004831123652119991,0.0029690272216685142,0.0,0.01539224809664678,0.2244751710305527,0.0,0.05,0.0,0.0,0.0,0.1635582999667775,0,0.01458333333333334,1,0,0,Off,0,0,Off,0,0,Off,0.03681798800665564,0.02761349100499172,On,0,0,Off,0.0028147240497076024,0.0,On,0.012577524046939178,0,On,0.006397437741515965,0,On,0.1812597452823811,0.1359448089617858,On,Off,0.0,20.000000000000057,0.0,0.0,0.0,0.0,0,0.0,21116.65276888889,Off,0.0,23.888888888888914,0,0.0,0.05,0.0,0.0,0,0,0,11489.55984,Off,0.0,0,83.76172483175391,51.666666666666686,46.10666666666668,0.0,50.818475483582404,0.0,0.0,0.0,130.87769504961548,50.80508714479456,50.818475483582404,50.79839297540065,12.43753247303448,19.587875448553195,0.0,9.616600382945574,7.322556771717765,3.9,9.236100170605994,-1705.5212881940226,-2814.8706684698664,-658.0556374785549,-2349.162231586094,-0.0,-0.0,227.1792369574328,1665.2352940453206,0.0,0.11560005166623485,0.0,0,1.0819021106660636,0.0,416.4617064346387,0.20868271868082044,9.213039766376912,0.002888848505371859,59.69857520260433,1.2224504005939545,0.3903057044198286,-2890.2378340306614,75.36716556079477,0.19138720068381906,-848.5049887572532,190.4493512786982
2025-01-01 13:10:00,0.2898674191271995,0.17814163330011085,0.0,0.004831123652119991,0.0029690272216685142,0.0,0.01539224809664678,0.2244751710305527,0.0,0.05,0.0,0.0,0.0,0.1635582999667775,0,0.01458333333333334,1,0,0,Off,0,0,Off,0,0,Off,0.03681798800665564,0.02761349100499172,On,0,0,Off,0.0028147240497076024,0.0,On,0.012577524046939178,0,On,0.006397437741515965,0,On,0.1812597452823811,0.1359448089617858,On,Off,0.0,20.000000000000057,0.0,0.0,0.0,0.0,0,0.0,21116.65276888889,Off,0.0,23.888888888888914,0,0.0,0.05,0.0,0.0,0,0,0,11489.55984,Off,0.0,0,83.91303685691524,51.666666666666686,46.10666666666668,0.0,50.80001378018659,0.0,0.0,0.0,131.11412008893006,50.78768627193366,50.80001378018659,50.7815225178072,12.43753247303448,19.51404918755527,0.0,9.579892396463805,7.348743433144648,3.9,9.236100170605994,-1683.892165341011,-2793.778352590535,-666.0532511795183,-2332.075270063603,-0.0,-0.0,227.1792369574328,1666.7291737401488,0.0,0.11530182235179755,0.0,0,1.0791109793464704,0.0,421.0038677651594,0.20965751516207104,9.179685337779922,0.002889055445918041,59.47898647706304,1.2227586183771766,0.3900724971352077,-2869.9629344059695,76.1845818154341,0.19169457837425724,-856.3702381803058,190.31698700078752
2025-01-01 13:11:00,0.2898674191271995,0.17814163330011085,0.0,0.004831123652119991,0.0029690272216685142,0.0,0.01539224809664678,0.2244751710305527,0.0,0.05,0.0,0.0,0.0,0.1635582999667775,0,0.01458333333333334,1,0,0,Off,0,0,Off,0,0,Off,0.03681798800665564,0.02761349100499172,On,0,0,Off,0.0028147240497076024,0.0,On,0.012577524046939178,0,On,0.006397437741515965,0,On,0.1812597452823811,0.1359448089617858,On,Off,0.0,20.000000000000057,0.0,0.0,0.0,0.0,0,0.0,21116.65276888889,Off,0.0,23.888888888888914,0,0.0,0.05,0.0,0.0,0,0,0,11489.55984,Off,0.0,0,84.0583147345653,51.666666666666686,46.10666666666668,0.0,50.78151940880701,0.0,0.0,0.0,131.34111677275828,50.77025396512941,50.78151940880701,50.76462124329062,12.43753247303448,19.442440354814256,-0.057559645185801145,9.545231987682982,7.374577608981129,3.9,9.236100170605994,-1663.0283699867755,-2773.8900447602114,-673.9434322971314,-2315.5493118587906,-0.0,-0.0,227.1792369574328,1668.2395923079685,0.0,0.11501221715970732,0.0,0,1.0764005612794705,0.0,425.34170491458224,0.21060830154276405,9.14680377400462,0.002889261573305568,59.26424174405311,1.2230577232173638,0.38985217014444007,-2850.8383926669276,76.94834790671665,0.19199733640309596,-864.1478811607934,190.20444886366215
2025-01-01 13:12:00,0.2898674191271995,0.17814163330011085,0.0,0.004831123652119991,0.0029690272216685142,0.0,0.01539224809664678,0.2244751710305527,0.0,0.05,0.0,0.0,0.0,0.1635582999667775,0,0.01458333333333334,1,0,0,Off,0,0,Off,0,0,Off,0.03681798800665564,0.02761349100499172,On,0,0,Off,0.0028147240497076024,0.0,On,0.012577524046939178,0,On,0.006397437741515965,0,On,0.1812597452823811,0.1359448089617858,On,Off,0.0,20.000000000000057,0.0,0.0,0.0,0.0,0,0.0,21116.65276888889,Off,0.0,23.888888888888914,0,0.0,0.05,0.0,0.0,0,0,0,11489.55984,Off,0.0,0,84.19780711689074,51.666666666666686,46.10666666666668,0.0,50.76299369958388,0.0,0.0,0.0,131.5590736201418,50.75279147793091,50.76299369958388,50.74769036710444,12.43753247303448,19.372957534667083,-0.12704246533297336,9.512494261003086,7.4000605142936395,3.9,9.236100170605994,-1642.8946912193796,-2755.13071580045,-681.8318413209449,-2299.5590414218955,-0.0,-0.0,227.1792369574328,1669.7660909208885,0.0,0.11473089512221825,0.0,0,1.0737676653443107,0.0,429.4851132450832,0.21153586745416078,9.115036789365213,0.0028894669062570605,59.054150941916724,1.2233480839117845,0.38964395072125196,-2832.792064257764,77.66134845731393,0.1922955107969171,-871.8375052013585,190.00566388041352
2025-01-01 13:13:00,0.2898674191271995,0.17814163330011085,0.0,0.004831123652119991,0.0029690272216685142,0.0,0.01539224809664678,0.2244751710305527,0.0,0.05,0.0,0.0,0.0,0.1635582999667775,0,0.01458333333333334,1,0,0,Off,0,0,Off,0,0,Off,0.03681798800665564,0.02761349100499172,On,0,0,Off,0.0028147240497076024,0.0,On,0.012577524046939178,0,On,0.006397437741515965,0,On,0.1812597452823811,0.1359448089617858,On,Off,0.0,20.000000000000057,0.0,0.0,0.0,0.0,0,0.0,21116.65276888889,Off,0.0,23.888888888888914,0,0.0,0.05,0.0,0.0,0,0,0,11489.55984,Off,0.0,0,84.3317486737706,51.666666666666686,46.10666666666668,0.0,50.74443792782949,0.0,0.0,0.0,131.76835730276656,50.73530001223162,50.74443792782949,50.730731054432695,12.43753247303448,19.305514470799697,-0.19448552920036022,9.481563130919245,7.425189495908839,3.9,9.236100170605994,-1623.45739371139,-2737.6148295504518,-689.6197859559552,-2284.0806760529345,-0.0,-0.0,227.1792369574328,1671.3081989683747,0.0,0.11445753386816415,0.0,0,1.0712092744658246,0.0,433.4440453841116,0.21244096623112618,9.084339238992047,0.002889671462743633,58.848534302773956,1.2236300487775917,0.38944711938550625,-2815.757088837361,78.14225928690946,0.19258909187212844,-879.4375432500498,189.81775729409463
2025-01-01 13:14:00,0.2898674191271995,0.17814163330011085,0.0,0.004831123652119991,0.0029690272216685142,0.0,0.01539224809664678,0.2244751710305527,0.0,0.05,0.0,0.0,0.0,0.1635582999667775,0,0.01458333333333334,1,0,0,Off,0,0,Off,0,0,Off,0.03681798800665564,0.02761349100499172,On,0,0,Off,0.0028147240497076024,0.0,On,0.012577524046939178,0,On,0.006397437741515965,0,On,0.1812597452823811,0.1359448089617858,On,Off,0.0,20.000000000000057,0.0,0.0,0.0,0.0,0,0.0,21116.65276888889,Off,0.0,23.888888888888914,0,0.0,0.05,0.0,0.0,0,0,0,11489.55984,Off,0.0,0,84.46036152794726,51.666666666666686,46.10666666666668,0.0,50.72585331711055,0.0,0.0,0.0,131.9693148874176,50.717780721174066,50.72585331711055,50.71374442320583,12.43753247303448,19.240029534353955,-0.25997046564610216,9.452323259001599,7.449965865614366,3.9,9.236100170605994,-1604.684364409873,-2720.678960442947,-697.309083232431,-2269.09181280749,-0.0,-0.0,227.1792369574328,1672.8654343480516,0.0,0.11419182766767619,0.0,0,1.0687225273149237,0.0,437.22821144018405,0.21332431924359072,9.054668400908078,0.0028898752600263976,58.64722132222834,1.2239039477781162,0.3892609589164218,-2799.6673996273307,78.98843918438344,0.19287811589424037,-886.9476374818224,189.6385542493914
2025-01-01 13:15:00,1.3406403357938663,0.17814163330011085,0.9006625,0.022344005596564437,0.0029690272216685142,0.015011041666666667,0.01539224809664678,0.2244751710305527,1.0507729166666668,0.05,0.0,0.9006625,0.0,0.1635582999667775,0,0.01458333333333334,1,0,0,Off,0,0,Off,0,0,Off,0.03681798800665564,0.02761349100499172,On,0,0,Off,0.0028147240497076024,0.0,On,0.012577524046939178,0,On,0.006397437741515965,0,On,0.1812597452823811,0.1359448089617858,On,On,17415.9303113141,20.000000000000057,0.8,4751.49537424146,26.39581596111111,1.0507729166666668,1,21116.65276888889,21116.65276888889,Off,0.0,23.888888888888914,0,0.0,0.05,0.0,0.0,0,0,0,11489.55984,Off,0.0,0,84.58385637324966,51.666666666666686,46.10666666666668,0.0,50.707241042014324,0.0,0.0,0.0,132.1622755832026,50.70023471175645,50.707241042014324,50.69673154662751,12.43753247303448,19.176425309754357,-0.3235746902456995,9.42468902787482,7.474390987536244,3.9,9.236100170605994,15829.385163920579,2046.4034020703061,-705.0171605158956,-2254.571306012805,-0.0,-0.0,227.1792369574328,1674.4373037397238,0.0,0.11393348593102536,0.0,0,1.0663047042592502,0.0,440.8469216618529,0.21418661898092797,9.025306903091092,0.0028900783146938312,58.45004995741223,1.2241700941681741,0.38908493915686876,-2784.473614858425,79.38164268727142,0.19316261919665312,-894.3674626396023,189.3503021237067
2025-01-01 13:16:00,1.3406403357938663,0.17814163330011085,0.9006625,0.022344005596564437,0.0029690272216685142,0.015011041666666667,0.01539224809664678,0.2244751710305527,1.0507729166666668,0.05,0.0,0.9006625,0.0,0.1635582999667775,0,0.01458333333333334,1,0,0,Off,0,0,Off,0,0,Off,0.03681798800665564,0.02761349100499172,On,0,0,Off,0.0028147240497076024,0.0,On,0.012577524046939178,0,On,0.006397437741515965,0,On,0.1812597452823811,0.1359448089617858,On,On,17415.9303113141,20.000000000000057,0.8,4751.49537424146,26.39581596111111,1.0507729166666668,1,21116.65276888889,21116.65276888889,Off,0.0,23.888888888888914,0,0.0,0.05,0.0,0.0,0,0,0,11489.55984,Off,0.0,0,83.85394593541808,51.666666666666686,46.10666666666668,0.0,50.68860223066828,0.0,0.0,0.0,131.02179052409076,50.68266304720689,50.68860223066828,50.67969345547619,12.43753247303448,19.430855698251612,-0.06914430174844455,9.57004390527181,7.49846191165694,3.9,9.236100170605994,15757.495818501933,1963.2852765409443,-712.6007234649036,-2312.8802197722625,-0.0,-0.0,227.1792369574328,1676.0233028755972,0.0,0.11496533478544012,0.0,0,1.0759617886410366,0.0,427.2664900026637,0.21083414224871816,9.142444067674717,0.0028902806426959016,58.871434083205834,1.2231053978682134,0.39000990555752146,-2864.526922368493,76.316824667977,0.1934425874390041,-901.6953952302717,189.0946717653682
2025-01-01 13:17:00,1.3406403357938663,0.17814163330011085,0.9006625,0.022344005596564437,0.0029690272216685142,0.015011041666666667,0.01539224809664678,0.2244751710305527,1.0507729166666668,0.05,0.0,0.9006625,0.0,0.1635582999667775,0,0.01458333333333334,1,0,0,Off,0,0,Off,0,0,Off,0.03681798800665564,0.02761349100499172,On,0,0,Off,0.0028147240497076024,0.0,On,0.012577524046939178,0,On,0.006397437741515965,0,On,0.1812597452823811,0.1359448089617858,On,On,17415.9303113141,20.000000000000057,0.8,4751.49537424146,26.39581596111111,1.0507729166666668,1,21116.65276888889,21116.65276888889,Off,0.0,23.888888888888914,0,0.0,0.05,0.0,0.0,0,0,0,11489.55984,Off,0.0,0,83.14546642705558,51.666666666666686,46.10666666666668,0.0,50.67012489468145,0.0,0.0,0.0,129.91479129227434,50.665243016100334,50.67012489468145,50.662802076809776,12.43753247303448,19.677450807209343,0.0,9.706954940818168,7.522181347870343,3.9,9.236100170605994,15688.343297755524,1884.847675715343,-720.1236101107527,-2369.9613462589996,-0.0,-0.0,227.1792369574328,1677.6229178999777,0.0,0.11596143445288797,0.0,0,1.0852842960025135,0.0,415.1950957429923,0.20764172629851432,9.25625428429187,0.002890484606735314,59.27379940795003,1.2220752490790086,0.39087913775512867,-2940.233332918864,73.58563439274714,0.19371807173509129,-908.9315455111572,188.80793540040446
2025-01-01 13:18:00,1.3406403357938663,0.17814163330011085,0.9006625,0.022344005596564437,0.0029690272216685142,0.015011041666666667,0.01539224809664678,0.2244751710305527,1.0507729166666668,0.05,0.0,0.9006625,0.0,0.1635582999667775,0,0.01458333333333334,1,0,0,Off,0,0,Off,0,0,Off,0.03681798800665564,0.02761349100499172,On,0,0,Off,0.0028147240497076024,0.0,On,0.012577524046939178,0,On,0.006397437741515965,0,On,0.1812597452823811,0.1359448089617858,On,On,17415.9303113141,20.000000000000057,0.8,4751.49537424146,26.39581596111111,1.0507729166666668,1,21116.65276888889,21116.65276888889,Off,0.0,23.888888888888914,0,0.0,0.05,0.0,0.0,0,0,0,11489.55984,Off,0.0,0,82.45709415251875,51.666666666666686,46.10666666666668,0.0,50.65180430648362,0.0,0.0,0.0,128.83920961331054,50.647970166321215,50.65180430648362,50.646053096240024,12.43753247303448,19.916699511521205,0.0,9.836084241967486,7.545549675432561,3.9,9.236100170605994,15620.647880148561,1810.585253907881,-727.5736694703755,-2425.8735758215444,-0.0,-0.0,227.1792369574328,1679.2356213187763,0.0,0.11692416764978053,0.0,0,1.0942945262118704,0.0,403.4119076985727,0.2045968716865586,9.365668330267091,0.0028906901379030865,59.65836323005704,1.2210774410928067,0.3916971970222502,-3011.905686384774,70.99556605119479,0.19398909558340582,-916.0753301529567,188.50166068258113
2025-01-01 13:19:00,1.3406403357938663,0.17814163330011085,0.9006625,0.022344005596564437,0.0029690272216685142,0.015011041666666667,0.01539224809664678,0.2244751710305527,1.0507729166666668,0.05,0.0,0.9006625,0.0,0.1635582999667775,0,0.01458333333333334,1,0,0,Off,0,0,Off,0,0,Off,0.03681798800665564,0.02761349100499172,On,0,0,Off,0.0028147240497076024,0.0,On,0.012577524046939178,0,On,0.006397437741515965,0,On,0.1812597452823811,0.1359448089617858,On,On,17415.9303113141,20.000000000000057,0.8,4751.49537424146,26.39581596111111,1.0507729166666668,1,21116.65276888889,21116.65276888889,Off,0.0,23.888888888888914,0,0.0,0.05,0.0,0.0,0,0,0,11489.55984,Off,0.0,0,81.78778095472673,51.666666666666686,46.10666666666668,0.0,50.633636030297026,0.0,0.0,0.0,127.79340774176052,50.63084032074187,50.633636030297026,50.629442465964296,12.43753247303448,20.148988269676277,0.0,9.957991640378344,7.568567881187319,3.9,9.236100170605994,15554.584983737004,1740.252191327509,-734.9509395465836,-2480.657882083964,-0.0,-0.0,227.1792369574328,1680.8608787108403,0.0,0.11785545770096234,0.0,0,1.1030104796867444,0.0,392.1333175494371,0.20168912996974195,9.471620226687095,0.0028908971715813758,60.026117789165916,1.2201102121849217,0.39246793935328367,-3079.808433151398,68.56525023744663,0.19425568907512075,-923.1263656192264,188.17542607264278
2025-01-01 13:20:00,0.2898674191271995,0.17814163330011085,0.0,0.004831123652119991,0.0029690272216685142,0.0,0.01539224809664678,0.2244751710305527,0.0,0.05,0.0,0.0,0.0,0.1635582999667775,0,0.01458333333333334,1,0,0,Off,0,0,Off,0,0,Off,0.03681798800665564,0.02761349100499172,On,0,0,Off,0.0028147240497076024,0.0,On,0.012577524046939178,0,On,0.006397437741515965,0,On,0.1812597452823811,0.1359448089617858,On,Off,0.0,20.000000000000057,0.0,0.0,0.0,0.0,0,0.0,21116.65276888889,Off,0.0,23.888888888888914,0,0.0,0.05,0.0,0.0,0,0,0,11489.55984,Off,0.0,0,81.13661186661083,51.666666666666686,46.10666666666668,0.0,50.615615861422796,0.0,0.0,0.0,126.77595604157942,50.61384951998141,50.615615861422796,50.61296634926072,12.43753247303448,20.374654118986378,0.0,10.0731681086826,7.591237081220368,3.9,9.236100170605994,-1925.7732074056967,-3077.882903897746,-742.2542497870561,-2534.348525520374,-0.0,-0.0,227.1792369574328,1682.4981447030887,0.0,0.11875699086184913,0.0,0,1.1114479381094704,0.0,381.3960811572447,0.1989092848036419,9.574330202361015,0.0028911056466214592,60.37793774718099,1.2191720210916712,0.3931947383405015,-3144.174567771084,66.29166387333804,0.19451788332616995,-930.0843228853042,187.83007309824816
2025-01-01 13:21:00,0.2898674191271995,0.17814163330011085,0.0,0.004831123652119991,0.0029690272216685142,0.0,0.01539224809664678,0.2244751710305527,0.0,0.05,0.0,0.0,0.0,0.1635582999667775,0,0.01458333333333334,1,0,0,Off,0,0,Off,0,0,Off,0.03681798800665564,0.02761349100499172,On,0,0,Off,0.0028147240497076024,0.0,On,0.012577524046939178,0,On,0.006397437741515965,0,On,0.1812597452823811,0.1359448089617858,On,Off,0.0,20.000000000000057,0.0,0.0,0.0,0.0,0,0.0,21116.65276888889,Off,0.0,23.888888888888914,0,0.0,0.05,0.0,0.0,0,0,0,11489.55984,Off,0.0,0,81.35125774013589,51.666666666666686,46.10666666666668,0.0,50.597739796889854,0.0,0.0,0.0,127.11134021896233,50.59699399473653,50.597739796889854,50.59662109365988,12.43753247303448,20.27777018475413,0.0,10.010558223642894,7.613558561700282,3.9,9.236100170605994,-1895.4930432191804,-3041.746435385203,-749.4825158954395,-2511.2413936965745,-0.0,-0.0,227.1792369574328,1684.1468642905525,0.0,0.1183703248828988,0.0,0,1.107829127107924,0.0,388.5691135199615,0.2001180449696834,9.53042447858035,0.00289131550492602,60.11525023582106,1.219574412707043,0.3927998175049337,-3109.1595789643716,67.41314357916872,0.19477571094871274,-936.9489401818207,187.46642428638114
2025-01-01 13:22:00,0.2898674191271995,0.17814163330011085,0.0,0.004831123652119991,0.0029690272216685142,0.0,0.01539224809664678,0.2244751710305527,0.0,0.05,0.0,0.0,0.0,0.1635582999667775,0,0.01458333333333334,1,0,0,Off,0,0,Off,0,0,Off,0.03681798800665564,0.02761349100499172,On,0,0,Off,0.0028147240497076024,0.0,On,0.012577524046939178,0,On,0.006397437741515965,0,On,0.1812597452823811,0.1359448089617858,On,Off,0.0,20.000000000000057,0.0,0.0,0.0,0.0,0,0.0,21116.65276888889,Off,0.0,23.888888888888914,0,0.0,0.05,0.0,0.0,0,0,0,11489.55984,Off,0.0,0,81.5561494977764,51.666666666666686,46.10666666666668,0.0,50.57981708615375,0.0,0.0,0.0,127.43148359027562,50.58009387841426,50.580232274544514,50.57981708615375,12.43753247303448,20.18447691224298,0.0,9.951956514856521,7.635533769376434,3.9,9.236100170605994,-1867.4835466783848,-3007.126694214564,-756.6348040455506,-2489.07084324732,-0.0,-0.0,227.1792369574328,1685.8064731004652,0.0,0.11799744285320128,0.0,0,1.1043393202337544,0.0,394.4080596115027,0.20129027026002727,9.488385146049286,0.002891524381255524,59.859989560373045,1.219962137306599,0.39242981873838023,-3076.4414041923205,69.3147099777566,0.19502920593886455,-943.7200203392904,187.0852162937399
2025-01-01 13:23:00,0.2898674191271995,0.17814163330011085,0.0,0.004831123652119991,0.0029690272216685142,0.0,0.01539224809664678,0.2244751710305527,0.0,0.05,0.0,0.0,0.0,0.1635582999667775,0,0.01458333333333334,1,0,0,Off,0,0,Off,0,0,Off,0.03681798800665564,0.02761349100499172,On,0,0,Off,0.0028147240497076024,0.0,On,0.012577524046939178,0,On,0.006397437741515965,0,On,0.1812597452823811,0.1359448089617858,On,Off,0.0,20.000000000000057,0.0,0.0,0.0,0.0,0,0.0,21116.65276888889,Off,0.0,23.888888888888914,0,0.0,0.05,0.0,0.0,0,0,0,11489.55984,Off,0.0,0,81.75213457487615,51.666666666666686,46.10666666666668,0.0,50.56184987940568,0.0,0.0,0.0,127.73771027324398,50.56315119735932,50.56380185633614,50.56184987940568,12.43753247303448,20.094460496205905,0.0,9.897003850594393,7.657164299452938,3.9,9.236100170605994,-1840.6202182007005,-2975.3895426014774,-763.7102523096738,-2467.753736676199,-0.0,-0.0,227.1792369574328,1687.4763976196293,0.0,0.11763714739516225,0.0,0,1.100967311217346,0.0,399.9542815180655,0.20242907195938464,9.448046762333426,0.002891732304554241,59.611546181729615,1.2203364725266574,0.392082542042214,-3045.8091146784404,70.4195720769629,0.19527840353552114,-950.3974272676268,186.68717495795295
2025-01-01 13:24:00,0.2898674191271995,0.17814163330011085,0.0,0.004831123652119991,0.0029690272216685142,0.0,0.01539224809664678,0.2244751710305527,0.0,0.05,0.0,0.0,0.0,0.1635582999667775,0,0.01458333333333334,1,0,0,Off,0,0,Off,0,0,Off,0.03681798800665564,0.02761349100499172,On,0,0,Off,0.0028147240497076024,0.0,On,0.012577524046939178,0,On,0.006397437741515965,0,On,0.1812597452823811,0.1359448089617858,On,Off,0.0,20.000000000000057,0.0,0.0,0.0,0.0,0,0.0,21116.65276888889,Off,0.0,23.888888888888914,0,0.0,0.05,0.0,0.0,0,0,0,11489.55984,Off,0.0,0,81.93982754041514,51.666666666666686,46.10666666666668,0.0,50.5438401400631,0.0,0.0,0.0,128.03098053189865,50.54616780186808,50.547331632770586,50.5438401400631,12.43753247303448,20.0074937432728,0.0,9.845356221451668,7.67845188650612,3.9,9.236100170605994,-1814.2868463517607,-2945.4844511177525,-770.7080906227449,-2447.228650050869,-0.0,-0.0,227.1792369574328,1689.156055452303,0.0,0.1172885798960359,0.0,0,1.0977050642928963,0.0,405.76256674167564,0.203536587287978,9.408588181328232,0.0028919393013711898,59.36947544699676,1.2206983394861162,0.3917558710842117,-3017.06206108726,71.57760996950768,0.19552334011563913,-956.9810833170418,186.27299269429693
2025-01-01 13:25:00,0.2898674191271995,0.17814163330011085,0.0,0.004831123652119991,0.0029690272216685142,0.0,0.01539224809664678,0.2244751710305527,0.0,0.05,0.0,0.0,0.0,0.1635582999667775,0,0.01458333333333334,1,0,0,Off,0,0,Off,0,0,Off,0.03681798800665564,0.02761349100499172,On,0,0,Off,0.0028147240497076024,0.0,On,0.012577524046939178,0,On,0.006397437741515965,0,On,0.1812597452823811,0.1359448089617858,On,Off,0.0,20.000000000000057,0.0,0.0,0.0,0.0,0,0.0,21116.65276888889,Off,0.0,23.888888888888914,0,0.0,0.05,0.0,0.0,0,0,0,11489.55984,Off,0.0,0,82.11969876277372,51.666666666666686,46.10666666666668,0.0,50.52578969607857,0.0,0.0,0.0,128.31202931683393,50.52914541456482,50.530823273807954,50.52578969607857,12.43753247303448,19.92340307509268,0.0,9.796755287802766,7.699398394799375,3.9,9.236100170605994,-1788.9184281701823,-2917.368312838726,-777.6276317845366,-2427.4477096536148,-0.0,-0.0,227.1792369574328,1690.844855541169,0.0,0.11695109076481805,0.0,0,1.094546499931302,0.0,411.3500445259997,0.20461435936020736,9.370626030800947,0.002892145396501393,59.13343481155769,1.2210484389596217,0.391448221492565,-2990.0488139728104,72.68050113408435,0.19576405308371192,-963.4709664043552,185.84333461981868
2025-01-01 13:26:00,0.2898674191271995,0.17814163330011085,0.0,0.004831123652119991,0.0029690272216685142,0.0,0.01539224809664678,0.2244751710305527,0.0,0.05,0.0,0.0,0.0,0.1635582999667775,0,0.01458333333333334,1,0,0,Off,0,0,Off,0,0,Off,0.03681798800665564,0.02761349100499172,On,0,0,Off,0.0028147240497076024,0.0,On,0.012577524046939178,0,On,0.006397437741515965,0,On,0.1812597452823811,0.1359448089617858,On,Off,0.0,20.000000000000057,0.0,0.0,0.0,0.0,0,0.0,21116.65276888889,Off,0.0,23.888888888888914,0,0.0,0.05,0.0,0.0,0,0,0,11489.55984,Off,0.0,0,82.29216561919993,51.666666666666686,46.10666666666668,0.0,50.50770027171302,0.0,0.0,0.0,128.5815087799999,50.51208566035827,50.51427835468089,50.50770027171302,12.43753247303448,19.842034564982757,0.0,9.750976269616626,7.72000580913298,3.9,9.236100170605994,-1764.4577491435061,-2890.92368833351,-784.4682693317548,-2408.3683861573786,-0.0,-0.0,227.1792369574328,1692.5421984145758,0.0,0.1166241045623998,0.0,0,1.091486232591834,0.0,416.73140005643967,0.20566374680928443,9.333383012552947,0.002892350613383662,58.9031192549503,1.2213873921572311,0.3911582136527863,-2964.6377876152806,73.71409928177043,0.1960005807684837,-969.8671072580465,185.3988379262918
2025-01-01 13:27:00,0.2898674191271995,0.17814163330011085,0.0,0.004831123652119991,0.0029690272216685142,0.0,0.01539224809664678,0.2244751710305527,0.0,0.05,0.0,0.0,0.0,0.1635582999667775,0,0.01458333333333334,1,0,0,Off,0,0,Off,0,0,Off,0.03681798800665564,0.02761349100499172,On,0,0,Off,0.0028147240497076024,0.0,On,0.012577524046939178,0,On,0.006397437741515965,0,On,0.1812597452823811,0.1359448089617858,On,Off,0.0,20.000000000000057,0.0,0.0,0.0,0.0,0,0.0,21116.65276888889,Off,0.0,23.888888888888914,0,0.0,0.05,0.0,0.0,0,0,0,11489.55984,Off,0.0,0,82.45759198695954,51.666666666666686,46.10666666666668,0.0,50.48957349921385,0.0,0.0,0.0,128.83998747962428,50.49499007745014,50.497698366568294,50.48957349921385,12.43753247303448,19.763254138524548,0.0,9.707822068535298,7.740276225972334,3.9,9.236100170605994,-1740.8830767000861,-2866.0276020475703,-791.2294738931262,-2389.953430466632,-0.0,-0.0,227.1792369574328,1694.2474764126841,0.0,0.11630712153393905,0.0,0,1.0885195850636202,0.0,421.8911168091134,0.2066859113797555,9.297490987136811,0.0028925549742490776,58.678261676351276,1.2217157395360003,0.3908846368878935,-2940.7137565957173,74.6861545481469,0.1962329623238456,-976.169586706525,184.94011281339888
2025-01-01 13:28:00,0.2898674191271995,0.17814163330011085,0.0,0.004831123652119991,0.0029690272216685142,0.0,0.01539224809664678,0.2244751710305527,0.0,0.05,0.0,0.0,0.0,0.1635582999667775,0,0.01458333333333334,1,0,0,Off,0,0,Off,0,0,Off,0.03681798800665564,0.02761349100499172,On,0,0,Off,0.0028147240497076024,0.0,On,0.012577524046939178,0,On,0.006397437741515965,0,On,0.1812597452823811,0.1359448089617858,On,Off,0.0,20.000000000000057,0.0,0.0,0.0,0.0,0,0.0,21116.65276888889,Off,0.0,23.888888888888914,0,0.0,0.05,0.0,0.0,0,0,0,11489.55984,Off,0.0,0,82.61630489562451,51.666666666666686,46.10666666666668,0.0,50.47141093060462,0.0,0.0,0.0,129.0879763994133,50.47786012844941,50.4810847273718,50.47141093060462,12.43753247303448,19.686941378641496,0.0,9.667117460357673,7.76021184492157,3.9,9.236100170605994,-1718.1621112377586,-2842.5767296968647,-797.9107898885104,-2372.1693290277835,-0.0,-0.0,227.1792369574328,1695.9600738920835,0.0,0.11599969331638268,0.0,0,1.0856423611120873,0.0,426.82798083259223,0.20768188853511566,9.262887061571067,0.0028927585002703096,58.458621122109754,1.2220339663255684,0.39062641376207746,-2918.1744617859667,75.59773208910201,0.1964612376345943,-982.3785330336847,184.46774314517427
2025-01-01 13:29:00,0.2898674191271995,0.17814163330011085,0.0,0.004831123652119991,0.0029690272216685142,0.0,0.01539224809664678,0.2244751710305527,0.0,0.05,0.0,0.0,0.0,0.1635582999667775,0,0.01458333333333334,1,0,0,Off,0,0,Off,0,0,Off,0.03681798800665564,0.02761349100499172,On,0,0,Off,0.0028147240497076024,0.0,On,0.012577524046939178,0,On,0.006397437741515965,0,On,0.1812597452823811,0.1359448089617858,On,Off,0.0,20.000000000000057,0.0,0.0,0.0,0.0,0,0.0,21116.65276888889,Off,0.0,23.888888888888914,0,0.0,0.05,0.0,0.0,0,0,0,11489.55984,Off,0.0,0,82.76860335766112,51.666666666666686,46.10666666666668,0.0,50.453214045805815,0.0,0.0,0.0,129.3259427463455,50.46069720802704,50.46443878913767,50.453214045805815,12.43753247303448,19.612986241943066,0.0,9.628704245975674,7.779814960533673,3.9,9.236100170605994,-1696.2600160696736,-2820.476656958214,-804.5118321960779,-2354.985467584698,-0.0,-0.0,227.1792369574328,1697.6793686078659,0.0,0.11570141017292972,0.0,0,1.0828507260061653,0.0,431.5462145575918,0.2086526234227444,9.22951381704912,0.002892961211665204,58.243976551913576,1.2223425160023444,0.3903825701970092,-2896.9277886967093,76.45113173849533,0.1966854472268625,-988.4941194022592,183.9822872061814
2025-01-01 13:30:00,0.2898674191271995,0.17814163330011085,0.0,0.004831123652119991,0.0029690272216685142,0.0,0.01539224809664678,0.2244751710305527,0.0,0.05,0.0,0.0,0.0,0.1635582999667775,0,0.01458333333333334,1,0,0,Off,0,0,Off,0,0,Off,0.03681798800665564,0.02761349100499172,On,0,0,Off,0.0028147240497076024,0.0,On,0.012577524046939178,0,On,0.006397437741515965,0,On,0.1812597452823811,0.1359448089617858,On,Off,0.0,20.000000000000057,0.0,0.0,0.0,0.0,0,0.0,21116.65276888889,Off,0.0,23.888888888888914,0,0.0,0.05,0.0,0.0,0,0,0,11489.55984,Off,0.0,0,82.91476423404707,51.666666666666686,46.10666666666668,0.0,50.434984258809806,0.0,0.0,0.0,129.55431911569855,50.443502648736455,50.44776184369979,50.434984258809806,12.43753247303448,19.541286878627925,0.0,9.59243809073755,7.799087954460509,5.0,9.236100170605994,-1339.1713083299583,-1673.145407568829,-371.5141943668398,-1975.2209920657003,-0.0,-0.0,227.1792369574328,1590.2425403475338,0.0,0.10538757164468249,0.0,0,0.9863234017364746,0.0,408.87044677830943,0.20959899415036282,9.196630540242342,0.002893163127776036,64.63027049954734,1.22264179921148,0.295712158022277,-1750.394513898885,77.24910633005595,0.15383380788163054,-554.9984728375216,183.4842784706818
2025-01-01 13:31:00,0.2898674191271995,0.17814163330011085,0.0,0.004831123652119991,0.0029690272216685142,0.0,0.01539224809664678,0.2244751710305527,0.0,0.05,0.0,0.0,0.0,0.1635582999667775,0,0.01458333333333334,1,0,0,Off,0,0,Off,0,0,Off,0.03681798800665564,0.02761349100499172,On,0,0,Off,0.0028147240497076024,0.0,On,0.012577524046939178,0,On,0.006397437741515965,0,On,0.1812597452823811,0.1359448089617858,On,Off,0.0,20.000000000000057,0.0,0.0,0.0,0.0,0,0.0,21116.65276888889,Off,0.0,23.888888888888914,0,0.0,0.05,0.0,0.0,0,0,0,11489.55984,Off,0.0,0,83.03818829905347,51.666666666666686,46.10666666666668,0.0,50.416722922563366,0.0,0.0,0.0,129.74716921727105,50.42627772561522,50.43105512714116,50.416722922563366,12.43753247303448,19.478031022558692,-0.0219689774413645,9.5988443182794,7.834750138944934,5.0,9.236100170605994,-1323.2371982567151,-1675.9726773434793,-381.94397517302093,-1961.5155484871232,-0.0,-0.0,227.1792369574328,1591.8041578009072,0.0,0.10511357323037351,0.0,0,0.9837590476683992,0.0,411.0991132729756,0.2102367219497273,9.160279378253481,0.0028933871285951435,64.39810381251631,1.2217174848366628,0.29576585507308806,-1753.1545187300187,77.18184138653942,0.15435413445328838,-563.9706516899982,182.02667651697732
2025-01-01 13:32:00,0.2898674191271995,0.17814163330011085,0.0,0.004831123652119991,0.0029690272216685142,0.0,0.01539224809664678,0.2244751710305527,0.0,0.05,0.0,0.0,0.0,0.1635582999667775,0,0.01458333333333334,1,0,0,Off,0,0,Off,0,0,Off,0.03681798800665564,0.02761349100499172,On,0,0,Off,0.0028147240497076024,0.0,On,0.012577524046939178,0,On,0.006397437741515965,0,On,0.1812597452823811,0.1359448089617858,On,Off,0.0,20.000000000000057,0.0,0.0,0.0,0.0,0,0.0,21116.65276888889,Off,0.0,23.888888888888914,0,0.0,0.05,0.0,0.0,0,0,0,11489.55984,Off,0.0,0,83.15675186137794,51.666666666666686,46.10666666666668,0.0,50.398435046887904,0.0,0.0,0.0,129.93242478340304,50.409027162066124,50.414323219655245,50.398435046887904,12.43753247303448,19.416560986255345,-0.0834390137447123,9.60483210481638,7.869683771524512,5.0,9.236100170605994,-1306.7149359361354,-1678.681802710774,-391.7305661103095,-1948.2335039031698,-0.0,-0.0,227.1792369574328,1593.3687813472052,0.0,0.10484696940872604,0.0,0,0.981263899671538,0.0,414.33933100960166,0.21105842723016194,9.132231575619224,0.0028936104936156076,64.17078999462821,1.2219740105366617,0.29581603593505007,-1755.7349954446638,77.05319273388987,0.15486213609511845,-572.7996442544068,181.0690781440973
2025-01-01 13:33:00,0.2898674191271995,0.17814163330011085,0.0,0.004831123652119991,0.0029690272216685142,0.0,0.01539224809664678,0.2244751710305527,0.0,0.05,0.0,0.0,0.0,0.1635582999667775,0,0.01458333333333334,1,0,0,Off,0,0,Off,0,0,Off,0.03681798800665564,0.02761349100499172,On,0,0,Off,0.0028147240497076024,0.0,On,0.012577524046939178,0,On,0.006397437741515965,0,On,0.1812597452823811,0.1359448089617858,On,Off,0.0,20.000000000000057,0.0,0.0,0.0,0.0,0,0.0,21116.65276888889,Off,0.0,23.888888888888914,0,0.0,0.05,0.0,0.0,0,0,0,11489.55984,Off,0.0,0,83.27055583033487,51.666666666666686,46.10666666666668,0.0,50.380121703150934,0.0,0.0,0.0,130.11024348489823,50.39175196782231,50.397567100158,50.380121703150934,12.43753247303448,19.35684017290841,-0.14315982709164743,9.610460219419254,7.903933496641806,5.0,9.236100170605994,-1290.236468589124,-1681.2075240757497,-401.78507677044536,-1935.3638980333133,-0.0,-0.0,227.1792369574328,1594.9357874141501,0.0,0.10458762895485331,0.0,0,0.9788367296107833,0.0,417.94819248675674,0.21186059566944046,9.10510260382609,0.0028938330234724976,63.948301966954595,1.2222233355973298,0.29586319479375495,-1758.161129192007,76.95360511625736,0.15535857979096568,-581.4941650652214,179.70908829477608
2025-01-01 13:34:00,0.2898674191271995,0.17814163330011085,0.0,0.004831123652119991,0.0029690272216685142,0.0,0.01539224809664678,0.2244751710305527,0.0,0.05,0.0,0.0,0.0,0.1635582999667775,0,0.01458333333333334,1,0,0,Off,0,0,Off,0,0,Off,0.03681798800665564,0.02761349100499172,On,0,0,Off,0.0028147240497076024,0.0,On,0.012577524046939178,0,On,0.006397437741515965,0,On,0.1812597452823811,0.1359448089617858,On,Off,0.0,20.000000000000057,0.0,0.0,0.0,0.0,0,0.0,21116.65276888889,Off,0.0,23.888888888888914,0,0.0,0.05,0.0,0.0,0,0,0,11489.55984,Off,0.0,0,83.3797411057134,51.666666666666686,46.10666666666668,0.0,50.361783940450195,0.0,0.0,0.0,130.2808454776772,50.374453131653745,50.38078772725552,50.361783940450195,12.43753247303448,19.29881706037688,-0.2011829396231768,9.61577486989031,7.937507106124918,5.0,9.236100170605994,-1274.2049500409473,-1683.573549707175,-411.1754355835817,-1922.8927304901654,-0.0,-0.0,227.1792369574328,1596.5045452985082,0.0,0.10433535434726998,0.0,0,0.9764756888804565,0.0,421.5085434917853,0.21264363227388425,9.078185268859777,0.0028940547365538275,63.73050296408768,1.2224656664876563,0.2959077201876503,-1760.4527237573604,76.87917405018561,0.155843688405024,-590.0537795482846,178.87834396470294
2025-01-01 13:35:00,0.2898674191271995,0.17814163330011085,0.0,0.004831123652119991,0.0029690272216685142,0.0,0.01539224809664678,0.2244751710305527,0.0,0.05,0.0,0.0,0.0,0.1635582999667775,0,0.01458333333333334,1,0,0,Off,0,0,Off,0,0,Off,0.03681798800665564,0.02761349100499172,On,0,0,Off,0.0028147240497076024,0.0,On,0.012577524046939178,0,On,0.006397437741515965,0,On,0.1812597452823811,0.1359448089617858,On,Off,0.0,20.000000000000057,0.0,0.0,0.0,0.0,0,0.0,21116.65276888889,Off,0.0,23.888888888888914,0,0.0,0.05,0.0,0.0,0,0,0,11489.55984,Off,0.0,0,83.48446910232371,51.666666666666686,46.10666666666668,0.0,50.34342277680429,0.0,0.0,0.0,130.4444829723808,50.357131613059536,50.36398603118717,50.34342277680429,12.43753247303448,19.24243245136042,-0.2575675486396385,9.620810686488506,7.970445984237677,5.0,9.236100170605994,-1259.0030487094664,-1685.8136255032953,-420.82382484684683,-1910.8045481595072,-0.0,-0.0,227.1792369574328,1598.0744172865923,0.0,0.10408991299917114,0.0,0,0.9741786006981817,0.0,424.622262492608,0.2134080609841157,9.052811257567688,0.0028942756507105358,63.51723700113374,1.2227012423556274,0.2959499033697458,-1762.6246155263693,76.81099002307397,0.15631816269147011,-598.4867689514354,177.66294410458852
2025-01-01 13:36:00,1.3406403357938663,0.17814163330011085,0.9006625,0.022344005596564437,0.0029690272216685142,0.015011041666666667,0.01539224809664678,0.2244751710305527,1.0507729166666668,0.05,0.0,0.9006625,0.0,0.1635582999667775,0,0.01458333333333334,1,0,0,Off,0,0,Off,0,0,Off,0.03681798800665564,0.02761349100499172,On,0,0,Off,0.0028147240497076024,0.0,On,0.012577524046939178,0,On,0.006397437741515965,0,On,0.1812597452823811,0.1359448089617858,On,On,17415.9303113141,20.000000000000057,0.8,4751.49537424146,26.39581596111111,1.0507729166666668,1,21116.65276888889,21116.65276888889,Off,0.0,23.888888888888914,0,0.0,0.05,0.0,0.0,0,0,0,11489.55984,Off,0.0,0,83.58491813517979,51.666666666666686,46.10666666666668,0.0,50.32503919463423,0.0,0.0,0.0,130.60143458621843,50.339788338006066,50.347162909691995,50.32503919463423,12.43753247303448,19.187620816320855,-0.3123791836792016,9.625593726760604,8.002754242443812,5.0,9.236100170605994,16171.864614266784,3063.5495789959623,-429.879189291668,-1899.0827448117514,-0.0,-0.0,227.1792369574328,1599.6447587653713,0.0,0.10385104297533898,0.0,0,0.971943013609475,0.0,427.83781080700396,0.2141545082295935,9.027586894249058,0.002894495783185582,63.30833228267817,1.2229303294471998,0.2959899635709102,-1764.6879615431033,76.74216629760554,0.1567821581587469,-606.7920470017953,176.91285771012724
2025-01-01 13:37:00,1.3406403357938663,0.17814163330011085,0.9006625,0.022344005596564437,0.0029690272216685142,0.015011041666666667,0.01539224809664678,0.2244751710305527,1.0507729166666668,0.05,0.0,0.9006625,0.0,0.1635582999667775,0,0.01458333333333334,1,0,0,Off,0,0,Off,0,0,Off,0.03681798800665564,0.02761349100499172,On,0,0,Off,0.0028147240497076024,0.0,On,0.012577524046939178,0,On,0.006397437741515965,0,On,0.1812597452823811,0.1359448089617858,On,On,17415.9303113141,20.000000000000057,0.8,4751.49537424146,26.39581596111111,1.0507729166666668,1,21116.65276888889,21116.65276888889,Off,0.0,23.888888888888914,0,0.0,0.05,0.0,0.0,0,0,0,11489.55984,Off,0.0,0,82.83274724272087,51.666666666666686,46.10666666666668,0.0,50.306634137041506,0.0,0.0,0.0,129.42616756675136,50.32242419541611,50.330319224603414,50.306634137041506,12.43753247303448,19.45055589093463,-0.04944410906542629,9.801637826610541,8.03446698371562,5.0,9.236100170605994,16101.161420924596,2983.4535772036106,-439.17397288731905,-1955.5744550461259,-0.0,-0.0,227.1792369574328,1601.2149183396568,0.0,0.10499445150358565,0.0,0,0.9826441861628863,0.0,413.62632769919134,0.2106925342635097,9.14927515954609,0.0028947151505559665,63.89103620500965,1.2218312249347834,0.29746066177186237,-1840.951688559543,72.90989152169314,0.157236269507196,-614.9766132247668,175.8026403374477
2025-01-01 13:38:00,1.3406403357938663,0.17814163330011085,0.9006625,0.022344005596564437,0.0029690272216685142,0.015011041666666667,0.01539224809664678,0.2244751710305527,1.0507729166666668,0.05,0.0,0.9006625,0.0,0.1635582999667775,0,0.01458333333333334,1,0,0,Off,0,0,Off,0,0,Off,0.03681798800665564,0.02761349100499172,On,0,0,Off,0.0028147240497076024,0.0,On,0.012577524046939178,0,On,0.006397437741515965,0,On,0.1812597452823811,0.1359448089617858,On,On,17415.9303113141,20.000000000000057,0.8,4751.49537424146,26.39581596111111,1.0507729166666668,1,21116.65276888889,21116.65276888889,Off,0.0,23.888888888888914,0,0.0,0.05,0.0,0.0,0,0,0,11489.55984,Off,0.0,0,82.10254721140598,51.666666666666686,46.10666666666668,0.0,50.2883954424436,0.0,0.0,0.0,128.28523001782185,50.305216310712375,50.31362674484677,50.2883954424436,12.43753247303448,19.705459088311347,0.0,9.968328570031693,8.065585974989258,5.0,9.236100170605994,16033.214810603038,2907.3700587457934,-448.0811443408394,-2010.9688780070924,-0.0,-0.0,227.1792369574328,1602.7842379104122,0.0,0.10609705028264632,0.0,0,0.9929634198404609,0.0,401.07414033859857,0.20739697331013132,9.266133620065112,0.0028949367361815843,64.44809707803297,1.2207675723084608,0.2988465496646751,-1913.7359168110193,69.61060131535251,0.157680607327939,-623.0390059773546,174.95786163651522
2025-01-01 13:39:00,1.3406403357938663,0.17814163330011085,0.9006625,0.022344005596564437,0.0029690272216685142,0.015011041666666667,0.01539224809664678,0.2244751710305527,1.0507729166666668,0.05,0.0,0.9006625,0.0,0.1635582999667775,0,0.01458333333333334,1,0,0,Off,0,0,Off,0,0,Off,0.03681798800665564,0.02761349100499172,On,0,0,Off,0.0028147240497076024,0.0,On,0.012577524046939178,0,On,0.006397437741515965,0,On,0.1812597452823811,0.1359448089617858,On,On,17415.9303113141,20.000000000000057,0.8,4751.49537424146,26.39581596111111,1.0507729166666668,1,21116.65276888889,21116.65276888889,Off,0.0,23.888888888888914,0,0.0,0.05,0.0,0.0,0,0,0,11489.55984,Off,0.0,0,81.39296993373785,51.666666666666686,46.10666666666668,0.0,50.27031826415412,0.0,0.0,0.0,127.17651552146539,50.28816011961254,50.297081047341756,50.27031826415412,12.43753247303448,19.95282826917594,0.0,10.126341396064605,8.096135880108523,5.0,9.236100170605994,15966.607591367367,2834.714609290103,-456.7337218014217,-2065.3140539085152,-0.0,-0.0,227.1792369574328,1604.3520527731503,0.0,0.10716162789124849,0.0,0,1.0029268129801105,0.0,388.81209700435096,0.2042548093245796,9.37915362157441,0.002895160448545183,64.98119986129582,1.219737119865744,0.3001543803489168,-1983.241782040597,66.46101708924007,0.15811560472172925,-630.9837838377317,174.25006203631
2025-01-01 13:40:00,1.3406403357938663,0.17814163330011085,0.9006625,0.022344005596564437,0.0029690272216685142,0.015011041666666667,0.01539224809664678,0.2244751710305527,1.0507729166666668,0.05,0.0,0.9006625,0.0,0.1635582999667775,0,0.01458333333333334,1,0,0,Off,0,0,Off,0,0,Off,0.03681798800665564,0.02761349100499172,On,0,0,Off,0.0028147240497076024,0.0,On,0.012577524046939178,0,On,0.006397437741515965,0,On,0.1812597452823811,0.1359448089617858,On,On,17415.9303113141,20.000000000000057,0.8,4751.49537424146,26.39581596111111,1.0507729166666668,1,21116.65276888889,21116.65276888889,Off,0.0,23.888888888888914,0,0.0,0.05,0.0,0.0,0,0,0,11489.55984,Off,0.0,0,80.70295112108828,51.666666666666686,46.10666666666668,0.0,50.252398052661626,0.0,0.0,0.0,126.09836112670042,50.27125133789352,50.28067798050947,50.252398052661626,12.43753247303448,20.193055796861668,0.0,10.276245882575965,8.12613499100131,5.0,9.236100170605994,15901.539298060592,2765.355254324302,-465.56788979020394,-2118.6415228925557,-0.0,-0.0,227.1792369574328,1605.9176927401645,0.0,0.10819044185465812,0.0,0,1.0125554937847638,0.0,377.0712726816164,0.20125516147368847,9.488589496892995,0.00289538620197517,65.4917197091158,1.2187380741474356,0.30138985472021396,-2049.637733789294,63.497613872136235,0.15854159797210815,-638.8139790920504,173.24608930184647
2025-01-01 13:41:00,0.2898674191271995,0.17814163330011085,0.0,0.004831123652119991,0.0029690272216685142,0.0,0.01539224809664678,0.2244751710305527,0.0,0.05,0.0,0.0,0.0,0.1635582999667775,0,0.01458333333333334,1,0,0,Off,0,0,Off,0,0,Off,0.03681798800665564,0.02761349100499172,On,0,0,Off,0.0028147240497076024,0.0,On,0.012577524046939178,0,On,0.006397437741515965,0,On,0.1812597452823811,0.1359448089617858,On,Off,0.0,20.000000000000057,0.0,0.0,0.0,0.0,0,0.0,21116.65276888889,Off,0.0,23.888888888888914,0,0.0,0.05,0.0,0.0,0,0,0,11489.55984,Off,0.0,0,80.03155977935438,51.666666666666686,46.10666666666668,0.0,50.23463049309159,0.0,0.0,0.0,125.04931215524121,50.25448590243026,50.2644136070996,50.23463049309159,12.43753247303448,20.426484577921766,0.0,10.418545835125599,8.155584067140703,5.0,9.236100170605994,-1577.9115950176729,-2052.3595348946355,-474.06215282957066,-2170.9773278221082,-0.0,-0.0,227.1792369574328,1607.4804780057455,0.0,0.10918547461399263,0.0,0,1.0218680159418825,0.0,365.8864958470025,0.19838841886386455,9.594666283372344,0.0028956139155323145,65.98086963317145,1.2177688628109873,0.302557986933424,-2113.0745809515624,60.715046056926944,0.15895867021161306,-646.5281337272293,172.4659808976586
2025-01-01 13:42:00,0.2898674191271995,0.17814163330011085,0.0,0.004831123652119991,0.0029690272216685142,0.0,0.01539224809664678,0.2244751710305527,0.0,0.05,0.0,0.0,0.0,0.1635582999667775,0,0.01458333333333334,1,0,0,Off,0,0,Off,0,0,Off,0.03681798800665564,0.02761349100499172,On,0,0,Off,0.0028147240497076024,0.0,On,0.012577524046939178,0,On,0.006397437741515965,0,On,0.1812597452823811,0.1359448089617858,On,Off,0.0,20.000000000000057,0.0,0.0,0.0,0.0,0,0.0,21116.65276888889,Off,0.0,23.888888888888914,0,0.0,0.05,0.0,0.0,0,0,0,11489.55984,Off,0.0,0,80.22645150349136,51.666666666666686,46.10666666666668,0.0,50.21701147583223,0.0,0.0,0.0,125.35383047420525,50.23785994350477,50.24828417734105,50.21701147583223,12.43753247303448,20.33719332329338,0.0,10.382200581471233,8.18450310519891,5.0,9.236100170605994,-1551.1045007445719,-2034.964700093935,-482.3233745242035,-2150.8977407913244,-0.0,-0.0,227.1792369574328,1609.0397255127189,0.0,0.10880539229983532,0.0,0,1.018310821529021,0.0,372.6140030893199,0.19950125688616394,9.554940351785447,0.0028958435124439444,65.6858914942932,1.218139191029805,0.3022600600857328,-2096.834219878766,61.86951978483076,0.15936717358704944,-654.1298977624148,171.8065232382113
2025-01-01 13:43:00,0.2898674191271995,0.17814163330011085,0.0,0.004831123652119991,0.0029690272216685142,0.0,0.01539224809664678,0.2244751710305527,0.0,0.05,0.0,0.0,0.0,0.1635582999667775,0,0.01458333333333334,1,0,0,Off,0,0,Off,0,0,Off,0.03681798800665564,0.02761349100499172,On,0,0,Off,0.0028147240497076024,0.0,On,0.012577524046939178,0,On,0.006397437741515965,0,On,0.1812597452823811,0.1359448089617858,On,Off,0.0,20.000000000000057,0.0,0.0,0.0,0.0,0,0.0,21116.65276888889,Off,0.0,23.888888888888914,0,0.0,0.05,0.0,0.0,0,0,0,11489.55984,Off,0.0,0,80.41225207350739,51.666666666666686,46.10666666666668,0.0,50.19935014706349,0.0,0.0,0.0,125.6441438648553,50.221193497278904,50.23211517238662,50.19935014706349,12.43753247303448,20.251249758300236,0.0,10.34834619975252,8.212907112778788,5.0,9.236100170605994,-1526.4259436884279,-2019.2354546337574,-490.7635931274748,-2131.641244478002,-0.0,-0.0,227.1792369574328,1610.5947447776903,0.0,0.10843893134833885,0.0,0,1.0148811095938963,0.0,378.03606383214145,0.2005795047010321,9.516243982122568,0.0028960720134174533,65.39957262238121,1.2184958423432313,0.30198228684418715,-2081.730156273351,62.494701639593664,0.15976738501863327,-661.6217129951111,170.8581198676363
2025-01-01 13:44:00,0.2898674191271995,0.17814163330011085,0.0,0.004831123652119991,0.0029690272216685142,0.0,0.01539224809664678,0.2244751710305527,0.0,0.05,0.0,0.0,0.0,0.1635582999667775,0,0.01458333333333334,1,0,0,Off,0,0,Off,0,0,Off,0.03681798800665564,0.02761349100499172,On,0,0,Off,0.0028147240497076024,0.0,On,0.012577524046939178,0,On,0.006397437741515965,0,On,0.1812597452823811,0.1359448089617858,On,Off,0.0,20.000000000000057,0.0,0.0,0.0,0.0,0,0.0,21116.65276888889,Off,0.0,23.888888888888914,0,0.0,0.05,0.0,0.0,0,0,0,11489.55984,Off,0.0,0,80.589778889467,51.666666666666686,46.10666666666668,0.0,50.18164851077633,0.0,0.0,0.0,125.92152951479218,50.20448845237205,50.215908423169914,50.18164851077633,12.43753247303448,20.16835113371961,0.0,10.316676544721167,8.24079479821242,5.0,9.236100170605994,-1502.4564661518652,-2004.3096447055946,-498.88846393351724,-2113.1324287524817,-0.0,-0.0,227.1792369574328,1612.1448389854424,0.0,0.10808486608858212,0.0,0,1.011567409069347,0.0,383.4967256431838,0.20162623148476355,9.478425267598489,0.002896299451785595,65.12117324089596,1.2188400505203554,0.30172220765508734,-2067.621162980608,63.3115182750135,0.16015934853463945,-669.0017889677728,170.11332503425552
2025-01-01 13:45:00,0.2898674191271995,0.17814163330011085,0.0,0.004831123652119991,0.0029690272216685142,0.0,0.01539224809664678,0.2244751710305527,0.0,0.05,0.0,0.0,0.0,0.1635582999667775,0,0.01458333333333334,1,0,0,Off,0,0,Off,0,0,Off,0.03681798800665564,0.02761349100499172,On,0,0,Off,0.0028147240497076024,0.0,On,0.012577524046939178,0,On,0.006397437741515965,0,On,0.1812597452823811,0.1359448089617858,On,Off,0.0,20.000000000000057,0.0,0.0,0.0,0.0,0,0.0,21116.65276888889,Off,0.0,23.888888888888914,0,0.0,0.05,0.0,0.0,0,0,0,11489.55984,Off,0.0,0,80.7596031345163,51.666666666666686,46.10666666666668,0.0,50.16390839081026,0.0,0.0,0.0,126.18687989768172,50.18774652759482,50.1996655959871,50.16390839081026,12.43753247303448,20.088286294150386,0.0,10.286977745245363,8.268183337630736,5.0,9.236100170605994,-1479.5332292239932,-1990.2655954724917,-506.93025170266907,-2095.317420103119,-0.0,-0.0,227.1792369574328,1613.6893050060876,0.0,0.10774235281913185,0.0,0,1.0083618237447027,0.0,388.604953921693,0.20264346220615048,9.442789181246209,0.002896525858014933,64.85017487100356,1.2191726721659155,0.3014781097729196,-2054.408098422593,64.14250295010137,0.160543365086387,-676.2732756391118,169.34302393644276
2025-01-01 13:46:00,0.2898674191271995,0.17814163330011085,0.0,0.004831123652119991,0.0029690272216685142,0.0,0.01539224809664678,0.2244751710305527,0.0,0.05,0.0,0.0,0.0,0.1635582999667775,0,0.01458333333333334,1,0,0,Off,0,0,Off,0,0,Off,0.03681798800665564,0.02761349100499172,On,0,0,Off,0.0028147240497076024,0.0,On,0.012577524046939178,0,On,0.006397437741515965,0,On,0.1812597452823811,0.1359448089617858,On,Off,0.0,20.000000000000057,0.0,0.0,0.0,0.0,0,0.0,21116.65276888889,Off,0.0,23.888888888888914,0,0.0,0.05,0.0,0.0,0,0,0,11489.55984,Off,0.0,0,80.92220026472728,51.666666666666686,46.10666666666668,0.0,50.1461314851032,0.0,0.0,0.0,126.44093791363638,50.1709693230988,50.18338824209661,50.1461314851032,12.43753247303448,20.01087964238591,0.0,10.259074093968133,8.295080435708236,5.0,9.236100170605994,-1457.1110316777822,-1977.090348224396,-514.8543877299174,-2078.1510657955046,-0.0,-0.0,227.1792369574328,1615.2274333999017,0.0,0.10741069311597126,0.0,0,1.005257817062177,0.0,393.8607971602896,0.20363284733267809,9.407832630849644,0.0028967512605541533,64.58614468875747,1.2194944185712557,0.30124858620473477,-2042.0095053340672,64.9191571096712,0.16091959921386237,-683.4368870616914,168.58249933177396
2025-01-01 13:47:00,0.2898674191271995,0.17814163330011085,0.0,0.004831123652119991,0.0029690272216685142,0.0,0.01539224809664678,0.2244751710305527,0.0,0.05,0.0,0.0,0.0,0.1635582999667775,0,0.01458333333333334,1,0,0,Off,0,0,Off,0,0,Off,0.03681798800665564,0.02761349100499172,On,0,0,Off,0.0028147240497076024,0.0,On,0.012577524046939178,0,On,0.006397437741515965,0,On,0.1812597452823811,0.1359448089617858,On,Off,0.0,20.000000000000057,0.0,0.0,0.0,0.0,0,0.0,21116.65276888889,Off,0.0,23.888888888888914,0,0.0,0.05,0.0,0.0,0,0,0,11489.55984,Off,0.0,0,81.07794531553928,51.666666666666686,46.10666666666668,0.0,50.12831938678531,0.0,0.0,0.0,126.68428955553011,50.15415834026315,50.167077817002074,50.12831938678531,12.43753247303448,19.93599290856761,0.0,10.232819533848343,8.321494725111867,5.0,9.236100170605994,-1435.5319773531533,-1964.7143574196245,-522.6681700467179,-2061.5971493880847,-0.0,-0.0,227.1792369574328,1616.7585084229952,0.0,0.10708934293171365,0.0,0,1.0022502972765022,0.0,398.88593507749863,0.20459562493289926,9.373490476780184,0.002896975686165166,64.32873999569438,1.2198058478159202,0.30103246756593144,-2030.3576598969075,65.6433024772833,0.16128822571504892,-690.4936418266323,167.82547177991435
2025-01-01 13:48:00,0.2898674191271995,0.17814163330011085,0.0,0.004831123652119991,0.0029690272216685142,0.0,0.01539224809664678,0.2244751710305527,0.0,0.05,0.0,0.0,0.0,0.1635582999667775,0,0.01458333333333334,1,0,0,Off,0,0,Off,0,0,Off,0.03681798800665564,0.02761349100499172,On,0,0,Off,0.0028147240497076024,0.0,On,0.012577524046939178,0,On,0.006397437741515965,0,On,0.1812597452823811,0.1359448089617858,On,Off,0.0,20.000000000000057,0.0,0.0,0.0,0.0,0,0.0,21116.65276888889,Off,0.0,23.888888888888914,0,0.0,0.05,0.0,0.0,0,0,0,11489.55984,Off,0.0,0,81.22718040526637,51.666666666666686,46.10666666666668,0.0,50.110473606306186,0.0,0.0,0.0,126.91746938322869,50.13731500255618,50.15073570068118,50.110473606306186,12.43753247303448,19.863500012832095,0.0,10.208090996515296,8.347434195761553,5.0,9.236100170605994,-1414.7392935270889,-1953.0675538941164,-530.3736461418298,-2045.6226937187766,-0.0,-0.0,227.1792369574328,1618.2818079906256,0.0,0.10677780593650003,0.0,0,0.9993346192312593,0.0,403.7041632342552,0.20553292611434779,9.341098119582202,0.002897199160269817,64.07764731649905,1.220107468931921,0.3008287686418902,-2019.3954906943416,66.32793680022532,0.16164940776311165,-697.4444434585496,167.07079731671976
2025-01-01 13:49:00,0.2898674191271995,0.17814163330011085,0.0,0.004831123652119991,0.0029690272216685142,0.0,0.01539224809664678,0.2244751710305527,0.0,0.05,0.0,0.0,0.0,0.1635582999667775,0,0.01458333333333334,1,0,0,Off,0,0,Off,0,0,Off,0.03681798800665564,0.02761349100499172,On,0,0,Off,0.0028147240497076024,0.0,On,0.012577524046939178,0,On,0.006397437741515965,0,On,0.1812597452823811,0.1359448089617858,On,Off,0.0,20.000000000000057,0.0,0.0,0.0,0.0,0,0.0,21116.65276888889,Off,0.0,23.888888888888914,0,0.0,0.05,0.0,0.0,0,0,0,11489.55984,Off,0.0,0,81.37021001456395,51.666666666666686,46.10666666666668,0.0,50.092595578689696,0.0,0.0,0.0,127.14095314775616,50.120440662373696,50.13436320421571,50.092595578689696,12.43753247303448,19.793288831513166,0.0,10.184782407724605,8.372906443689914,5.0,9.236100170605994,-1394.709018518962,-1942.09561263532,-537.9727258589712,-2030.1982789259189,-0.0,-0.0,227.1792369574328,1619.796603655302,0.0,0.10647564170222434,0.0,0,0.9965066609551287,0.0,408.3100234495239,0.20644574648467112,9.309200106083408,0.0028974217070647764,63.83258677619647,1.2203997343319686,0.3006366400483552,-2009.0738287043912,66.97821606907112,0.16200330056821555,-704.2901430096343,166.31741715066318
2025-01-01 13:50:00,0.2898674191271995,0.17814163330011085,0.0,0.004831123652119991,0.0029690272216685142,0.0,0.01539224809664678,0.2244751710305527,0.0,0.05,0.0,0.0,0.0,0.1635582999667775,0,0.01458333333333334,1,0,0,Off,0,0,Off,0,0,Off,0.03681798800665564,0.02761349100499172,On,0,0,Off,0.0028147240497076024,0.0,On,0.012577524046939178,0,On,0.006397437741515965,0,On,0.1812597452823811,0.1359448089617858,On,Off,0.0,20.000000000000057,0.0,0.0,0.0,0.0,0,0.0,21116.65276888889,Off,0.0,23.888888888888914,0,0.0,0.05,0.0,0.0,0,0,0,11489.55984,Off,0.0,0,81.5073118967558,51.666666666666686,46.10666666666668,0.0,50.074686671828566,0.0,0.0,0.0,127.35517483868092,50.10353660885794,50.117961577372625,50.074686671828566,12.43753247303448,19.725257138724736,0.0,10.162800158882265,8.397918715395022,5.0,9.236100170605994,-1375.4106586751543,-1931.7550578556175,-545.4672367385091,-2015.2970847465801,-0.0,-0.0,227.1792369574328,1621.3021605556835,0.0,0.10618244879403482,0.0,0,0.9937626654150713,0.0,412.7071891139928,0.20733499228132055,9.278442482477008,0.0028976433496524547,63.59330231325616,1.2206830565096167,0.30045533167100774,-1999.3493336444037,67.59427578878618,0.16235005215078635,-711.031547814948,165.56431107643888
2025-01-01 13:51:00,0.2898674191271995,0.17814163330011085,0.0,0.004831123652119991,0.0029690272216685142,0.0,0.01539224809664678,0.2244751710305527,0.0,0.05,0.0,0.0,0.0,0.1635582999667775,0,0.01458333333333334,1,0,0,Off,0,0,Off,0,0,Off,0.03681798800665564,0.02761349100499172,On,0,0,Off,0.0028147240497076024,0.0,On,0.012577524046939178,0,On,0.006397437741515965,0,On,0.1812597452823811,0.1359448089617858,On,Off,0.0,20.000000000000057,0.0,0.0,0.0,0.0,0,0.0,21116.65276888889,Off,0.0,23.888888888888914,0,0.0,0.05,0.0,0.0,0,0,0,11489.55984,Off,0.0,0,81.63874268420342,51.666666666666686,46.10666666666668,0.0,50.05674819237503,0.0,0.0,0.0,127.56053544406784,50.08660407344992,50.101532013987374,50.05674819237503,12.43753247303448,19.659310522472637,0.0,10.142060113000815,8.422477945053183,5.0,9.236100170605994,-1356.6575774424568,-1922.0071779267307,-552.8587570797313,-2000.8943837453094,-0.0,-0.0,227.1792369574328,1622.797738349324,0.0,0.10589785621024092,0.0,0,0.9910991604023267,0.0,417.0575693454197,0.20820150281372696,9.248084915293354,0.0028978641101343756,63.35955667475766,1.220957816567839,0.3002841685477023,-1990.1831180615693,68.17594013483833,0.16268980399965066,-717.669428662429,164.81067158269778
2025-01-01 13:52:00,0.2898674191271995,0.17814163330011085,0.0,0.004831123652119991,0.0029690272216685142,0.0,0.01539224809664678,0.2244751710305527,0.0,0.05,0.0,0.0,0.0,0.1635582999667775,0,0.01458333333333334,1,0,0,Off,0,0,Off,0,0,Off,0.03681798800665564,0.02761349100499172,On,0,0,Off,0.0028147240497076024,0.0,On,0.012577524046939178,0,On,0.006397437741515965,0,On,0.1812597452823811,0.1359448089617858,On,Off,0.0,20.000000000000057,0.0,0.0,0.0,0.0,0,0.0,21116.65276888889,Off,0.0,23.888888888888914,0,0.0,0.05,0.0,0.0,0,0,0,11489.55984,Off,0.0,0,81.76473395446564,51.666666666666686,46.10666666666668,0.0,50.03878139039617,0.0,0.0,0.0,127.75739680385256,50.06964423427725,50.085075656217796,50.03878139039617,12.43753247303448,19.595363855117977,0.0,10.122485672869976,8.446590793648397,5.0,9.236100170605994,-1338.9054743988129,-1912.815774223548,-560.1487162220897,-1986.9678187386046,-0.0,-0.0,227.1792369574328,1624.2825871389116,0.0,0.10562153009458944,0.0,0,0.9885130213526777,0.0,420.8831073823589,0.20904602773213588,9.219466890633573,0.00289808400968523,63.13113503470374,1.2212243579543767,0.30012253537596345,-1981.5398534154258,68.72407919187772,0.1630226917425405,-724.2045277776646,164.05581155557496
2025-01-01 13:53:00,0.2898674191271995,0.17814163330011085,0.0,0.004831123652119991,0.0029690272216685142,0.0,0.01539224809664678,0.2244751710305527,0.0,0.05,0.0,0.0,0.0,0.1635582999667775,0,0.01458333333333334,1,0,0,Off,0,0,Off,0,0,Off,0.03681798800665564,0.02761349100499172,On,0,0,Off,0.0028147240497076024,0.0,On,0.012577524046939178,0,On,0.006397437741515965,0,On,0.1812597452823811,0.1359448089617858,On,Off,0.0,20.000000000000057,0.0,0.0,0.0,0.0,0,0.0,21116.65276888889,Off,0.0,23.888888888888914,0,0.0,0.05,0.0,0.0,0,0,0,11489.55984,Off,0.0,0,81.88552687248861,51.666666666666686,46.10666666666668,0.0,50.02078746489566,0.0,0.0,0.0,127.94613573826345,50.05265822135899,50.06859359959066,50.02078746489566,12.43753247303448,19.533328387700895,0.0,10.104006463725998,8.470263680294998,5.0,9.236100170605994,-1321.4594594192108,-1904.1469708405662,-567.3384007970678,-1973.4945597651465,-0.0,-0.0,227.1792369574328,1625.7559533776457,0.0,0.10535311823517092,0.0,0,0.9860009519111247,0.0,424.855863388503,0.20986939156084097,9.191161845574921,0.0028983030686402767,62.90781368203302,1.2214830401876688,0.2999698659994593,-1973.3871559767292,69.24018513616306,0.1633488456957437,-730.6375649695455,163.2991641724776
2025-01-01 13:54:00,0.2898674191271995,0.17814163330011085,0.0,0.004831123652119991,0.0029690272216685142,0.0,0.01539224809664678,0.2244751710305527,0.0,0.05,0.0,0.0,0.0,0.1635582999667775,0,0.01458333333333334,1,0,0,Off,0,0,Off,0,0,Off,0.03681798800665564,0.02761349100499172,On,0,0,Off,0.0028147240497076024,0.0,On,0.012577524046939178,0,On,0.006397437741515965,0,On,0.1812597452823811,0.1359448089617858,On,Off,0.0,20.000000000000057,0.0,0.0,0.0,0.0,0,0.0,21116.65276888889,Off,0.0,23.888888888888914,0,0.0,0.05,0.0,0.0,0,0,0,11489.55984,Off,0.0,0,82.00131685035137,51.666666666666686,46.10666666666668,0.0,50.00276756170354,0.0,0.0,0.0,128.12705757867403,50.03564711461401,50.05208689106925,50.00276756170354,12.43753247303448,19.47313237293884,-0.026867627061218258,10.086557377923379,8.493502809896986,5.0,9.236100170605994,-1304.9355198768856,-1895.9692781415624,-574.4289807594744,-1960.4557612666736,-0.0,-0.0,227.1792369574328,1627.2170757472861,0.0,0.10509233946855671,0.0,0,0.9835603206661544,0.0,428.3410044323553,0.21067222345021527,9.163823211942528,0.002898521306464169,62.689410169033614,1.2217341527392507,0.2998256358171178,-1965.6951385120879,69.72586037052535,0.16366839135222844,-736.9692430114637,162.54026225198936
2025-01-01 13:55:00,0.2898674191271995,0.17814163330011085,0.0,0.004831123652119991,0.0029690272216685142,0.0,0.01539224809664678,0.2244751710305527,0.0,0.05,0.0,0.0,0.0,0.1635582999667775,0,0.01458333333333334,1,0,0,Off,0,0,Off,0,0,Off,0.03681798800665564,0.02761349100499172,On,0,0,Off,0.0028147240497076024,0.0,On,0.012577524046939178,0,On,0.006397437741515965,0,On,0.1812597452823811,0.1359448089617858,On,Off,0.0,20.000000000000057,0.0,0.0,0.0,0.0,0,0.0,21116.65276888889,Off,0.0,23.888888888888914,0,0.0,0.05,0.0,0.0,0,0,0,11489.55984,Off,0.0,0,82.11231973627046,51.666666666666686,46.10666666666668,0.0,49.98472278355775,0.0,0.0,0.0,128.3004995879226,50.01861195336576,50.03555653826978,49.98472278355775,12.43753247303448,19.41469640641608,-0.08530359358397632,10.070077861221897,8.516314196819497,5.0,9.236100170605994,-1288.6964053112167,-1888.2534341364844,-581.4215271057067,-1947.8311799596058,-0.0,-0.0,227.1792369574328,1628.6651860301408,0.0,0.10483887720835366,0.0,0,0.9811881646823524,0.0,431.9555376909563,0.21145527593769853,9.136725845107819,0.0028987387419090196,62.475723415890066,1.22197801784095,0.29968935613816394,-1958.4360730525448,70.18263891606065,0.1639814498052335,-743.2002521376536,161.77872503194692
2025-01-01 13:56:00,0.2898674191271995,0.17814163330011085,0.0,0.004831123652119991,0.0029690272216685142,0.0,0.01539224809664678,0.2244751710305527,0.0,0.05,0.0,0.0,0.0,0.1635582999667775,0,0.01458333333333334,1,0,0,Off,0,0,Off,0,0,Off,0.03681798800665564,0.02761349100499172,On,0,0,Off,0.0028147240497076024,0.0,On,0.012577524046939178,0,On,0.006397437741515965,0,On,0.1812597452823811,0.1359448089617858,On,Off,0.0,20.000000000000057,0.0,0.0,0.0,0.0,0,0.0,21116.65276888889,Off,0.0,23.888888888888914,0,0.0,0.05,0.0,0.0,0,0,0,11489.55984,Off,0.0,0,82.21871081547421,51.666666666666686,46.10666666666668,0.0,49.96665418560352,0.0,0.0,0.0,128.46673564917845,50.001553732096866,50.01900350534354,49.96665418560352,12.43753247303448,19.35795615643449,-0.14204384356556687,10.054511372255474,8.538703685280952,5.0,9.236100170605994,-1273.1051260336774,-1880.9721490386642,-588.3170282133128,-1935.6040763496533,-0.0,-0.0,227.1792369574328,1630.099508955155,0.0,0.10459247809583835,0.0,0,0.978882112772737,0.0,435.31971335854314,0.21221912588581415,9.111204643344898,0.0028989553929460415,62.266588978337055,1.2222148955372776,0.299560569929612,-1951.5841334934244,70.61198445476012,0.16428813811840298,-749.331273817986,161.01424560467314
2025-01-01 13:57:00,0.2898674191271995,0.17814163330011085,0.0,0.004831123652119991,0.0029690272216685142,0.0,0.01539224809664678,0.2244751710305527,0.0,0.05,0.0,0.0,0.0,0.1635582999667775,0,0.01458333333333334,1,0,0,Off,0,0,Off,0,0,Off,0.03681798800665564,0.02761349100499172,On,0,0,Off,0.0028147240497076024,0.0,On,0.012577524046939178,0,On,0.006397437741515965,0,On,0.1812597452823811,0.1359448089617858,On,Off,0.0,20.000000000000057,0.0,0.0,0.0,0.0,0,0.0,21116.65276888889,Off,0.0,23.888888888888914,0,0.0,0.05,0.0,0.0,0,0,0,11489.55984,Off,0.0,0,82.32067494937114,51.666666666666686,46.10666666666668,0.0,49.94856278433137,0.0,0.0,0.0,128.6260546083924,49.98447340887571,50.00242872114788,49.94856278433137,12.43753247303448,19.30284368580153,-0.19715631419852642,10.039804965350495,8.560676966857134,5.0,9.236100170605994,-1258.1208988719775,-1874.0998853352403,-595.1164036615974,-1923.7571530338705,-0.0,-0.0,227.1792369574328,1631.5192620385028,0.0,0.10435287121079374,0.0,0,0.976639629392121,0.0,438.45701720446027,0.2129644174079468,9.085858803118121,0.0028991712769056606,62.06183367119592,1.2224450616036178,0.2994388485527943,-1945.1151953013978,71.01530996615743,0.16458856964895482,-755.362983893251,160.24658023165364
2025-01-01 13:58:00,0.2898674191271995,0.17814163330011085,0.0,0.004831123652119991,0.0029690272216685142,0.0,0.01539224809664678,0.2244751710305527,0.0,0.05,0.0,0.0,0.0,0.1635582999667775,0,0.01458333333333334,1,0,0,Off,0,0,Off,0,0,Off,0.03681798800665564,0.02761349100499172,On,0,0,Off,0.0028147240497076024,0.0,On,0.012577524046939178,0,On,0.006397437741515965,0,On,0.1812597452823811,0.1359448089617858,On,Off,0.0,20.000000000000057,0.0,0.0,0.0,0.0,0,0.0,21116.65276888889,Off,0.0,23.888888888888914,0,0.0,0.05,0.0,0.0,0,0,0,11489.55984,Off,0.0,0,82.41838761680167,51.666666666666686,46.10666666666668,0.0,49.93044955546887,0.0,0.0,0.0,128.7787306512526,49.96737190336712,49.985833077316265,49.93044955546887,12.43753247303448,19.249294515721626,-0.25070548427843065,10.02590895928522,8.582239595488792,5.0,9.236100170605994,-1243.6247762728608,-1867.612697257231,-601.8205161720648,-1912.2740676210874,-0.0,-0.0,227.1792369574328,1632.9236553759633,0.0,0.10411979881540089,0.0,0,0.9744583023695209,0.0,441.47005439079385,0.21369176804700715,9.062015997945082,0.002899386410446206,61.861292767670726,1.2226687780068723,0.29932378918567826,-1939.0066753051049,71.39397804787414,0.16488285433020872,-761.2960551568913,159.47553898482647
2025-01-01 13:59:00,1.3406403357938663,0.17814163330011085,0.9006625,0.022344005596564437,0.0029690272216685142,0.015011041666666667,0.01539224809664678,0.2244751710305527,1.0507729166666668,0.05,0.0,0.9006625,0.0,0.1635582999667775,0,0.01458333333333334,1,0,0,Off,0,0,Off,0,0,Off,0.03681798800665564,0.02761349100499172,On,0,0,Off,0.0028147240497076024,0.0,On,0.012577524046939178,0,On,0.006397437741515965,0,On,0.1812597452823811,0.1359448089617858,On,On,17415.9303113141,20.000000000000057,0.8,4751.49537424146,26.39581596111111,1.0507729166666668,1,21116.65276888889,21116.65276888889,Off,0.0,23.888888888888914,0,0.0,0.05,0.0,0.0,0,0,0,11489.55984,Off,0.0,0,82.51201141111032,51.666666666666686,46.10666666666668,0.0,49.91231543604912,0.0,0.0,0.0,128.92501782985988,49.95025009878154,49.96921743014776,49.91231543604912,12.43753247303448,19.19724893323244,-0.3027510667676161,10.012776665557533,8.603397000324843,5.0,9.236100170605994,16186.316830371212,2890.0072673101868,-608.4301818205213,-1901.1396940376433,-0.0,-0.0,227.1792369574328,1634.311891441315,0.0,0.10389302220701385,0.0,0,0.9723358976843395,0.0,444.34697613732254,0.21440174973016463,9.03828661110747,0.0028996008095873937,61.6648131909247,1.2228862873809745,0.2992150127167489,-1933.237399534777,71.74929260350406,0.16517109891883458,-767.131159456222,158.70097763570078
2025-01-01 14:00:00,1.3408413875117027,0.17814163330011085,0.9006625,0.022347356458528377,0.0029690272216685142,0.015011041666666667,0.015593299814483038,0.2244751710305527,1.0507729166666668,0.05,0.0,0.9006625,0.0,0.1635582999667775,0,0.01458333333333334,1,0,0,Off,0,0,Off,0,0,Off,0.03681798800665564,0.02761349100499172,On,0,0,Off,0.0030157757675438593,0.0,On,0.012577524046939178,0,On,0.006397437741515965,0,On,0.1812597452823811,0.1359448089617858,On,On,17415.9303113141,20.000000000000057,0.8,4751.49537424146,26.39581596111111,1.0507729166666668,1,21116.65276888889,21116.65276888889,Off,0.0,23.888888888888914,0,0.0,0.05,0.0,0.0,0,0,0,11489.55984,Off,0.0,0,81.75321464468705,51.666666666666686,46.10666666666668,0.0,49.894161327250956,0.0,0.0,0.0,127.7393978823235,49.933108844551796,49.95258260320223,49.894161327250956,12.43753247303448,19.46287717807242,-0.037122821927635385,10.171857553588712,8.62415449669572,5.0,9.236100170605994,16180.974807259656,2816.524413506442,-614.9461789360746,-1958.237863818824,-0.0,-0.0,293.3799028974913,1635.6831648486204,1.0,0.10504788023093381,0.0,0,0.9831442261892964,65.99961422222222,429.9024568668916,0.21090026294066158,9.16069812818171,0.0028998144897556906,113.46621245841617,1.2217760176355137,0.3005300498131262,-2003.3549827083414,68.38402197332358,0.1654534072115446,-772.8689693787388,157.92279044266417
2025-01-01 14:01:00,1.3408413875117027,0.17814163330011085,0.9006625,0.022347356458528377,0.0029690272216685142,0.015011041666666667,0.015593299814483038,0.2244751710305527,1.0507729166666668,0.05,0.0,0.9006625,0.0,0.1635582999667775,0,0.01458333333333334,1,0,0,Off,0,0,Off,0,0,Off,0.03681798800665564,0.02761349100499172,On,0,0,Off,0.0030157757675438593,0.0,On,0.012577524046939178,0,On,0.006397437741515965,0,On,0.1812597452823811,0.1359448089617858,On,On,17415.9303113141,20.000000000000057,0.8,4751.49537424146,26.39581596111111,1.0507729166666668,1,21116.65276888889,21116.65276888889,Off,0.0,23.888888888888914,0,0.0,0.05,0.0,0.0,0,0,0,11489.55984,Off,0.0,0,81.01335550380094,51.666666666666686,46.10666666666668,0.0,49.87617502352761,0.0,0.0,0.0,126.58336797468895,49.91612522468414,49.9361003252624,49.87617502352761,12.43753247303448,19.72160539733354,0.0,10.32243594812018,8.644517295566814,5.0,9.236100170605994,16111.902602823291,2746.7572921202136,-621.3692574787108,-2014.4984700324349,-0.0,-0.0,293.3799028974913,1637.0366620913117,1.0,0.1061666996525309,0.0,0,0.993615269032555,65.99961422222222,417.090858644136,0.20756469809187097,9.279204780440214,0.002900208028806837,113.95717098672348,1.2206963881804436,0.30176952200248797,-2070.1855414900365,65.4474593687901,0.1657298802365929,-778.5101596070209,157.1409021283101
2025-01-01 14:02:00,1.3408413875117027,0.17814163330011085,0.9006625,0.022347356458528377,0.0029690272216685142,0.015011041666666667,0.015593299814483038,0.2244751710305527,1.0507729166666668,0.05,0.0,0.9006625,0.0,0.1635582999667775,0,0.01458333333333334,1,0,0,Off,0,0,Off,0,0,Off,0.03681798800665564,0.02761349100499172,On,0,0,Off,0.0030157757675438593,0.0,On,0.012577524046939178,0,On,0.006397437741515965,0,On,0.1812597452823811,0.1359448089617858,On,On,17415.9303113141,20.000000000000057,0.8,4751.49537424146,26.39581596111111,1.0507729166666668,1,21116.65276888889,21116.65276888889,Off,0.0,23.888888888888914,0,0.0,0.05,0.0,0.0,0,0,0,11489.55984,Off,0.0,0,80.29440376548156,51.666666666666686,46.10666666666668,0.0,49.8583523463941,0.0,0.0,0.0,125.46000588356495,49.89929530502825,49.91976678434532,49.8583523463941,12.43753247303448,19.972695522461272,0.0,10.46514015665327,8.664490511802194,5.0,9.236100170605994,16044.182291950794,2680.2111174244874,-627.7001471235857,-2069.7037699460716,-0.0,-0.0,293.3799028974913,1638.3715621579638,1.0,0.10724689940693247,0.0,0,1.0037248700005743,65.99961422222222,404.57584768527744,0.204385288345271,9.394497265615998,0.002900603620234218,114.42328284594656,1.2196504434806834,0.3029394981644561,-2133.9324037472684,62.648146930295965,0.1660006164250684,-784.0554080228355,156.35526089924983
2025-01-01 14:03:00,0.29006847084503573,0.17814163330011085,0.0,0.004834474514083929,0.0029690272216685142,0.0,0.015593299814483038,0.2244751710305527,0.0,0.05,0.0,0.0,0.0,0.1635582999667775,0,0.01458333333333334,1,0,0,Off,0,0,Off,0,0,Off,0.03681798800665564,0.02761349100499172,On,0,0,Off,0.0030157757675438593,0.0,On,0.012577524046939178,0,On,0.006397437741515965,0,On,0.1812597452823811,0.1359448089617858,On,Off,0.0,20.000000000000057,0.0,0.0,0.0,0.0,0,0.0,21116.65276888889,Off,0.0,23.888888888888914,0,0.0,0.05,0.0,0.0,0,0,0,11489.55984,Off,0.0,0,79.59528487303861,51.666666666666686,46.10666666666668,0.0,49.84068868356368,0.0,0.0,0.0,124.36763261412283,49.88261474222737,49.90357777155922,49.84068868356368,12.43753247303448,20.216543684388288,0.0,10.60049869616233,8.68407917125494,5.0,9.236100170605994,-1437.9188319929485,-2134.751843972292,-633.9395623114583,-2123.8845768489186,-0.0,-0.0,293.3799028974913,1639.6870326405972,1.0,0.10829076996569345,0.0,0,1.0134944656409501,65.99961422222222,392.5858419584788,0.20135093694930956,9.506147658885999,0.0029010011703622645,114.8659686091496,1.218636369897676,0.3040450896227057,-2194.765610936698,60.01376696440591,0.16626571176262803,-789.505396555955,155.56583424449673
2025-01-01 14:04:00,0.29006847084503573,0.17814163330011085,0.0,0.004834474514083929,0.0029690272216685142,0.0,0.015593299814483038,0.2244751710305527,0.0,0.05,0.0,0.0,0.0,0.1635582999667775,0,0.01458333333333334,1,0,0,Off,0,0,Off,0,0,Off,0.03681798800665564,0.02761349100499172,On,0,0,Off,0.0030157757675438593,0.0,On,0.012577524046939178,0,On,0.006397437741515965,0,On,0.1812597452823811,0.1359448089617858,On,Off,0.0,20.000000000000057,0.0,0.0,0.0,0.0,0,0.0,21116.65276888889,Off,0.0,23.888888888888914,0,0.0,0.05,0.0,0.0,0,0,0,11489.55984,Off,0.0,0,79.76354586061791,51.666666666666686,46.10666666666668,0.0,49.823179659650926,0.0,0.0,0.0,124.63054040721548,49.866079416155884,49.88752929440836,49.823179659650926,12.43753247303448,20.13726880334176,0.0,10.557483095823889,8.703288216792068,5.0,9.236100170605994,-1414.3647352620305,-2114.4937807334964,-640.0882064224813,-2106.209248032424,-0.0,-0.0,293.3799028974913,1640.9822347807965,1.0,0.10795196198145679,0.0,0,1.0103235581199526,65.99961422222222,398.46460987290214,0.2023684997772848,9.470590168617209,0.002901400590645932,114.54320800206939,1.218965470806694,0.3036941799272848,-2175.3947288444997,60.90094811100337,0.16652525992351716,-794.8608117994314,154.7726053769502
2025-01-01 14:05:00,0.29006847084503573,0.17814163330011085,0.0,0.004834474514083929,0.0029690272216685142,0.0,0.015593299814483038,0.2244751710305527,0.0,0.05,0.0,0.0,0.0,0.1635582999667775,0,0.01458333333333334,1,0,0,Off,0,0,Off,0,0,Off,0.03681798800665564,0.02761349100499172,On,0,0,Off,0.0030157757675438593,0.0,On,0.012577524046939178,0,On,0.006397437741515965,0,On,0.1812597452823811,0.1359448089617858,On,Off,0.0,20.000000000000057,0.0,0.0,0.0,0.0,0,0.0,21116.65276888889,Off,0.0,23.888888888888914,0,0.0,0.05,0.0,0.0,0,0,0,11489.55984,Off,0.0,0,79.92376130789845,51.666666666666686,46.10666666666668,0.0,49.805634178988555,0.0,0.0,0.0,124.88087704359131,49.84950913512067,49.871446613186734,49.805634178988555,12.43753247303448,20.060957458453352,0.0,10.517240129233207,8.722122513292971,5.0,9.236100170605994,-1392.809006087365,-2095.2879526212055,-646.1467734188494,-2089.250320207564,-0.0,-0.0,293.3799028974913,1642.2563195104822,1.0,0.10762531688621393,0.0,0,1.00726648320616,65.99961422222222,403.0614112227077,0.20335440930520546,9.4358793101228,0.002901798781069,114.22840398459314,1.2192824269468188,0.3033655211288157,-2157.3050419542255,62.01708933301989,0.16677935238774777,-800.1223453948415,153.9755719759922
2025-01-01 14:06:00,0.29006847084503573,0.17814163330011085,0.0,0.004834474514083929,0.0029690272216685142,0.0,0.015593299814483038,0.2244751710305527,0.0,0.05,0.0,0.0,0.0,0.1635582999667775,0,0.01458333333333334,1,0,0,Off,0,0,Off,0,0,Off,0.03681798800665564,0.02761349100499172,On,0,0,Off,0.0030157757675438593,0.0,On,0.012577524046939178,0,On,0.006397437741515965,0,On,0.1812597452823811,0.1359448089617858,On,Off,0.0,20.000000000000057,0.0,0.0,0.0,0.0,0,0.0,21116.65276888889,Off,0.0,23.888888888888914,0,0.0,0.05,0.0,0.0,0,0,0,11489.55984,Off,0.0,0,80.07667872298168,51.666666666666686,46.10666666666668,0.0,49.78805401500884,0.0,0.0,0.0,125.11981050465887,49.83290557052267,49.855331348279584,49.78805401500884,12.43753247303448,19.98733273130779,0.0,10.479485617764501,8.740586851640687,5.0,9.236100170605994,-1371.8243189245354,-2077.08855530204,-652.1159490314784,-2072.940271212263,-0.0,-0.0,293.3799028974913,1643.5084279579382,1.0,0.10730970158952241,0.0,0,1.0043126362940933,65.99961422222222,407.7360493902362,0.20431159520167091,9.402575693715656,0.0029021957739019115,113.92087442011989,1.2195883713055045,0.3030568611574144,-2140.3626539254965,63.27409862345671,0.1670280785420088,-805.2906941861681,153.17474515468965
2025-01-01 14:07:00,0.29006847084503573,0.17814163330011085,0.0,0.004834474514083929,0.0029690272216685142,0.0,0.015593299814483038,0.2244751710305527,0.0,0.05,0.0,0.0,0.0,0.1635582999667775,0,0.01458333333333334,1,0,0,Off,0,0,Off,0,0,Off,0.03681798800665564,0.02761349100499172,On,0,0,Off,0.0030157757675438593,0.0,On,0.012577524046939178,0,On,0.006397437741515965,0,On,0.1812597452823811,0.1359448089617858,On,Off,0.0,20.000000000000057,0.0,0.0,0.0,0.0,0,0.0,21116.65276888889,Off,0.0,23.888888888888914,0,0.0,0.05,0.0,0.0,0,0,0,11489.55984,Off,0.0,0,80.22281075324848,51.666666666666686,46.10666666666668,0.0,49.7704407763987,0.0,0.0,0.0,125.34814180195075,49.81627023847355,49.83918496951099,49.7704407763987,12.43753247303448,19.916205079450737,0.0,10.443993584699566,8.758685951994572,5.0,9.236100170605994,-1351.4839677495593,-2060.619205599733,-657.9964134599578,-2057.2318117210157,-0.0,-0.0,293.3799028974913,1644.7376910335645,1.0,0.10700434999187476,0.0,0,1.00145484745033,65.99961422222222,412.367941073965,0.20524196300475828,9.371277392924071,0.0029025915986163288,113.62014508667353,1.2198840761152003,0.30276641100823576,-2124.4609365128845,63.84173091315143,0.16727152576847423,-810.3665602171386,152.37014675718083
2025-01-01 14:08:00,0.29006847084503573,0.17814163330011085,0.0,0.004834474514083929,0.0029690272216685142,0.0,0.015593299814483038,0.2244751710305527,0.0,0.05,0.0,0.0,0.0,0.1635582999667775,0,0.01458333333333334,1,0,0,Off,0,0,Off,0,0,Off,0.03681798800665564,0.02761349100499172,On,0,0,Off,0.0030157757675438593,0.0,On,0.012577524046939178,0,On,0.006397437741515965,0,On,0.1812597452823811,0.1359448089617858,On,Off,0.0,20.000000000000057,0.0,0.0,0.0,0.0,0,0.0,21116.65276888889,Off,0.0,23.888888888888914,0,0.0,0.05,0.0,0.0,0,0,0,11489.55984,Off,0.0,0,80.3625691069745,51.666666666666686,46.10666666666668,0.0,49.75279595884711,0.0,0.0,0.0,125.56651422964767,49.799604548586366,49.823008843456,49.75279595884711,12.43753247303448,19.847422473294372,0.0,10.410552122426894,8.776424466496373,5.0,9.236100170605994,-1331.8608981031557,-2044.5396590227863,-663.7888434370786,-2042.0865764494142,-0.0,-0.0,293.3799028974913,1645.9432289598624,1.0,0.10670865154277545,0.0,0,0.9986874025263007,65.99961422222222,416.8457754487673,0.206146999421376,9.3398096279486,0.002902986282732943,113.32583154760268,1.2201701594557424,0.3024924865851963,-2109.5004848760886,64.96082585330245,0.16750977952377658,-815.3506506100504,151.5618071729717
2025-01-01 14:09:00,0.29006847084503573,0.17814163330011085,0.0,0.004834474514083929,0.0029690272216685142,0.0,0.015593299814483038,0.2244751710305527,0.0,0.05,0.0,0.0,0.0,0.1635582999667775,0,0.01458333333333334,1,0,0,Off,0,0,Off,0,0,Off,0.03681798800665564,0.02761349100499172,On,0,0,Off,0.0030157757675438593,0.0,On,0.012577524046939178,0,On,0.006397437741515965,0,On,0.1812597452823811,0.1359448089617858,On,Off,0.0,20.000000000000057,0.0,0.0,0.0,0.0,0,0.0,21116.65276888889,Off,0.0,23.888888888888914,0,0.0,0.05,0.0,0.0,0,0,0,11489.55984,Off,0.0,0,80.49630133053141,51.666666666666686,46.10666666666668,0.0,49.735120967286726,0.0,0.0,0.0,125.77547082895532,49.78290982494481,49.806804253773855,49.735120967286726,12.43753247303448,19.78085671040421,0.0,10.379026984248185,8.793806981505542,5.0,9.236100170605994,-1312.9395504960094,-2029.9015272606673,-669.4939139201563,-2027.4719660731143,-0.0,-0.0,293.3799028974913,1647.1241507910936,1.0,0.10642209366757512,0.0,0,0.9960055043304215,65.99961422222222,421.1525126796132,0.20702793368710332,9.310199667629167,0.002903379852189247,113.03760664176382,1.2204471417933944,0.3022340317484569,-2095.4173713951673,65.51584413449989,0.1677429234096209,-820.2436773492414,150.74976342908514
2025-01-01 14:10:00,0.29006847084503573,0.17814163330011085,0.0,0.004834474514083929,0.0029690272216685142,0.0,0.015593299814483038,0.2244751710305527,0.0,0.05,0.0,0.0,0.0,0.1635582999667775,0,0.01458333333333334,1,0,0,Off,0,0,Off,0,0,Off,0.03681798800665564,0.02761349100499172,On,0,0,Off,0.0030157757675438593,0.0,On,0.012577524046939178,0,On,0.006397437741515965,0,On,0.1812597452823811,0.1359448089617858,On,Off,0.0,20.000000000000057,0.0,0.0,0.0,0.0,0,0.0,21116.65276888889,Off,0.0,23.888888888888914,0,0.0,0.05,0.0,0.0,0,0,0,11489.55984,Off,0.0,0,80.62430856917335,51.666666666666686,46.10666666666668,0.0,49.71741713003254,0.0,0.0,0.0,125.97548213933337,49.76618731943242,49.79057241413237,49.71741713003254,12.43753247303448,19.71639680950284,0.0,10.349264199941938,8.81083801943514,5.0,9.236100170605994,-1294.703889397244,-2015.6126309557244,-675.1122994324619,-2013.3596003264101,-0.0,-0.0,293.3799028974913,1648.2795538851024,1.0,0.10614423416657981,0.0,0,0.9934050143110624,65.99961422222222,425.275808031675,0.20788581349455568,9.280999073619718,0.0029037723315748134,112.75518475482623,1.22071547320261,0.30198982235271704,-2082.1394236732926,66.52679271756818,0.16797103923615891,-825.0463569860844,149.93405755362255
2025-01-01 14:11:00,0.29006847084503573,0.17814163330011085,0.0,0.004834474514083929,0.0029690272216685142,0.0,0.015593299814483038,0.2244751710305527,0.0,0.05,0.0,0.0,0.0,0.1635582999667775,0,0.01458333333333334,1,0,0,Off,0,0,Off,0,0,Off,0.03681798800665564,0.02761349100499172,On,0,0,Off,0.0030157757675438593,0.0,On,0.012577524046939178,0,On,0.006397437741515965,0,On,0.1812597452823811,0.1359448089617858,On,Off,0.0,20.000000000000057,0.0,0.0,0.0,0.0,0,0.0,21116.65276888889,Off,0.0,23.888888888888914,0,0.0,0.05,0.0,0.0,0,0,0,11489.55984,Off,0.0,0,80.74685938310668,51.666666666666686,46.10666666666668,0.0,49.699685709007085,0.0,0.0,0.0,126.16696778610418,49.749438221372074,49.774314477554576,49.699685709007085,12.43753247303448,19.653943870913466,0.0,10.321164453345418,8.827522040250594,5.0,9.236100170605994,-1277.1320526777436,-2002.6002129924404,-680.6446751080335,-1999.7241224830361,-0.0,-0.0,293.3799028974913,1649.40852333848,1.0,0.10587467966717977,0.0,0,0.990882250889793,65.99961422222222,429.2121669078012,0.20872156484981516,9.252851913786948,0.0029041637443023164,112.47830960764642,1.2209755545689613,0.30175907712371114,-2069.619351480465,67.01913848802444,0.16819420707910018,-829.7594102803164,149.114735172283
2025-01-01 14:12:00,0.29006847084503573,0.17814163330011085,0.0,0.004834474514083929,0.0029690272216685142,0.0,0.015593299814483038,0.2244751710305527,0.0,0.05,0.0,0.0,0.0,0.1635582999667775,0,0.01458333333333334,1,0,0,Off,0,0,Off,0,0,Off,0.03681798800665564,0.02761349100499172,On,0,0,Off,0.0030157757675438593,0.0,On,0.012577524046939178,0,On,0.006397437741515965,0,On,0.1812597452823811,0.1359448089617858,On,Off,0.0,20.000000000000057,0.0,0.0,0.0,0.0,0,0.0,21116.65276888889,Off,0.0,23.888888888888914,0,0.0,0.05,0.0,0.0,0,0,0,11489.55984,Off,0.0,0,80.86419813071332,51.666666666666686,46.10666666666668,0.0,49.68192790692159,0.0,0.0,0.0,126.35030957923955,49.73266366429525,49.758031542982096,49.68192790692159,12.43753247303448,19.59340795900936,0.0,10.294604607980178,8.843863442684887,5.0,9.236100170605994,-1260.198454619685,-1989.8798260217068,-686.0917174820215,-1986.5424669700244,-0.0,-0.0,293.3799028974913,1650.5101313929583,1.0,0.10561307261120914,0.0,0,0.9884338676759434,65.99961422222222,432.9641094528481,0.2095360277881671,9.22571093600711,0.002904554112728705,112.20674684587992,1.2212277504280313,0.30154081470001115,-2057.799652627232,67.91982660552513,0.1684125053314022,-834.3835617904597,148.2918443084382
2025-01-01 14:13:00,0.29006847084503573,0.17814163330011085,0.0,0.004834474514083929,0.0029690272216685142,0.0,0.015593299814483038,0.2244751710305527,0.0,0.05,0.0,0.0,0.0,0.1635582999667775,0,0.01458333333333334,1,0,0,Off,0,0,Off,0,0,Off,0.03681798800665564,0.02761349100499172,On,0,0,Off,0.0030157757675438593,0.0,On,0.012577524046939178,0,On,0.006397437741515965,0,On,0.1812597452823811,0.1359448089617858,On,Off,0.0,20.000000000000057,0.0,0.0,0.0,0.0,0,0.0,21116.65276888889,Off,0.0,23.888888888888914,0,0.0,0.05,0.0,0.0,0,0,0,11489.55984,Off,0.0,0,80.9765503012731,51.666666666666686,46.10666666666668,0.0,49.66414487260994,0.0,0.0,0.0,126.5258598457392,49.71586473096983,49.74172466014977,49.66414487260994,12.43753247303448,19.53470611972822,0.0,10.269506030196572,8.859866565216294,5.0,9.236100170605994,-1243.8765270791655,-1978.285754757517,-691.4541050647667,-1973.7933875592648,-0.0,-0.0,293.3799028974913,1651.58343677865,1.0,0.10535908302926818,0.0,0,0.9860567764823988,65.99961422222222,436.53695758260795,0.21032997858146782,9.19884629309221,0.0029049434582460757,111.94027932470122,1.2214723971109822,0.3013344153378133,-2046.6429953738207,68.35724061630351,0.16862601075026643,-838.91953942434,147.46543435957318
2025-01-01 14:14:00,0.29006847084503573,0.17814163330011085,0.0,0.004834474514083929,0.0029690272216685142,0.0,0.015593299814483038,0.2244751710305527,0.0,0.05,0.0,0.0,0.0,0.1635582999667775,0,0.01458333333333334,1,0,0,Off,0,0,Off,0,0,Off,0.03681798800665564,0.02761349100499172,On,0,0,Off,0.0030157757675438593,0.0,On,0.012577524046939178,0,On,0.006397437741515965,0,On,0.1812597452823811,0.1359448089617858,On,Off,0.0,20.000000000000057,0.0,0.0,0.0,0.0,0,0.0,21116.65276888889,Off,0.0,23.888888888888914,0,0.0,0.05,0.0,0.0,0,0,0,11489.55984,Off,0.0,0,81.08412605187792,51.666666666666686,46.10666666666668,0.0,49.64633770518764,0.0,0.0,0.0,126.69394695605924,49.699042457319926,49.72539483338607,49.64633770518764,12.43753247303448,19.477761066289887,-0.022238933710170272,10.245765564781264,8.875535686848318,5.0,9.236100170605994,-1228.1396877308698,-1967.1401852148595,-696.7325187316621,-1961.457139467243,-0.0,-0.0,293.3799028974913,1652.627484726075,1.0,0.1051124031293482,0.0,0,0.9837480966804825,65.99961422222222,439.9375488388819,0.21110414403060937,9.173591783058413,0.002905331801353215,111.6787039798074,1.2217098081288078,0.3011390542880152,-2036.1014468142362,68.96126159937668,0.16883479850006675,-843.3680739591632,146.63555522750104
2025-01-01 14:15:00,0.29006847084503573,0.17814163330011085,0.0,0.004834474514083929,0.0029690272216685142,0.0,0.015593299814483038,0.2244751710305527,0.0,0.05,0.0,0.0,0.0,0.1635582999667775,0,0.01458333333333334,1,0,0,Off,0,0,Off,0,0,Off,0.03681798800665564,0.02761349100499172,On,0,0,Off,0.0030157757675438593,0.0,On,0.012577524046939178,0,On,0.006397437741515965,0,On,0.1812597452823811,0.1359448089617858,On,Off,0.0,20.000000000000057,0.0,0.0,0.0,0.0,0,0.0,21116.65276888889,Off,0.0,23.888888888888914,0,0.0,0.05,0.0,0.0,0,0,0,11489.55984,Off,0.0,0,81.18712260058466,51.666666666666686,46.10666666666668,0.0,49.62850745743142,0.0,0.0,0.0,126.85487906341353,49.682197835611134,49.709043024700996,49.62850745743142,12.43753247303448,19.422500290499148,-0.07749970950090912,10.223309949062429,8.89087502772576,5.0,9.236100170605994,-1212.9619918546464,-1956.4031174773647,-701.9276419601613,-1949.5152596859457,-0.0,-0.0,293.3799028974913,1653.6413034497282,1.0,0.1048727436766955,0.0,0,0.9815051213190641,65.99961422222222,443.17336493380793,0.21185921072815772,9.148538460505499,0.002905719161714275,111.42182970771394,1.2219402777985535,0.3009541496004187,-2026.140630897029,69.73751341966431,0.16903894219175114,-847.729898539243,145.80225657908164
2025-01-01 14:16:00,0.29006847084503573,0.17814163330011085,0.0,0.004834474514083929,0.0029690272216685142,0.0,0.015593299814483038,0.2244751710305527,0.0,0.05,0.0,0.0,0.0,0.1635582999667775,0,0.01458333333333334,1,0,0,Off,0,0,Off,0,0,Off,0.03681798800665564,0.02761349100499172,On,0,0,Off,0.0030157757675438593,0.0,On,0.012577524046939178,0,On,0.006397437741515965,0,On,0.1812597452823811,0.1359448089617858,On,Off,0.0,20.000000000000057,0.0,0.0,0.0,0.0,0,0.0,21116.65276888889,Off,0.0,23.888888888888914,0,0.0,0.05,0.0,0.0,0,0,0,11489.55984,Off,0.0,0,81.28572591050477,51.666666666666686,46.10666666666668,0.0,49.61065513863142,0.0,0.0,0.0,127.00894673516369,49.66533181713845,49.692670156391976,49.61065513863142,12.43753247303448,19.368855437821434,-0.1311445621786227,10.202072560591487,8.905888749615848,5.0,9.236100170605994,-1198.3184726186646,-1946.645483262189,-707.0401609323197,-1937.9504086193774,-0.0,-0.0,293.3799028974913,1654.6239075671533,1.0,0.10463983148066103,0.0,0,0.9793252936039597,65.99961422222222,446.2520331032216,0.21259583123583975,9.124336600443563,0.0029061055582086993,111.16947587115213,1.2221640837812544,0.30077917148743405,-2016.7293407164102,70.08385745422152,0.16923851391917816,-852.0057481582455,144.96558722592576
2025-01-01 14:17:00,0.29006847084503573,0.17814163330011085,0.0,0.004834474514083929,0.0029690272216685142,0.0,0.015593299814483038,0.2244751710305527,0.0,0.05,0.0,0.0,0.0,0.1635582999667775,0,0.01458333333333334,1,0,0,Off,0,0,Off,0,0,Off,0.03681798800665564,0.02761349100499172,On,0,0,Off,0.0030157757675438593,0.0,On,0.012577524046939178,0,On,0.006397437741515965,0,On,0.1812597452823811,0.1359448089617858,On,Off,0.0,20.000000000000057,0.0,0.0,0.0,0.0,0,0.0,21116.65276888889,Off,0.0,23.888888888888914,0,0.0,0.05,0.0,0.0,0,0,0,11489.55984,Off,0.0,0,81.38011192616452,51.666666666666686,46.10666666666668,0.0,49.592781717072405,0.0,0.0,0.0,127.15642488463206,49.64844531456444,49.67627711331046,49.592781717072405,12.43753247303448,19.316761848861127,-0.18323815113893005,10.181968841875912,8.920580956280327,5.0,9.236100170605994,-1184.1852999551593,-1937.2480624830573,-712.0707645296457,-1926.7462508090462,-0.0,-0.0,293.3799028974913,1655.5742944528515,1.0,0.10441340757667869,0.0,0,0.9772061898830461,65.99961422222222,449.1810479563956,0.21331462834835507,9.100952136705661,0.0029064910089749455,110.92147119852525,1.222381488934613,0.300613440014673,-2007.8286324139601,70.58056993090307,0.16943358429280442,-856.1963591321513,144.12559460250566
2025-01-01 14:18:00,0.29006847084503573,0.17814163330011085,0.0,0.004834474514083929,0.0029690272216685142,0.0,0.015593299814483038,0.2244751710305527,0.0,0.05,0.0,0.0,0.0,0.1635582999667775,0,0.01458333333333334,1,0,0,Off,0,0,Off,0,0,Off,0.03681798800665564,0.02761349100499172,On,0,0,Off,0.0030157757675438593,0.0,On,0.012577524046939178,0,On,0.006397437741515965,0,On,0.1812597452823811,0.1359448089617858,On,Off,0.0,20.000000000000057,0.0,0.0,0.0,0.0,0,0.0,21116.65276888889,Off,0.0,23.888888888888914,0,0.0,0.05,0.0,0.0,0,0,0,11489.55984,Off,0.0,0,81.47044751943584,51.666666666666686,46.10666666666668,0.0,49.57488812224235,0.0,0.0,0.0,127.29757424911848,49.631539204000475,49.65986474487955,49.57488812224235,12.43753247303448,19.266158208952906,-0.2338417910471513,10.162939975465125,8.934955693758749,5.0,9.236100170605994,-1170.5398401603816,-1928.3227068393894,-717.0201442430447,-1915.8873614200165,-0.0,-0.0,293.3799028974913,1656.4914440521186,1.0,0.10419322585700727,0.0,0,0.9751455068313604,65.99961422222222,451.9676183621435,0.21401619814306638,9.077674911089904,0.0029068755314496215,110.67765293917907,1.2225927427215995,0.30045648521621204,-1999.4111554615342,71.08844862214478,0.1696242224710538,-860.3024685676469,143.2823243246022
2025-01-01 14:19:00,0.29006847084503573,0.17814163330011085,0.0,0.004834474514083929,0.0029690272216685142,0.0,0.015593299814483038,0.2244751710305527,0.0,0.05,0.0,0.0,0.0,0.1635582999667775,0,0.01458333333333334,1,0,0,Off,0,0,Off,0,0,Off,0.03681798800665564,0.02761349100499172,On,0,0,Off,0.0030157757675438593,0.0,On,0.012577524046939178,0,On,0.006397437741515965,0,On,0.1812597452823811,0.1359448089617858,On,Off,0.0,20.000000000000057,0.0,0.0,0.0,0.0,0,0.0,21116.65276888889,Off,0.0,23.888888888888914,0,0.0,0.05,0.0,0.0,0,0,0,11489.55984,Off,0.0,0,81.55689124358813,51.666666666666686,46.10666666666668,0.0,49.55697524683264,0.0,0.0,0.0,127.43264256810644,49.614614326891584,49.64343386692105,49.55697524683264,12.43753247303448,19.21698626898889,-0.28301373101116667,10.144926429667722,8.949016950580852,5.0,9.236100170605994,-1157.3606516471382,-1919.8992799728123,-721.8889940054481,-1905.3591500423008,-0.0,-0.0,293.3799028974913,1657.374317945609,1.0,0.10397905199442961,0.0,0,0.97314105137799,65.99961422222222,454.6185954976714,0.21470111225763833,9.055831489212673,0.002907259142403082,110.43786618713382,1.2227980823275069,0.300307829450217,-1991.4494013284495,71.55012135563715,0.16981049618966443,-864.3248138301353,142.4358198246872
2025-01-01 14:20:00,1.3408413875117027,0.17814163330011085,0.9006625,0.022347356458528377,0.0029690272216685142,0.015011041666666667,0.015593299814483038,0.2244751710305527,1.0507729166666668,0.05,0.0,0.9006625,0.0,0.1635582999667775,0,0.01458333333333334,1,0,0,Off,0,0,Off,0,0,Off,0.03681798800665564,0.02761349100499172,On,0,0,Off,0.0030157757675438593,0.0,On,0.012577524046939178,0,On,0.006397437741515965,0,On,0.1812597452823811,0.1359448089617858,On,On,17415.9303113141,20.000000000000057,0.8,4751.49537424146,26.39581596111111,1.0507729166666668,1,21116.65276888889,21116.65276888889,Off,0.0,23.888888888888914,0,0.0,0.05,0.0,0.0,0,0,0,11489.55984,Off,0.0,0,81.63959395841725,51.666666666666686,46.10666666666668,0.0,49.53904394857207,0.0,0.0,0.0,127.56186556002694,49.597671491744485,49.626985263330695,49.53904394857207,12.43753247303448,19.16919061420365,-0.33080938579640673,10.127870199876412,8.962768657923558,5.0,9.236100170605994,16271.302861875516,2839.5464994690096,-726.6780099659803,-1895.1477964545747,-0.0,-0.0,293.3799028974913,1658.2218583456938,1.0,0.10377066256070867,0.0,0,0.9711907324556929,65.99961422222222,457.1404441185024,0.21536991967323638,9.034038428245399,0.002907641857972182,110.20196331821963,1.222997733581674,0.3001670060243377,-1983.9166824114548,71.96780763900445,0.1699924717892708,-868.264132014963,141.58612204898267
2025-01-01 14:21:00,1.3408413875117027,0.17814163330011085,0.9006625,0.022347356458528377,0.0029690272216685142,0.015011041666666667,0.015593299814483038,0.2244751710305527,1.0507729166666668,0.05,0.0,0.9006625,0.0,0.1635582999667775,0,0.01458333333333334,1,0,0,Off,0,0,Off,0,0,Off,0.03681798800665564,0.02761349100499172,On,0,0,Off,0.0030157757675438593,0.0,On,0.012577524046939178,0,On,0.006397437741515965,0,On,0.1812597452823811,0.1359448089617858,On,On,17415.9303113141,20.000000000000057,0.8,4751.49537424146,26.39581596111111,1.0507729166666668,1,21116.65276888889,21116.65276888889,Off,0.0,23.888888888888914,0,0.0,0.05,0.0,0.0,0,0,0,11489.55984,Off,0.0,0,80.8702119165814,51.666666666666686,46.10666666666668,0.0,49.52109505192301,0.0,0.0,0.0,126.35970611965844,49.58071147572595,49.61051968762742,49.52109505192301,12.43753247303448,19.438945906582788,-0.06105409341726897,10.283210023227918,8.97621468972935,5.0,9.236100170605994,16198.604022346552,2767.4244468362185,-731.3878903899534,-1953.0661262856343,-0.0,-0.0,293.3799028974913,1659.0329870291826,1.0,0.10494409481677171,0.0,0,0.9821728973964468,65.99961422222222,442.35993442059726,0.21180961920785457,9.159005297328164,0.0029080236936906523,110.69979514948479,1.2218698971820168,0.301447128299488,-2052.7330697645903,68.66214235934896,0.17017021424149187,-872.1211594259213,140.7332690359677
2025-01-01 14:22:00,1.3408413875117027,0.17814163330011085,0.9006625,0.022347356458528377,0.0029690272216685142,0.015011041666666667,0.015593299814483038,0.2244751710305527,1.0507729166666668,0.05,0.0,0.9006625,0.0,0.1635582999667775,0,0.01458333333333334,1,0,0,Off,0,0,Off,0,0,Off,0.03681798800665564,0.02761349100499172,On,0,0,Off,0.0030157757675438593,0.0,On,0.012577524046939178,0,On,0.006397437741515965,0,On,0.1812597452823811,0.1359448089617858,On,On,17415.9303113141,20.000000000000057,0.8,4751.49537424146,26.39581596111111,1.0507729166666668,1,21116.65276888889,21116.65276888889,Off,0.0,23.888888888888914,0,0.0,0.05,0.0,0.0,0,0,0,11489.55984,Off,0.0,0,80.1233128628027,51.666666666666686,46.10666666666668,0.0,49.503316277281925,0.0,0.0,0.0,125.19267634812923,49.56391129308141,49.59420880098116,49.503316277281925,12.43753247303448,19.700482035346226,0.0,10.430207076912207,8.989358862893042,5.0,9.236100170605994,16128.69608357199,2698.981499931314,-736.019337296492,-2009.8813889677697,-0.0,-0.0,293.3799028974913,1659.8066042115433,1.0,0.10607557647195161,0.0,0,0.9927624462182194,65.99961422222222,429.26725832817,0.2084219460232693,9.27901635393922,0.002908407608375113,111.17191501019725,1.2207783984726839,0.3026535135304294,-2118.2907211624915,65.7768468523453,0.1703437871749807,-875.896631091098,139.87729379460598
2025-01-01 14:23:00,1.3408413875117027,0.17814163330011085,0.9006625,0.022347356458528377,0.0029690272216685142,0.015011041666666667,0.015593299814483038,0.2244751710305527,1.0507729166666668,0.05,0.0,0.9006625,0.0,0.1635582999667775,0,0.01458333333333334,1,0,0,Off,0,0,Off,0,0,Off,0.03681798800665564,0.02761349100499172,On,0,0,Off,0.0030157757675438593,0.0,On,0.012577524046939178,0,On,0.006397437741515965,0,On,0.1812597452823811,0.1359448089617858,On,On,17415.9303113141,20.000000000000057,0.8,4751.49537424146,26.39581596111111,1.0507729166666668,1,21116.65276888889,21116.65276888889,Off,0.0,23.888888888888914,0,0.0,0.05,0.0,0.0,0,0,0,11489.55984,Off,0.0,0,79.39753367679542,51.666666666666686,46.10666666666668,0.0,49.48570266502191,0.0,0.0,0.0,124.05864636999284,49.54726627313798,49.57804807719602,49.48570266502191,12.43753247303448,19.954302349862576,0.0,10.569482839145417,9.002204937634419,5.0,9.236100170605994,16060.141618636026,2633.7266652936773,-740.5730578944032,-2065.639627908698,-0.0,-0.0,293.3799028974913,1660.5415873345796,1.0,0.10716795590254809,0.0,0,1.002986036905037,65.99961422222222,416.4710323331348,0.20519340593946583,9.395065295238755,0.0029087935051267987,111.6199892176458,1.2197209537939278,0.30379211137016354,-2180.794859587984,63.02615064020137,0.1705132529030178,-879.591280349525,139.01822245512176
2025-01-01 14:24:00,0.29006847084503573,0.17814163330011085,0.0,0.004834474514083929,0.0029690272216685142,0.0,0.015593299814483038,0.2244751710305527,0.0,0.05,0.0,0.0,0.0,0.1635582999667775,0,0.01458333333333334,1,0,0,Off,0,0,Off,0,0,Off,0.03681798800665564,0.02761349100499172,On,0,0,Off,0.0030157757675438593,0.0,On,0.012577524046939178,0,On,0.006397437741515965,0,On,0.1812597452823811,0.1359448089617858,On,Off,0.0,20.000000000000057,0.0,0.0,0.0,0.0,0,0.0,21116.65276888889,Off,0.0,23.888888888888914,0,0.0,0.05,0.0,0.0,0,0,0,11489.55984,Off,0.0,0,78.69179600178538,51.666666666666686,46.10666666666668,0.0,49.46824955600257,0.0,0.0,0.0,122.95593125278965,49.53077202840085,49.56203326459999,49.46824955600257,12.43753247303448,20.200804353136476,0.0,10.701559375699672,9.014756617887599,5.0,9.236100170605994,-1422.78849625161,-2179.9796194685264,-745.049763939934,-2120.3706138218895,-0.0,-0.0,293.3799028974913,1661.2367897949864,1.0,0.10822354482077928,0.0,0,1.0128653047960876,65.99961422222222,404.20221467278816,0.20211269349891947,9.508116842967631,0.0029091812931247834,112.04538834712339,1.218695739989648,0.30486792628796566,-2240.416902697829,60.437283229302324,0.17067867245043966,-883.2058384598018,138.15607451986781
2025-01-01 14:25:00,0.29006847084503573,0.17814163330011085,0.0,0.004834474514083929,0.0029690272216685142,0.0,0.015593299814483038,0.2244751710305527,0.0,0.05,0.0,0.0,0.0,0.1635582999667775,0,0.01458333333333334,1,0,0,Off,0,0,Off,0,0,Off,0.03681798800665564,0.02761349100499172,On,0,0,Off,0.0030157757675438593,0.0,On,0.012577524046939178,0,On,0.006397437741515965,0,On,0.1812597452823811,0.1359448089617858,On,Off,0.0,20.000000000000057,0.0,0.0,0.0,0.0,0,0.0,21116.65276888889,Off,0.0,23.888888888888914,0,0.0,0.05,0.0,0.0,0,0,0,11489.55984,Off,0.0,0,78.85364240706424,51.666666666666686,46.10666666666668,0.0,49.45095252882375,0.0,0.0,0.0,123.20881626103788,49.51442439539575,49.54616032868175,49.45095252882375,12.43753247303448,20.124108585938412,0.0,10.655401948237625,9.027017551654207,5.0,9.236100170605994,-1400.1012221878668,-2158.1870279128048,-749.4501710617261,-2103.280710913466,-0.0,-0.0,293.3799028974913,1661.891040010695,1.0,0.10789566591192554,0.0,0,1.0097966826076137,65.99961422222222,409.7995858281077,0.20310104607306234,9.473226982416438,0.0029095708865016397,111.74050324213495,1.219014161484025,0.3044923880986253,-2219.542011957275,61.35498404447032,0.17084010557924126,-886.7410342149257,137.29086315319955
2025-01-01 14:26:00,0.29006847084503573,0.17814163330011085,0.0,0.004834474514083929,0.0029690272216685142,0.0,0.015593299814483038,0.2244751710305527,0.0,0.05,0.0,0.0,0.0,0.1635582999667775,0,0.01458333333333334,1,0,0,Off,0,0,Off,0,0,Off,0.03681798800665564,0.02761349100499172,On,0,0,Off,0.0030157757675438593,0.0,On,0.012577524046939178,0,On,0.006397437741515965,0,On,0.1812597452823811,0.1359448089617858,On,Off,0.0,20.000000000000057,0.0,0.0,0.0,0.0,0,0.0,21116.65276888889,Off,0.0,23.888888888888914,0,0.0,0.05,0.0,0.0,0,0,0,11489.55984,Off,0.0,0,79.00764487664186,51.666666666666686,46.10666666666668,0.0,49.433620442788715,0.0,0.0,0.0,123.44944511975291,49.498043140008505,49.530254488618404,49.433620442788715,12.43753247303448,20.050302552343656,0.0,10.612162547531682,9.038991331217437,5.0,9.236100170605994,-1379.3890207729305,-2137.168879246021,-753.7749962786415,-2086.88679242986,-0.0,-0.0,293.3799028974913,1662.5031382509762,1.0,0.10757966994726503,0.0,0,1.0068392730199844,65.99961422222222,414.11786875943835,0.2040582044053157,9.440553706362877,0.0029099593182718587,111.44304489901664,1.2193207328796292,0.3041401704091505,-2200.024303977336,62.85542473131491,0.17099761081153775,-890.1975935329707,136.42259725432933
2025-01-01 14:27:00,0.29006847084503573,0.17814163330011085,0.0,0.004834474514083929,0.0029690272216685142,0.0,0.015593299814483038,0.2244751710305527,0.0,0.05,0.0,0.0,0.0,0.1635582999667775,0,0.01458333333333334,1,0,0,Off,0,0,Off,0,0,Off,0.03681798800665564,0.02761349100499172,On,0,0,Off,0.0030157757675438593,0.0,On,0.012577524046939178,0,On,0.006397437741515965,0,On,0.1812597452823811,0.1359448089617858,On,Off,0.0,20.000000000000057,0.0,0.0,0.0,0.0,0,0.0,21116.65276888889,Off,0.0,23.888888888888914,0,0.0,0.05,0.0,0.0,0,0,0,11489.55984,Off,0.0,0,79.1545452141901,51.666666666666686,46.10666666666668,0.0,49.41625502687379,0.0,0.0,0.0,123.67897689717202,49.48162989175819,49.51431732420039,49.41625502687379,12.43753247303448,19.97911141800108,0.0,10.571561748391993,9.050681493113975,5.0,9.236100170605994,-1359.224796609246,-2118.2349969250804,-758.0249556834971,-2071.1221703475735,-0.0,-0.0,293.3799028974913,1663.0718577446157,1.0,0.10727442960902184,0.0,0,1.0039825254541683,65.99961422222222,418.51747084083615,0.20498711295035835,9.40854614594381,0.0029103466186162475,111.15236641957716,1.2196165796332776,0.3038090744066778,-2181.7306962434914,63.49569931841106,0.1711512454485759,-893.5762389929894,135.55128330949233
2025-01-01 14:28:00,0.29006847084503573,0.17814163330011085,0.0,0.004834474514083929,0.0029690272216685142,0.0,0.015593299814483038,0.2244751710305527,0.0,0.05,0.0,0.0,0.0,0.1635582999667775,0,0.01458333333333334,1,0,0,Off,0,0,Off,0,0,Off,0.03681798800665564,0.02761349100499172,On,0,0,Off,0.0030157757675438593,0.0,On,0.012577524046939178,0,On,0.006397437741515965,0,On,0.1812597452823811,0.1359448089617858,On,Off,0.0,20.000000000000057,0.0,0.0,0.0,0.0,0,0.0,21116.65276888889,Off,0.0,23.888888888888914,0,0.0,0.05,0.0,0.0,0,0,0,11489.55984,Off,0.0,0,79.2948504003064,51.666666666666686,46.10666666666668,0.0,49.398857846568305,0.0,0.0,0.0,123.89820375047874,49.46518612605969,49.49835026580539,49.398857846568305,12.43753247303448,19.910347711641286,0.0,10.533329607507774,9.062091518046268,5.0,9.236100170605994,-1339.687063109408,-2099.8343498507943,-762.1375987598894,-2055.940341584824,-0.0,-0.0,293.3799028974913,1663.5959412652846,1.0,0.10697918488709264,0.0,0,1.0012193269675405,65.99961422222222,422.8733755779249,0.20588968549753234,9.377111918266822,0.002910732815055857,110.86801934588438,1.2199024663631084,0.303496964397053,-2164.533665533176,64.69931568238191,0.17130106558824057,-896.8776893679398,134.7400906080503
2025-01-01 14:29:00,0.29006847084503573,0.17814163330011085,0.0,0.004834474514083929,0.0029690272216685142,0.0,0.015593299814483038,0.2244751710305527,0.0,0.05,0.0,0.0,0.0,0.1635582999667775,0,0.01458333333333334,1,0,0,Off,0,0,Off,0,0,Off,0.03681798800665564,0.02761349100499172,On,0,0,Off,0.0030157757675438593,0.0,On,0.012577524046939178,0,On,0.006397437741515965,0,On,0.1812597452823811,0.1359448089617858,On,Off,0.0,20.000000000000057,0.0,0.0,0.0,0.0,0,0.0,21116.65276888889,Off,0.0,23.888888888888914,0,0.0,0.05,0.0,0.0,0,0,0,11489.55984,Off,0.0,0,79.43442609100187,51.666666666666686,46.10666666666668,0.0,49.448713213006485,0.0,0.0,0.0,124.1162907671904,49.44871321300648,49.448713213006485,49.448713213006485,12.43753247303448,19.843861348712203,0.0,10.497294657376308,9.073227196270189,5.0,9.236100170605994,-1320.8490829383836,-2082.825592517278,-766.3374596661763,-2041.3036674280227,-0.0,-0.0,293.3799028974913,1664.0740998637766,1.0,0.10669333103722871,0.0,0,0.9985440177522581,65.99961422222222,427.07468159214756,0.20676741477949792,9.347568087297393,0.0029111179332634214,110.5896406945685,1.2201790039618416,0.3032024971510344,-2148.3510189196,65.52542640232178,0.17144715716187822,-900.1033447510679,133.76588508489152
2025-01-01 14:30:00,0.29006847084503573,0.17814163330011085,0.0,0.004834474514083929,0.0029690272216685142,0.0,0.015593299814483038,0.2244751710305527,0.0,0.05,0.0,0.0,0.0,0.1635582999667775,0,0.01458333333333334,1,0,0,Off,0,0,Off,0,0,Off,0.03681798800665564,0.02761349100499172,On,0,0,Off,0.0030157757675438593,0.0,On,0.012577524046939178,0,On,0.006397437741515965,0,On,0.1812597452823811,0.1359448089617858,On,Off,0.0,20.000000000000057,0.0,0.0,0.0,0.0,0,0.0,21116.65276888889,Off,0.0,23.888888888888914,0,0.0,0.05,0.0,0.0,0,0,0,11489.55984,Off,0.0,0,79.56268961603014,51.666666666666686,46.10666666666668,0.0,49.4312132624625,0.0,0.0,0.0,124.31670252504709,49.43221130414578,49.432710324987426,49.4312132624625,12.43753247303448,19.779526022360375,0.0,10.463281285674476,9.08408576747918,4.4,9.236100170605994,-1551.0708659924376,-2670.7418248442204,-1028.3630181192766,-2213.160814006107,-0.0,-0.0,293.3799028974913,1402.3273771688262,1.0,0.11135608700716905,0.0,0,1.0421828003711824,65.99961422222222,368.71004511617815,0.20762153380195536,9.318456122779274,0.0029115019974143425,14.657557019930035,1.2204467058342654,0.3492930458439935,-2736.867136367225,66.12531152300478,0.19186341695044723,-1161.3766025901123,133.01358447083555
2025-01-01 14:31:00,0.29006847084503573,0.17814163330011085,0.0,0.004834474514083929,0.0029690272216685142,0.0,0.015593299814483038,0.2244751710305527,0.0,0.05,0.0,0.0,0.0,0.1635582999667775,0,0.01458333333333334,1,0,0,Off,0,0,Off,0,0,Off,0.03681798800665564,0.02761349100499172,On,0,0,Off,0.0030157757675438593,0.0,On,0.012577524046939178,0,On,0.006397437741515965,0,On,0.1812597452823811,0.1359448089617858,On,Off,0.0,20.000000000000057,0.0,0.0,0.0,0.0,0,0.0,21116.65276888889,Off,0.0,23.888888888888914,0,0.0,0.05,0.0,0.0,0,0,0,11489.55984,Off,0.0,0,79.69801505469535,51.666666666666686,46.10666666666668,0.0,49.413685682193524,0.0,0.0,0.0,124.52814852296147,49.41568274949553,49.416681283146545,49.413685682193524,12.43753247303448,19.712532077155046,0.0,10.409349513630854,9.084848687407671,4.4,9.236100170605994,-1529.2627869528073,-2641.911153406595,-1029.3366381771302,-2197.9937713926824,-0.0,-0.0,293.3799028974913,1403.056077665528,1.0,0.1110768069280625,0.0,0,1.0395690151462005,65.99961422222222,375.3510815423839,0.20849025732122506,9.2879492775667,0.0029115528901322526,14.741003840614166,1.2207258523779974,0.3489100892301239,-2709.5492603480243,67.63810694142944,0.19187235680342962,-1161.6198846879925,132.28324651086234
2025-01-01 14:32:00,0.29006847084503573,0.17814163330011085,0.0,0.004834474514083929,0.0029690272216685142,0.0,0.015593299814483038,0.2244751710305527,0.0,0.05,0.0,0.0,0.0,0.1635582999667775,0,0.01458333333333334,1,0,0,Off,0,0,Off,0,0,Off,0.03681798800665564,0.02761349100499172,On,0,0,Off,0.0030157757675438593,0.0,On,0.012577524046939178,0,On,0.006397437741515965,0,On,0.1812597452823811,0.1359448089617858,On,Off,0.0,20.000000000000057,0.0,0.0,0.0,0.0,0,0.0,21116.65276888889,Off,0.0,23.888888888888914,0,0.0,0.05,0.0,0.0,0,0,0,11489.55984,Off,0.0,0,79.82784803092056,51.666666666666686,46.10666666666668,0.0,49.39612891703016,0.0,0.0,0.0,124.73101254831339,49.399126081995924,49.400624664478805,49.39612891703016,12.43753247303448,19.6475570026171,0.0,10.358467983427408,9.085524049567779,4.4,9.236100170605994,-1510.1776839286026,-2615.0692954272986,-1030.6359912821085,-2183.323653950762,-0.0,-0.0,293.3799028974913,1403.7527364303119,1.0,0.1108056217945262,0.0,0,1.0370309906027402,65.99961422222222,379.766067124668,0.2093368342356125,9.258499883096288,0.0029116040608830637,14.821505330295434,1.2209967074970767,0.34854840591549313,-2683.8223797276473,68.75308430034868,0.19188027031183238,-1161.8352587179559,131.19926743584745
2025-01-01 14:33:00,0.29006847084503573,0.17814163330011085,0.0,0.004834474514083929,0.0029690272216685142,0.0,0.015593299814483038,0.2244751710305527,0.0,0.05,0.0,0.0,0.0,0.1635582999667775,0,0.01458333333333334,1,0,0,Off,0,0,Off,0,0,Off,0.03681798800665564,0.02761349100499172,On,0,0,Off,0.0030157757675438593,0.0,On,0.012577524046939178,0,On,0.006397437741515965,0,On,0.1812597452823811,0.1359448089617858,On,Off,0.0,20.000000000000057,0.0,0.0,0.0,0.0,0,0.0,21116.65276888889,Off,0.0,23.888888888888914,0,0.0,0.05,0.0,0.0,0,0,0,11489.55984,Off,0.0,0,79.95246448407103,51.666666666666686,46.10666666666668,0.0,49.3785441776738,0.0,0.0,0.0,124.92572575636099,49.382542442665,49.3845415751606,49.3785441776738,12.43753247303448,19.584499100537368,0.0,10.310410360873515,9.086020412626016,4.4,9.236100170605994,-1492.152447200428,-2589.6840851569177,-1032.5921782108276,-2169.1239833108352,-0.0,-0.0,293.3799028974913,1404.4164653718674,1.0,0.11054213466686397,0.0,0,1.0345650117779714,65.99961422222222,383.59163321291584,0.21016225375711622,9.229367503121434,0.0029116554996670998,14.89920589169984,1.2212596843487005,0.3482064509171313,-2659.5643744927515,69.88028933583367,0.19188608620283032,-1161.993557206148,129.4013789953203
2025-01-01 14:34:00,0.29006847084503573,0.17814163330011085,0.0,0.004834474514083929,0.0029690272216685142,0.0,0.015593299814483038,0.2244751710305527,0.0,0.05,0.0,0.0,0.0,0.1635582999667775,0,0.01458333333333334,1,0,0,Off,0,0,Off,0,0,Off,0.03681798800665564,0.02761349100499172,On,0,0,Off,0.0030157757675438593,0.0,On,0.012577524046939178,0,On,0.006397437741515965,0,On,0.1812597452823811,0.1359448089617858,On,Off,0.0,20.000000000000057,0.0,0.0,0.0,0.0,0,0.0,21116.65276888889,Off,0.0,23.888888888888914,0,0.0,0.05,0.0,0.0,0,0,0,11489.55984,Off,0.0,0,80.0720668203154,51.666666666666686,46.10666666666668,0.0,49.360932613990705,0.0,0.0,0.0,125.1126044067428,49.365932915196474,49.368433065799366,49.360932613990705,12.43753247303448,19.52328402072318,0.0,10.264990152630434,9.086253096410223,4.4,9.236100170605994,-1475.1296933587691,-2565.780848730247,-1034.6115975981925,-2155.3747519324347,-0.0,-0.0,293.3799028974913,1405.0463539994757,1.0,0.11028606049752347,0.0,0,1.032168410908826,65.99961422222222,386.8651556761742,0.2109671769383453,9.201889180621643,0.0029117071969803577,14.974209294777094,1.221515082991114,0.3478829535304457,-2636.674353894913,70.89350516466612,0.19188881250041048,-1162.0677661610532,127.45616856286068
2025-01-01 14:35:00,0.29006847084503573,0.17814163330011085,0.0,0.004834474514083929,0.0029690272216685142,0.0,0.015593299814483038,0.2244751710305527,0.0,0.05,0.0,0.0,0.0,0.1635582999667775,0,0.01458333333333334,1,0,0,Off,0,0,Off,0,0,Off,0.03681798800665564,0.02761349100499172,On,0,0,Off,0.0030157757675438593,0.0,On,0.012577524046939178,0,On,0.006397437741515965,0,On,0.1812597452823811,0.1359448089617858,On,Off,0.0,20.000000000000057,0.0,0.0,0.0,0.0,0,0.0,21116.65276888889,Off,0.0,23.888888888888914,0,0.0,0.05,0.0,0.0,0,0,0,11489.55984,Off,0.0,0,80.18685807577407,51.666666666666686,46.10666666666668,0.0,49.34329533121403,0.0,0.0,0.0,125.29196574339697,49.349298541235704,49.35230014624655,49.34329533121403,12.43753247303448,19.463837136128966,-0.03616286387109113,10.222035554668143,9.086173069602218,4.4,9.236100170605994,-1458.390639592033,-2543.211685143476,-1036.4606279267819,-2142.0561493732653,-0.0,-0.0,293.3799028974913,1405.6414679788522,1.0,0.11003711111031023,0.0,0,1.029838490951241,65.99961422222222,390.2856068837407,0.21175229177762514,9.174653725475933,0.0029117591436772002,15.0466204401033,1.2217632054430616,0.34757674000291633,-2615.0597603720275,71.84807522855144,0.19188787485072892,-1162.042243356833,125.5816154300511
2025-01-01 14:36:00,0.29006847084503573,0.17814163330011085,0.0,0.004834474514083929,0.0029690272216685142,0.0,0.015593299814483038,0.2244751710305527,0.0,0.05,0.0,0.0,0.0,0.1635582999667775,0,0.01458333333333334,1,0,0,Off,0,0,Off,0,0,Off,0.03681798800665564,0.02761349100499172,On,0,0,Off,0.0030157757675438593,0.0,On,0.012577524046939178,0,On,0.006397437741515965,0,On,0.1812597452823811,0.1359448089617858,On,Off,0.0,20.000000000000057,0.0,0.0,0.0,0.0,0,0.0,21116.65276888889,Off,0.0,23.888888888888914,0,0.0,0.05,0.0,0.0,0,0,0,11489.55984,Off,0.0,0,80.29700512512363,51.666666666666686,46.10666666666668,0.0,49.325633389806704,0.0,0.0,0.0,125.46407050800568,49.33264032024879,49.336143785469844,49.325633389806704,12.43753247303448,19.40609725459214,-0.09390274540791665,10.181392193582424,9.085749519730786,4.4,9.236100170605994,-1442.5108102698664,-2521.8953581574947,-1038.5605051833895,-2129.15161239544,-0.0,-0.0,293.3799028974913,1406.2008479580468,1.0,0.10979505278290579,0.0,0,1.0275730644955567,65.99961422222222,393.26089922808234,0.21251813111723925,9.147634633075567,0.0029118113309733002,15.11652443068461,1.222004298375655,0.3472867541584381,-2594.6376161603703,72.74225800287569,0.19188291216987394,-1161.9071641347036,123.34665895131403
2025-01-01 14:37:00,0.29006847084503573,0.17814163330011085,0.0,0.004834474514083929,0.0029690272216685142,0.0,0.015593299814483038,0.2244751710305527,0.0,0.05,0.0,0.0,0.0,0.1635582999667775,0,0.01458333333333334,1,0,0,Off,0,0,Off,0,0,Off,0.03681798800665564,0.02761349100499172,On,0,0,Off,0.0030157757675438593,0.0,On,0.012577524046939178,0,On,0.006397437741515965,0,On,0.1812597452823811,0.1359448089617858,On,Off,0.0,20.000000000000057,0.0,0.0,0.0,0.0,0,0.0,21116.65276888889,Off,0.0,23.888888888888914,0,0.0,0.05,0.0,0.0,0,0,0,11489.55984,Off,0.0,0,80.40270010658463,51.666666666666686,46.10666666666668,0.0,49.307947813429664,0.0,0.0,0.0,125.62921891653848,49.31595921703487,49.31996491883749,49.307947813429664,12.43753247303448,19.349993733668793,-0.15000626633126402,10.142918380773942,9.084943318157098,4.4,9.236100170605994,-1426.918650059226,-2501.754009888446,-1040.7046611322442,-2116.642682110374,-0.0,-0.0,293.3799028974913,1406.72350645885,1.0,0.10955961052118122,0.0,0,1.0253695578688014,65.99961422222222,396.3441291536567,0.2132653721484865,9.122159515014504,0.0029118637503785082,15.184021375035574,1.2222386485972625,0.3470120245260006,-2575.332017761662,73.57800787321608,0.1918734656522132,-1161.6500618662014,120.94540073395724
2025-01-01 14:38:00,0.29006847084503573,0.17814163330011085,0.0,0.004834474514083929,0.0029690272216685142,0.0,0.015593299814483038,0.2244751710305527,0.0,0.05,0.0,0.0,0.0,0.1635582999667775,0,0.01458333333333334,1,0,0,Off,0,0,Off,0,0,Off,0.03681798800665564,0.02761349100499172,On,0,0,Off,0.0030157757675438593,0.0,On,0.012577524046939178,0,On,0.006397437741515965,0,On,0.1812597452823811,0.1359448089617858,On,Off,0.0,20.000000000000057,0.0,0.0,0.0,0.0,0,0.0,21116.65276888889,Off,0.0,23.888888888888914,0,0.0,0.05,0.0,0.0,0,0,0,11489.55984,Off,0.0,0,80.50410222786749,51.666666666666686,46.10666666666668,0.0,49.29023958337744,0.0,0.0,0.0,125.78765973104295,49.29925615647782,49.303764443028015,49.29023958337744,12.43753247303448,19.295468163937436,-0.20453183606262115,10.106483324722644,9.083730159910923,4.4,9.236100170605994,-1411.9459636698575,-2482.71427585827,-1042.8030339781903,-2104.5138371536964,-0.0,-0.0,293.3799028974913,1407.2084283799484,1.0,0.10933055905221646,0.0,0,1.023225862739325,65.99961422222222,399.1879705863475,0.21399454918383987,9.097514520327953,0.0029119163937464296,15.249193296072196,1.2224664924596063,0.34675165235585803,-2557.073143371414,74.35886751314403,0.19185924981855024,-1161.2632105891214,118.46017661093094
2025-01-01 14:39:00,0.29006847084503573,0.17814163330011085,0.0,0.004834474514083929,0.0029690272216685142,0.0,0.015593299814483038,0.2244751710305527,0.0,0.05,0.0,0.0,0.0,0.1635582999667775,0,0.01458333333333334,1,0,0,Off,0,0,Off,0,0,Off,0.03681798800665564,0.02761349100499172,On,0,0,Off,0.0030157757675438593,0.0,On,0.012577524046939178,0,On,0.006397437741515965,0,On,0.1812597452823811,0.1359448089617858,On,Off,0.0,20.000000000000057,0.0,0.0,0.0,0.0,0,0.0,21116.65276888889,Off,0.0,23.888888888888914,0,0.0,0.05,0.0,0.0,0,0,0,11489.55984,Off,0.0,0,80.60138164055145,51.666666666666686,46.10666666666668,0.0,49.272509645834546,0.0,0.0,0.0,125.93965881336163,49.282532030387266,49.28754322266363,49.272509645834546,12.43753247303448,19.242458024142902,-0.2575419758571549,10.071965749412637,9.082095050131356,4.4,9.236100170605994,-1397.7062861244117,-2464.708578753384,-1044.85191995683,-2092.7488300038435,-0.0,-0.0,293.3799028974913,1407.654567619679,1.0,0.10910765437808742,0.0,0,1.0211396955279657,65.99961422222222,401.6626409819406,0.21470626851744404,9.07299030506169,0.002911969253213163,15.312129035095776,1.2226880840828027,0.34650480240906084,-2539.7964797144436,75.08790096106006,0.1918400878743099,-1160.7418680638216,115.88994810699168
2025-01-01 14:40:00,1.3408413875117027,0.17814163330011085,0.9006625,0.022347356458528377,0.0029690272216685142,0.015011041666666667,0.015593299814483038,0.2244751710305527,1.0507729166666668,0.05,0.0,0.9006625,0.0,0.1635582999667775,0,0.01458333333333334,1,0,0,Off,0,0,Off,0,0,Off,0.03681798800665564,0.02761349100499172,On,0,0,Off,0.0030157757675438593,0.0,On,0.012577524046939178,0,On,0.006397437741515965,0,On,0.1812597452823811,0.1359448089617858,On,On,17415.9303113141,20.000000000000057,0.8,4751.49537424146,26.39581596111111,1.0507729166666668,1,21116.65276888889,21116.65276888889,Off,0.0,23.888888888888914,0,0.0,0.05,0.0,0.0,0,0,0,11489.55984,Off,0.0,0,80.69470883977391,51.666666666666686,46.10666666666668,0.0,49.25475890946574,0.0,0.0,0.0,126.08548256214674,49.265787695225136,49.27130208810484,49.25475890946574,12.43753247303448,19.190900629546277,-0.30909937045377944,10.039252774824503,9.080028093502902,4.4,9.236100170605994,16032.268563752425,2303.8212671386677,-1046.8145605643892,-2081.331562570955,-0.0,-0.0,293.3799028974913,1408.0608454844883,1.0,0.10889065037285309,0.0,0,1.019108752739429,65.99961422222222,404.2899121117911,0.21540115582563238,9.049233541412502,0.002912022321219526,15.372918218673721,1.2229036788443783,0.34627069551889905,-2523.4421926219397,75.76808551914743,0.19181586235301312,-1160.0829337172022,113.26837315281298
2025-01-01 14:41:00,1.3408413875117027,0.17814163330011085,0.9006625,0.022347356458528377,0.0029690272216685142,0.015011041666666667,0.015593299814483038,0.2244751710305527,1.0507729166666668,0.05,0.0,0.9006625,0.0,0.1635582999667775,0,0.01458333333333334,1,0,0,Off,0,0,Off,0,0,Off,0.03681798800665564,0.02761349100499172,On,0,0,Off,0.0030157757675438593,0.0,On,0.012577524046939178,0,On,0.006397437741515965,0,On,0.1812597452823811,0.1359448089617858,On,On,17415.9303113141,20.000000000000057,0.8,4751.49537424146,26.39581596111111,1.0507729166666668,1,21116.65276888889,21116.65276888889,Off,0.0,23.888888888888914,0,0.0,0.05,0.0,0.0,0,0,0,11489.55984,Off,0.0,0,79.93573448056817,51.666666666666686,46.10666666666668,0.0,49.236988245341706,0.0,0.0,0.0,124.89958512588777,49.24902397203427,49.25504183538056,49.236988245341706,12.43753247303448,19.456972772293152,-0.04302722770690437,10.179732440327696,9.077525003118595,4.4,9.236100170605994,15958.305170304238,2230.326470673936,-1048.6716005496544,-2140.520369850585,-0.0,-0.0,293.3799028974913,1408.4261485802522,1.0,0.11000834748890255,0.0,0,1.0295692919131538,65.99961422222222,389.51532594323436,0.21186564174678924,9.171534534564982,0.002912075590513088,14.947334944159959,1.221791633947499,0.34727490685803575,-2593.8042458400287,72.6353422725046,0.1917865210808017,-1159.2851108358477,110.61351028619335
2025-01-01 14:42:00,1.3408413875117027,0.17814163330011085,0.9006625,0.022347356458528377,0.0029690272216685142,0.015011041666666667,0.015593299814483038,0.2244751710305527,1.0507729166666668,0.05,0.0,0.9006625,0.0,0.1635582999667775,0,0.01458333333333334,1,0,0,Off,0,0,Off,0,0,Off,0.03681798800665564,0.02761349100499172,On,0,0,Off,0.0030157757675438593,0.0,On,0.012577524046939178,0,On,0.006397437741515965,0,On,0.1812597452823811,0.1359448089617858,On,On,17415.9303113141,20.000000000000057,0.8,4751.49537424146,26.39581596111111,1.0507729166666668,1,21116.65276888889,21116.65276888889,Off,0.0,23.888888888888914,0,0.0,0.05,0.0,0.0,0,0,0,11489.55984,Off,0.0,0,79.19915872886389,51.666666666666686,46.10666666666668,0.0,49.219385421698654,0.0,0.0,0.0,123.74868551384984,49.23241792009905,49.238934169299256,49.219385421698654,12.43753247303448,19.71485503395228,0.0,10.312258114510453,9.074585760015397,4.4,9.236100170605994,15887.182650243863,2160.9970088897408,-1050.4054279647423,-2198.5189773172756,-0.0,-0.0,293.3799028974913,1408.7493265677754,1.0,0.11108649634131988,0.0,0,1.0396596984677318,65.99961422222222,376.391413349549,0.20850113670915216,9.289586270039983,0.0029121274322437525,14.536294557786174,1.2207157466732292,0.3482196048533987,-2660.496325819726,69.99796046800641,0.19175206148694732,-1158.348478445714,107.94305048097155
2025-01-01 14:43:00,1.3408413875117027,0.17814163330011085,0.9006625,0.022347356458528377,0.0029690272216685142,0.015011041666666667,0.015593299814483038,0.2244751710305527,1.0507729166666668,0.05,0.0,0.9006625,0.0,0.1635582999667775,0,0.01458333333333334,1,0,0,Off,0,0,Off,0,0,Off,0.03681798800665564,0.02761349100499172,On,0,0,Off,0.0030157757675438593,0.0,On,0.012577524046939178,0,On,0.006397437741515965,0,On,0.1812597452823811,0.1359448089617858,On,On,17415.9303113141,20.000000000000057,0.8,4751.49537424146,26.39581596111111,1.0507729166666668,1,21116.65276888889,21116.65276888889,Off,0.0,23.888888888888914,0,0.0,0.05,0.0,0.0,0,0,0,11489.55984,Off,0.0,0,78.48362010679419,51.666666666666686,46.10666666666668,0.0,49.20194549757441,0.0,0.0,0.0,122.63065641686593,49.215964886276026,49.22297458062684,49.20194549757441,12.43753247303448,19.96505016932452,0.0,10.437454081817572,9.071213968975753,4.4,9.236100170605994,15817.491412105639,2095.1920557328535,-1052.0029566388494,-2255.3797248358687,-0.0,-0.0,293.3799028974913,1409.0291897622583,1.0,0.11212774495853083,0.0,0,1.0494047553293082,65.99961422222222,363.5609227299192,0.20529427031935302,9.40370643141546,0.0029121778928007406,14.138848790381555,1.2196737393651589,0.349109705463765,-2723.7787194718235,67.47540096321686,0.19171252308632827,-1157.2742847392524,105.27132810040303
2025-01-01 14:44:00,0.29006847084503573,0.17814163330011085,0.0,0.004834474514083929,0.0029690272216685142,0.0,0.015593299814483038,0.2244751710305527,0.0,0.05,0.0,0.0,0.0,0.1635582999667775,0,0.01458333333333334,1,0,0,Off,0,0,Off,0,0,Off,0.03681798800665564,0.02761349100499172,On,0,0,Off,0.0030157757675438593,0.0,On,0.012577524046939178,0,On,0.006397437741515965,0,On,0.1812597452823811,0.1359448089617858,On,Off,0.0,20.000000000000057,0.0,0.0,0.0,0.0,0,0.0,21116.65276888889,Off,0.0,23.888888888888914,0,0.0,0.05,0.0,0.0,0,0,0,11489.55984,Off,0.0,0,77.78804082377073,51.666666666666686,46.10666666666668,0.0,49.18466383213072,0.0,0.0,0.0,121.54381378714176,49.1996605002586,49.20715883432255,49.18466383213072,12.43753247303448,20.207955487609954,0.0,10.555839878931085,9.06741618561967,4.4,9.236100170605994,-1666.5052499967364,-2718.762425707071,-1053.45435470567,-2311.137685025193,-0.0,-0.0,293.3799028974913,1409.264506579755,1.0,0.11313423790177762,0.0,0,1.0588245334693147,65.99961422222222,351.25253213096545,0.20223384376693862,9.514152720483752,0.0029122270156160235,13.754230842840212,1.2186637928929378,0.34994930548959935,-2783.867172627714,65.10474692064273,0.19166797963440882,-1156.0647310223733,102.6103763167031
2025-01-01 14:45:00,0.4438253879561392,0.21370015094669892,0.0,0.007397089799268986,0.003561669182444982,0.0,0.07240901188858762,0.3214163760675516,0.0,0.05,0.0,0.0,0.0,0.19911681761336558,0,0.01458333333333334,1,0,0,Off,0,0,Off,0,0,Off,0.03681798800665564,0.02761349100499172,On,0,0,Off,0.0030157757675438593,0.0,On,0.06939323612104376,0,On,0.05592728591639742,0,On,0.22867110214449854,0.17150332660837386,On,Off,0.0,20.000000000000057,0.0,0.0,0.0,0.0,0,0.0,21116.65276888889,Off,0.0,23.888888888888914,0,0.0,0.05,0.0,0.0,0,0,0,11489.55984,Off,0.0,0,77.95996449720329,51.666666666666686,46.10666666666668,0.0,49.16753602214414,0.0,0.0,0.0,121.81244452688013,49.18350061564313,49.19148291239264,49.16753602214414,12.43753247303448,20.127691156096805,0.0,10.496377039410797,9.063201361094512,4.4,9.236100170605994,-1492.029670230341,-2687.493574163611,-1054.752662345887,-2292.6531240553154,-0.0,-0.0,443.81802502824655,1409.45400080858,1.0,0.11280213509172447,0.0,0,1.0557163797446776,65.99961422222222,356.805428796728,0.20324384959481756,9.478118785112185,0.0029122748417496377,14.854042358122392,1.2189972820157242,0.3495278431322439,-2753.6558082126826,66.16223404907186,0.19161853266634418,-1154.722792938426,99.97013059253901
2025-01-01 14:46:00,0.4438253879561392,0.21370015094669892,0.0,0.007397089799268986,0.003561669182444982,0.0,0.07240901188858762,0.3214163760675516,0.0,0.05,0.0,0.0,0.0,0.19911681761336558,0,0.01458333333333334,1,0,0,Off,0,0,Off,0,0,Off,0.03681798800665564,0.02761349100499172,On,0,0,Off,0.0030157757675438593,0.0,On,0.06939323612104376,0,On,0.05592728591639742,0,On,0.22867110214449854,0.17150332660837386,On,Off,0.0,20.000000000000057,0.0,0.0,0.0,0.0,0,0.0,21116.65276888889,Off,0.0,23.888888888888914,0,0.0,0.05,0.0,0.0,0,0,0,11489.55984,Off,0.0,0,78.11652069781523,51.666666666666686,46.10666666666668,0.0,49.150370944863084,0.0,0.0,0.0,122.0570635903363,49.16730501516831,49.17577205032094,49.150370944863084,12.43753247303448,20.053118449535745,0.0,10.440553937112249,9.058580360916501,4.4,9.236100170605994,-1470.798955006245,-2657.416219988402,-1055.8933288075766,-2275.5325364595496,-0.0,-0.0,443.81802502824655,1409.5963486970315,1.0,0.11249316060041088,0.0,0,1.0528246842006366,65.99961422222222,360.9155564250582,0.20418782055678208,9.44440557646616,0.0029123264780112875,14.948518219708312,1.2193072814135437,0.34913171558786305,-2725.3490223135327,67.9328023251307,0.19156430590834045,-1153.2520652165306,97.35873640895404
2025-01-01 14:47:00,0.4438253879561392,0.21370015094669892,0.0,0.007397089799268986,0.003561669182444982,0.0,0.07240901188858762,0.3214163760675516,0.0,0.05,0.0,0.0,0.0,0.19911681761336558,0,0.01458333333333334,1,0,0,Off,0,0,Off,0,0,Off,0.03681798800665564,0.02761349100499172,On,0,0,Off,0.0030157757675438593,0.0,On,0.06939323612104376,0,On,0.05592728591639742,0,On,0.22867110214449854,0.17150332660837386,On,Off,0.0,20.000000000000057,0.0,0.0,0.0,0.0,0,0.0,21116.65276888889,Off,0.0,23.888888888888914,0,0.0,0.05,0.0,0.0,0,0,0,11489.55984,Off,0.0,0,78.26601677896802,51.666666666666686,46.10666666666668,0.0,49.13317198682313,0.0,0.0,0.0,122.29065121713752,49.151076891311874,49.160029343556246,49.13317198682313,12.43753247303448,19.981144453184644,0.0,10.388049416268721,9.053565553227433,4.4,9.236100170605994,-1450.1214474396036,-2629.816988559549,-1056.8738330857104,-2259.0572537172807,-0.0,-0.0,443.81802502824655,1409.690175890911,1.0,0.1121945664808793,0.0,0,1.0500301386662938,65.99961422222222,365.11778124943044,0.20510371905401445,9.411352445425546,0.002912378429482379,15.039190593672998,1.2196066259733138,0.34875872649878203,-2698.774002835516,68.95701427596703,0.191505440503596,-1151.6566285134338,94.78279542772327
2025-01-01 14:48:00,0.4438253879561392,0.21370015094669892,0.0,0.007397089799268986,0.003561669182444982,0.0,0.07240901188858762,0.3214163760675516,0.0,0.05,0.0,0.0,0.0,0.19911681761336558,0,0.01458333333333334,1,0,0,Off,0,0,Off,0,0,Off,0.03681798800665564,0.02761349100499172,On,0,0,Off,0.0030157757675438593,0.0,On,0.06939323612104376,0,On,0.05592728591639742,0,On,0.22867110214449854,0.17150332660837386,On,Off,0.0,20.000000000000057,0.0,0.0,0.0,0.0,0,0.0,21116.65276888889,Off,0.0,23.888888888888914,0,0.0,0.05,0.0,0.0,0,0,0,11489.55984,Off,0.0,0,78.40895556734479,51.666666666666686,46.10666666666668,0.0,49.115940704270756,0.0,0.0,0.0,122.51399307397622,49.1348177107609,49.14425621400597,49.115940704270756,12.43753247303448,19.911583235181663,0.0,10.338554912973336,9.048170456705273,4.4,9.236100170605994,-1430.0857720979131,-2603.731576488632,-1057.6933535423466,-2243.179784106968,-0.0,-0.0,443.81802502824655,1409.7340538902458,1.0,0.11190561946201977,0.0,0,1.0473258804495467,65.99961422222222,369.27598698080817,0.2059934469869662,9.380261432911466,0.002912430683244048,15.126327858364057,1.2198960738491669,0.34840675477652805,-2673.7660351968993,70.03445870826711,0.19144209093668352,-1149.940935300686,92.24758175833958
2025-01-01 14:49:00,0.4438253879561392,0.21370015094669892,0.0,0.007397089799268986,0.003561669182444982,0.0,0.07240901188858762,0.3214163760675516,0.0,0.05,0.0,0.0,0.0,0.19911681761336558,0,0.01458333333333334,1,0,0,Off,0,0,Off,0,0,Off,0.03681798800665564,0.02761349100499172,On,0,0,Off,0.0030157757675438593,0.0,On,0.06939323612104376,0,On,0.05592728591639742,0,On,0.22867110214449854,0.17150332660837386,On,Off,0.0,20.000000000000057,0.0,0.0,0.0,0.0,0,0.0,21116.65276888889,Off,0.0,23.888888888888914,0,0.0,0.05,0.0,0.0,0,0,0,11489.55984,Off,0.0,0,78.54574142165933,51.666666666666686,46.10666666666668,0.0,49.098678542619915,0.0,0.0,0.0,122.72772097134269,49.118528835744,49.12845398230605,49.098678542619915,12.43753247303448,19.844285457637664,0.0,10.291840342335606,9.04240944050465,4.4,9.236100170605994,-1410.766298358384,-2579.140089366972,-1058.3524825005352,-2227.86158867489,-0.0,-0.0,443.81802502824655,1409.7264968783834,1.0,0.11162573371156825,0.0,0,1.044706426740018,65.99961422222222,373.2772652882594,0.20685849424152192,9.348963202110397,0.0029124832272944662,15.210144530720271,1.220176232768464,0.3480742255829035,-2650.201493936751,71.06140456977901,0.19137442156568935,-1148.1097124153769,89.75722991484169
2025-01-01 14:50:00,0.4438253879561392,0.21370015094669892,0.0,0.007397089799268986,0.003561669182444982,0.0,0.07240901188858762,0.3214163760675516,0.0,0.05,0.0,0.0,0.0,0.19911681761336558,0,0.01458333333333334,1,0,0,Off,0,0,Off,0,0,Off,0.03681798800665564,0.02761349100499172,On,0,0,Off,0.0030157757675438593,0.0,On,0.06939323612104376,0,On,0.05592728591639742,0,On,0.22867110214449854,0.17150332660837386,On,Off,0.0,20.000000000000057,0.0,0.0,0.0,0.0,0,0.0,21116.65276888889,Off,0.0,23.888888888888914,0,0.0,0.05,0.0,0.0,0,0,0,11489.55984,Off,0.0,0,78.67671576626869,51.666666666666686,46.10666666666668,0.0,49.08138685814927,0.0,0.0,0.0,122.93236838479483,49.10221154448729,49.112623887656305,49.08138685814927,12.43753247303448,19.779125153822367,0.0,10.247705546155204,9.03629746936563,4.4,9.236100170605994,-1392.3735555285243,-2555.9480837877704,-1058.8529797626054,-2213.0699356899727,-0.0,-0.0,443.81802502824655,1409.6659576393,1.0,0.11135441688921814,0.0,0,1.0421671697195514,65.99961422222222,376.8783551332018,0.20770009547855406,9.319482044891387,0.0029125360503660953,15.290820959210016,1.2204476146653247,0.34775976793429775,-2627.9729618743263,72.02487808655586,0.19130260368071203,-1146.1678781228663,87.3148983602609
2025-01-01 14:51:00,0.4438253879561392,0.21370015094669892,0.0,0.007397089799268986,0.003561669182444982,0.0,0.07240901188858762,0.3214163760675516,0.0,0.05,0.0,0.0,0.0,0.19911681761336558,0,0.01458333333333334,1,0,0,Off,0,0,Off,0,0,Off,0.03681798800665564,0.02761349100499172,On,0,0,Off,0.0030157757675438593,0.0,On,0.06939323612104376,0,On,0.05592728591639742,0,On,0.22867110214449854,0.17150332660837386,On,Off,0.0,20.000000000000057,0.0,0.0,0.0,0.0,0,0.0,21116.65276888889,Off,0.0,23.888888888888914,0,0.0,0.05,0.0,0.0,0,0,0,11489.55984,Off,0.0,0,78.8021857398724,51.666666666666686,46.10666666666668,0.0,49.06406693187026,0.0,0.0,0.0,123.12841521855061,49.085867044288506,49.096767100497644,49.06406693187026,12.43753247303448,19.715989064035366,0.0,10.205975135272418,9.029849887903504,4.4,9.236100170605994,-1374.2580307574392,-2534.054387805699,-1059.1975601031206,-2198.7753926134737,-0.0,-0.0,443.81802502824655,1409.5508235750833,1.0,0.11109122640992843,0.0,0,1.0397039672300497,65.99961422222222,380.6993368277879,0.20851935934094723,9.291061540186456,0.0029125891418094467,15.36851930673572,1.2207106798308722,0.3474621796252439,-2606.9864286991497,72.93204089345048,0.19122681301786953,-1144.1204718076535,84.92291170453299
2025-01-01 14:52:00,0.4438253879561392,0.21370015094669892,0.0,0.007397089799268986,0.003561669182444982,0.0,0.07240901188858762,0.3214163760675516,0.0,0.05,0.0,0.0,0.0,0.19911681761336558,0,0.01458333333333334,1,0,0,Off,0,0,Off,0,0,Off,0.03681798800665564,0.02761349100499172,On,0,0,Off,0.0030157757675438593,0.0,On,0.06939323612104376,0,On,0.05592728591639742,0,On,0.22867110214449854,0.17150332660837386,On,Off,0.0,20.000000000000057,0.0,0.0,0.0,0.0,0,0.0,21116.65276888889,Off,0.0,23.888888888888914,0,0.0,0.05,0.0,0.0,0,0,0,11489.55984,Off,0.0,0,78.92239490516414,51.666666666666686,46.10666666666668,0.0,49.046719977083185,0.0,0.0,0.0,123.31624203931896,49.069496478639635,49.08088472941787,49.046719977083185,12.43753247303448,19.654787559171826,0.0,10.166493225604151,9.023082238851678,4.4,9.236100170605994,-1356.9130301770654,-2513.374739526079,-1059.389710401564,-2184.9542312053295,-0.0,-0.0,443.81802502824655,1409.3794123572002,1.0,0.11083581550051322,0.0,0,1.037313573817586,65.99961422222222,384.22317600001753,0.20931712118704646,9.262965775029192,0.002912642491530734,15.443366674562029,1.2209657911808156,0.3471803910156694,-2587.158482264901,73.78374273882231,0.1911472276671142,-1141.9725946414194,82.58288423985543
2025-01-01 14:53:00,0.4438253879561392,0.21370015094669892,0.0,0.007397089799268986,0.003561669182444982,0.0,0.07240901188858762,0.3214163760675516,0.0,0.05,0.0,0.0,0.0,0.19911681761336558,0,0.01458333333333334,1,0,0,Off,0,0,Off,0,0,Off,0.03681798800665564,0.02761349100499172,On,0,0,Off,0.0030157757675438593,0.0,On,0.06939323612104376,0,On,0.05592728591639742,0,On,0.22867110214449854,0.17150332660837386,On,Off,0.0,20.000000000000057,0.0,0.0,0.0,0.0,0,0.0,21116.65276888889,Off,0.0,23.888888888888914,0,0.0,0.05,0.0,0.0,0,0,0,11489.55984,Off,0.0,0,79.03758837488542,51.666666666666686,46.10666666666668,0.0,49.02934715338592,0.0,0.0,0.0,123.49623183575846,49.05310094043431,49.06497783395851,49.02934715338592,12.43753247303448,19.5954303817377,0.0,10.12911903755055,9.016010110690598,4.4,9.236100170605994,-1340.2959292814037,-2493.831950339248,-1059.4335325781572,-2171.582884902024,-0.0,-0.0,443.81802502824655,1409.1499672718332,1.0,0.11058783245478128,0.0,0,1.0349926978601824,65.99961422222222,387.46893059237374,0.21009425190418016,9.235840043868443,0.0029126960898731642,15.515491980573067,1.221213315193097,0.3469134346605149,-2568.413972333442,74.58202199419398,0.19106402632010278,-1139.729359780468,80.29582720231082
2025-01-01 14:54:00,0.4438253879561392,0.21370015094669892,0.0,0.007397089799268986,0.003561669182444982,0.0,0.07240901188858762,0.3214163760675516,0.0,0.05,0.0,0.0,0.0,0.19911681761336558,0,0.01458333333333334,1,0,0,Off,0,0,Off,0,0,Off,0.03681798800665564,0.02761349100499172,On,0,0,Off,0.0030157757675438593,0.0,On,0.06939323612104376,0,On,0.05592728591639742,0,On,0.22867110214449854,0.17150332660837386,On,Off,0.0,20.000000000000057,0.0,0.0,0.0,0.0,0,0.0,21116.65276888889,Off,0.0,23.888888888888914,0,0.0,0.05,0.0,0.0,0,0,0,11489.55984,Off,0.0,0,79.14799219328329,51.666666666666686,46.10666666666668,0.0,49.01194956633437,0.0,0.0,0.0,123.66873780200513,49.03668147164583,49.04904742430156,49.01194956633437,12.43753247303448,19.537834329953878,0.0,10.093724045530745,9.008649010680413,4.4,9.236100170605994,-1324.4574414596925,-2475.355139438196,-1059.3336090684868,-2158.6396607341076,-0.0,-0.0,443.81802502824655,1408.8606522306156,1.0,0.11034695287089916,0.0,0,1.032738303277636,65.99961422222222,390.36419424616844,0.21085155626267665,9.209640569704309,0.002912749927622034,15.585014152443769,1.2214535897992074,0.3466604257709518,-2550.684481000503,75.32934156230706,0.1909773868113837,-1137.3958508252676,78.0622417567808
2025-01-01 14:55:00,0.4438253879561392,0.21370015094669892,0.0,0.007397089799268986,0.003561669182444982,0.0,0.07240901188858762,0.3214163760675516,0.0,0.05,0.0,0.0,0.0,0.19911681761336558,0,0.01458333333333334,1,0,0,Off,0,0,Off,0,0,Off,0.03681798800665564,0.02761349100499172,On,0,0,Off,0.0030157757675438593,0.0,On,0.06939323612104376,0,On,0.05592728591639742,0,On,0.22867110214449854,0.17150332660837386,On,Off,0.0,20.000000000000057,0.0,0.0,0.0,0.0,0,0.0,21116.65276888889,Off,0.0,23.888888888888914,0,0.0,0.05,0.0,0.0,0,0,0,11489.55984,Off,0.0,0,79.25382140196382,51.666666666666686,46.10666666666668,0.0,48.99452827164537,0.0,0.0,0.0,123.83409594056847,49.02023906728849,49.03309446511006,48.99452827164537,12.43753247303448,19.481920255633675,-0.018079744366382045,10.060189936011668,9.001014259822647,4.4,9.236100170605994,-1308.8610185360376,-2457.878994472773,-1059.0948878704362,-2146.1040346475233,-0.0,-0.0,443.81802502824655,1408.509546423044,1.0,0.11011286732146053,0.0,0,1.0305474941355668,65.99961422222222,393.42499108323926,0.21158980952978182,9.183641992511653,0.002912803995970335,15.652046644292312,1.2216869368167627,0.3464205482896834,-2533.9072182086484,76.02822373587553,0.190887484912237,-1134.9770874319672,75.88219956153111
2025-01-01 14:56:00,0.4438253879561392,0.21370015094669892,0.0,0.007397089799268986,0.003561669182444982,0.0,0.07240901188858762,0.3214163760675516,0.0,0.05,0.0,0.0,0.0,0.19911681761336558,0,0.01458333333333334,1,0,0,Off,0,0,Off,0,0,Off,0.03681798800665564,0.02761349100499172,On,0,0,Off,0.0030157757675438593,0.0,On,0.06939323612104376,0,On,0.05592728591639742,0,On,0.22867110214449854,0.17150332660837386,On,Off,0.0,20.000000000000057,0.0,0.0,0.0,0.0,0,0.0,21116.65276888889,Off,0.0,23.888888888888914,0,0.0,0.05,0.0,0.0,0,0,0,11489.55984,Off,0.0,0,79.35525280166954,51.666666666666686,46.10666666666668,0.0,48.97708427762242,0.0,0.0,0.0,123.99258250260864,49.00377467770331,49.01711987774377,48.97708427762242,12.43753247303448,19.427623218042196,-0.07237678195786046,10.028407116601569,8.99312090672066,4.4,9.236100170605994,-1293.921028038542,-2441.34299422971,-1058.7225846268739,-2133.9588975110223,-0.0,-0.0,443.81802502824655,1408.0946385803227,1.0,0.10988532409445484,0.0,0,1.0284179146585954,65.99961422222222,396.2198444442338,0.2123096213708512,9.159179338662028,0.0029128582864995857,15.716681755769244,1.2219136194725397,0.34619304478655455,-2518.0242077857706,76.68121355606085,0.19079449334180734,-1132.4779971040407,73.75541247716679
2025-01-01 14:57:00,0.4438253879561392,0.21370015094669892,0.0,0.007397089799268986,0.003561669182444982,0.0,0.07240901188858762,0.3214163760675516,0.0,0.05,0.0,0.0,0.0,0.19911681761336558,0,0.01458333333333334,1,0,0,Off,0,0,Off,0,0,Off,0.03681798800665564,0.02761349100499172,On,0,0,Off,0.0030157757675438593,0.0,On,0.06939323612104376,0,On,0.05592728591639742,0,On,0.22867110214449854,0.17150332660837386,On,Off,0.0,20.000000000000057,0.0,0.0,0.0,0.0,0,0.0,21116.65276888889,Off,0.0,23.888888888888914,0,0.0,0.05,0.0,0.0,0,0,0,11489.55984,Off,0.0,0,79.45247372136488,51.666666666666686,46.10666666666668,0.0,48.95961855358214,0.0,0.0,0.0,124.14449018963263,48.98728921650226,49.00112454796233,48.95961855358214,12.43753247303448,19.374874315805144,-0.12512568419491288,9.99827360725719,8.984983657696109,4.4,9.236100170605994,-1279.5872507059864,-2425.6908610884084,-1058.2220994835698,-2122.1864585525595,-0.0,-0.0,443.81802502824655,1407.6138208200812,1.0,0.10966405330877227,0.0,0,1.0263470390265508,65.99961422222222,398.7811828183267,0.21301167237181876,9.134850530872907,0.002912912791108255,15.779018465829878,1.2221339181639115,0.34597720899724954,-2502.981675682448,77.2908145940394,0.19069858096477624,-1129.903392313199,71.68129282962923
2025-01-01 14:58:00,0.4438253879561392,0.21370015094669892,0.0,0.007397089799268986,0.003561669182444982,0.0,0.07240901188858762,0.3214163760675516,0.0,0.05,0.0,0.0,0.0,0.19911681761336558,0,0.01458333333333334,1,0,0,Off,0,0,Off,0,0,Off,0.03681798800665564,0.02761349100499172,On,0,0,Off,0.0030157757675438593,0.0,On,0.06939323612104376,0,On,0.05592728591639742,0,On,0.22867110214449854,0.17150332660837386,On,Off,0.0,20.000000000000057,0.0,0.0,0.0,0.0,0,0.0,21116.65276888889,Off,0.0,23.888888888888914,0,0.0,0.05,0.0,0.0,0,0,0,11489.55984,Off,0.0,0,79.54566068819084,51.666666666666686,46.10666666666668,0.0,48.94213202753628,0.0,0.0,0.0,124.29009482529818,48.970783558381115,48.98510932380354,48.94213202753628,12.43753247303448,19.32360863435959,-0.1763913656404661,9.96969419122618,8.976616820862242,4.4,9.236100170605994,-1265.7465637013077,-2410.8701262472678,-1057.5989468292319,-2110.770013932841,-0.0,-0.0,443.81802502824655,1407.064882031526,1.0,0.10944880028193876,0.0,0,1.0243324836634544,65.99961422222222,401.2054252032865,0.21369660855659242,9.111304994855992,0.002912967502033461,15.83915019212862,1.2223480972444802,0.3457723801506709,-2488.72957662845,77.8594503811823,0.19059991214889652,-1127.2579522065726,69.65900537734069
2025-01-01 14:59:00,0.4438253879561392,0.21370015094669892,0.0,0.007397089799268986,0.003561669182444982,0.0,0.07240901188858762,0.3214163760675516,0.0,0.05,0.0,0.0,0.0,0.19911681761336558,0,0.01458333333333334,1,0,0,Off,0,0,Off,0,0,Off,0.03681798800665564,0.02761349100499172,On,0,0,Off,0.0030157757675438593,0.0,On,0.06939323612104376,0,On,0.05592728591639742,0,On,0.22867110214449854,0.17150332660837386,On,Off,0.0,20.000000000000057,0.0,0.0,0.0,0.0,0,0.0,21116.65276888889,Off,0.0,23.888888888888914,0,0.0,0.05,0.0,0.0,0,0,0,11489.55984,Off,0.0,0,79.63497696794661,51.666666666666686,46.10666666666668,0.0,48.924625588572916,0.0,0.0,0.0,124.42965151241658,48.95425854136347,48.969075017758755,48.924625588572916,12.43753247303448,19.27376616486373,-0.2262338351363269,9.94257974548489,8.96803426215176,4.4,9.236100170605994,-1252.3951585117156,-2396.8317736400227,-1056.8586961616193,-2099.6941323639603,-0.0,-0.0,443.81802502824655,1406.4455003374821,1.0,0.10923932953275216,0.0,0,1.0223720446982356,65.99961422222222,403.4809488239981,0.21436502747360128,9.08851106072219,0.0029130224118317292,15.897163318423395,1.222556401125234,0.3455779385253408,-2475.2212173163853,78.38944367636257,0.19049864625921656,-1124.546208250747,67.68751208912765
2025-01-01 15:00:00,0.4434513984886666,0.2130426868751515,0.0,0.007390856641477777,0.0035507114479191916,0.0,0.07291164118317826,0.3205397573054884,0.0,0.05,0.0,0.0,0.0,0.19845935354181815,0,0.01458333333333334,1,0,0,Off,0,0,Off,0,0,Off,0.03594136924459241,0.0269560269334443,On,0,0,Off,0.003518405062134503,0.0,On,0.06939323612104376,0,On,0.05592728591639742,0,On,0.22867110214449854,0.17150332660837386,On,Off,0.0,20.000000000000057,0.0,0.0,0.0,0.0,0,0.0,21116.65276888889,Off,0.0,23.888888888888914,0,0.0,0.05,0.0,0.0,0,0,0,11489.55984,Off,0.0,0,79.72057851347824,51.666666666666686,46.10666666666668,0.0,48.907100089779426,0.0,0.0,0.0,124.56340392730975,48.93771496955566,48.953022409443776,48.907100089779426,12.43753247303448,19.225289589974714,-0.27471041002534236,9.916846697410413,8.959249371556231,4.4,9.236100170605994,-1239.8858992769933,-2383.5299422910393,-1056.006922605249,-2088.944145247004,-0.0,-0.0,443.44403556077395,1405.7532371608652,1.0,0.10903541561175598,0.0,0,1.0204636121470383,65.99961422222222,405.6142104092369,0.21501750609685283,9.06643847204488,0.0029130775133548842,15.953140560691395,1.2227590634748375,0.3453933018639571,-2462.4129482262274,78.88300593518798,0.19039493726887882,-1121.7725332453667,65.76561064011779
2025-01-01 15:01:00,1.4942243151553336,0.2130426868751515,0.9006625,0.024903738585922226,0.0035507114479191916,0.015011041666666667,0.07291164118317826,0.3205397573054884,1.0507729166666668,0.05,0.0,0.9006625,0.0,0.19845935354181815,0,0.01458333333333334,1,0,0,Off,0,0,Off,0,0,Off,0.03594136924459241,0.0269560269334443,On,0,0,Off,0.003518405062134503,0.0,On,0.06939323612104376,0,On,0.05592728591639742,0,On,0.22867110214449854,0.17150332660837386,On,On,17415.9303113141,20.000000000000057,0.8,4751.49537424146,26.39581596111111,1.0507729166666668,1,21116.65276888889,21116.65276888889,Off,0.0,23.888888888888914,0,0.0,0.05,0.0,0.0,0,0,0,11489.55984,Off,0.0,0,79.80263192630538,51.666666666666686,46.10666666666668,0.0,48.88955634985492,0.0,0.0,0.0,124.69161238485215,48.92115361466597,48.936952247071495,48.88955634985492,12.43753247303448,19.178117591183508,-0.32188240881654906,9.892416571879151,8.950275038061976,4.4,9.236100170605994,16188.481882779495,2380.4469638429473,-1055.049165770549,-2078.504653784881,-0.0,-0.0,443.44403556077395,1404.985526517748,1.0,0.1088368150117706,0.0,0,1.0186049070235828,65.99961422222222,407.61218968950476,0.21565468962338794,9.044380373444003,0.0029131327997372588,16.00717129612576,1.2229563351772375,0.3452179223973774,-2450.263905264712,79.21549486619922,0.1902889334690485,-1118.941133211538,63.891967440989006
2025-01-01 15:02:00,1.4942243151553336,0.2130426868751515,0.9006625,0.024903738585922226,0.0035507114479191916,0.015011041666666667,0.07291164118317826,0.3205397573054884,1.0507729166666668,0.05,0.0,0.9006625,0.0,0.19845935354181815,0,0.01458333333333334,1,0,0,Off,0,0,Off,0,0,Off,0.03594136924459241,0.0269560269334443,On,0,0,Off,0.003518405062134503,0.0,On,0.06939323612104376,0,On,0.05592728591639742,0,On,0.22867110214449854,0.17150332660837386,On,On,17415.9303113141,20.000000000000057,0.8,4751.49537424146,26.39581596111111,1.0507729166666668,1,21116.65276888889,21116.65276888889,Off,0.0,23.888888888888914,0,0.0,0.05,0.0,0.0,0,0,0,11489.55984,Off,0.0,0,79.03277229495973,51.666666666666686,46.10666666666668,0.0,48.87199515076547,0.0,0.0,0.0,123.48870671087458,48.904575213792484,48.92086524530599,48.87199515076547,12.43753247303448,19.448432678078923,-0.05156732192113367,10.040704107563634,8.941123631971484,4.4,9.236100170605994,16113.071853454767,2303.347160698204,-1053.9908959944662,-2138.6102903905544,-0.0,-0.0,443.44403556077395,1404.1396677833463,1.0,0.10997255707610125,0.0,0,1.029234329059823,65.99961422222222,392.3077969704485,0.21205884292880559,9.168995418855717,0.0029131882644174703,15.570284476259552,1.2218264743400291,0.3462810851809353,-2524.1673662410667,76.01915269781037,0.19018077726292107,-1116.0560417255115,62.06514573104529
2025-01-01 15:03:00,1.4942243151553336,0.2130426868751515,0.9006625,0.024903738585922226,0.0035507114479191916,0.015011041666666667,0.07291164118317826,0.3205397573054884,1.0507729166666668,0.05,0.0,0.9006625,0.0,0.19845935354181815,0,0.01458333333333334,1,0,0,Off,0,0,Off,0,0,Off,0.03594136924459241,0.0269560269334443,On,0,0,Off,0.003518405062134503,0.0,On,0.06939323612104376,0,On,0.05592728591639742,0,On,0.22867110214449854,0.17150332660837386,On,On,17415.9303113141,20.000000000000057,0.8,4751.49537424146,26.39581596111111,1.0507729166666668,1,21116.65276888889,21116.65276888889,Off,0.0,23.888888888888914,0,0.0,0.05,0.0,0.0,0,0,0,11489.55984,Off,0.0,0,78.28568270896456,51.666666666666686,46.10666666666668,0.0,48.854604175075345,0.0,0.0,0.0,122.32137923275711,48.888156745508645,48.904933030725296,48.854604175075345,12.43753247303448,19.71042171570819,0.0,10.180617033707204,8.931806993563098,4.4,9.236100170605994,16040.53736411824,2230.4221539747923,-1052.837488579692,-2197.5166754368934,-0.0,-0.0,443.44403556077395,1403.2128157615766,1.0,0.11106800393253155,0.0,0,1.0394866278175805,65.99961422222222,378.6796926802605,0.20863799919204312,9.289279136968062,0.00291324226517949,15.148345343148058,1.2207334048611973,0.3472812211261103,-2594.248398602809,73.17517833614124,0.19007060503184303,-1113.121116352221,60.28362777252882
2025-01-01 15:04:00,1.4942243151553336,0.2130426868751515,0.9006625,0.024903738585922226,0.0035507114479191916,0.015011041666666667,0.07291164118317826,0.3205397573054884,1.0507729166666668,0.05,0.0,0.9006625,0.0,0.19845935354181815,0,0.01458333333333334,1,0,0,Off,0,0,Off,0,0,Off,0.03594136924459241,0.0269560269334443,On,0,0,Off,0.003518405062134503,0.0,On,0.06939323612104376,0,On,0.05592728591639742,0,On,0.22867110214449854,0.17150332660837386,On,On,17415.9303113141,20.000000000000057,0.8,4751.49537424146,26.39581596111111,1.0507729166666668,1,21116.65276888889,21116.65276888889,Off,0.0,23.888888888888914,0,0.0,0.05,0.0,0.0,0,0,0,11489.55984,Off,0.0,0,77.55999066275245,51.666666666666686,46.10666666666668,0.0,48.8373783999156,0.0,0.0,0.0,121.1874854105507,48.87189347950756,48.88915101930355,48.8373783999156,12.43753247303448,19.964591491513772,0.0,10.312797772309914,8.922336427206389,4.4,9.236100170605994,15969.441989381216,2161.198546722317,-1051.5942032096407,-2255.27495249045,-0.0,-0.0,443.44403556077395,1402.201970417223,1.0,0.11212584030380507,0.0,0,1.0493869296455114,65.99961422222222,365.3425949967924,0.20537847999666684,9.404853774516596,0.0029132948496179306,14.740384164447995,1.2196748261150328,0.34822344651872006,-2660.768524109199,70.47169659005597,0.18995854706350535,-1110.1400368860855,58.54583367644471
2025-01-01 15:05:00,0.4434513984886666,0.2130426868751515,0.0,0.007390856641477777,0.0035507114479191916,0.0,0.07291164118317826,0.3205397573054884,0.0,0.05,0.0,0.0,0.0,0.19845935354181815,0,0.01458333333333334,1,0,0,Off,0,0,Off,0,0,Off,0.03594136924459241,0.0269560269334443,On,0,0,Off,0.003518405062134503,0.0,On,0.06939323612104376,0,On,0.05592728591639742,0,On,0.22867110214449854,0.17150332660837386,On,Off,0.0,20.000000000000057,0.0,0.0,0.0,0.0,0,0.0,21116.65276888889,Off,0.0,23.888888888888914,0,0.0,0.05,0.0,0.0,0,0,0,11489.55984,Off,0.0,0,76.85460872955147,51.666666666666686,46.10666666666668,0.0,48.820313104973685,0.0,0.0,0.0,120.08532613992416,48.85578097061013,48.87351490342836,48.820313104973685,12.43753247303448,20.211342831063934,0.0,10.437788620539665,8.912722699898234,4.4,9.236100170605994,-1515.9492849661015,-2656.018443745979,-1050.2661659011787,-2311.9190814177973,-0.0,-0.0,443.44403556077395,1401.10396578143,1.0,0.11314824311277506,0.0,0,1.058955608387708,65.99961422222222,352.52576089092145,0.20226881432836735,9.517368872438283,0.0029133460623109913,14.34561590535234,1.2186488987064663,0.3491120808797605,-2723.9481797719545,67.92973602597547,0.18984472753033438,-1107.1163050595997,56.85013915842091
2025-01-01 15:06:00,0.4434513984886666,0.2130426868751515,0.0,0.007390856641477777,0.0035507114479191916,0.0,0.07291164118317826,0.3205397573054884,0.0,0.05,0.0,0.0,0.0,0.19845935354181815,0,0.01458333333333334,1,0,0,Off,0,0,Off,0,0,Off,0.03594136924459241,0.0269560269334443,On,0,0,Off,0.003518405062134503,0.0,On,0.06939323612104376,0,On,0.05592728591639742,0,On,0.22867110214449854,0.17150332660837386,On,Off,0.0,20.000000000000057,0.0,0.0,0.0,0.0,0,0.0,21116.65276888889,Off,0.0,23.888888888888914,0,0.0,0.05,0.0,0.0,0,0,0,11489.55984,Off,0.0,0,77.01707102122047,51.666666666666686,46.10666666666668,0.0,48.803403809677654,0.0,0.0,0.0,120.33917347065699,48.839814999542035,48.858020594474226,48.803403809677654,12.43753247303448,20.134799371289517,0.0,10.384572051782062,8.90297604341742,4.4,9.236100170605994,-1493.2789207589142,-2628.1384741328106,-1048.8583548743734,-2294.2877229598926,-0.0,-0.0,443.44403556077395,1399.9154579816848,1.0,0.11283156508862968,0.0,0,1.0559918153981198,65.99961422222222,357.5647666402043,0.20323231035895603,9.482639063449735,0.0029133959454150544,14.444541694945656,1.2189669132944954,0.34873400941644533,-2697.015622505401,68.87714837259034,0.18972926450892022,-1104.053245454994,55.19489058062073
2025-01-01 15:07:00,0.4434513984886666,0.2130426868751515,0.0,0.007390856641477777,0.0035507114479191916,0.0,0.07291164118317826,0.3205397573054884,0.0,0.05,0.0,0.0,0.0,0.19845935354181815,0,0.01458333333333334,1,0,0,Off,0,0,Off,0,0,Off,0.03594136924459241,0.0269560269334443,On,0,0,Off,0.003518405062134503,0.0,On,0.06939323612104376,0,On,0.05592728591639742,0,On,0.22867110214449854,0.17150332660837386,On,Off,0.0,20.000000000000057,0.0,0.0,0.0,0.0,0,0.0,21116.65276888889,Off,0.0,23.888888888888914,0,0.0,0.05,0.0,0.0,0,0,0,11489.55984,Off,0.0,0,77.17182614786024,51.666666666666686,46.10666666666668,0.0,48.78645931602436,0.0,0.0,0.0,120.58097835603162,48.82381527814599,48.84249325920681,48.78645931602436,12.43753247303448,20.061094543010352,0.0,10.33464632414451,8.893106159347484,4.4,9.236100170605994,-1472.6067662301443,-2601.3624283295912,-1047.3755879854025,-2277.3612573331793,-0.0,-0.0,443.44403556077395,1398.632912308244,1.0,0.11252622711590951,0.0,0,1.0531341540701973,65.99961422222222,361.310455542261,0.20416510430704318,9.449395532992193,0.002913446159403841,14.539268315954509,1.2192732895504552,0.34837894436364475,-2671.7929540093955,70.43052567980426,0.18961227003189937,-1100.9540073719572,53.57841938655471
2025-01-01 15:08:00,0.4434513984886666,0.2130426868751515,0.0,0.007390856641477777,0.0035507114479191916,0.0,0.07291164118317826,0.3205397573054884,0.0,0.05,0.0,0.0,0.0,0.19845935354181815,0,0.01458333333333334,1,0,0,Off,0,0,Off,0,0,Off,0.03594136924459241,0.0269560269334443,On,0,0,Off,0.003518405062134503,0.0,On,0.06939323612104376,0,On,0.05592728591639742,0,On,0.22867110214449854,0.17150332660837386,On,Off,0.0,20.000000000000057,0.0,0.0,0.0,0.0,0,0.0,21116.65276888889,Off,0.0,23.888888888888914,0,0.0,0.05,0.0,0.0,0,0,0,11489.55984,Off,0.0,0,77.31961598460423,51.666666666666686,46.10666666666668,0.0,48.76948132286587,0.0,0.0,0.0,120.8118999759441,48.80778340752799,48.82693444985906,48.76948132286587,12.43753247303448,19.989953456760187,0.0,10.287707094097156,8.883122226306329,4.4,9.236100170605994,-1452.4968507593624,-2576.796537324999,-1045.8225131964061,-2261.071117030858,-0.0,-0.0,443.44403556077395,1397.2525892166566,1.0,0.11223113231754284,0.0,0,1.0503723587197829,65.99961422222222,365.13023071072183,0.2050701621161989,9.416793443487245,0.0029134966899931856,14.630201017219662,1.219569153445096,0.34804478850672926,-2648.1183489551486,71.32181163014951,0.1894938501647222,-1097.8215674337268,51.9990542373207
2025-01-01 15:09:00,0.4434513984886666,0.2130426868751515,0.0,0.007390856641477777,0.0035507114479191916,0.0,0.07291164118317826,0.3205397573054884,0.0,0.05,0.0,0.0,0.0,0.19845935354181815,0,0.01458333333333334,1,0,0,Off,0,0,Off,0,0,Off,0.03594136924459241,0.0269560269334443,On,0,0,Off,0.003518405062134503,0.0,On,0.06939323612104376,0,On,0.05592728591639742,0,On,0.22867110214449854,0.17150332660837386,On,Off,0.0,20.000000000000057,0.0,0.0,0.0,0.0,0,0.0,21116.65276888889,Off,0.0,23.888888888888914,0,0.0,0.05,0.0,0.0,0,0,0,11489.55984,Off,0.0,0,77.46094711328799,51.666666666666686,46.10666666666668,0.0,48.75247136555258,0.0,0.0,0.0,121.03272986451248,48.791720834675004,48.81134556923622,48.75247136555258,12.43753247303448,19.921188761427047,0.0,10.243468277149562,8.873032909082587,4.4,9.236100170605994,-1433.0327438188524,-2553.5745584695173,-1044.203603549713,-2245.369597489782,-0.0,-0.0,443.44403556077395,1395.77052920421,1.0,0.11194554066956595,0.0,0,1.0476995034547445,65.99961422222222,368.8928181101553,0.2059494147508951,9.385437273401863,0.002913547524279904,14.717613445405526,1.2198552693822582,0.34772956269761274,-2625.840631530812,72.2660730612946,0.1893741051039866,-1094.6587328285852,50.45512927887208
2025-01-01 15:10:00,0.4434513984886666,0.2130426868751515,0.0,0.007390856641477777,0.0035507114479191916,0.0,0.07291164118317826,0.3205397573054884,0.0,0.05,0.0,0.0,0.0,0.19845935354181815,0,0.01458333333333334,1,0,0,Off,0,0,Off,0,0,Off,0.03594136924459241,0.0269560269334443,On,0,0,Off,0.003518405062134503,0.0,On,0.06939323612104376,0,On,0.05592728591639742,0,On,0.22867110214449854,0.17150332660837386,On,Off,0.0,20.000000000000057,0.0,0.0,0.0,0.0,0,0.0,21116.65276888889,Off,0.0,23.888888888888914,0,0.0,0.05,0.0,0.0,0,0,0,11489.55984,Off,0.0,0,77.59622575255271,51.666666666666686,46.10666666666668,0.0,48.735430867775854,0.0,0.0,0.0,121.24410273836361,48.77562890133538,48.795727918115155,48.735430867775854,12.43753247303448,19.85465040541323,0.0,10.201717947320612,8.862846369322392,4.4,9.236100170605994,-1414.286554504757,-2531.6804302487135,-1042.5231540439659,-2230.2181045153757,-0.0,-0.0,443.44403556077395,1394.182535303832,1.0,0.11166886253855451,0.0,0,1.045110069889605,65.99961422222222,372.4875144498447,0.2068043717887103,9.355247868768274,0.0029135986502966085,14.801723763193294,1.2201322483917207,0.34743180639725385,-2604.8471540676496,73.16672381893592,0.18925312929333074,-1091.468145066916,48.94499102294995
2025-01-01 15:11:00,0.4434513984886666,0.2130426868751515,0.0,0.007390856641477777,0.0035507114479191916,0.0,0.07291164118317826,0.3205397573054884,0.0,0.05,0.0,0.0,0.0,0.19845935354181815,0,0.01458333333333334,1,0,0,Off,0,0,Off,0,0,Off,0.03594136924459241,0.0269560269334443,On,0,0,Off,0.003518405062134503,0.0,On,0.06939323612104376,0,On,0.05592728591639742,0,On,0.22867110214449854,0.17150332660837386,On,Off,0.0,20.000000000000057,0.0,0.0,0.0,0.0,0,0.0,21116.65276888889,Off,0.0,23.888888888888914,0,0.0,0.05,0.0,0.0,0,0,0,11489.55984,Off,0.0,0,77.72579404027661,51.666666666666686,46.10666666666668,0.0,48.71836116368278,0.0,0.0,0.0,121.44655318793221,48.75950886486862,48.78008271546155,48.71836116368278,12.43753247303448,19.790212135149297,0.0,10.162273140454722,8.85257027742467,4.4,9.236100170605994,-1392.9339405237513,-2511.028595652194,-1040.7852802858476,-2215.5839435856883,-0.0,-0.0,443.44403556077395,1406.336043783019,1.0,0.11140060359014638,0.0,0,1.0425994315438214,65.99961422222222,379.205967501163,0.20763628166148987,9.3261587624235,0.00291365005682326,14.88271495743954,1.2204006039177453,0.3471502580722299,-2585.040741699095,74.0121460469013,0.18913101155302223,-1088.2522841394805,47.46700385363283
2025-01-01 15:12:00,0.4434513984886666,0.2130426868751515,0.0,0.007390856641477777,0.0035507114479191916,0.0,0.07291164118317826,0.3205397573054884,0.0,0.05,0.0,0.0,0.0,0.19845935354181815,0,0.01458333333333334,1,0,0,Off,0,0,Off,0,0,Off,0.03594136924459241,0.0269560269334443,On,0,0,Off,0.003518405062134503,0.0,On,0.06939323612104376,0,On,0.05592728591639742,0,On,0.22867110214449854,0.17150332660837386,On,Off,0.0,20.000000000000057,0.0,0.0,0.0,0.0,0,0.0,21116.65276888889,Off,0.0,23.888888888888914,0,0.0,0.05,0.0,0.0,0,0,0,11489.55984,Off,0.0,0,77.84977608202888,51.666666666666686,46.10666666666668,0.0,48.701263511996814,0.0,0.0,0.0,121.64027512817013,48.743361911557614,48.76441111133802,48.701263511996814,12.43753247303448,19.727828885499765,0.0,10.124974629591717,8.842211909856193,4.4,9.236100170605994,-1375.181500362401,-2491.528494821027,-1038.9921676956014,-2201.4532061180767,-0.0,-0.0,443.44403556077395,1406.5350282098605,1.0,0.1111406048578186,0.0,0,1.0401661006480178,65.99961422222222,382.82767019490143,0.20844538020053935,9.297456065313554,0.0029137017332673933,14.960646101477359,1.220660512326541,0.34688381932881446,-2566.336896200594,74.80840137956697,0.18900783622513803,-1085.0134993894542,46.02133169385283
2025-01-01 15:13:00,0.4434513984886666,0.2130426868751515,0.0,0.007390856641477777,0.0035507114479191916,0.0,0.07291164118317826,0.3205397573054884,0.0,0.05,0.0,0.0,0.0,0.19845935354181815,0,0.01458333333333334,1,0,0,Off,0,0,Off,0,0,Off,0.03594136924459241,0.0269560269334443,On,0,0,Off,0.003518405062134503,0.0,On,0.06939323612104376,0,On,0.05592728591639742,0,On,0.22867110214449854,0.17150332660837386,On,Off,0.0,20.000000000000057,0.0,0.0,0.0,0.0,0,0.0,21116.65276888889,Off,0.0,23.888888888888914,0,0.0,0.05,0.0,0.0,0,0,0,11489.55984,Off,0.0,0,77.9685735042244,51.666666666666686,46.10666666666668,0.0,48.684139144054555,0.0,0.0,0.0,121.82589610035062,48.72718920190324,48.74871423082759,48.684139144054555,12.43753247303448,19.667352134773644,0.0,10.089681760863854,8.83177854732235,4.4,9.236100170605994,-1358.2434487631062,-2473.1051302771184,-1037.1457688147063,-2187.788851453205,-0.0,-0.0,443.44403556077395,1406.7001974323177,1.0,0.11088827391017013,0.0,0,1.0378045326304233,65.99961422222222,386.1013671293247,0.20923326589507005,9.269755907467884,0.0029137536692468197,15.035736472142617,1.220912582020995,0.3466315191439389,-2548.6610708474377,75.55594057031912,0.1888836879034661,-1081.754134201321,44.6083653866146
2025-01-01 15:14:00,0.4434513984886666,0.2130426868751515,0.0,0.007390856641477777,0.0035507114479191916,0.0,0.07291164118317826,0.3205397573054884,0.0,0.05,0.0,0.0,0.0,0.19845935354181815,0,0.01458333333333334,1,0,0,Off,0,0,Off,0,0,Off,0.03594136924459241,0.0269560269334443,On,0,0,Off,0.003518405062134503,0.0,On,0.06939323612104376,0,On,0.05592728591639742,0,On,0.22867110214449854,0.17150332660837386,On,Off,0.0,20.000000000000057,0.0,0.0,0.0,0.0,0,0.0,21116.65276888889,Off,0.0,23.888888888888914,0,0.0,0.05,0.0,0.0,0,0,0,11489.55984,Off,0.0,0,78.08243567982203,51.666666666666686,46.10666666666668,0.0,48.66698920266699,0.0,0.0,0.0,122.00380574972192,48.7109918129715,48.73299311812376,48.66698920266699,12.43753247303448,19.60869002184251,0.0,10.056268030965434,8.821277252525192,4.4,9.236100170605994,-1341.5380151075137,-2455.689971313365,-1035.2498983485943,-2174.5670266080565,-0.0,-0.0,443.44403556077395,1406.830685903076,1.0,0.11064325175087487,0.0,0,1.0355113676406111,65.99961422222222,389.58497593976864,0.21000083798871352,9.243009901632892,0.002913805855126427,15.108119062578808,1.2211571863974675,0.34639248311785187,-2531.946350451507,76.25637913814212,0.1887586487917611,-1078.476456494323,43.226558145728745
2025-01-01 15:15:00,0.4434513984886666,0.2130426868751515,0.0,0.007390856641477777,0.0035507114479191916,0.0,0.07291164118317826,0.3205397573054884,0.0,0.05,0.0,0.0,0.0,0.19845935354181815,0,0.01458333333333334,1,0,0,Off,0,0,Off,0,0,Off,0.03594136924459241,0.0269560269334443,On,0,0,Off,0.003518405062134503,0.0,On,0.06939323612104376,0,On,0.05592728591639742,0,On,0.22867110214449854,0.17150332660837386,On,Off,0.0,20.000000000000057,0.0,0.0,0.0,0.0,0,0.0,21116.65276888889,Off,0.0,23.888888888888914,0,0.0,0.05,0.0,0.0,0,0,0,11489.55984,Off,0.0,0,78.19156445106204,51.666666666666686,46.10666666666668,0.0,48.64981477566519,0.0,0.0,0.0,122.17431945478444,48.69477077002302,48.71724876720194,48.64981477566519,12.43753247303448,19.551768348189043,0.0,10.024618279283809,8.810714710571002,4.4,9.236100170605994,-1325.539310211285,-2439.401345992289,-1033.3077361170017,-2161.76813363597,-0.0,-0.0,443.44403556077395,1406.9255699779435,1.0,0.1104052510623889,0.0,0,1.0332839166706376,65.99961422222222,392.784787863911,0.21074879062436508,9.217179121716095,0.0029138582817273503,15.177900354875291,1.221394626042556,0.34616591406645625,-2516.131964607059,76.73061861477014,0.18863279679777767,-1075.1826091302785,41.874873013276684
2025-01-01 15:16:00,0.4434513984886666,0.2130426868751515,0.0,0.007390856641477777,0.0035507114479191916,0.0,0.07291164118317826,0.3205397573054884,0.0,0.05,0.0,0.0,0.0,0.19845935354181815,0,0.01458333333333334,1,0,0,Off,0,0,Off,0,0,Off,0.03594136924459241,0.0269560269334443,On,0,0,Off,0.003518405062134503,0.0,On,0.06939323612104376,0,On,0.05592728591639742,0,On,0.22867110214449854,0.17150332660837386,On,Off,0.0,20.000000000000057,0.0,0.0,0.0,0.0,0,0.0,21116.65276888889,Off,0.0,23.888888888888914,0,0.0,0.05,0.0,0.0,0,0,0,11489.55984,Off,0.0,0,78.29617041408947,51.666666666666686,46.10666666666668,0.0,48.63261690637365,0.0,0.0,0.0,122.33776627201479,48.67852705638721,48.701482131393995,48.63261690637365,12.43753247303448,19.49650961070004,-0.0034903893000155506,9.99461974669118,8.800097263892365,4.4,9.236100170605994,-1310.190924724299,-2423.5928537745554,-1031.3224325304036,-2149.3720719291787,-0.0,-0.0,443.44403556077395,1406.9838625006169,1.0,0.11017396887088332,0.0,0,1.031119344185222,65.99961422222222,395.73711164410554,0.2114778829968741,9.191538782366194,0.0029139109402371247,15.245192629291616,1.2216252160750034,0.34595102851785925,-2501.1587590535987,77.56590527904318,0.18850620593906442,-1071.874621185664,40.55218865526038
2025-01-01 15:17:00,0.4434513984886666,0.2130426868751515,0.0,0.007390856641477777,0.0035507114479191916,0.0,0.07291164118317826,0.3205397573054884,0.0,0.05,0.0,0.0,0.0,0.19845935354181815,0,0.01458333333333334,1,0,0,Off,0,0,Off,0,0,Off,0.03594136924459241,0.0269560269334443,On,0,0,Off,0.003518405062134503,0.0,On,0.06939323612104376,0,On,0.05592728591639742,0,On,0.22867110214449854,0.17150332660837386,On,Off,0.0,20.000000000000057,0.0,0.0,0.0,0.0,0,0.0,21116.65276888889,Off,0.0,23.888888888888914,0,0.0,0.05,0.0,0.0,0,0,0,11489.55984,Off,0.0,0,78.39644982134078,51.666666666666686,46.10666666666668,0.0,48.61539659168334,0.0,0.0,0.0,122.49445284584496,48.6622616116437,48.68569412162389,48.61539659168334,12.43753247303448,19.44284160830161,-0.057158391698447275,9.96618984848506,8.789430915055338,4.4,9.236100170605994,-1295.369782303872,-2408.8867672565852,-1029.2970194792258,-2137.360159816991,-0.0,-0.0,443.44403556077395,1407.0045068772877,1.0,0.10994912262810785,0.0,0,1.0290150058122904,65.99961422222222,398.5463419523451,0.21218882573744657,9.167420576397305,0.002913963822228338,15.310100612968775,1.2218492501956106,0.3457472561533976,-2486.9829980314757,78.09623077489057,0.18837894636652897,-1068.5544091933457,39.257389714119896
2025-01-01 15:18:00,0.4434513984886666,0.2130426868751515,0.0,0.007390856641477777,0.0035507114479191916,0.0,0.07291164118317826,0.3205397573054884,0.0,0.05,0.0,0.0,0.0,0.19845935354181815,0,0.01458333333333334,1,0,0,Off,0,0,Off,0,0,Off,0.03594136924459241,0.0269560269334443,On,0,0,Off,0.003518405062134503,0.0,On,0.06939323612104376,0,On,0.05592728591639742,0,On,0.22867110214449854,0.17150332660837386,On,Off,0.0,20.000000000000057,0.0,0.0,0.0,0.0,0,0.0,21116.65276888889,Off,0.0,23.888888888888914,0,0.0,0.05,0.0,0.0,0,0,0,11489.55984,Off,0.0,0,78.4925828391724,51.666666666666686,46.10666666666668,0.0,48.59815478521345,0.0,0.0,0.0,122.64466068620686,48.645975334602156,48.669885609296514,48.59815478521345,12.43753247303448,19.390698094278143,-0.10930190572191378,9.939228039604302,8.778721331916483,4.4,9.236100170605994,-1281.0712253198435,-2395.0732969913583,-1027.2344219648123,-2125.715256266554,-0.0,-0.0,443.44403556077395,1406.9863705866032,1.0,0.1097304531286106,0.0,0,1.0269684756452673,65.99961422222222,401.19999538593675,0.21288227013862468,9.1434232173014,0.002914016919632551,15.372720396269003,1.222066997888189,0.3455538953577927,-2473.5522964695956,78.47899947823726,0.18825108441565777,-1065.2237791282846,37.98935716347234
2025-01-01 15:19:00,0.4434513984886666,0.2130426868751515,0.0,0.007390856641477777,0.0035507114479191916,0.0,0.07291164118317826,0.3205397573054884,0.0,0.05,0.0,0.0,0.0,0.19845935354181815,0,0.01458333333333334,1,0,0,Off,0,0,Off,0,0,Off,0.03594136924459241,0.0269560269334443,On,0,0,Off,0.003518405062134503,0.0,On,0.06939323612104376,0,On,0.05592728591639742,0,On,0.22867110214449854,0.17150332660837386,On,Off,0.0,20.000000000000057,0.0,0.0,0.0,0.0,0,0.0,21116.65276888889,Off,0.0,23.888888888888914,0,0.0,0.05,0.0,0.0,0,0,0,11489.55984,Off,0.0,0,78.58474053579374,51.666666666666686,46.10666666666668,0.0,48.580892400856804,0.0,0.0,0.0,122.78865708717773,48.629669086644014,48.654057429537616,48.580892400856804,12.43753247303448,19.34001617525449,-0.1599838247455665,9.91364503912979,8.767973853515723,4.4,9.236100170605994,-1267.2716188970692,-2381.6597684231733,-1025.1374501844407,-2114.4211580269935,-0.0,-0.0,443.44403556077395,1406.9282380641773,1.0,0.10951771376944523,0.0,0,1.0249774457245604,65.99961422222222,403.7055035691502,0.21355884056860552,9.120197524965922,0.002914070224710669,15.433143409606146,1.2222787152149357,0.3453703228072968,-2460.820176830722,79.16040840754877,0.18812268266628543,-1061.8844286293609,36.74697844492025
2025-01-01 15:20:00,0.4434513984886666,0.2130426868751515,0.0,0.007390856641477777,0.0035507114479191916,0.0,0.07291164118317826,0.3205397573054884,0.0,0.05,0.0,0.0,0.0,0.19845935354181815,0,0.01458333333333334,1,0,0,Off,0,0,Off,0,0,Off,0.03594136924459241,0.0269560269334443,On,0,0,Off,0.003518405062134503,0.0,On,0.06939323612104376,0,On,0.05592728591639742,0,On,0.22867110214449854,0.17150332660837386,On,Off,0.0,20.000000000000057,0.0,0.0,0.0,0.0,0,0.0,21116.65276888889,Off,0.0,23.888888888888914,0,0.0,0.05,0.0,0.0,0,0,0,11489.55984,Off,0.0,0,78.67308492885513,51.666666666666686,46.10666666666668,0.0,48.563610314785706,0.0,0.0,0.0,122.92669520133614,48.61334369361255,48.638210383025985,48.563610314785706,12.43753247303448,19.290736295327395,-0.20926370467266153,9.889374043053435,8.757193497495143,4.4,9.236100170605994,-1253.9480167468053,-2369.2757793081646,-1023.0087968053518,-2103.4625797928675,-0.0,-0.0,443.44403556077395,1406.8288028945553,1.0,0.10931067060616526,0.0,0,1.0230397265616111,65.99961422222222,406.07052748528815,0.21421913323653616,9.097712068188274,0.0029141237300367097,15.491456401984465,1.2224846448319817,0.34519607439204847,-2448.7515941328775,79.47581482471273,0.1879938000204552,-1058.5379496991836,35.52915289383184
2025-01-01 15:21:00,0.4434513984886666,0.2130426868751515,0.0,0.007390856641477777,0.0035507114479191916,0.0,0.07291164118317826,0.3205397573054884,0.0,0.05,0.0,0.0,0.0,0.19845935354181815,0,0.01458333333333334,1,0,0,Off,0,0,Off,0,0,Off,0.03594136924459241,0.0269560269334443,On,0,0,Off,0.003518405062134503,0.0,On,0.06939323612104376,0,On,0.05592728591639742,0,On,0.22867110214449854,0.17150332660837386,On,Off,0.0,20.000000000000057,0.0,0.0,0.0,0.0,0,0.0,21116.65276888889,Off,0.0,23.888888888888914,0,0.0,0.05,0.0,0.0,0,0,0,11489.55984,Off,0.0,0,78.75776975585991,51.666666666666686,46.10666666666668,0.0,48.54630936744719,0.0,0.0,0.0,123.0590152435311,48.596999947693135,48.62234523781611,48.54630936744719,12.43753247303448,19.24280195088444,-0.2571980491156154,9.866328293022885,8.746384968501875,4.4,9.236100170605994,-1241.0795994173345,-2357.2559494996262,-1020.8510359706726,-2092.825075659676,-0.0,-0.0,443.44403556077395,1406.6866591239968,1.0,0.10910910126901595,0.0,0,1.0211532369955247,65.99961422222222,408.3014406815672,0.21486371864010145,9.075260788917898,0.0029141774284815545,15.547741841999304,1.2226850171342867,0.3450305409201914,-2437.3017978904404,80.04584839081427,0.18786449179201875,-1055.1858317091244,34.33479573845179
2025-01-01 15:22:00,1.4942243151553336,0.2130426868751515,0.9006625,0.024903738585922226,0.0035507114479191916,0.015011041666666667,0.07291164118317826,0.3205397573054884,1.0507729166666668,0.05,0.0,0.9006625,0.0,0.19845935354181815,0,0.01458333333333334,1,0,0,Off,0,0,Off,0,0,Off,0.03594136924459241,0.0269560269334443,On,0,0,Off,0.003518405062134503,0.0,On,0.06939323612104376,0,On,0.05592728591639742,0,On,0.22867110214449854,0.17150332660837386,On,On,17415.9303113141,20.000000000000057,0.8,4751.49537424146,26.39581596111111,1.0507729166666668,1,21116.65276888889,21116.65276888889,Off,0.0,23.888888888888914,0,0.0,0.05,0.0,0.0,0,0,0,11489.55984,Off,0.0,0,78.83894116393725,51.666666666666686,46.10666666666668,0.0,48.528990365388545,0.0,0.0,0.0,123.18584556865196,48.580638609133274,48.60646273100564,48.528990365388545,12.43753247303448,19.196159435189042,-0.30384056481101496,9.844448574614702,8.7355526672559,4.4,9.236100170605994,16187.28379272584,2405.375011541463,-1018.6666234346877,-2082.4949688101747,-0.0,-0.0,443.44403556077395,1406.50029223907,1.0,0.10891279399216836,0.0,0,1.0193159951076602,65.99961422222222,410.4044146611422,0.21549314375772516,9.054169239452136,0.0029142313131980914,15.602078277133408,1.2228800512811486,0.34487330931853327,-2426.4399266371015,80.31956393710459,0.1877348098042557,-1051.8294646071456,33.16284117245792
2025-01-01 15:23:00,1.4942243151553336,0.2130426868751515,0.9006625,0.024903738585922226,0.0035507114479191916,0.015011041666666667,0.07291164118317826,0.3205397573054884,1.0507729166666668,0.05,0.0,0.9006625,0.0,0.19845935354181815,0,0.01458333333333334,1,0,0,Off,0,0,Off,0,0,Off,0.03594136924459241,0.0269560269334443,On,0,0,Off,0.003518405062134503,0.0,On,0.06939323612104376,0,On,0.05592728591639742,0,On,0.22867110214449854,0.17150332660837386,On,On,17415.9303113141,20.000000000000057,0.8,4751.49537424146,26.39581596111111,1.0507729166666668,1,21116.65276888889,21116.65276888889,Off,0.0,23.888888888888914,0,0.0,0.05,0.0,0.0,0,0,0,11489.55984,Off,0.0,0,78.06825079841268,51.666666666666686,46.10666666666668,0.0,48.5116540829307,0.0,0.0,0.0,121.9816418725198,48.56426040781952,48.590563570263924,48.5116540829307,12.43753247303448,19.466985079981445,-0.03301492001861206,9.995152662729415,8.724700700080584,4.4,9.236100170605994,16111.824580907669,2327.108976278563,-1016.4578977048241,-2142.7605932322967,-0.0,-0.0,443.44403556077395,1406.2680682129865,1.0,0.1100503006839015,0.0,0,1.029961932310492,65.99961422222222,395.2108272650925,0.21189365682261802,9.179019530047078,0.0029142853776076075,15.161075659965014,1.22174819990088,0.34595484706758844,-2501.424617172838,77.03821920994126,0.18760480249316874,-1048.470142263036,32.012244558211954
2025-01-01 15:24:00,1.4942243151553336,0.2130426868751515,0.9006625,0.024903738585922226,0.0035507114479191916,0.015011041666666667,0.07291164118317826,0.3205397573054884,1.0507729166666668,0.05,0.0,0.9006625,0.0,0.19845935354181815,0,0.01458333333333334,1,0,0,Off,0,0,Off,0,0,Off,0.03594136924459241,0.0269560269334443,On,0,0,Off,0.003518405062134503,0.0,On,0.06939323612104376,0,On,0.05592728591639742,0,On,0.22867110214449854,0.17150332660837386,On,On,17415.9303113141,20.000000000000057,0.8,4751.49537424146,26.39581596111111,1.0507729166666668,1,21116.65276888889,21116.65276888889,Off,0.0,23.888888888888914,0,0.0,0.05,0.0,0.0,0,0,0,11489.55984,Off,0.0,0,77.32038228105438,51.666666666666686,46.10666666666668,0.0,48.49448819134546,0.0,0.0,0.0,120.81309731414747,48.54804231167422,48.57481937183861,48.49448819134546,12.43753247303448,19.729465541229203,0.0,10.137359516287944,8.713832888840106,4.4,9.236100170605994,16039.254369923354,2253.0949398636744,-1014.2270836145304,-2201.8234712116546,-0.0,-0.0,443.44403556077395,1405.9882224189764,1.0,0.11114742977023997,0.0,0,1.0402299750758175,65.99961422222222,381.7034942601361,0.20846950320473354,9.298837275721588,0.0029143379625229736,14.73520577489223,1.2206532225817204,0.3469723124037205,-2572.544785946396,74.14435156861055,0.18747451501585105,-1045.1090659314941,30.881982316963676
2025-01-01 15:25:00,1.4942243151553336,0.2130426868751515,0.9006625,0.024903738585922226,0.0035507114479191916,0.015011041666666667,0.07291164118317826,0.3205397573054884,1.0507729166666668,0.05,0.0,0.9006625,0.0,0.19845935354181815,0,0.01458333333333334,1,0,0,Off,0,0,Off,0,0,Off,0.03594136924459241,0.0269560269334443,On,0,0,Off,0.003518405062134503,0.0,On,0.06939323612104376,0,On,0.05592728591639742,0,On,0.22867110214449854,0.17150332660837386,On,On,17415.9303113141,20.000000000000057,0.8,4751.49537424146,26.39581596111111,1.0507729166666668,1,21116.65276888889,21116.65276888889,Off,0.0,23.888888888888914,0,0.0,0.05,0.0,0.0,0,0,0,11489.55984,Off,0.0,0,76.59396072625331,51.666666666666686,46.10666666666668,0.0,48.47748765635458,0.0,0.0,0.0,119.6780636347708,48.53197957962887,48.55922554126601,48.47748765635458,12.43753247303448,19.984108482681638,0.0,10.271718724775566,8.702952781264386,4.4,9.236100170605994,15968.135642060213,2182.823223648506,-1011.9762962828737,-2259.7347928683034,-0.0,-0.0,443.44403556077395,1405.6588469276112,1.0,0.11220687069188236,0.0,0,1.0501452939076834,65.99961422222222,368.4960880536442,0.2052069754131955,9.415317992198382,0.0029143891161903406,14.323487318684549,1.2195928145623383,0.34793089557196555,-2640.0630407192075,71.39089012625328,0.18734398936375118,-1041.7473478250122,29.771051542138434
2025-01-01 15:26:00,0.4434513984886666,0.2130426868751515,0.0,0.007390856641477777,0.0035507114479191916,0.0,0.07291164118317826,0.3205397573054884,0.0,0.05,0.0,0.0,0.0,0.19845935354181815,0,0.01458333333333334,1,0,0,Off,0,0,Off,0,0,Off,0.03594136924459241,0.0269560269334443,On,0,0,Off,0.003518405062134503,0.0,On,0.06939323612104376,0,On,0.05592728591639742,0,On,0.22867110214449854,0.17150332660837386,On,Off,0.0,20.000000000000057,0.0,0.0,0.0,0.0,0,0.0,21116.65276888889,Off,0.0,23.888888888888914,0,0.0,0.05,0.0,0.0,0,0,0,11489.55984,Off,0.0,0,75.88789638151012,51.666666666666686,46.10666666666668,0.0,48.460647746760955,0.0,0.0,0.0,118.57483809610954,48.51606775623712,48.5437777609752,48.460647746760955,12.43753247303448,20.231315586364836,0.0,10.398778282672895,8.692063661375283,4.4,9.236100170605994,-1517.266506352476,-2635.398497668215,-1009.7075434590814,-2316.5285665872457,-0.0,-0.0,443.44403556077395,1405.2778765685841,1.0,0.11323080494474842,0.0,0,1.0597283054495603,65.99961422222222,355.8180246739957,0.20209457527523755,9.527333072160506,0.0029144388838001013,13.925125526215375,1.2185651324138562,0.34883497616814296,-2704.2005258757313,68.80202820751632,0.1872132644774539,-1038.3860147063456,28.67847124726417
2025-01-01 15:27:00,0.4434513984886666,0.2130426868751515,0.0,0.007390856641477777,0.0035507114479191916,0.0,0.07291164118317826,0.3205397573054884,0.0,0.05,0.0,0.0,0.0,0.19845935354181815,0,0.01458333333333334,1,0,0,Off,0,0,Off,0,0,Off,0.03594136924459241,0.0269560269334443,On,0,0,Off,0.003518405062134503,0.0,On,0.06939323612104376,0,On,0.05592728591639742,0,On,0.22867110214449854,0.17150332660837386,On,Off,0.0,20.000000000000057,0.0,0.0,0.0,0.0,0,0.0,21116.65276888889,Off,0.0,23.888888888888914,0,0.0,0.05,0.0,0.0,0,0,0,11489.55984,Off,0.0,0,76.04972104362776,51.666666666666686,46.10666666666668,0.0,48.44396397162084,0.0,0.0,0.0,118.82768913066836,48.500302612440606,48.52847193285049,48.44396397162084,12.43753247303448,20.15521134223289,0.0,10.347526227730345,8.68116855986192,4.4,9.236100170605994,-1494.5306872167303,-2608.576686632877,-1007.4227282086637,-2298.9842301746276,-0.0,-0.0,443.44403556077395,1404.8430735192046,1.0,0.11291605586127847,0.0,0,1.0567825654362293,65.99961422222222,361.0095073971233,0.20305147273912794,9.492850352278001,0.00291448730808807,14.024930939555524,1.2188812793184869,0.3484705791313914,-2678.295811470329,69.71912483745221,0.187082376361183,-1035.0260114524722,27.603283243808512
2025-01-01 15:28:00,0.4434513984886666,0.2130426868751515,0.0,0.007390856641477777,0.0035507114479191916,0.0,0.07291164118317826,0.3205397573054884,0.0,0.05,0.0,0.0,0.0,0.19845935354181815,0,0.01458333333333334,1,0,0,Off,0,0,Off,0,0,Off,0.03594136924459241,0.0269560269334443,On,0,0,Off,0.003518405062134503,0.0,On,0.06939323612104376,0,On,0.05592728591639742,0,On,0.22867110214449854,0.17150332660837386,On,Off,0.0,20.000000000000057,0.0,0.0,0.0,0.0,0,0.0,21116.65276888889,Off,0.0,23.888888888888914,0,0.0,0.05,0.0,0.0,0,0,0,11489.55984,Off,0.0,0,76.2038779020943,51.666666666666686,46.10666666666668,0.0,48.427245123069675,0.0,0.0,0.0,119.06855922202236,48.484503850778935,48.51313321463356,48.427245123069675,12.43753247303448,20.081931192020747,0.0,10.299462722352963,8.670270264217953,4.4,9.236100170605994,-1473.785524004295,-2582.8313923821725,-1005.1236500819497,-2282.1413559203193,-0.0,-0.0,443.44403556077395,1404.3520102385341,1.0,0.11261258767714066,0.0,0,1.053942403479497,65.99961422222222,364.9117963552504,0.20397782470452727,9.459845992951223,0.0029145360667969015,14.120515390152619,1.219185848084594,0.34812850579711835,-2654.0439260271255,71.21253364495298,0.1869513581947991,-1031.6682045316088,26.544554449659156
2025-01-01 15:29:00,0.4434513984886666,0.2130426868751515,0.0,0.007390856641477777,0.0035507114479191916,0.0,0.07291164118317826,0.3205397573054884,0.0,0.05,0.0,0.0,0.0,0.19845935354181815,0,0.01458333333333334,1,0,0,Off,0,0,Off,0,0,Off,0.03594136924459241,0.0269560269334443,On,0,0,Off,0.003518405062134503,0.0,On,0.06939323612104376,0,On,0.05592728591639742,0,On,0.22867110214449854,0.17150332660837386,On,Off,0.0,20.000000000000057,0.0,0.0,0.0,0.0,0,0.0,21116.65276888889,Off,0.0,23.888888888888914,0,0.0,0.05,0.0,0.0,0,0,0,11489.55984,Off,0.0,0,76.3511068689822,51.666666666666686,46.10666666666668,0.0,48.41049289129267,0.0,0.0,0.0,119.29860448278468,48.46867306418105,48.49776315062523,48.41049289129267,12.43753247303448,20.01120096970523,0.0,10.254288105463809,8.65937132846685,4.4,9.236100170605994,-1453.586794445116,-2559.219214320043,-1002.8120066693189,-2265.9315517439313,-0.0,-0.0,443.44403556077395,1403.80205055915,1.0,0.11231930642509103,0.0,0,1.0511975811283152,65.99961422222222,368.90072173804134,0.20487659025576316,9.427475053882725,0.002914585145548553,14.212287031895102,1.2194799617019456,0.3478066862951226,-2631.2861346287305,72.06692030868747,0.1868202404412079,-1028.3133853394825,25.501378670163657
2025-01-01 15:30:00,0.4434513984886666,0.2130426868751515,0.0,0.007390856641477777,0.0035507114479191916,0.0,0.07291164118317826,0.3205397573054884,0.0,0.05,0.0,0.0,0.0,0.19845935354181815,0,0.01458333333333334,1,0,0,Off,0,0,Off,0,0,Off,0.03594136924459241,0.0269560269334443,On,0,0,Off,0.003518405062134503,0.0,On,0.06939323612104376,0,On,0.05592728591639742,0,On,0.22867110214449854,0.17150332660837386,On,Off,0.0,20.000000000000057,0.0,0.0,0.0,0.0,0,0.0,21116.65276888889,Off,0.0,23.888888888888914,0,0.0,0.05,0.0,0.0,0,0,0,11489.55984,Off,0.0,0,76.49191217962702,51.666666666666686,46.10666666666668,0.0,48.393708803406156,0.0,0.0,0.0,119.51861278066723,48.45281169186468,48.48236313609395,48.393708803406156,12.43753247303448,19.94283419091687,0.0,10.211722570073228,8.64847408259705,3.9,9.236100170605994,-1601.6404489186716,-2141.567273621598,-1014.5237961774363,-2285.3373945363214,-0.0,-0.0,443.44403556077395,846.6310862318564,1.0,0.11006117069622488,0.0,0,1.0300636648712143,65.99961422222222,240.25291005687575,0.20574969214990538,9.396342980681112,0.002914634531357676,66.98168105406371,1.2197643810259209,0.27108207532989764,-2214.541412977886,72.97413935628805,0.16905381722886537,-1038.996672223015,24.472876045578527
2025-01-01 15:31:00,0.4434513984886666,0.2130426868751515,0.0,0.007390856641477777,0.0035507114479191916,0.0,0.07291164118317826,0.3205397573054884,0.0,0.05,0.0,0.0,0.0,0.19845935354181815,0,0.01458333333333334,1,0,0,Off,0,0,Off,0,0,Off,0.03594136924459241,0.0269560269334443,On,0,0,Off,0.003518405062134503,0.0,On,0.06939323612104376,0,On,0.05592728591639742,0,On,0.22867110214449854,0.17150332660837386,On,Off,0.0,20.000000000000057,0.0,0.0,0.0,0.0,0,0.0,21116.65276888889,Off,0.0,23.888888888888914,0,0.0,0.05,0.0,0.0,0,0,0,11489.55984,Off,0.0,0,76.63554685361926,51.666666666666686,46.10666666666668,0.0,48.37689427538467,0.0,0.0,0.0,119.7430419587801,48.43692106829647,48.46693446475238,48.37689427538467,12.43753247303448,19.873383633979525,0.0,10.18582614415645,8.637026155529156,3.9,9.236100170605994,-1577.8510082114813,-2130.1409897801177,-1012.5041209123959,-2269.310117885757,-0.0,-0.0,443.44403556077395,847.0772300697162,1.0,0.10976447995877761,0.0,0,1.0272869331100032,65.99961422222222,248.01507411350144,0.20665379845518198,9.364936506052956,0.0029148672295276324,66.87151824970073,1.2200533106282416,0.27084516416560805,-2203.527900737118,73.38691095700037,0.16890149921198364,-1035.5579098063913,23.053788893995392
2025-01-01 15:32:00,0.4434513984886666,0.2130426868751515,0.0,0.007390856641477777,0.0035507114479191916,0.0,0.07291164118317826,0.3205397573054884,0.0,0.05,0.0,0.0,0.0,0.19845935354181815,0,0.01458333333333334,1,0,0,Off,0,0,Off,0,0,Off,0.03594136924459241,0.0269560269334443,On,0,0,Off,0.003518405062134503,0.0,On,0.06939323612104376,0,On,0.05592728591639742,0,On,0.22867110214449854,0.17150332660837386,On,Off,0.0,20.000000000000057,0.0,0.0,0.0,0.0,0,0.0,21116.65276888889,Off,0.0,23.888888888888914,0,0.0,0.05,0.0,0.0,0,0,0,11489.55984,Off,0.0,0,76.77372542044395,51.666666666666686,46.10666666666668,0.0,48.36004868464763,0.0,0.0,0.0,119.95894596944368,48.4210006056973,48.45147656622214,48.36004868464763,12.43753247303448,19.80593666751716,0.0,10.161270983710818,8.625447018402939,3.9,9.236100170605994,-1557.65493532074,-2119.00196926373,-1011.222036859398,-2253.7880748105395,-0.0,-0.0,443.44403556077395,847.5154886375027,1.0,0.10947595053436741,0.0,0,1.0245865831641405,65.99961422222222,252.68910392902552,0.207536526988851,9.334574899497227,0.002915099489969445,66.76274273006527,1.2203340313544073,0.270620331883969,-2193.0979328744247,74.09596361069431,0.16874729554591536,-1032.0834704195565,20.86143356015853
2025-01-01 15:33:00,0.4434513984886666,0.2130426868751515,0.0,0.007390856641477777,0.0035507114479191916,0.0,0.07291164118317826,0.3205397573054884,0.0,0.05,0.0,0.0,0.0,0.19845935354181815,0,0.01458333333333334,1,0,0,Off,0,0,Off,0,0,Off,0.03594136924459241,0.0269560269334443,On,0,0,Off,0.003518405062134503,0.0,On,0.06939323612104376,0,On,0.05592728591639742,0,On,0.22867110214449854,0.17150332660837386,On,Off,0.0,20.000000000000057,0.0,0.0,0.0,0.0,0,0.0,21116.65276888889,Off,0.0,23.888888888888914,0,0.0,0.05,0.0,0.0,0,0,0,11489.55984,Off,0.0,0,76.90671491194429,51.666666666666686,46.10666666666668,0.0,48.343173233982476,0.0,0.0,0.0,120.16674204991295,48.40505143753269,48.4359905393078,48.343173233982476,12.43753247303448,19.740394905516254,0.0,10.137975048268945,8.61359544698935,3.9,9.236100170605994,-1538.9328075320586,-2108.646065409244,-1009.8718877546088,-2238.7450087019083,-0.0,-0.0,443.44403556077395,847.9454565407442,1.0,0.10919519371032625,0.0,0,1.0219589770676394,65.99961422222222,256.3681656090756,0.20839880327848076,9.305206580597567,0.0029153313192670583,66.65529525412097,1.2206069417864602,0.27040685652992413,-2183.2146446353504,74.56857922610642,0.16858931770904612,-1028.531179685798,18.659291931189205
2025-01-01 15:34:00,0.4434513984886666,0.2130426868751515,0.0,0.007390856641477777,0.0035507114479191916,0.0,0.07291164118317826,0.3205397573054884,0.0,0.05,0.0,0.0,0.0,0.19845935354181815,0,0.01458333333333334,1,0,0,Off,0,0,Off,0,0,Off,0.03594136924459241,0.0269560269334443,On,0,0,Off,0.003518405062134503,0.0,On,0.06939323612104376,0,On,0.05592728591639742,0,On,0.22867110214449854,0.17150332660837386,On,Off,0.0,20.000000000000057,0.0,0.0,0.0,0.0,0,0.0,21116.65276888889,Off,0.0,23.888888888888914,0,0.0,0.05,0.0,0.0,0,0,0,11489.55984,Off,0.0,0,77.03470775814979,51.666666666666686,46.10666666666668,0.0,48.326269067304125,0.0,0.0,0.0,120.36673087210904,48.389074641794295,48.42047742903938,48.326269067304125,12.43753247303448,19.676687710167307,0.0,10.115847488037248,8.601391455504823,3.9,9.236100170605994,-1520.9651626190835,-2098.794127405002,-1009.2272396227285,-2224.1613415569327,-0.0,-0.0,443.44403556077395,848.3666613718123,1.0,0.10892193697656541,0.0,0,1.019401564395687,65.99961422222222,259.75214337707536,0.2092412225109642,9.276105539021525,0.002915562723709946,66.54912912966348,1.220872325856234,0.27020393155432715,-2173.8377035696444,75.04357616464206,0.1684264873678154,-1024.877380156619,15.650140533890497
2025-01-01 15:35:00,0.4434513984886666,0.2130426868751515,0.0,0.007390856641477777,0.0035507114479191916,0.0,0.07291164118317826,0.3205397573054884,0.0,0.05,0.0,0.0,0.0,0.19845935354181815,0,0.01458333333333334,1,0,0,Off,0,0,Off,0,0,Off,0.03594136924459241,0.0269560269334443,On,0,0,Off,0.003518405062134503,0.0,On,0.06939323612104376,0,On,0.05592728591639742,0,On,0.22867110214449854,0.17150332660837386,On,Off,0.0,20.000000000000057,0.0,0.0,0.0,0.0,0,0.0,21116.65276888889,Off,0.0,23.888888888888914,0,0.0,0.05,0.0,0.0,0,0,0,11489.55984,Off,0.0,0,77.1578770146151,51.666666666666686,46.10666666666668,0.0,48.30933728609236,0.0,0.0,0.0,120.55918283533607,48.37307125649785,48.404938241700606,48.30933728609236,12.43753247303448,19.614751624368083,0.0,10.094814848231536,8.588749411924644,3.9,9.236100170605994,-1503.604734803091,-2089.444429901358,-1008.6994932522924,-2210.0193879572435,-0.0,-0.0,443.44403556077395,848.7785535621578,1.0,0.10865593650381825,0.0,0,1.0169120631475888,65.99961422222222,262.97061759337845,0.21006430886593436,9.247932019179826,0.0029157937093594283,66.44420137094521,1.221130438338357,0.2700109063794852,-2164.93439560054,75.48996569918188,0.1682576462035644,-1021.0968464413857,12.397353189093224
2025-01-01 15:36:00,0.4434513984886666,0.2130426868751515,0.0,0.007390856641477777,0.0035507114479191916,0.0,0.07291164118317826,0.3205397573054884,0.0,0.05,0.0,0.0,0.0,0.19845935354181815,0,0.01458333333333334,1,0,0,Off,0,0,Off,0,0,Off,0.03594136924459241,0.0269560269334443,On,0,0,Off,0.003518405062134503,0.0,On,0.06939323612104376,0,On,0.05592728591639742,0,On,0.22867110214449854,0.17150332660837386,On,Off,0.0,20.000000000000057,0.0,0.0,0.0,0.0,0,0.0,21116.65276888889,Off,0.0,23.888888888888914,0,0.0,0.05,0.0,0.0,0,0,0,11489.55984,Off,0.0,0,77.27639584387047,51.666666666666686,46.10666666666668,0.0,48.29237895366173,0.0,0.0,0.0,120.7443685060476,48.357042283708125,48.389373948731325,48.29237895366173,12.43753247303448,19.55452311516243,0.0,10.074809696735448,8.57562273911602,3.9,9.236100170605994,-1486.8335538470656,-2080.568916600909,-1008.232256056866,-2196.3016734324283,-0.0,-0.0,443.44403556077395,849.1804965350404,1.0,0.10839694618573742,0.0,0,1.014488170011427,65.99961422222222,266.02408402458855,0.2108686078625709,9.22065286291956,0.002916024282067854,66.34046963730906,1.221381535033945,0.26982718275704665,-2156.47476048572,75.90584388481089,0.168082153079501,-1017.1761480017732,8.943891944907133
2025-01-01 15:37:00,0.4434513984886666,0.2130426868751515,0.0,0.007390856641477777,0.0035507114479191916,0.0,0.07291164118317826,0.3205397573054884,0.0,0.05,0.0,0.0,0.0,0.19845935354181815,0,0.01458333333333334,1,0,0,Off,0,0,Off,0,0,Off,0.03594136924459241,0.0269560269334443,On,0,0,Off,0.003518405062134503,0.0,On,0.06939323612104376,0,On,0.05592728591639742,0,On,0.22867110214449854,0.17150332660837386,On,Off,0.0,20.000000000000057,0.0,0.0,0.0,0.0,0,0.0,21116.65276888889,Off,0.0,23.888888888888914,0,0.0,0.05,0.0,0.0,0,0,0,11489.55984,Off,0.0,0,77.39043816692165,51.666666666666686,46.10666666666668,0.0,48.27539509513939,0.0,0.0,0.0,120.92255963581509,48.340988689516635,48.37378548670526,48.27539509513939,12.43753247303448,19.495938330825368,-0.0040616691746890865,10.055770233932787,8.561978364092582,3.9,9.236100170605994,-1470.6360380304222,-2072.136894454713,-1007.7647149560861,-2182.9908702433495,-0.0,-0.0,443.44403556077395,849.5717552213159,1.0,0.10814471665534986,0.0,0,1.0121275511590542,65.99961422222222,268.9107966521532,0.21165468892445854,9.1942346851995,0.0029162544474813836,66.23789214228526,1.221625873755335,0.2696522115821019,-2148.431398972731,76.29450451801802,0.16789954426647438,-1013.1059687888317,5.34125383274573
2025-01-01 15:38:00,0.4434513984886666,0.2130426868751515,0.0,0.007390856641477777,0.0035507114479191916,0.0,0.07291164118317826,0.3205397573054884,0.0,0.05,0.0,0.0,0.0,0.19845935354181815,0,0.01458333333333334,1,0,0,Off,0,0,Off,0,0,Off,0.03594136924459241,0.0269560269334443,On,0,0,Off,0.003518405062134503,0.0,On,0.06939323612104376,0,On,0.05592728591639742,0,On,0.22867110214449854,0.17150332660837386,On,Off,0.0,20.000000000000057,0.0,0.0,0.0,0.0,0,0.0,21116.65276888889,Off,0.0,23.888888888888914,0,0.0,0.05,0.0,0.0,0,0,0,11489.55984,Off,0.0,0,77.50017540676626,51.666666666666686,46.10666666666668,0.0,48.25838669729934,0.0,0.0,0.0,121.09402407307228,48.324911403884116,48.3581737571765,48.25838669729934,12.43753247303448,19.438934314489934,-0.06106568551012259,10.037639491007585,8.547794559211255,3.9,9.236100170605994,-1454.9878875729414,-2064.121961667485,-1007.2462464533207,-2170.070063977709,-0.0,-0.0,443.44403556077395,849.9514830437734,1.0,0.1078990005754017,0.0,0,1.0098278917584853,65.99961422222222,271.6381408439937,0.21242312877973357,9.168644529586484,0.0029164842110422414,66.13642815487037,1.221863709231575,0.269485485870629,-2140.779109980997,76.65714831351218,0.16770950524259137,-1008.880444464535,1.6341980112143173
2025-01-01 15:39:00,0.4434513984886666,0.2130426868751515,0.0,0.007390856641477777,0.0035507114479191916,0.0,0.07291164118317826,0.3205397573054884,0.0,0.05,0.0,0.0,0.0,0.19845935354181815,0,0.01458333333333334,1,0,0,Off,0,0,Off,0,0,Off,0.03594136924459241,0.0269560269334443,On,0,0,Off,0.003518405062134503,0.0,On,0.06939323612104376,0,On,0.05592728591639742,0,On,0.22867110214449854,0.17150332660837386,On,Off,0.0,20.000000000000057,0.0,0.0,0.0,0.0,0,0.0,21116.65276888889,Off,0.0,23.888888888888914,0,0.0,0.05,0.0,0.0,0,0,0,11489.55984,Off,0.0,0,77.61124748316675,51.666666666666686,46.10666666666668,0.0,48.30881132115945,0.0,0.0,0.0,121.26757419244805,48.30881132115945,48.30881132115946,48.30881132115945,12.43753247303448,19.383449890211804,-0.11655010978825331,10.020364611054873,8.533059142554244,3.9,9.236100170605994,-1439.8627873904638,-2056.4994533179815,-1006.6550121392052,-2157.5229426015117,-0.0,-0.0,443.44403556077395,850.3187071337352,1.0,0.10765955654978118,0.0,0,1.0075869325809481,65.99961422222222,274.2161196502738,0.2131744988296803,9.14317013435788,0.0029167135779936426,66.03603834886485,1.2220952893716335,0.2693265344400262,-2133.4945668365503,76.99511351856891,0.16751184721736453,-1004.4966090213653,-2.158403117839903
2025-01-01 15:40:00,0.4434513984886666,0.2130426868751515,0.0,0.007390856641477777,0.0035507114479191916,0.0,0.07291164118317826,0.3205397573054884,0.0,0.05,0.0,0.0,0.0,0.19845935354181815,0,0.01458333333333334,1,0,0,Off,0,0,Off,0,0,Off,0.03594136924459241,0.0269560269334443,On,0,0,Off,0.003518405062134503,0.0,On,0.06939323612104376,0,On,0.05592728591639742,0,On,0.22867110214449854,0.17150332660837386,On,Off,0.0,20.000000000000057,0.0,0.0,0.0,0.0,0,0.0,21116.65276888889,Off,0.0,23.888888888888914,0,0.0,0.05,0.0,0.0,0,0,0,11489.55984,Off,0.0,0,77.71286170823066,51.666666666666686,46.10666666666668,0.0,48.29171302940549,0.0,0.0,0.0,121.42634641911042,48.29268816404033,48.293175731357756,48.29171302940549,12.43753247303448,19.329426082060607,-0.17057391793944987,10.003896385457383,8.517767240744835,3.9,9.236100170605994,-1425.2358789857576,-2049.2463714035234,-1005.8987558789037,-2145.3338780543545,-0.0,-0.0,443.44403556077395,850.6723115315668,1.0,0.10742615103926435,0.0,0,1.0054024879303665,65.99961422222222,276.65396350782277,0.21390935849139292,9.11846415671771,0.0029169425533865996,65.93668495079174,1.222320853472557,0.269174917890911,-2126.5561044813917,77.30973307786809,0.167306477697872,-999.9537136291539,-5.945042249749749
2025-01-01 15:41:00,0.4434513984886666,0.2130426868751515,0.0,0.007390856641477777,0.0035507114479191916,0.0,0.07291164118317826,0.3205397573054884,0.0,0.05,0.0,0.0,0.0,0.19845935354181815,0,0.01458333333333334,1,0,0,Off,0,0,Off,0,0,Off,0.03594136924459241,0.0269560269334443,On,0,0,Off,0.003518405062134503,0.0,On,0.06939323612104376,0,On,0.05592728591639742,0,On,0.22867110214449854,0.17150332660837386,On,Off,0.0,20.000000000000057,0.0,0.0,0.0,0.0,0,0.0,21116.65276888889,Off,0.0,23.888888888888914,0,0.0,0.05,0.0,0.0,0,0,0,11489.55984,Off,0.0,0,77.81065213224983,51.666666666666686,46.10666666666668,0.0,48.27459296454572,0.0,0.0,0.0,121.57914395664035,48.27654389732473,48.27751936371425,48.27459296454572,12.43753247303448,19.276806257632273,-0.22319374236778344,9.988188881630451,8.50192294439583,3.9,9.236100170605994,-1411.0843514285157,-2042.3412838807074,-1005.014506686578,-2133.487945267772,-0.0,-0.0,443.44403556077395,851.0110180548335,1.0,0.10719855909236732,0.0,0,1.0032724524834151,65.99961422222222,278.95955827848206,0.2146282521405608,9.094496774441303,0.002917171142087539,65.8383317711194,1.2225406315780174,0.2690302253946416,-2119.9435476723243,77.60226379161688,0.16709342329076138,-995.2537030799901,-9.760803606587778
2025-01-01 15:42:00,0.4434513984886666,0.2130426868751515,0.0,0.007390856641477777,0.0035507114479191916,0.0,0.07291164118317826,0.3205397573054884,0.0,0.05,0.0,0.0,0.0,0.19845935354181815,0,0.01458333333333334,1,0,0,Off,0,0,Off,0,0,Off,0.03594136924459241,0.0269560269334443,On,0,0,Off,0.003518405062134503,0.0,On,0.06939323612104376,0,On,0.05592728591639742,0,On,0.22867110214449854,0.17150332660837386,On,Off,0.0,20.000000000000057,0.0,0.0,0.0,0.0,0,0.0,21116.65276888889,Off,0.0,23.888888888888914,0,0.0,0.05,0.0,0.0,0,0,0,11489.55984,Off,0.0,0,77.90476652040832,51.666666666666686,46.10666666666668,0.0,48.25745196940706,0.0,0.0,0.0,121.726197688138,48.26037931537878,48.26184298836464,48.25745196940706,12.43753247303448,19.225536141339987,-0.27446385866007006,9.973199133220751,8.485533451871463,3.9,9.236100170605994,-1397.3871622620322,-2035.7641692144934,-1003.958426039423,-2121.9709122341383,-0.0,-0.0,443.44403556077395,851.3333644794152,1.0,0.10697656451127935,0.0,0,1.0011948028424882,65.99961422222222,281.1397144113319,0.21533170780717303,9.071239398805377,0.002917399348786104,65.74094418128941,1.2227548443824188,0.26889207202698845,-2113.63806752075,77.87389830625676,0.16687275154550643,-990.3994627784734,-13.558963260949545
2025-01-01 15:43:00,1.4942243151553336,0.2130426868751515,0.9006625,0.024903738585922226,0.0035507114479191916,0.015011041666666667,0.07291164118317826,0.3205397573054884,1.0507729166666668,0.05,0.0,0.9006625,0.0,0.19845935354181815,0,0.01458333333333334,1,0,0,Off,0,0,Off,0,0,Off,0.03594136924459241,0.0269560269334443,On,0,0,Off,0.003518405062134503,0.0,On,0.06939323612104376,0,On,0.05592728591639742,0,On,0.22867110214449854,0.17150332660837386,On,On,17415.9303113141,20.000000000000057,0.8,4751.49537424146,26.39581596111111,1.0507729166666668,1,21116.65276888889,21116.65276888889,Off,0.0,23.888888888888914,0,0.0,0.05,0.0,0.0,0,0,0,11489.55984,Off,0.0,0,77.99534635833645,51.666666666666686,46.10666666666668,0.0,48.240290854232256,0.0,0.0,0.0,121.8677286849007,48.24419518187146,48.246147345691064,48.240290854232256,12.43753247303448,19.175563767188375,-0.32443623281168144,9.958886879400428,8.468611405115544,3.9,9.236100170605994,16031.805589863834,2721.999078042526,-1002.7175289117632,-2110.7692171654307,-0.0,-0.0,443.44403556077395,851.6376796182433,1.0,0.10675995975089284,0.0,0,0.9991675965907201,65.99961422222222,283.2004601543921,0.21602023673091458,9.04866465119721,0.002917627178002859,65.64448906633498,1.2229637033902354,0.26876009652986255,-2107.6220604001282,78.12576420119441,0.16664460276105345,-985.3955009573762,-17.322027954387057
2025-01-01 15:44:00,1.4942243151553336,0.2130426868751515,0.9006625,0.024903738585922226,0.0035507114479191916,0.015011041666666667,0.07291164118317826,0.3205397573054884,1.0507729166666668,0.05,0.0,0.9006625,0.0,0.19845935354181815,0,0.01458333333333334,1,0,0,Off,0,0,Off,0,0,Off,0.03594136924459241,0.0269560269334443,On,0,0,Off,0.003518405062134503,0.0,On,0.06939323612104376,0,On,0.05592728591639742,0,On,0.22867110214449854,0.17150332660837386,On,On,17415.9303113141,20.000000000000057,0.8,4751.49537424146,26.39581596111111,1.0507729166666668,1,21116.65276888889,21116.65276888889,Off,0.0,23.888888888888914,0,0.0,0.05,0.0,0.0,0,0,0,11489.55984,Off,0.0,0,77.23403961536458,51.666666666666686,46.10666666666668,0.0,48.223110398064534,0.0,0.0,0.0,120.67818689900714,48.2279922310792,48.23043314758653,48.223110398064534,12.43753247303448,19.44306684136925,-0.05693315863080528,10.116707736205404,8.451173015454264,3.9,9.236100170605994,15956.47759176517,2651.8929138942153,-1001.2818475077727,-2171.0057391211403,-0.0,-0.0,443.44403556077395,851.9220549793229,1.0,0.10791682357427577,0.0,0,1.009994697394143,65.99961422222222,268.10898401143714,0.21246784648386757,9.17206799460048,0.0029178546340967587,65.67116341314834,1.221845441742186,0.270211823469954,-2174.2020545444,74.59959419715541,0.16640916520986887,-980.2473813691026,-21.034466138670137
2025-01-01 15:45:00,1.5324177306947624,0.22005763253332192,0.9006625,0.025540295511579374,0.0036676272088886986,0.015011041666666667,0.08847409487208881,0.3431707191560066,1.0507729166666668,0.05,0.0,0.9006625,0.0,0.20547429919998858,0,0.01458333333333334,1,0,0,Off,0,0,Off,0,0,Off,0.03594136924459241,0.0269560269334443,On,0,0,Off,0.003518405062134503,0.0,On,0.0849556898099543,0,On,0.06920498688935507,0,On,0.23802436302205912,0.1785182722665443,On,On,17415.9303113141,20.000000000000057,0.8,4751.49537424146,26.39581596111111,1.0507729166666668,1,21116.65276888889,21116.65276888889,Off,0.0,23.888888888888914,0,0.0,0.05,0.0,0.0,0,0,0,11489.55984,Off,0.0,0,76.30322979439153,51.666666666666686,46.10666666666668,0.0,48.206098277707625,0.4437719233123401,1106.6185927367746,0.0,119.22379655373675,48.21194743607789,48.214872015263026,48.206098277707625,12.43753247303448,19.702220512550877,0.0,10.266066592267707,8.433237365382904,3.9,9.236100170605994,15921.473473362868,2585.3717654822854,-999.6450481634936,-2230.0016960992634,-0.0,-0.0,480.9827228387735,852.1843113193639,1.0,0.10903149635984527,0.0,0,1.020426931826802,65.99961422222222,254.56213530925908,0.20908945154371109,9.290447932626584,0.002918082390874183,65.88875251150114,1.2207640265117783,0.2715785649060407,-2237.69952336256,71.57591460338533,0.16616666610357267,-974.9615067718418,-24.683541391651804
2025-01-01 15:46:00,1.5324177306947624,0.22005763253332192,0.9006625,0.025540295511579374,0.0036676272088886986,0.015011041666666667,0.08847409487208881,0.3431707191560066,1.0507729166666668,0.05,0.0,0.9006625,0.0,0.20547429919998858,0,0.01458333333333334,1,0,0,Off,0,0,Off,0,0,Off,0.03594136924459241,0.0269560269334443,On,0,0,Off,0.003518405062134503,0.0,On,0.0849556898099543,0,On,0.06920498688935507,0,On,0.23802436302205912,0.1785182722665443,On,On,17415.9303113141,20.000000000000057,0.8,4751.49537424146,26.39581596111111,1.0507729166666668,1,21116.65276888889,21116.65276888889,Off,0.0,23.888888888888914,0,0.0,0.05,0.0,0.0,0,0,0,11489.55984,Off,0.0,0,75.19985394056027,51.666666666666686,46.10666666666668,0.0,48.16718289573088,0.44425526288331124,1106.6185927367746,0.0,117.49977178212544,48.048965290377126,48.16718289573088,47.98985648770025,12.43753247303448,19.95421336690227,0.0,10.40758668144828,8.414825768386049,3.9,9.236100170605994,15850.24708845478,2521.8789823213992,-997.8039425683722,-2287.967660073807,-0.0,-0.0,480.9827228387735,852.421962228655,1.0,0.1101097427067012,0.0,0,1.0305182508328654,65.99961422222222,241.3017143757153,0.20586280016664069,9.405864933028312,0.0029183111047081205,65.90478571904178,1.2197143209001033,0.2728672597792575,-2298.2988211065403,68.68242918647951,0.16591736329231765,-969.5449209253851,-28.259021642987097
2025-01-01 15:47:00,1.5324177306947624,0.22005763253332192,0.9006625,0.025540295511579374,0.0036676272088886986,0.015011041666666667,0.08847409487208881,0.3431707191560066,1.0507729166666668,0.05,0.0,0.9006625,0.0,0.20547429919998858,0,0.01458333333333334,1,0,0,Off,0,0,Off,0,0,Off,0.03594136924459241,0.0269560269334443,On,0,0,Off,0.003518405062134503,0.0,On,0.0849556898099543,0,On,0.06920498688935507,0,On,0.23802436302205912,0.1785182722665443,On,On,17415.9303113141,20.000000000000057,0.8,4751.49537424146,26.39581596111111,1.0507729166666668,1,21116.65276888889,21116.65276888889,Off,0.0,23.888888888888914,0,0.0,0.05,0.0,0.0,0,0,0,11489.55984,Off,0.0,0,74.11710250957549,51.666666666666686,46.10666666666668,0.0,48.12843257647323,0.44473759964754883,1106.6185927367746,0.0,115.8079726712117,47.88621236277077,48.12843257647323,47.765102255919544,12.43753247303448,20.198746870029748,0.0,10.54178978621015,8.3959612189821,3.9,9.236100170605994,15780.713504126299,2461.297897671927,-995.7579501162586,-2344.780421920428,-0.0,-0.0,480.9827228387735,852.6321701201027,1.0,0.11115086869285883,0.0,0,1.0402621599891124,65.99961422222222,228.5808918938552,0.2027856525239718,9.51751796909818,0.002918540071079395,65.91593740589828,1.2186974070753058,0.2740837281767314,-2356.1529651989895,65.95548862945644,0.16566153813291104,-964.005138584823,-31.7528115314354
2025-01-01 15:48:00,0.4816448140280954,0.22005763253332192,0.0,0.008027413567134923,0.0036676272088886986,0.0,0.08847409487208881,0.3431707191560066,0.0,0.05,0.0,0.0,0.0,0.20547429919998858,0,0.01458333333333334,1,0,0,Off,0,0,Off,0,0,Off,0.03594136924459241,0.0269560269334443,On,0,0,Off,0.003518405062134503,0.0,On,0.0849556898099543,0,On,0.06920498688935507,0,On,0.23802436302205912,0.1785182722665443,On,Off,0.0,20.000000000000057,0.0,0.0,0.0,0.0,0,0.0,21116.65276888889,Off,0.0,23.888888888888914,0,0.0,0.05,0.0,0.0,0,0,0,11489.55984,Off,0.0,0,73.05401242549313,51.666666666666686,46.10666666666668,0.0,48.08984281657612,0.4452189798729042,1106.6185927367746,0.0,114.14689441483301,47.723684368688986,48.08984281657612,47.54060514474542,12.43753247303448,20.436175664808776,0.0,10.669135306583055,8.37666792541855,3.9,9.236100170605994,-1703.056597149609,-2348.007064994093,-993.5086508061457,-2400.470095381927,-0.0,-0.0,480.9827228387735,852.8116965606754,1.0,0.11215693170970265,0.0,0,1.0496779144433495,65.99961422222222,216.43077539354422,0.19984785387868167,9.624927357913764,0.0029187692672818675,65.92247147203987,1.2177116546436315,0.27523306540666376,-2411.3980498770475,63.390984882954456,0.16539948942697785,-958.350001157536,-35.15864964860968
2025-01-01 15:49:00,0.4816448140280954,0.22005763253332192,0.0,0.008027413567134923,0.0036676272088886986,0.0,0.08847409487208881,0.3431707191560066,0.0,0.05,0.0,0.0,0.0,0.20547429919998858,0,0.01458333333333334,1,0,0,Off,0,0,Off,0,0,Off,0.03594136924459241,0.0269560269334443,On,0,0,Off,0.003518405062134503,0.0,On,0.0849556898099543,0,On,0.06920498688935507,0,On,0.23802436302205912,0.1785182722665443,On,Off,0.0,20.000000000000057,0.0,0.0,0.0,0.0,0,0.0,21116.65276888889,Off,0.0,23.888888888888914,0,0.0,0.05,0.0,0.0,0,0,0,11489.55984,Off,0.0,0,72.8582091287576,51.666666666666686,46.10666666666668,0.0,48.05140932499085,0.4456994476407824,1106.6185927367744,0.0,113.84095176368373,47.56137722363377,48.05140932499085,47.31636117295523,12.43753247303448,20.350589486851188,0.0,10.618541148789449,8.356970913381733,3.9,9.236100170605994,-1677.1684553808204,-2325.083410380609,-991.0593990653684,-2380.335840328598,-0.0,-0.0,480.9827228387735,852.9568446196078,1.0,0.11179481657405081,0.0,0,1.0462888750448465,65.99961422222222,222.18466210900385,0.2009226613358579,9.58652132590445,0.0029189986717594435,65.81019725190774,1.2180665766275038,0.2747770112657089,-2389.408915898472,64.32550551786304,0.16513152827568225,-952.587554487003,-38.47184457836547
2025-01-01 15:50:00,0.4816448140280954,0.22005763253332192,0.0,0.008027413567134923,0.0036676272088886986,0.0,0.08847409487208881,0.3431707191560066,0.0,0.05,0.0,0.0,0.0,0.20547429919998858,0,0.01458333333333334,1,0,0,Off,0,0,Off,0,0,Off,0.03594136924459241,0.0269560269334443,On,0,0,Off,0.003518405062134503,0.0,On,0.0849556898099543,0,On,0.06920498688935507,0,On,0.23802436302205912,0.1785182722665443,On,Off,0.0,20.000000000000057,0.0,0.0,0.0,0.0,0,0.0,21116.65276888889,Off,0.0,23.888888888888914,0,0.0,0.05,0.0,0.0,0,0,0,11489.55984,Off,0.0,0,72.65413110007736,51.666666666666686,46.10666666666668,0.0,48.01294107308274,0.4461813895017995,1106.6185927367744,0.0,113.52207984387087,47.39911075525133,48.01294107308274,47.09219559633563,12.43753247303448,20.268125659554986,0.0,10.57101417136889,8.336895691172064,3.9,9.236100170605994,-1653.3737220390644,-2302.9418103114454,-988.414989744491,-2360.9998030641423,-0.0,-0.0,480.9827228387735,853.0633920675618,1.0,0.11144533583971064,0.0,0,1.0430180811423366,65.99961422222222,226.64335818630457,0.2019649361118175,9.549739167937027,0.0029192276188021197,65.69968238793896,1.2184087404096056,0.2743479140298874,-2368.8012782318997,65.85946792045436,0.16485797372560623,-946.7259458452529,-41.689043899237944
2025-01-01 15:51:00,0.4816448140280954,0.22005763253332192,0.0,0.008027413567134923,0.0036676272088886986,0.0,0.08847409487208881,0.3431707191560066,0.0,0.05,0.0,0.0,0.0,0.20547429919998858,0,0.01458333333333334,1,0,0,Off,0,0,Off,0,0,Off,0.03594136924459241,0.0269560269334443,On,0,0,Off,0.003518405062134503,0.0,On,0.0849556898099543,0,On,0.06920498688935507,0,On,0.23802436302205912,0.1785182722665443,On,Off,0.0,20.000000000000057,0.0,0.0,0.0,0.0,0,0.0,21116.65276888889,Off,0.0,23.888888888888914,0,0.0,0.05,0.0,0.0,0,0,0,11489.55984,Off,0.0,0,72.44257775936393,51.666666666666686,46.10666666666668,0.0,47.97443993127023,0.4466647881478832,1106.6185927367746,0.0,113.19152774900613,47.236886682555436,47.97443993127023,46.86811005819805,12.43753247303448,20.188487966337796,0.0,10.526258434298445,8.316467967950215,3.9,9.236100170605994,-1630.23869418069,-2282.6913020215575,-985.5813709531798,-2342.3858590340883,-0.0,-0.0,480.9827228387735,853.1265137754222,1.0,0.11110729210967794,0.0,0,1.0398543262845468,65.99961422222222,231.16444201462502,0.20297775843634364,9.513720077785264,0.0029194561171878614,65.5907939789876,1.2187393549933012,0.27394322245104114,-2349.438240472616,66.74693845105853,0.1645791490958711,-940.7733375588685,-44.80803339431114
2025-01-01 15:52:00,0.4816448140280954,0.22005763253332192,0.0,0.008027413567134923,0.0036676272088886986,0.0,0.08847409487208881,0.3431707191560066,0.0,0.05,0.0,0.0,0.0,0.20547429919998858,0,0.01458333333333334,1,0,0,Off,0,0,Off,0,0,Off,0.03594136924459241,0.0269560269334443,On,0,0,Off,0.003518405062134503,0.0,On,0.0849556898099543,0,On,0.06920498688935507,0,On,0.23802436302205912,0.1785182722665443,On,Off,0.0,20.000000000000057,0.0,0.0,0.0,0.0,0,0.0,21116.65276888889,Off,0.0,23.888888888888914,0,0.0,0.05,0.0,0.0,0,0,0,11489.55984,Off,0.0,0,72.22410238345431,51.666666666666686,46.10666666666668,0.0,47.935907593758834,0.4471496283219148,1106.6185927367746,0.0,112.85015997414735,47.074706558486355,47.935907593758834,46.64410604085012,12.43753247303448,20.11147176062417,0.0,10.483999231044685,8.295713418005528,3.9,9.236100170605994,-1608.1004905841892,-2263.502573670914,-982.5653996539891,-2324.4402724849047,-0.0,-0.0,480.9827228387735,853.1406913342661,1.0,0.11077986819663836,0.0,0,1.0367899624067272,65.99961422222222,235.35705906194187,0.2039631506042835,9.479065782515617,0.0029196841749848193,65.48343473431518,1.2190592521007095,0.27356055558191045,-2331.193650969428,67.69107729851402,0.16429537889469198,-934.7378350924843,-47.827564561504914
2025-01-01 15:53:00,0.4816448140280954,0.22005763253332192,0.0,0.008027413567134923,0.0036676272088886986,0.0,0.08847409487208881,0.3431707191560066,0.0,0.05,0.0,0.0,0.0,0.20547429919998858,0,0.01458333333333334,1,0,0,Off,0,0,Off,0,0,Off,0.03594136924459241,0.0269560269334443,On,0,0,Off,0.003518405062134503,0.0,On,0.0849556898099543,0,On,0.06920498688935507,0,On,0.23802436302205912,0.1785182722665443,On,Off,0.0,20.000000000000057,0.0,0.0,0.0,0.0,0,0.0,21116.65276888889,Off,0.0,23.888888888888914,0,0.0,0.05,0.0,0.0,0,0,0,11489.55984,Off,0.0,0,71.9991632624359,51.666666666666686,46.10666666666668,0.0,47.89734563277455,0.4476358961554143,1106.6185927367744,0.0,112.4986925975561,46.9125718210452,47.89734563277455,46.42018491518052,12.43753247303448,20.036907681828183,0.0,10.444036698353296,8.27465748478728,3.9,9.236100170605994,-1586.4652278889976,-2245.379611320029,-979.3746331518568,-2307.118256378719,-0.0,-0.0,480.9827228387735,853.0996075017166,1.0,0.11046239070755745,0.0,0,1.0338186872163206,65.99961422222222,239.6703056509476,0.20492275553697234,9.445687324880023,0.002919911799748568,65.3775219316696,1.2193691190723634,0.27319819250148825,-2313.974937915791,68.59532659576189,0.16400698624409255,-928.6274276499622,-50.747205501894584
2025-01-01 15:54:00,0.4816448140280954,0.22005763253332192,0.0,0.008027413567134923,0.0036676272088886986,0.0,0.08847409487208881,0.3431707191560066,0.0,0.05,0.0,0.0,0.0,0.20547429919998858,0,0.01458333333333334,1,0,0,Off,0,0,Off,0,0,Off,0.03594136924459241,0.0269560269334443,On,0,0,Off,0.003518405062134503,0.0,On,0.0849556898099543,0,On,0.06920498688935507,0,On,0.23802436302205912,0.1785182722665443,On,Off,0.0,20.000000000000057,0.0,0.0,0.0,0.0,0,0.0,21116.65276888889,Off,0.0,23.888888888888914,0,0.0,0.05,0.0,0.0,0,0,0,11489.55984,Off,0.0,0,71.76812157610577,51.666666666666686,46.10666666666668,0.0,47.8587555194945,0.4481235789188863,1106.6185927367746,0.0,112.13768996266526,46.75048381302674,47.8587555194945,46.19634795979287,12.43753247303448,19.964662466544972,0.0,10.406200275096278,8.253325219172122,3.9,9.236100170605994,-1565.6459572989352,-2228.2554798262768,-976.0171516655652,-2290.3839979376285,-0.0,-0.0,480.9827228387735,852.9960225685918,1.0,0.11015433491514195,0.0,0,1.0309355897850194,65.99961422222222,243.75531779991977,0.205857811712737,9.412817467217137,0.002920138998601774,65.27298725751199,1.2196694949892413,0.27285466455755536,-2297.7031168160006,69.44763698972362,0.16371429074124474,-922.4499395739957,-53.56721209156933
2025-01-01 15:55:00,0.4816448140280954,0.22005763253332192,0.4645728511809253,0.008027413567134923,0.0036676272088886986,0.007742880853015421,0.08847409487208881,0.3431707191560066,0.0,0.05,0.4645728511809253,0.0,0.0,0.20547429919998858,0,0.01458333333333334,1,0,0,Off,0,0,Off,0,0,Off,0.03594136924459241,0.0269560269334443,On,0,0,Off,0.003518405062134503,0.0,On,0.0849556898099543,0,On,0.06920498688935507,0,On,0.23802436302205912,0.1785182722665443,On,Off,0.0,20.000000000000057,0.0,0.0,0.0,0.0,0,0.0,21116.65276888889,Off,0.0,23.888888888888914,0,0.0,0.05,0.0,0.0,0,0,0,11489.55984,On,10550.56,0,73.35646078981023,51.666666666666686,46.10666666666668,0.0,47.820138645444686,0.44861266476297423,1106.6185927367746,10550.56,114.61946998407848,46.58844380219337,47.820138645444686,45.972596380567715,12.43753247303448,19.89461531474963,0.0,10.37034301602341,8.23174114713893,3.9,9.236100170605994,-1545.5925553701022,-2212.0567289759,-972.5014079336612,-2274.2050561225196,-0.0,-0.0,480.9827228387735,852.8216289619285,1.0,0.10985522510128154,0.0,0,1.0281362178619786,65.99961422222222,247.62977791364372,0.20676944216395407,9.38109492428031,0.002920365778313588,65.16976812155146,1.2199608685931056,0.2725287063838019,-2282.3101547916253,70.25342581572515,0.1634176066941495,-916.2129910358138,-56.288416897847306
2025-01-01 15:56:00,0.4816448140280954,0.22005763253332192,0.4645728511809253,0.008027413567134923,0.0036676272088886986,0.007742880853015421,0.08847409487208881,0.3431707191560066,0.0,0.05,0.4645728511809253,0.0,0.0,0.20547429919998858,0,0.01458333333333334,1,0,0,Off,0,0,Off,0,0,Off,0.03594136924459241,0.0269560269334443,On,0,0,Off,0.003518405062134503,0.0,On,0.0849556898099543,0,On,0.06920498688935507,0,On,0.23802436302205912,0.1785182722665443,On,Off,0.0,20.000000000000057,0.0,0.0,0.0,0.0,0,0.0,21116.65276888889,Off,0.0,23.888888888888914,0,0.0,0.05,0.0,0.0,0,0,0,11489.55984,On,10550.56,0,76.76316048602254,51.666666666666686,46.10666666666668,0.0,47.781535335060994,0.44910264700996266,1106.6185927367746,10550.56,119.94243825941021,47.82882586154686,47.852471124789794,47.781535335060994,12.43753247303448,19.82665902334989,0.0,10.336336062755796,8.209929162631651,3.9,9.236100170605994,-1526.2839868512542,-2196.723754433725,-968.8361003585943,-2258.552557566267,-0.0,-0.0,480.9827228387735,852.566880546597,1.0,0.10956463995566863,0.0,0,1.0254166283995576,65.99961422222222,251.28584787623896,0.20765863417645164,9.3504635548543,0.0029205921453302848,65.06780789593182,1.2202436733632867,0.2722192076850306,-2267.7364499701125,71.01269553638768,0.16311724167741098,-909.9239666919616,-58.912133666632705
2025-01-01 15:57:00,0.4816448140280954,0.22005763253332192,0.4645728511809253,0.008027413567134923,0.0036676272088886986,0.007742880853015421,0.08847409487208881,0.3431707191560066,0.0,0.05,0.4645728511809253,0.0,0.0,0.20547429919998858,0,0.01458333333333334,1,0,0,Off,0,0,Off,0,0,Off,0.03594136924459241,0.0269560269334443,On,0,0,Off,0.003518405062134503,0.0,On,0.0849556898099543,0,On,0.06920498688935507,0,On,0.23802436302205912,0.1785182722665443,On,Off,0.0,20.000000000000057,0.0,0.0,0.0,0.0,0,0.0,21116.65276888889,Off,0.0,23.888888888888914,0,0.0,0.05,0.0,0.0,0,0,0,11489.55984,On,10550.56,0,80.27022587437561,51.666666666666686,46.10666666666668,0.0,49.06850020447726,0.43332421238871294,1106.6185927367746,10550.56,125.42222792871189,49.06850020447726,49.068500204477274,49.06850020447726,12.43753247303448,19.760696009033218,0.0,10.304064197028529,8.187912441922704,3.9,9.236100170605994,-1508.5721381884096,-2182.202094051436,-965.03006660642,-2243.4002205554175,-0.0,-0.0,480.9827228387735,848.5456986350538,1.0,0.10928219608158181,0.0,0,1.022773233183771,65.99961422222222,253.8453595282345,0.20852628505705897,9.320181079432938,0.002920818105807465,64.96705438139145,1.2205183038911054,0.27192517432755564,-2253.92881363251,71.72671958107418,0.16281349536083525,-903.5899911479698,-61.44007545845026
2025-01-01 15:58:00,0.4816448140280954,0.22005763253332192,0.4645728511809253,0.008027413567134923,0.0036676272088886986,0.007742880853015421,0.08847409487208881,0.3431707191560066,0.0,0.05,0.4645728511809253,0.0,0.0,0.20547429919998858,0,0.01458333333333334,1,0,0,Off,0,0,Off,0,0,Off,0.03594136924459241,0.0269560269334443,On,0,0,Off,0.003518405062134503,0.0,On,0.0849556898099543,0,On,0.06920498688935507,0,On,0.23802436302205912,0.1785182722665443,On,Off,0.0,20.000000000000057,0.0,0.0,0.0,0.0,0,0.0,21116.65276888889,Off,0.0,23.888888888888914,0,0.0,0.05,0.0,0.0,0,0,0,11489.55984,On,10550.56,0,83.76643823215883,51.666666666666686,46.10666666666668,0.0,50.307445980761514,0.4191476497041651,1106.6185927367746,10550.56,130.88505973774818,50.307445980761514,50.307445980761514,50.307445980761514,12.43753247303448,19.696619229072336,0.0,10.273422967769845,8.165713287099486,3.9,9.236100170605994,-1491.8351219436277,-2168.441904824352,-961.0937300950285,-2228.7199423418615,-0.0,-0.0,480.9827228387735,843.141889876457,1.0,0.1090074665423868,0.0,0,1.020202036510126,65.99961422222222,255.90209755946017,0.20937344597615115,9.29157566087794,0.0029210436656337347,64.86745319957424,1.2207851952678852,0.2716457033705733,-2240.8391542206314,72.39724939627924,0.16250665733618513,-897.2178846497286,-63.875845445300044
2025-01-01 15:59:00,0.4816448140280954,0.22005763253332192,0.4645728511809253,0.008027413567134923,0.0036676272088886986,0.007742880853015421,0.08847409487208881,0.3431707191560066,0.0,0.05,0.4645728511809253,0.0,0.0,0.20547429919998858,0,0.01458333333333334,1,0,0,Off,0,0,Off,0,0,Off,0.03594136924459241,0.0269560269334443,On,0,0,Off,0.003518405062134503,0.0,On,0.0849556898099543,0,On,0.06920498688935507,0,On,0.23802436302205912,0.1785182722665443,On,Off,0.0,20.000000000000057,0.0,0.0,0.0,0.0,0,0.0,21116.65276888889,Off,0.0,23.888888888888914,0,0.0,0.05,0.0,0.0,0,0,0,11489.55984,On,10550.56,0,87.25588413182443,51.666666666666686,46.10666666666668,0.0,51.545665445035645,0.4058768352001841,1106.6185927367746,10550.56,136.33731895597566,51.545665445035645,51.54566544503565,51.545665445035645,12.43753247303448,19.6343379654937,0.0,10.244316635507596,8.143352592742884,3.9,9.236100170605994,-1475.7587226227383,-2155.3973669956094,-957.0393595134617,-2214.487695080156,-0.0,-0.0,480.9827228387735,837.5687023982872,1.0,0.10874009148223082,0.0,0,1.017699670483877,65.99961422222222,257.74624961864396,0.2102009868382537,9.263219180207829,0.002921268830416671,64.76895663439316,1.221044715585379,0.2713799652846856,-2228.4235296809716,73.02616268536197,0.16219699968804258,-890.8140118117036,-66.22534770175803
2025-01-01 16:00:00,0.48517940304454826,0.22203002474796418,0.0,0.008086323384075804,0.0037005004124660698,0.0,0.08937882760235195,0.3458005754421963,0.0,0.05,0.0,0.0,0.0,0.20744669141463085,0,0.01458333333333334,1,0,0,Off,0,0,Off,0,0,Off,0.0385712255307821,0.028928419148086568,On,0,0,Off,0.00442313779239766,0.0,On,0.0849556898099543,0,On,0.06920498688935507,0,On,0.23802436302205912,0.1785182722665443,On,Off,0.0,20.000000000000057,0.0,0.0,0.0,0.0,0,0.0,21116.65276888889,Off,0.0,23.888888888888914,0,0.0,0.05,0.0,0.0,0,0,0,11489.55984,Off,0.0,0,89.00514546082209,51.666666666666686,46.10666666666668,-0.0,52.78316000298082,0.2062179119385634,580.0420437535871,0.0,139.07053978253452,52.78316000298082,52.78316000298083,52.78316000298082,12.43753247303448,19.573772197496954,0.0,10.216656720794266,8.12084960201984,3.9,9.236100170605994,-1456.7884129353242,-2143.0260509194213,-952.8786733131312,-2200.682181661488,-0.0,-0.0,484.51731185522635,831.8206084356855,1.0,0.10847975448062118,0.0,0,1.0152631737222737,65.99961422222222,259.3764568709374,0.21100966421921333,9.235760829457728,0.0029214936055193094,64.67152153300992,1.2212971892205233,0.2711271914926374,-2216.641471285533,73.6154203661119,0.16188477349026775,-884.3842152717648,-68.49445804136661
2025-01-01 16:01:00,0.48517940304454826,0.22203002474796418,0.0,0.008086323384075804,0.0037005004124660698,0.0,0.08937882760235195,0.3458005754421963,0.0,0.05,0.0,0.0,0.0,0.20744669141463085,0,0.01458333333333334,1,0,0,Off,0,0,Off,0,0,Off,0.0385712255307821,0.028928419148086568,On,0,0,Off,0.00442313779239766,0.0,On,0.0849556898099543,0,On,0.06920498688935507,0,On,0.23802436302205912,0.1785182722665443,On,Off,0.0,20.000000000000057,0.0,0.0,0.0,0.0,0,0.0,21116.65276888889,Off,0.0,23.888888888888914,0,0.0,0.05,0.0,0.0,0,0,0,11489.55984,Off,0.0,0,88.91184807547471,51.666666666666686,46.10666666666668,-0.0,52.75196300150613,0.2062179119385634,579.5935299095296,0.0,138.92476261792922,52.68755023055896,52.75196300150613,52.65534384508538,12.43753247303448,19.514910845965574,0.0,10.190360967124201,8.098222006093973,3.9,9.236100170605994,-1441.9886400610958,-2131.288500358121,-948.6223353046811,-2187.298020509985,-0.0,-0.0,484.51731185522635,825.8813400353808,1.0,0.1082264337486148,0.0,0,1.0128923423023668,65.99961422222222,260.79206859366263,0.21179935037972808,9.209195736855502,0.0029217179960848846,64.57512851222906,1.2215426535976481,0.27088666555752944,-2205.4554941267656,74.16699376864457,0.16157021003001454,-877.9338483107574,-70.68848699392365
2025-01-01 16:02:00,0.48517940304454826,0.22203002474796418,0.0,0.008086323384075804,0.0037005004124660698,0.0,0.08937882760235195,0.3458005754421963,0.0,0.05,0.0,0.0,0.0,0.20744669141463085,0,0.01458333333333334,1,0,0,Off,0,0,Off,0,0,Off,0.0385712255307821,0.028928419148086568,On,0,0,Off,0.00442313779239766,0.0,On,0.0849556898099543,0,On,0.06920498688935507,0,On,0.23802436302205912,0.1785182722665443,On,Off,0.0,20.000000000000057,0.0,0.0,0.0,0.0,0,0.0,21116.65276888889,Off,0.0,23.888888888888914,0,0.0,0.05,0.0,0.0,0,0,0,11489.55984,Off,0.0,0,88.8145502917016,51.666666666666686,46.10666666666668,-0.0,52.72075500931526,0.2062179119385634,579.1448580538646,0.0,138.77273483078375,52.59201947222946,52.72075500931526,52.52765170368656,12.43753247303448,19.457616727425904,-0.04238327257415264,10.165352569575703,8.075486076501726,3.9,9.236100170605994,-1427.780479937885,-2120.1479089500813,-944.2801663418736,-2174.301357079467,-0.0,-0.0,484.51731185522635,819.7438958017759,1.0,0.10797956304950593,0.0,0,1.0105818768088164,65.99961422222222,262.00356528635564,0.21257159292854885,9.18276907554145,0.0029219420071726846,64.47971673746112,1.2217816730022737,0.27065771669599376,-2194.830728276559,74.6828193264779,0.16125352249716596,-871.4678166627647,-72.81234967910905
2025-01-01 16:03:00,0.48517940304454826,0.22203002474796418,0.0,0.008086323384075804,0.0037005004124660698,0.0,0.08937882760235195,0.3458005754421963,0.0,0.05,0.0,0.0,0.0,0.20744669141463085,0,0.01458333333333334,1,0,0,Off,0,0,Off,0,0,Off,0.0385712255307821,0.028928419148086568,On,0,0,Off,0.00442313779239766,0.0,On,0.0849556898099543,0,On,0.06920498688935507,0,On,0.23802436302205912,0.1785182722665443,On,Off,0.0,20.000000000000057,0.0,0.0,0.0,0.0,0,0.0,21116.65276888889,Off,0.0,23.888888888888914,0,0.0,0.05,0.0,0.0,0,0,0,11489.55984,Off,0.0,0,88.71343458307486,51.666666666666686,46.10666666666668,-0.0,52.68953696747934,0.2062179119385634,578.6960417162068,0.0,138.61474153605445,52.496568580053676,52.68953696747934,52.40008438634085,12.43753247303448,19.401822688668435,-0.09817731133162155,10.141559583588117,8.052656771517013,3.9,9.236100170605994,-1414.140936300234,-2109.5698591976593,-939.8612334226254,-2161.674528099906,-0.0,-0.0,484.51731185522635,813.3971723237831,1.0,0.10773887515181842,0.0,0,1.0083292762194003,65.99961422222222,263.01627994444607,0.2133270442021375,9.157810964743804,0.0029221656435181346,64.3852497903725,1.2220145203077064,0.27043971485802076,-2184.7346324396594,75.16477324200015,0.16093490732307753,-864.9906126110959,-74.87062081152966
2025-01-01 16:04:00,0.48517940304454826,0.22203002474796418,0.0,0.008086323384075804,0.0037005004124660698,0.0,0.08937882760235195,0.3458005754421963,0.0,0.05,0.0,0.0,0.0,0.20744669141463085,0,0.01458333333333334,1,0,0,Off,0,0,Off,0,0,Off,0.0385712255307821,0.028928419148086568,On,0,0,Off,0.00442313779239766,0.0,On,0.0849556898099543,0,On,0.06920498688935507,0,On,0.23802436302205912,0.1785182722665443,On,Off,0.0,20.000000000000057,0.0,0.0,0.0,0.0,0,0.0,21116.65276888889,Off,0.0,23.888888888888914,0,0.0,0.05,0.0,0.0,0,0,0,11489.55984,Off,0.0,0,88.60867420266113,51.666666666666686,46.10666666666668,-0.0,52.65830977654302,0.2062179119385634,578.2470938435298,0.0,138.45105344165802,52.40119836638664,52.65830977654302,52.27264266130845,12.43753247303448,19.34746497327038,-0.15253502672967656,10.118914458856866,8.029747831870825,3.9,9.236100170605994,-1401.0482973295457,-2099.522108809563,-935.3739063042601,-2149.400836216819,-0.0,-0.0,484.51731185522635,806.8292053638924,1.0,0.10750411573930936,0.0,0,1.0061321603857014,65.99961422222222,263.835227032047,0.21406632977321635,9.132925891617234,0.0029223889096718116,64.29169309805681,1.222241454811158,0.2702320668868988,-2175.136765494743,75.61465668517987,0.16061454538013129,-858.5063458039018,-76.86756050035834
2025-01-01 16:05:00,0.48517940304454826,0.22203002474796418,0.0,0.008086323384075804,0.0037005004124660698,0.0,0.08937882760235195,0.3458005754421963,0.0,0.05,0.0,0.0,0.0,0.20744669141463085,0,0.01458333333333334,1,0,0,Off,0,0,Off,0,0,Off,0.0385712255307821,0.028928419148086568,On,0,0,Off,0.00442313779239766,0.0,On,0.0849556898099543,0,On,0.06920498688935507,0,On,0.23802436302205912,0.1785182722665443,On,Off,0.0,20.000000000000057,0.0,0.0,0.0,0.0,0,0.0,21116.65276888889,Off,0.0,23.888888888888914,0,0.0,0.05,0.0,0.0,0,0,0,11489.55984,Off,0.0,0,88.50043394661495,51.666666666666686,46.10666666666668,-0.0,52.62707429856798,0.2062179119385634,577.7980268295439,0.0,138.28192804158584,52.30590960586996,52.62707429856798,52.14532725952095,12.43753247303448,19.294482938902775,-0.2055170610972823,10.09735366092696,8.006771868839401,3.9,9.236100170605994,-1388.4824147364925,-2089.974410944524,-930.8259127099433,-2137.4644694478498,-0.0,-0.0,484.51731185522635,800.0270957006701,1.0,0.10727504233204715,0.0,0,1.0039882599354661,65.99961422222222,264.46474285613107,0.21479005073109336,9.108763695978396,0.00292261181000893,64.19901379948612,1.2224627233627459,0.27003421342875633,-2166.0085991534806,76.03418820895665,0.1602926030834641,-852.0187716627624,-78.80714104718085
2025-01-01 16:06:00,0.48517940304454826,0.22203002474796418,0.0,0.008086323384075804,0.0037005004124660698,0.0,0.08937882760235195,0.3458005754421963,0.0,0.05,0.0,0.0,0.0,0.20744669141463085,0,0.01458333333333334,1,0,0,Off,0,0,Off,0,0,Off,0.0385712255307821,0.028928419148086568,On,0,0,Off,0.00442313779239766,0.0,On,0.0849556898099543,0,On,0.06920498688935507,0,On,0.23802436302205912,0.1785182722665443,On,Off,0.0,20.000000000000057,0.0,0.0,0.0,0.0,0,0.0,21116.65276888889,Off,0.0,23.888888888888914,0,0.0,0.05,0.0,0.0,0,0,0,11489.55984,Off,0.0,0,88.38887080619098,51.666666666666686,46.10666666666668,-0.0,52.595831359007605,0.2062179119385634,577.3488525416482,0.0,138.1076106346734,52.21070303726226,52.595831359007605,52.0181388763896,12.43753247303448,19.242818816252278,-0.2571811837477789,10.076817355310817,7.98374044484786,3.9,9.236100170605994,-1376.4246098533145,-2080.898359579736,-926.2243906521483,-2125.8504317626,-0.0,-0.0,484.51731185522635,792.9769239280773,1.0,0.10705142337282816,0.0,0,1.0018954077223678,65.99961422222222,264.90851005405887,0.21549878555778554,9.085293896160177,0.0029228343487381135,64.10718062931055,1.2226785613260258,0.26984562637000065,-2157.3233604051807,76.42500082544504,0.15996923339643337,-845.5313174390999,-80.69307321304835
2025-01-01 16:07:00,1.535952319711215,0.22203002474796418,0.9006625,0.02559920532852025,0.0037005004124660698,0.015011041666666667,0.08937882760235195,0.3458005754421963,1.0507729166666668,0.05,0.0,0.9006625,0.0,0.20744669141463085,0,0.01458333333333334,1,0,0,Off,0,0,Off,0,0,Off,0.0385712255307821,0.028928419148086568,On,0,0,Off,0.00442313779239766,0.0,On,0.0849556898099543,0,On,0.06920498688935507,0,On,0.23802436302205912,0.1785182722665443,On,On,17415.9303113141,20.000000000000057,0.8,4751.49537424146,26.39581596111111,1.0507729166666668,1,21116.65276888889,21116.65276888889,Off,0.0,23.888888888888914,0,0.0,0.05,0.0,0.0,0,0,0,11489.55984,Off,0.0,0,88.27413452724322,51.666666666666686,46.10666666666668,-0.0,52.5645817484374,0.2062179119385634,576.8995823458087,0.0,137.92833519881754,52.115579365130614,52.5645817484374,51.89107817347722,12.43753247303448,19.192417502153134,-0.3075824978469228,10.057249137160131,7.960664146974998,3.9,9.236100170605994,16051.072691194637,2679.2281201884107,-921.5759366441241,-2114.54448286322,-0.0,-0.0,484.51731185522635,785.663682496982,1.0,0.10683303744907226,0.0,0,0.9998515315437183,65.99961422222222,265.16955088853024,0.2161930916764129,9.062487410423877,0.0029230565299095458,64.01616381594228,1.2228891934002204,0.26966580665389833,-2149.055896054918,76.78864200186872,0.1596445767446337,-839.0471060431549,-82.52883060096909
2025-01-01 16:08:00,1.535952319711215,0.22203002474796418,0.9006625,0.02559920532852025,0.0037005004124660698,0.015011041666666667,0.08937882760235195,0.3458005754421963,1.0507729166666668,0.05,0.0,0.9006625,0.0,0.20744669141463085,0,0.01458333333333334,1,0,0,Off,0,0,Off,0,0,Off,0.0385712255307821,0.028928419148086568,On,0,0,Off,0.00442313779239766,0.0,On,0.0849556898099543,0,On,0.06920498688935507,0,On,0.23802436302205912,0.1785182722665443,On,On,17415.9303113141,20.000000000000057,0.8,4751.49537424146,26.39581596111111,1.0507729166666668,1,21116.65276888889,21116.65276888889,Off,0.0,23.888888888888914,0,0.0,0.05,0.0,0.0,0,0,0,11489.55984,Off,0.0,0,87.30788065683198,51.666666666666686,46.10666666666668,-0.0,52.533326224161655,0.2062179119385634,576.450227129657,0.0,136.41856352629998,52.020539261422286,52.533326224161655,51.7641457800526,12.43753247303448,19.459453816756486,-0.04054618324357051,10.210089189438271,7.937552653948029,3.9,9.236100170605994,15973.94173170229,2611.0132123840276,-916.8866496957606,-2174.717607519993,-0.0,-0.0,484.51731185522635,778.0711533073538,1.0,0.10798748328479878,0.0,0,1.0106560023749973,65.99961422222222,248.2117160529581,0.2126440565610548,9.185567401842315,0.0029232783574225786,64.02469929547694,1.2217730173531154,0.27106713860959386,-2213.8463318940876,73.36417003665501,0.15931876184610075,-832.5689778281386,-84.31767186762212
2025-01-01 16:09:00,1.535952319711215,0.22203002474796418,0.9006625,0.02559920532852025,0.0037005004124660698,0.015011041666666667,0.08937882760235195,0.3458005754421963,1.0507729166666668,0.05,0.0,0.9006625,0.0,0.20744669141463085,0,0.01458333333333334,1,0,0,Off,0,0,Off,0,0,Off,0.0385712255307821,0.028928419148086568,On,0,0,Off,0.00442313779239766,0.0,On,0.0849556898099543,0,On,0.06920498688935507,0,On,0.23802436302205912,0.1785182722665443,On,On,17415.9303113141,20.000000000000057,0.8,4751.49537424146,26.39581596111111,1.0507729166666668,1,21116.65276888889,21116.65276888889,Off,0.0,23.888888888888914,0,0.0,0.05,0.0,0.0,0,0,0,11489.55984,Off,0.0,0,86.36483271951045,51.666666666666686,46.10666666666668,-0.0,52.50225243933272,0.2062179119385634,576.0034847498054,0.0,134.94505112423508,51.92575963386228,52.50225243933272,51.637513231127066,12.43753247303448,19.718099310798777,0.0,10.354715255289069,7.9144147973409105,3.9,9.236100170605994,15899.539843952269,2546.3238762906253,-912.1621727949954,-2233.6368646936053,-0.0,-0.0,484.51731185522635,770.1818253220679,1.0,0.10909960239585065,0.0,0,1.021064336940738,65.99961422222222,232.72908547654882,0.20926945252566276,9.30429402260934,0.0029235004171947222,64.02851109062885,1.2206938490291728,0.2723865211528096,-2275.6098479113452,70.43834996051064,0.15899190646712708,-826.0995105464372,-86.06266224855808
2025-01-01 16:10:00,1.535952319711215,0.22203002474796418,0.9006625,0.02559920532852025,0.0037005004124660698,0.015011041666666667,0.08937882760235195,0.3458005754421963,1.0507729166666668,0.05,0.0,0.9006625,0.0,0.20744669141463085,0,0.01458333333333334,1,0,0,Off,0,0,Off,0,0,Off,0.0385712255307821,0.028928419148086568,On,0,0,Off,0.00442313779239766,0.0,On,0.0849556898099543,0,On,0.06920498688935507,0,On,0.23802436302205912,0.1785182722665443,On,On,17415.9303113141,20.000000000000057,0.8,4751.49537424146,26.39581596111111,1.0507729166666668,1,21116.65276888889,21116.65276888889,Off,0.0,23.888888888888914,0,0.0,0.05,0.0,0.0,0,0,0,11489.55984,Off,0.0,0,85.44362317251718,51.666666666666686,46.10666666666668,-0.0,52.471355278835574,0.2062179119385634,575.5592816671382,0.0,133.5056612070581,51.831235314201066,52.471355278835574,51.51117533188381,12.43753247303448,19.968858499396685,0.0,10.491739183734717,7.891258617654489,3.9,9.236100170605994,15826.589674329636,2484.5995826207904,-907.4077309169191,-2291.3546086480483,-0.0,-0.0,484.51731185522635,761.9767813467649,1.0,0.1101722391257897,0.0,0,1.0311031554825292,65.99961422222222,217.49665980835832,0.20605568622130319,9.418986186165737,0.0029237226865136507,64.02789506987541,1.219649398542355,0.27363068267713814,-2334.5324352503594,67.63664362968987,0.15866411811268122,-819.6410376831997,-87.7666932337194
2025-01-01 16:11:00,0.48517940304454826,0.22203002474796418,0.0,0.008086323384075804,0.0037005004124660698,0.0,0.08937882760235195,0.3458005754421963,0.0,0.05,0.0,0.0,0.0,0.20744669141463085,0,0.01458333333333334,1,0,0,Off,0,0,Off,0,0,Off,0.0385712255307821,0.028928419148086568,On,0,0,Off,0.00442313779239766,0.0,On,0.0849556898099543,0,On,0.06920498688935507,0,On,0.23802436302205912,0.1785182722665443,On,Off,0.0,20.000000000000057,0.0,0.0,0.0,0.0,0,0.0,21116.65276888889,Off,0.0,23.888888888888914,0,0.0,0.05,0.0,0.0,0,0,0,11489.55984,Off,0.0,0,84.54316207136726,51.666666666666686,46.10666666666668,-0.0,52.44062993027006,0.2062179119385634,575.1175486946183,0.0,132.09869073651134,51.736961428063296,52.44062993027006,51.38512717695991,12.43753247303448,20.212132731920732,0.0,10.621671526171045,7.868091415588085,3.9,9.236100170605994,-1660.665482304786,-2325.772056132209,-902.6281640322447,-2347.906316975254,-0.0,-0.0,484.51731185522635,753.4355822238574,1.0,0.11120771429611867,0.0,0,1.0407941785934507,65.99961422222222,202.72352281524172,0.20299133137776199,9.529199441464888,0.0029239451440332964,64.02310241261394,1.2186378254244636,0.2748052503538386,-2390.767892047282,64.9958359150731,0.15833549465526367,-813.195665268301,-89.43249876394366
2025-01-01 16:12:00,0.48517940304454826,0.22203002474796418,0.0,0.008086323384075804,0.0037005004124660698,0.0,0.08937882760235195,0.3458005754421963,0.0,0.05,0.0,0.0,0.0,0.20744669141463085,0,0.01458333333333334,1,0,0,Off,0,0,Off,0,0,Off,0.0385712255307821,0.028928419148086568,On,0,0,Off,0.00442313779239766,0.0,On,0.0849556898099543,0,On,0.06920498688935507,0,On,0.23802436302205912,0.1785182722665443,On,Off,0.0,20.000000000000057,0.0,0.0,0.0,0.0,0,0.0,21116.65276888889,Off,0.0,23.888888888888914,0,0.0,0.05,0.0,0.0,0,0,0,11489.55984,Off,0.0,0,84.51098223521898,51.666666666666686,46.10666666666668,-0.0,52.41007182270161,0.2062179119385634,574.6782201167175,0.0,132.04840974252966,51.64293333670024,52.41007182270161,51.25936409369956,12.43753247303448,20.132045721843177,0.0,10.57346735726316,7.844919798873294,3.9,9.236100170605994,-1638.9734106165106,-2303.987301428115,-897.8279568832402,-2329.228862533864,-0.0,-0.0,484.51731185522635,744.5361439885731,1.0,0.11086738463284511,0.0,0,1.0376090296621938,65.99961422222222,205.73814006212672,0.20401497411702937,9.493606238796467,0.002924167769546262,63.92131755654685,1.2189704371514098,0.2743700790401238,-2369.8638262998775,65.87652487176229,0.15800612490690488,-806.765287284534,-91.06266959870618
2025-01-01 16:13:00,0.48517940304454826,0.22203002474796418,0.0,0.008086323384075804,0.0037005004124660698,0.0,0.08937882760235195,0.3458005754421963,0.0,0.05,0.0,0.0,0.0,0.20744669141463085,0,0.01458333333333334,1,0,0,Off,0,0,Off,0,0,Off,0.0385712255307821,0.028928419148086568,On,0,0,Off,0.00442313779239766,0.0,On,0.0849556898099543,0,On,0.06920498688935507,0,On,0.23802436302205912,0.1785182722665443,On,Off,0.0,20.000000000000057,0.0,0.0,0.0,0.0,0,0.0,21116.65276888889,Off,0.0,23.888888888888914,0,0.0,0.05,0.0,0.0,0,0,0,11489.55984,Off,0.0,0,84.47148801039563,51.666666666666686,46.10666666666668,-0.0,52.37948966915519,0.2062179119385634,574.2385458339893,0.0,131.98670001624316,51.54897034148598,52.37948966915519,51.13371067765139,12.43753247303448,20.054747174248465,0.0,10.52815529082493,7.821749724964463,3.9,9.236100170605994,-1619.3600799548203,-2282.9571227226666,-893.011264650436,-2311.2578792943973,-0.0,-0.0,484.51731185522635,735.2546084446525,1.0,0.11053839033390792,0.0,0,1.0345299685260887,65.99961422222222,207.3804874843508,0.20500897770954835,9.458763014105124,0.0029243899804763077,63.82093450173351,1.2192916349580925,0.2739603863915658,-2350.2580455290527,67.3009228063863,0.15767608913794864,-800.3515997680435,-92.65966488239255
2025-01-01 16:14:00,0.48517940304454826,0.22203002474796418,0.0,0.008086323384075804,0.0037005004124660698,0.0,0.08937882760235195,0.3458005754421963,0.0,0.05,0.0,0.0,0.0,0.20744669141463085,0,0.01458333333333334,1,0,0,Off,0,0,Off,0,0,Off,0.0385712255307821,0.028928419148086568,On,0,0,Off,0.00442313779239766,0.0,On,0.0849556898099543,0,On,0.06920498688935507,0,On,0.23802436302205912,0.1785182722665443,On,Off,0.0,20.000000000000057,0.0,0.0,0.0,0.0,0,0.0,21116.65276888889,Off,0.0,23.888888888888914,0,0.0,0.05,0.0,0.0,0,0,0,11489.55984,Off,0.0,0,84.42542587577329,51.666666666666686,46.10666666666668,-0.0,52.34888514400416,0.2062179119385634,573.7985499186069,0.0,131.91472793089576,51.45507400789343,52.34888514400416,51.00816843983807,12.43753247303448,19.979960447067214,0.0,10.485458269820983,7.798586539816044,3.9,9.236100170605994,-1600.609409184241,-2263.7063297278078,-888.1819361517818,-2293.9234566142372,-0.0,-0.0,484.51731185522635,725.5652083534133,1.0,0.11021960317808588,0.0,0,1.0315464361507496,65.99961422222222,208.79673557476974,0.20597632703827637,9.424530369351633,0.002924611783997707,63.721848886968175,1.21960255164489,0.27357377643702296,-2331.8229409469354,68.11661121912766,0.15734545954536158,-793.9561136788257,-94.22582247295607
2025-01-01 16:15:00,0.48517940304454826,0.22203002474796418,0.0,0.008086323384075804,0.0037005004124660698,0.0,0.08937882760235195,0.3458005754421963,0.0,0.05,0.0,0.0,0.0,0.20744669141463085,0,0.01458333333333334,1,0,0,Off,0,0,Off,0,0,Off,0.0385712255307821,0.028928419148086568,On,0,0,Off,0.00442313779239766,0.0,On,0.0849556898099543,0,On,0.06920498688935507,0,On,0.23802436302205912,0.1785182722665443,On,Off,0.0,20.000000000000057,0.0,0.0,0.0,0.0,0,0.0,21116.65276888889,Off,0.0,23.888888888888914,0,0.0,0.05,0.0,0.0,0,0,0,11489.55984,Off,0.0,0,84.41221478235352,51.666666666666686,46.10666666666668,-0.0,52.31825975661803,0.12572393144209812,349.55670508388124,0.0,131.89408559742736,51.361245743119525,52.31825975661803,50.88273873637027,12.43753247303448,19.90749236454764,0.0,10.445118959477245,7.775435013248057,3.9,9.236100170605994,-1582.3337036846747,-2245.4544596527553,-883.3435367397492,-2277.1758823577093,-0.0,-0.0,484.51731185522635,715.4401283635656,1.0,0.1099102432763165,0.0,0,1.0286511335461617,65.99961422222222,210.3248668178083,0.20691902273015755,9.392203497243896,0.0029248331866993777,63.62398326733942,1.2199039754691445,0.27320801231216413,-2314.4408130956153,68.98635344286006,0.1570143006771995,-787.5801666933519,-95.76337004639731
2025-01-01 16:16:00,0.48517940304454826,0.22203002474796418,0.0,0.008086323384075804,0.0037005004124660698,0.0,0.08937882760235195,0.3458005754421963,0.0,0.05,0.0,0.0,0.0,0.20744669141463085,0,0.01458333333333334,1,0,0,Off,0,0,Off,0,0,Off,0.0385712255307821,0.028928419148086568,On,0,0,Off,0.00442313779239766,0.0,On,0.0849556898099543,0,On,0.06920498688935507,0,On,0.23802436302205912,0.1785182722665443,On,Off,0.0,20.000000000000057,0.0,0.0,0.0,0.0,0,0.0,21116.65276888889,Off,0.0,23.888888888888914,0,0.0,0.05,0.0,0.0,0,0,0,11489.55984,Off,0.0,0,84.43218837593103,51.666666666666686,46.10666666666668,-0.0,52.292077622475546,0.12572393144209812,349.327217279463,0.0,131.92529433739224,51.2972343468747,52.292077622475546,50.79981270907429,12.43753247303448,19.837195729220063,0.0,10.406949795459907,7.752299371244875,3.9,9.236100170605994,-1564.8771217602757,-2228.2070430861636,-878.4993694924821,-2260.9766868762963,-0.0,-0.0,484.51731185522635,704.8493640392213,1.0,0.10960972165575335,0.0,0,1.0258385485092034,65.99961422222222,211.58225326079435,0.2078385332925097,9.360312247377998,0.0029250541947432387,63.527275340975976,1.2201965052554813,0.27286147387087634,-2298.0251620496138,69.81811896345033,0.15668266981770052,-781.2249340265863,-97.27443546589578
2025-01-01 16:17:00,0.48517940304454826,0.22203002474796418,0.0,0.008086323384075804,0.0037005004124660698,0.0,0.08937882760235195,0.3458005754421963,0.0,0.05,0.0,0.0,0.0,0.20744669141463085,0,0.01458333333333334,1,0,0,Off,0,0,Off,0,0,Off,0.0385712255307821,0.028928419148086568,On,0,0,Off,0.00442313779239766,0.0,On,0.0849556898099543,0,On,0.06920498688935507,0,On,0.23802436302205912,0.1785182722665443,On,Off,0.0,20.000000000000057,0.0,0.0,0.0,0.0,0,0.0,21116.65276888889,Off,0.0,23.888888888888914,0,0.0,0.05,0.0,0.0,0,0,0,11489.55984,Off,0.0,0,84.44674691552987,51.666666666666686,46.10666666666668,-0.0,52.26587188422467,0.12572393144209812,349.09752258377387,0.0,131.94804205551543,51.233249312866704,52.26587188422467,50.71693802718773,12.43753247303448,19.768942124695013,0.0,10.370790270531014,7.729183325435626,3.9,9.236100170605994,-1548.2112692368546,-2211.901128322938,-873.6524946465302,-2245.2922189309625,-0.0,-0.0,484.51731185522635,693.7605742470349,1.0,0.10931752538208313,0.0,0,1.0231038804821917,65.99961422222222,212.56363783888162,0.20873613023480242,9.329486461108516,0.002925274813952798,63.431669669154466,1.2204806631520904,0.2725327745240171,-2282.5019879470556,70.6008596241175,0.15635061733613032,-774.8914383629169,-98.76105628361327
2025-01-01 16:18:00,0.48517940304454826,0.22203002474796418,0.0,0.008086323384075804,0.0037005004124660698,0.0,0.08937882760235195,0.3458005754421963,0.0,0.05,0.0,0.0,0.0,0.20744669141463085,0,0.01458333333333334,1,0,0,Off,0,0,Off,0,0,Off,0.0385712255307821,0.028928419148086568,On,0,0,Off,0.00442313779239766,0.0,On,0.0849556898099543,0,On,0.06920498688935507,0,On,0.23802436302205912,0.1785182722665443,On,Off,0.0,20.000000000000057,0.0,0.0,0.0,0.0,0,0.0,21116.65276888889,Off,0.0,23.888888888888914,0,0.0,0.05,0.0,0.0,0,0,0,11489.55984,Off,0.0,0,84.45619141452997,51.666666666666686,46.10666666666668,-0.0,52.239643770393506,0.12572393144209812,348.8676317649281,0.0,131.96279908520307,51.169291793539834,52.239643770393506,50.634115805113005,12.43753247303448,19.70262051870198,0.0,10.336501784889096,7.706090099983888,3.9,9.236100170605994,-1532.3311999987168,-2196.4676988446995,-868.8057474607126,-2230.093241552885,-0.0,-0.0,484.51731185522635,682.1389760505817,1.0,0.10903321230362015,0.0,0,1.0204429913628064,65.99961422222222,213.2447296989422,0.2096128985406357,9.298978915803094,0.002925495049852168,63.337117045314635,1.2207569001923388,0.27222071678228493,-2267.807411357908,71.33971251320874,0.15601818700223713,-768.5805589690885,-100.22518849162408
2025-01-01 16:19:00,0.48517940304454826,0.22203002474796418,0.0,0.008086323384075804,0.0037005004124660698,0.0,0.08937882760235195,0.3458005754421963,0.0,0.05,0.0,0.0,0.0,0.20744669141463085,0,0.01458333333333334,1,0,0,Off,0,0,Off,0,0,Off,0.0385712255307821,0.028928419148086568,On,0,0,Off,0.00442313779239766,0.0,On,0.0849556898099543,0,On,0.06920498688935507,0,On,0.23802436302205912,0.1785182722665443,On,Off,0.0,20.000000000000057,0.0,0.0,0.0,0.0,0,0.0,21116.65276888889,Off,0.0,23.888888888888914,0,0.0,0.05,0.0,0.0,0,0,0,11489.55984,Off,0.0,0,84.46079110320476,51.666666666666686,46.10666666666668,-0.0,52.21339444293185,0.12572393144209812,348.6375550074779,0.0,131.96998609875743,51.10536287737343,52.21339444293185,50.55134709459423,12.43753247303448,19.6381316603812,0.0,10.303962534169594,7.68302245609432,3.9,9.236100170605994,-1517.2229241588716,-2181.8506756998718,-863.9617546234983,-2215.3535791517197,-0.0,-0.0,484.51731185522635,669.9471752822457,1.0,0.1087563876355271,0.0,0,1.0178521863555643,65.99961422222222,213.61334313762194,0.21046980310623967,9.270117236262973,0.0029257149077016806,63.24357271749057,1.2210256194309106,0.27192424756105704,-2253.8853514522752,72.03467575240326,0.15568541627091356,-762.2930400560085,-101.66871456748983
2025-01-01 16:20:00,0.48517940304454826,0.22203002474796418,0.0,0.008086323384075804,0.0037005004124660698,0.0,0.08937882760235195,0.3458005754421963,0.0,0.05,0.0,0.0,0.0,0.20744669141463085,0,0.01458333333333334,1,0,0,Off,0,0,Off,0,0,Off,0.0385712255307821,0.028928419148086568,On,0,0,Off,0.00442313779239766,0.0,On,0.0849556898099543,0,On,0.06920498688935507,0,On,0.23802436302205912,0.1785182722665443,On,Off,0.0,20.000000000000057,0.0,0.0,0.0,0.0,0,0.0,21116.65276888889,Off,0.0,23.888888888888914,0,0.0,0.05,0.0,0.0,0,0,0,11489.55984,Off,0.0,0,84.46079166631117,51.666666666666686,46.10666666666668,-0.0,52.18712500422655,0.12572393144209812,348.4073019739027,0.0,131.9699869786112,51.04146359556217,52.18712500422655,50.46863289122999,12.43753247303448,19.575385016843793,0.0,10.273063391932856,7.6599827143293355,3.9,9.236100170605994,-1502.8700279281675,-2167.998714115025,-859.1229493123964,-2201.0493677269183,-0.0,-0.0,484.51731185522635,657.1450876489695,1.0,0.10848669123947342,0.0,0,1.0153280949220074,65.99961422222222,213.6620279435245,0.21130772420678762,9.24147807257137,0.0029259343925229775,63.150995396007154,1.2212871885626453,0.27164242206281025,-2240.6856641478726,72.68695003284743,0.15535233653847824,-756.0294984516153,-103.09345086078115
2025-01-01 16:21:00,0.48517940304454826,0.22203002474796418,0.0,0.008086323384075804,0.0037005004124660698,0.0,0.08937882760235195,0.3458005754421963,0.0,0.05,0.0,0.0,0.0,0.20744669141463085,0,0.01458333333333334,1,0,0,Off,0,0,Off,0,0,Off,0.0385712255307821,0.028928419148086568,On,0,0,Off,0.00442313779239766,0.0,On,0.0849556898099543,0,On,0.06920498688935507,0,On,0.23802436302205912,0.1785182722665443,On,Off,0.0,20.000000000000057,0.0,0.0,0.0,0.0,0,0.0,21116.65276888889,Off,0.0,23.888888888888914,0,0.0,0.05,0.0,0.0,0,0,0,11489.55984,Off,0.0,0,84.45642065080604,51.666666666666686,46.10666666666668,-0.0,52.16083650230059,0.12572393144209812,348.17688185018017,0.0,131.96315726688442,50.977594926976884,52.16083650230059,50.38597413931503,12.43753247303448,19.514296762733835,0.0,10.243705262722726,7.6369727749131,3.9,9.236100170605994,-1489.2554198141383,-2154.8647484456296,-854.2915850019397,-2187.158558267252,-0.0,-0.0,484.51731185522635,643.6898483428166,1.0,0.10822378931190947,0.0,0,1.0128675929911704,65.99961422222222,213.38582659788733,0.21212748039708534,9.213706172963825,0.002926153509118264,63.05934659546993,1.2215419481895955,0.27137438071812636,-2228.162933714273,73.29818526864335,0.15501897337278764,-749.7904306419971,-104.50115435994256
2025-01-01 16:22:00,0.48517940304454826,0.22203002474796418,0.0,0.008086323384075804,0.0037005004124660698,0.0,0.08937882760235195,0.3458005754421963,0.0,0.05,0.0,0.0,0.0,0.20744669141463085,0,0.01458333333333334,1,0,0,Off,0,0,Off,0,0,Off,0.0385712255307821,0.028928419148086568,On,0,0,Off,0.00442313779239766,0.0,On,0.0849556898099543,0,On,0.06920498688935507,0,On,0.23802436302205912,0.1785182722665443,On,Off,0.0,20.000000000000057,0.0,0.0,0.0,0.0,0,0.0,21116.65276888889,Off,0.0,23.888888888888914,0,0.0,0.05,0.0,0.0,0,0,0,11489.55984,Off,0.0,0,84.44789102206957,51.666666666666686,46.10666666666668,-0.0,52.13452993481979,0.12572393144209812,347.9463033809043,0.0,131.9498297219837,50.91375780199588,52.13452993481979,50.30337173558393,12.43753247303448,19.45478845865271,-0.04521154134734573,10.21579721647297,7.613994136193159,3.9,9.236100170605994,-1476.3625611348248,-2142.4054606435648,-849.4697480749371,-2173.660585528987,-0.0,-0.0,484.51731185522635,629.5357639940034,1.0,0.10796736895933474,0.0,0,1.010467752189461,65.99961422222222,212.7807125389362,0.21292984316026325,9.186760253193007,0.0029263722620856934,62.96859019366657,1.2217902172404393,0.2711193330232417,-2216.2756146228903,73.87015397932554,0.15468534671931283,-743.5762192354049,-105.89352883953217
2025-01-01 16:23:00,0.48517940304454826,0.22203002474796418,0.0,0.008086323384075804,0.0037005004124660698,0.0,0.08937882760235195,0.3458005754421963,0.0,0.05,0.0,0.0,0.0,0.20744669141463085,0,0.01458333333333334,1,0,0,Off,0,0,Off,0,0,Off,0.0385712255307821,0.028928419148086568,On,0,0,Off,0.00442313779239766,0.0,On,0.0849556898099543,0,On,0.06920498688935507,0,On,0.23802436302205912,0.1785182722665443,On,Off,0.0,20.000000000000057,0.0,0.0,0.0,0.0,0,0.0,21116.65276888889,Off,0.0,23.888888888888914,0,0.0,0.05,0.0,0.0,0,0,0,11489.55984,Off,0.0,0,84.4354035882678,51.666666666666686,46.10666666666668,-0.0,52.1082062523152,0.12572393144209812,347.7155748975307,0.0,131.93031810666844,50.849953105592874,52.1082062523152,50.220826532231726,12.43753247303448,19.396786150755638,-0.10321384924441901,10.18925515387842,7.591047911425873,3.9,9.236100170605994,-1463.5488009345463,-2130.5807083482046,-844.6593692916233,-2160.536138298085,-0.0,-0.0,484.51731185522635,617.257472173069,1.0,0.10771713453597116,0.0,0,1.008125805564904,65.99961422222222,212.47002550831263,0.2137155465386903,9.160601384738499,0.002926590655832172,62.87869212331274,1.2220322966500383,0.2708765460598402,-2204.9854117534733,74.40470340526852,0.15435147108527908,-737.3871389019857,-107.2722303896376
2025-01-01 16:24:00,0.48517940304454826,0.22203002474796418,0.0,0.008086323384075804,0.0037005004124660698,0.0,0.08937882760235195,0.3458005754421963,0.0,0.05,0.0,0.0,0.0,0.20744669141463085,0,0.01458333333333334,1,0,0,Off,0,0,Off,0,0,Off,0.0385712255307821,0.028928419148086568,On,0,0,Off,0.00442313779239766,0.0,On,0.0849556898099543,0,On,0.06920498688935507,0,On,0.23802436302205912,0.1785182722665443,On,Off,0.0,20.000000000000057,0.0,0.0,0.0,0.0,0,0.0,21116.65276888889,Off,0.0,23.888888888888914,0,0.0,0.05,0.0,0.0,0,0,0,11489.55984,Off,0.0,0,84.41911616393111,51.666666666666686,46.10666666666668,-0.0,52.081866360870784,0.12572393144209812,347.48470434193354,0.0,131.90486900614235,50.78618167991749,52.081866360870784,50.13833933944085,12.43753247303448,19.340231865806658,-0.1597681341933992,10.164000843152825,7.568134868000735,3.9,9.236100170605994,-1449.456091975091,-2119.3531345141378,-839.8618218502783,-2147.76972892955,-0.0,-0.0,484.51731185522635,612.4884045875398,1.0,0.10747285751403159,0.0,0,1.0058396143235133,65.99961422222222,213.79632509923272,0.21448513164336902,9.134521564274793,0.0029268086945843713,62.78962334879599,1.2222684212541928,0.27064533628661785,-2194.2568275839417,74.90369306980402,0.15401735605359354,-731.2233682752556,-108.63845357502274
2025-01-01 16:25:00,0.48517940304454826,0.22203002474796418,0.0,0.008086323384075804,0.0037005004124660698,0.0,0.08937882760235195,0.3458005754421963,0.0,0.05,0.0,0.0,0.0,0.20744669141463085,0,0.01458333333333334,1,0,0,Off,0,0,Off,0,0,Off,0.0385712255307821,0.028928419148086568,On,0,0,Off,0.00442313779239766,0.0,On,0.0849556898099543,0,On,0.06920498688935507,0,On,0.23802436302205912,0.1785182722665443,On,Off,0.0,20.000000000000057,0.0,0.0,0.0,0.0,0,0.0,21116.65276888889,Off,0.0,23.888888888888914,0,0.0,0.05,0.0,0.0,0,0,0,11489.55984,Off,0.0,0,84.39910518406097,51.666666666666686,46.10666666666668,-0.0,52.05551113160399,0.12572393144209812,347.253699349504,0.0,131.87360185009527,50.72244433327861,52.05551113160399,50.05591093411592,12.43753247303448,19.285097926569374,-0.21490207343068235,10.139961243176455,7.545255635473505,3.9,9.236100170605994,-1435.9517004007266,-2108.6878671869285,-835.0767275490804,-2135.3528628787726,-0.0,-0.0,484.51731185522635,607.4770645238211,1.0,0.10723443889007639,0.0,0,1.0036082518910467,65.99961422222222,214.88385062281966,0.2152387498175297,9.109863769630302,0.002927026382418568,62.701363388203696,1.2224986997896883,0.27042506385837334,-2184.056837844376,75.36897065744743,0.15368300927291825,-725.0850469198631,-109.99168062921729
2025-01-01 16:26:00,0.48517940304454826,0.22203002474796418,0.0,0.008086323384075804,0.0037005004124660698,0.0,0.08937882760235195,0.3458005754421963,0.0,0.05,0.0,0.0,0.0,0.20744669141463085,0,0.01458333333333334,1,0,0,Off,0,0,Off,0,0,Off,0.0385712255307821,0.028928419148086568,On,0,0,Off,0.00442313779239766,0.0,On,0.0849556898099543,0,On,0.06920498688935507,0,On,0.23802436302205912,0.1785182722665443,On,Off,0.0,20.000000000000057,0.0,0.0,0.0,0.0,0,0.0,21116.65276888889,Off,0.0,23.888888888888914,0,0.0,0.05,0.0,0.0,0,0,0,11489.55984,Off,0.0,0,84.37552948235185,51.666666666666686,46.10666666666668,-0.0,52.029141418601085,0.12572393144209812,347.0225674063537,0.0,131.83676481617476,50.65874185709117,52.029141418601085,49.97354207633622,12.43753247303448,19.231325929252613,-0.2686740707474442,10.117068027181645,7.5224111020497375,3.9,9.236100170605994,-1422.985287475798,-2098.5523209906983,-830.302710431667,-2123.270258646473,-0.0,-0.0,484.51731185522635,602.2076554865536,1.0,0.10700164564135173,0.0,0,1.0014295374050777,65.99961422222222,215.7676593154488,0.2159769755637192,9.085243663146768,0.002927243723313221,62.61388411731097,1.2227233698320001,0.27021512871043984,-2174.354657468787,75.8023364780889,0.15334844224970517,-718.9723817673346,-111.33032866433244
2025-01-01 16:27:00,1.535952319711215,0.22203002474796418,0.9006625,0.02559920532852025,0.0037005004124660698,0.015011041666666667,0.08937882760235195,0.3458005754421963,1.0507729166666668,0.05,0.0,0.9006625,0.0,0.20744669141463085,0,0.01458333333333334,1,0,0,Off,0,0,Off,0,0,Off,0.0385712255307821,0.028928419148086568,On,0,0,Off,0.00442313779239766,0.0,On,0.0849556898099543,0,On,0.06920498688935507,0,On,0.23802436302205912,0.1785182722665443,On,On,17415.9303113141,20.000000000000057,0.8,4751.49537424146,26.39581596111111,1.0507729166666668,1,21116.65276888889,21116.65276888889,Off,0.0,23.888888888888914,0,0.0,0.05,0.0,0.0,0,0,0,11489.55984,Off,0.0,0,84.34854101366294,51.666666666666686,46.10666666666668,-0.0,52.0027580407672,0.12572393144209812,346.7913156902298,0.0,131.79459533384835,50.59507500877829,52.0027580407672,49.89123349278384,12.43753247303448,19.178859999791353,-0.3211400002087039,10.095257136331147,7.4996024354388515,3.9,9.236100170605994,16005.400002945973,2662.5793625710667,-825.5391673267136,-2111.5073683435376,-0.0,-0.0,484.51731185522635,596.663729397409,1.0,0.10677425422872029,0.0,0,0.9993013787604464,65.99961422222222,216.45974812018463,0.21670036485287236,9.061309422332883,0.0029274607210999343,62.52715870987565,1.2229426588894086,0.2700149668593866,-2165.12152339558,76.20551172518684,0.15301367069693086,-712.885651742578,-112.65351558413556
2025-01-01 16:28:00,1.535952319711215,0.22203002474796418,0.9006625,0.02559920532852025,0.0037005004124660698,0.015011041666666667,0.08937882760235195,0.3458005754421963,1.0507729166666668,0.05,0.0,0.9006625,0.0,0.20744669141463085,0,0.01458333333333334,1,0,0,Off,0,0,Off,0,0,Off,0.0385712255307821,0.028928419148086568,On,0,0,Off,0.00442313779239766,0.0,On,0.0849556898099543,0,On,0.06920498688935507,0,On,0.23802436302205912,0.1785182722665443,On,On,17415.9303113141,20.000000000000057,0.8,4751.49537424146,26.39581596111111,1.0507729166666668,1,21116.65276888889,21116.65276888889,Off,0.0,23.888888888888914,0,0.0,0.05,0.0,0.0,0,0,0,11489.55984,Off,0.0,0,83.46979817538566,51.666666666666686,46.10666666666668,-0.0,51.976361783348686,0.12572393144209812,346.5599510838586,0.0,130.4215596490401,50.531444513241254,51.976361783348686,49.80898587818754,12.43753247303448,19.44387394849491,-0.056126051505145824,10.24596179479478,7.476830951491561,3.9,9.236100170605994,15929.186553208501,2595.187186916581,-820.7859905958895,-2171.188500733469,-0.0,-0.0,484.51731185522635,590.8282905242011,1.0,0.1079203043345225,0.0,0,1.0100272738662412,65.99961422222222,199.92743077264487,0.21316904913557974,9.18329344019064,0.0029276773794702196,62.520954358274864,1.2218348312258478,0.2713949923727005,-2229.1248135017026,72.81662617682393,0.15267871264599922,-706.825171841082,-113.9608187548075
2025-01-01 16:29:00,1.535952319711215,0.22203002474796418,0.9006625,0.02559920532852025,0.0037005004124660698,0.015011041666666667,0.08937882760235195,0.3458005754421963,1.0507729166666668,0.05,0.0,0.9006625,0.0,0.20744669141463085,0,0.01458333333333334,1,0,0,Off,0,0,Off,0,0,Off,0.0385712255307821,0.028928419148086568,On,0,0,Off,0.00442313779239766,0.0,On,0.0849556898099543,0,On,0.06920498688935507,0,On,0.23802436302205912,0.1785182722665443,On,On,17415.9303113141,20.000000000000057,0.8,4751.49537424146,26.39581596111111,1.0507729166666668,1,21116.65276888889,21116.65276888889,Off,0.0,23.888888888888914,0,0.0,0.05,0.0,0.0,0,0,0,11489.55984,Off,0.0,0,82.61402567677968,51.666666666666686,46.10666666666668,-0.0,51.95014032690775,0.12572393144209812,346.3301186173939,0.0,129.08441511996824,50.46802733109941,51.95014032690775,49.72697083319523,12.43753247303448,19.700539004868013,0.0,10.388548626789428,7.454098021369088,3.9,9.236100170605994,15855.69451749431,2531.2979425245376,-816.0434421891589,-2229.6168823655576,-0.0,-0.0,484.51731185522635,584.6839200166744,1.0,0.10902428288631325,0.0,0,1.020359420851443,65.99961422222222,184.8637766905412,0.2098111073610836,9.300950178232819,0.0029278942127651344,62.510697168419725,1.2207638102563416,0.2726942520428563,-2290.1221674114327,69.92473569451025,0.15234358710244192,-700.791267982892,-115.25217420626694
2025-01-01 16:30:00,1.535952319711215,0.22203002474796418,0.9006625,0.02559920532852025,0.0037005004124660698,0.015011041666666667,0.08937882760235195,0.3458005754421963,1.0507729166666668,0.05,0.0,0.9006625,0.0,0.20744669141463085,0,0.01458333333333334,1,0,0,Off,0,0,Off,0,0,Off,0.0385712255307821,0.028928419148086568,On,0,0,Off,0.00442313779239766,0.0,On,0.0849556898099543,0,On,0.06920498688935507,0,On,0.23802436302205912,0.1785182722665443,On,On,17415.9303113141,20.000000000000057,0.8,4751.49537424146,26.39581596111111,1.0507729166666668,1,21116.65276888889,21116.65276888889,Off,0.0,23.888888888888914,0,0.0,0.05,0.0,0.0,0,0,0,11489.55984,Off,0.0,0,81.72769561961701,51.666666666666686,46.10666666666668,0.0,51.92408860452847,0.23475057069260497,646.2380551092418,0.0,127.69952440565157,50.40481848673019,51.92408860452847,49.64518342783106,12.43753247303448,19.94935855879127,0.0,10.523624701786453,7.43140499595209,2.2,9.236100170605994,15096.366166781683,407.1566679135194,-1559.5104989056647,-2864.5680272850545,-0.0,-0.0,484.51731185522635,126.30095787489209,1.0,0.12379181412247978,0.0,0,1.1585689024515473,65.99961422222222,60.48657089741242,0.20661302470303738,9.41459760385531,0.0029281112006909827,-206.3728183136674,1.219727312926927,0.4065262339570315,-4411.493231041136,67.15452471319529,0.21157201421594798,-1442.982664091213,-116.52783481445157
2025-01-01 16:31:00,1.535952319711215,0.22203002474796418,0.9006625,0.02559920532852025,0.0037005004124660698,0.015011041666666667,0.08937882760235195,0.3458005754421963,1.0507729166666668,0.05,0.0,0.9006625,0.0,0.20744669141463085,0,0.01458333333333334,1,0,0,Off,0,0,Off,0,0,Off,0.0385712255307821,0.028928419148086568,On,0,0,Off,0.00442313779239766,0.0,On,0.0849556898099543,0,On,0.06920498688935507,0,On,0.23802436302205912,0.1785182722665443,On,On,17415.9303113141,20.000000000000057,0.8,4751.49537424146,26.39581596111111,1.0507729166666668,1,21116.65276888889,21116.65276888889,Off,0.0,23.888888888888914,0,0.0,0.05,0.0,0.0,0,0,0,11489.55984,Off,0.0,0,80.8444663661989,51.666666666666686,46.10666666666668,0.0,51.89221697405206,0.23485876905288577,646.0140588561982,0.0,126.31947869718579,50.30191944485516,51.89221697405206,49.506770680256714,12.43753247303448,20.177797462476136,0.0,10.577228420815617,7.380276222449172,2.2,9.236100170605994,15034.370554605277,374.1995579822569,-1541.9644614322515,-2922.3480546258647,-0.0,-0.0,484.51731185522635,126.29142193425106,1.0,0.12468405158411598,0.0,0,1.1669193623263114,65.99961422222222,56.270986061815606,0.20366170971219924,9.517907946101023,0.0029273942279930184,-207.98122730158903,1.218777936325448,0.4068529636012964,-4443.471422019755,66.17560576055205,0.2110279883046753,-1425.2056217722463,-116.75883966000512
2025-01-01 16:32:00,0.48517940304454826,0.22203002474796418,0.0,0.008086323384075804,0.0037005004124660698,0.0,0.08937882760235195,0.3458005754421963,0.0,0.05,0.0,0.0,0.0,0.20744669141463085,0,0.01458333333333334,1,0,0,Off,0,0,Off,0,0,Off,0.0385712255307821,0.028928419148086568,On,0,0,Off,0.00442313779239766,0.0,On,0.0849556898099543,0,On,0.06920498688935507,0,On,0.23802436302205912,0.1785182722665443,On,Off,0.0,20.000000000000057,0.0,0.0,0.0,0.0,0,0.0,21116.65276888889,Off,0.0,23.888888888888914,0,0.0,0.05,0.0,0.0,0,0,0,11489.55984,Off,0.0,0,79.98012126693916,51.666666666666686,46.10666666666668,0.0,51.86049973511452,0.23496661695961296,645.7911476786804,0.0,124.96893947959245,50.19923366873351,51.86049973511452,49.36860063554301,12.43753247303448,20.399409742298825,0.0,10.62791426536681,7.329980561966435,2.2,9.236100170605994,-2447.2015406639093,-4408.60861747453,-1525.6325272483834,-2978.841957985034,-0.0,-0.0,484.51731185522635,126.29970211626296,1.0,0.1255467889614261,0.0,0,1.1749937305987173,65.99961422222222,47.12310546589802,0.2008417721789969,9.617176561438889,0.002926671104576723,-209.5206674793898,1.217858362997769,0.40716166681843347,-4473.748262001163,65.13964452663407,0.21049145509426379,-1407.7798345172262,-117.85269273115719
2025-01-01 16:33:00,0.48517940304454826,0.22203002474796418,0.0,0.008086323384075804,0.0037005004124660698,0.0,0.08937882760235195,0.3458005754421963,0.0,0.05,0.0,0.0,0.0,0.20744669141463085,0,0.01458333333333334,1,0,0,Off,0,0,Off,0,0,Off,0.0385712255307821,0.028928419148086568,On,0,0,Off,0.00442313779239766,0.0,On,0.0849556898099543,0,On,0.06920498688935507,0,On,0.23802436302205912,0.1785182722665443,On,Off,0.0,20.000000000000057,0.0,0.0,0.0,0.0,0,0.0,21116.65276888889,Off,0.0,23.888888888888914,0,0.0,0.05,0.0,0.0,0,0,0,11489.55984,Off,0.0,0,79.98245825574632,51.666666666666686,46.10666666666668,0.0,51.828932742750915,0.23507412642619527,645.5692924455587,0.0,124.97259102460362,50.09675709105677,51.828932742750915,49.23066926520971,12.43753247303448,20.2982208693125,0.0,10.504326122225903,7.280328460942583,2.2,9.236100170605994,-2414.7905915903934,-4332.05150210869,-1510.2322356188595,-2952.9929461027177,-0.0,-0.0,484.51731185522635,126.32670882771679,1.0,0.1251532049147407,0.0,0,1.171310173327801,65.99961422222222,53.68504265709811,0.2020511010130208,9.570708926783386,0.002925942078675824,-208.3973926514719,1.2182788492343384,0.40640853941522237,-4399.9908259725935,67.93932386390358,0.20996044225824298,-1390.6371298349152,-119.59510578394422
2025-01-01 16:34:00,0.48517940304454826,0.22203002474796418,0.0,0.008086323384075804,0.0037005004124660698,0.0,0.08937882760235195,0.3458005754421963,0.0,0.05,0.0,0.0,0.0,0.20744669141463085,0,0.01458333333333334,1,0,0,Off,0,0,Off,0,0,Off,0.0385712255307821,0.028928419148086568,On,0,0,Off,0.00442313779239766,0.0,On,0.0849556898099543,0,On,0.06920498688935507,0,On,0.23802436302205912,0.1785182722665443,On,Off,0.0,20.000000000000057,0.0,0.0,0.0,0.0,0,0.0,21116.65276888889,Off,0.0,23.888888888888914,0,0.0,0.05,0.0,0.0,0,0,0,11489.55984,Off,0.0,0,79.97565295650537,51.666666666666686,46.10666666666668,0.0,51.7973250769098,0.2351819471977258,645.347151356131,0.0,124.96195774453963,49.9943095246996,51.7973250769098,49.09280174859451,12.43753247303448,20.200466208344434,0.0,10.388253171057107,7.231174137626792,2.2,9.236100170605994,-2385.502019898397,-4260.647051949321,-1495.5429693481822,-2928.106931212672,-0.0,-0.0,484.51731185522635,126.37333784923882,1.0,0.12477242882594149,0.0,0,1.1677464858707016,65.99961422222222,58.08759945904889,0.20322580895964087,9.525312050324889,0.0029252172114756086,-207.3046445960745,1.2186853553623755,0.40569993531206444,-4330.9258738040435,70.27882185472183,0.20943342680493487,-1373.725304481905,-121.8176648662773
2025-01-01 16:35:00,0.48517940304454826,0.22203002474796418,0.0,0.008086323384075804,0.0037005004124660698,0.0,0.08937882760235195,0.3458005754421963,0.0,0.05,0.0,0.0,0.0,0.20744669141463085,0,0.01458333333333334,1,0,0,Off,0,0,Off,0,0,Off,0.0385712255307821,0.028928419148086568,On,0,0,Off,0.00442313779239766,0.0,On,0.0849556898099543,0,On,0.06920498688935507,0,On,0.23802436302205912,0.1785182722665443,On,Off,0.0,20.000000000000057,0.0,0.0,0.0,0.0,0,0.0,21116.65276888889,Off,0.0,23.888888888888914,0,0.0,0.05,0.0,0.0,0,0,0,11489.55984,Off,0.0,0,79.96053610577984,51.666666666666686,46.10666666666668,0.0,51.76567880123203,0.23529007330277701,645.1247389138225,0.0,124.93833766528098,49.89189290691015,51.76567880123203,48.95499995974922,12.43753247303448,20.105838087767467,0.0,10.279035775631627,7.182405558899114,2.2,9.236100170605994,-2358.3197131661805,-4193.607505842233,-1481.4144255201209,-2904.097237201193,-0.0,-0.0,484.51731185522635,119.51752287659033,1.0,0.12440331420745088,0.0,0,1.1642919382380092,65.99961422222222,61.260212179786365,0.20436899554884572,9.482235331391305,0.0029244963856930764,-206.23985435715818,1.2190791322112524,0.4050320510862933,-4266.123980700289,72.51647485805636,0.20890923328123867,-1357.0044151367588,-124.41001038336213
2025-01-01 16:36:00,0.48517940304454826,0.22203002474796418,0.0,0.008086323384075804,0.0037005004124660698,0.0,0.08937882760235195,0.3458005754421963,0.0,0.05,0.0,0.0,0.0,0.20744669141463085,0,0.01458333333333334,1,0,0,Off,0,0,Off,0,0,Off,0.0385712255307821,0.028928419148086568,On,0,0,Off,0.00442313779239766,0.0,On,0.0849556898099543,0,On,0.06920498688935507,0,On,0.23802436302205912,0.1785182722665443,On,Off,0.0,20.000000000000057,0.0,0.0,0.0,0.0,0,0.0,21116.65276888889,Off,0.0,23.888888888888914,0,0.0,0.05,0.0,0.0,0,0,0,11489.55984,Off,0.0,0,79.93773425822357,51.666666666666686,46.10666666666668,0.0,51.73399579597223,0.23539849935791024,644.9020683332063,0.0,124.90270977847433,49.789509000428964,51.73399579597223,48.81726560265734,12.43753247303448,20.014104758916954,0.0,10.176131571397885,7.1339347137355595,2.2,9.236100170605994,-2330.1225278506627,-4130.61413365375,-1467.7346287687787,-2880.897636968472,-0.0,-0.0,484.51731185522635,120.6887243571133,1.0,0.12404500340135564,0.0,0,1.1609385036002104,65.99961422222222,66.25779726258304,0.20548290921029774,9.439253409838031,0.002923779493966878,-205.2010776114232,1.2194611189283282,0.4044017639351998,-4205.2314200360415,74.61728638229155,0.20838693342937611,-1340.4432508944985,-127.29137787428012
2025-01-01 16:37:00,0.48517940304454826,0.22203002474796418,0.0,0.008086323384075804,0.0037005004124660698,0.0,0.08937882760235195,0.3458005754421963,0.0,0.05,0.0,0.0,0.0,0.20744669141463085,0,0.01458333333333334,1,0,0,Off,0,0,Off,0,0,Off,0.0385712255307821,0.028928419148086568,On,0,0,Off,0.00442313779239766,0.0,On,0.0849556898099543,0,On,0.06920498688935507,0,On,0.23802436302205912,0.1785182722665443,On,Off,0.0,20.000000000000057,0.0,0.0,0.0,0.0,0,0.0,21116.65276888889,Off,0.0,23.888888888888914,0,0.0,0.05,0.0,0.0,0,0,0,11489.55984,Off,0.0,0,79.90761610242619,51.666666666666686,46.10666666666668,0.0,51.70227780301282,0.23550722041795252,644.6791518563655,0.0,124.85565016004091,49.687159436077586,51.70227780301282,48.67960025260997,12.43753247303448,19.925130446634967,0.0,10.079072524730519,7.085691684977846,2.2,9.236100170605994,-2317.4126188230866,-4071.3585877429723,-1454.41367103773,-2858.4670244672293,-0.0,-0.0,484.51731185522635,61.15771301920684,1.0,0.12369700840928026,0.0,0,1.1576816147753282,65.99961422222222,56.53709378891634,0.20656865594932397,9.398400057323624,0.00292306643646839,-204.18716037997015,1.2198318583176044,0.40380637675465,-4147.943393698664,76.5848059556922,0.2078657852942501,-1324.017171065637,-130.3964999720929
2025-01-01 16:38:00,0.48517940304454826,0.22203002474796418,0.0,0.008086323384075804,0.0037005004124660698,0.0,0.08937882760235195,0.3458005754421963,0.0,0.05,0.0,0.0,0.0,0.20744669141463085,0,0.01458333333333334,1,0,0,Off,0,0,Off,0,0,Off,0.0385712255307821,0.028928419148086568,On,0,0,Off,0.00442313779239766,0.0,On,0.0849556898099543,0,On,0.06920498688935507,0,On,0.23802436302205912,0.1785182722665443,On,Off,0.0,20.000000000000057,0.0,0.0,0.0,0.0,0,0.0,21116.65276888889,Off,0.0,23.888888888888914,0,0.0,0.05,0.0,0.0,0,0,0,11489.55984,Off,0.0,0,79.87133016654647,51.666666666666686,46.10666666666668,0.0,51.67052648269717,0.23561623178421842,644.4560011523196,0.0,124.79895338522886,49.5848457664576,51.67052648269717,48.542005408337815,12.43753247303448,19.8384886547429,0.0,9.987447585622128,7.037618954419617,2.2,9.236100170605994,-2291.076114538904,-4015.5706532835907,-1441.4234180595415,-2836.691956791818,-0.0,-0.0,484.51731185522635,61.011423261738074,1.0,0.12335769822123452,0.0,0,1.1545060071235504,65.99961422222222,61.098530397687455,0.2076311393076939,9.358053630893055,0.002922357117898352,-203.194552343286,1.2201931059316593,0.4032435172644463,-4093.992859667683,78.42220638409194,0.20734517387632723,-1307.7060668586203,-133.71735120092134
2025-01-01 16:39:00,0.48517940304454826,0.22203002474796418,0.0,0.008086323384075804,0.0037005004124660698,0.0,0.08937882760235195,0.3458005754421963,0.0,0.05,0.0,0.0,0.0,0.20744669141463085,0,0.01458333333333334,1,0,0,Off,0,0,Off,0,0,Off,0.0385712255307821,0.028928419148086568,On,0,0,Off,0.00442313779239766,0.0,On,0.0849556898099543,0,On,0.06920498688935507,0,On,0.23802436302205912,0.1785182722665443,On,Off,0.0,20.000000000000057,0.0,0.0,0.0,0.0,0,0.0,21116.65276888889,Off,0.0,23.888888888888914,0,0.0,0.05,0.0,0.0,0,0,0,11489.55984,Off,0.0,0,79.82852659349963,51.666666666666686,46.10666666666668,0.0,51.638743242039105,0.23572552959771365,644.2326261096695,0.0,124.73207280234317,49.48256930402099,51.638743242039105,48.404482335011934,12.43753247303448,19.754311088066363,0.0,9.900889408521428,6.9896577501122525,2.2,9.236100170605994,-2265.864954706179,-3963.007503984359,-1428.7425797375308,-2815.6001046983856,-0.0,-0.0,484.51731185522635,60.86403587333707,1.0,0.12302762272704847,0.0,0,1.151416827069634,65.99961422222222,65.21783813698019,0.20866817093603546,9.318294981432382,0.002921651456492732,-202.22430582009738,1.2205442959576343,0.40271106066524226,-4043.142000126333,80.13449614197405,0.2068244643457764,-1291.4896790883276,-137.25290064920318
2025-01-01 16:40:00,0.48517940304454826,0.22203002474796418,0.0,0.008086323384075804,0.0037005004124660698,0.0,0.08937882760235195,0.3458005754421963,0.0,0.05,0.0,0.0,0.0,0.20744669141463085,0,0.01458333333333334,1,0,0,Off,0,0,Off,0,0,Off,0.0385712255307821,0.028928419148086568,On,0,0,Off,0.00442313779239766,0.0,On,0.0849556898099543,0,On,0.06920498688935507,0,On,0.23802436302205912,0.1785182722665443,On,Off,0.0,20.000000000000057,0.0,0.0,0.0,0.0,0,0.0,21116.65276888889,Off,0.0,23.888888888888914,0,0.0,0.05,0.0,0.0,0,0,0,11489.55984,Off,0.0,0,79.77951447918706,51.666666666666686,46.10666666666668,0.0,51.606929564871336,0.2358351097078295,644.0090371569047,0.0,124.65549137372977,49.380331432585194,51.606929564871336,48.26703236644214,12.43753247303448,19.672483934145205,0.0,9.81906612129399,6.9417585630620655,2.2,9.236100170605994,-2241.5896033260365,-3913.4491864912948,-1416.289196382972,-2795.1576372824575,-0.0,-0.0,484.51731185522635,60.71556647532375,1.0,0.12270636917831619,0.0,0,1.1484102116968666,65.99961422222222,69.05072210119462,0.2096807298281887,9.28044928148742,0.0029209493666664697,-201.27544755769802,1.220885885444868,0.40220708230937985,-3995.1768297584704,81.7276432671755,0.2063031164099937,-1275.3511429219086,-140.93805346106345
2025-01-01 16:41:00,0.48517940304454826,0.22203002474796418,0.0,0.008086323384075804,0.0037005004124660698,0.0,0.08937882760235195,0.3458005754421963,0.0,0.05,0.0,0.0,0.0,0.20744669141463085,0,0.01458333333333334,1,0,0,Off,0,0,Off,0,0,Off,0.0385712255307821,0.028928419148086568,On,0,0,Off,0.00442313779239766,0.0,On,0.0849556898099543,0,On,0.06920498688935507,0,On,0.23802436302205912,0.1785182722665443,On,Off,0.0,20.000000000000057,0.0,0.0,0.0,0.0,0,0.0,21116.65276888889,Off,0.0,23.888888888888914,0,0.0,0.05,0.0,0.0,0,0,0,11489.55984,Off,0.0,0,79.72457629316217,51.666666666666686,46.10666666666668,0.0,51.57508686665939,0.2359449681712501,643.785244242025,0.0,124.5696504580659,49.278133470368786,51.57508686665939,48.12965677222349,12.43753247303448,19.592903238336174,0.0,9.741675153652603,6.893885768198589,2.2,9.236100170605994,-2218.159814912642,-3866.6951592663404,-1404.0008680087503,-2775.333644590891,-0.0,-0.0,484.51731185522635,60.56603115200041,1.0,0.1223935607113835,0.0,0,1.145482633934308,65.99961422222222,72.6565178230223,0.21066970760457912,9.243083058657977,0.0029202507666361865,-200.34708566035496,1.2212182918365055,0.40172982236070004,-3949.9031286690238,83.20796940268325,0.20578073598855112,-1259.2784823862676,-144.72238562248285
2025-01-01 16:42:00,0.48517940304454826,0.22203002474796418,0.0,0.008086323384075804,0.0037005004124660698,0.0,0.08937882760235195,0.3458005754421963,0.0,0.05,0.0,0.0,0.0,0.20744669141463085,0,0.01458333333333334,1,0,0,Off,0,0,Off,0,0,Off,0.0385712255307821,0.028928419148086568,On,0,0,Off,0.00442313779239766,0.0,On,0.0849556898099543,0,On,0.06920498688935507,0,On,0.23802436302205912,0.1785182722665443,On,Off,0.0,20.000000000000057,0.0,0.0,0.0,0.0,0,0.0,21116.65276888889,Off,0.0,23.888888888888914,0,0.0,0.05,0.0,0.0,0,0,0,11489.55984,Off,0.0,0,79.6639754923575,51.666666666666686,46.10666666666668,0.0,51.5432165003789,0.23605510123329548,643.5612568738467,0.0,124.47496170680859,49.175976675586725,51.5432165003789,47.99235676319064,12.43753247303448,19.51547207192838,0.0,9.6684386275657,6.8460147512281795,2.2,9.236100170605994,-2195.52800291427,-3822.561498625735,-1391.8283555755368,-2756.0993799399434,-0.0,-0.0,484.51731185522635,60.41544585210033,1.0,0.12208884553405834,0.0,0,1.1426308013550985,65.99961422222222,76.05406517044713,0.2116359409266676,9.206836795605764,0.0029195555781018783,-199.43838633677382,1.2215419046104121,0.40127765956778494,-3907.1433766337645,84.58187800802975,0.20525704558423322,-1243.2635693090438,-148.56478626649303
2025-01-01 16:43:00,0.48517940304454826,0.22203002474796418,0.0,0.008086323384075804,0.0037005004124660698,0.0,0.08937882760235195,0.3458005754421963,0.0,0.05,0.0,0.0,0.0,0.20744669141463085,0,0.01458333333333334,1,0,0,Off,0,0,Off,0,0,Off,0.0385712255307821,0.028928419148086568,On,0,0,Off,0.00442313779239766,0.0,On,0.0849556898099543,0,On,0.06920498688935507,0,On,0.23802436302205912,0.1785182722665443,On,Off,0.0,20.000000000000057,0.0,0.0,0.0,0.0,0,0.0,21116.65276888889,Off,0.0,23.888888888888914,0,0.0,0.05,0.0,0.0,0,0,0,11489.55984,Off,0.0,0,79.59796053220583,51.666666666666686,46.10666666666668,0.0,51.511319760714564,0.23616550531489994,643.3370841515124,0.0,124.37181333157162,49.07386225045853,51.511319760714564,47.85513349533051,12.43753247303448,19.44009904111297,-0.059900958887087796,9.599099948354995,6.798129964901094,2.2,9.236100170605994,-2173.6575913634233,-3780.878782512076,-1379.7319615130616,-2737.4278489045278,-0.0,-0.0,484.51731185522635,60.263826783678596,1.0,0.12179189130340182,0.0,0,1.1398516035581452,65.99961422222222,79.25294568587829,0.21258022756762912,9.171662932473923,0.0029188637260174153,-198.54856169504984,1.2218570913688227,0.40084909205866376,-3866.7344545123187,85.85567200024242,0.20473186440985552,-1227.3014117884352,-152.43054972462642
2025-01-01 16:44:00,0.48517940304454826,0.22203002474796418,0.0,0.008086323384075804,0.0037005004124660698,0.0,0.08937882760235195,0.3458005754421963,0.0,0.05,0.0,0.0,0.0,0.20744669141463085,0,0.01458333333333334,1,0,0,Off,0,0,Off,0,0,Off,0.0385712255307821,0.028928419148086568,On,0,0,Off,0.00442313779239766,0.0,On,0.0849556898099543,0,On,0.06920498688935507,0,On,0.23802436302205912,0.1785182722665443,On,Off,0.0,20.000000000000057,0.0,0.0,0.0,0.0,0,0.0,21116.65276888889,Off,0.0,23.888888888888914,0,0.0,0.05,0.0,0.0,0,0,0,11489.55984,Off,0.0,0,79.52676675586022,51.666666666666686,46.10666666666668,0.0,51.479397887374695,0.23627617700253495,643.1127347877871,0.0,124.2605730560316,48.97179134437918,51.479397887374695,47.71798807288142,12.43753247303448,19.366697586115766,-0.13330241388429087,9.533421208413424,6.750223419452498,2.2,9.236100170605994,-2152.513887516749,-3741.4904250695618,-1367.68005896058,-2719.2936016866074,-0.0,-0.0,484.51731185522635,60.111190315116,1.0,0.12150238256926131,0.0,0,1.1371420882421208,65.99961422222222,82.26240231463213,0.21350333274554856,9.136836895296629,0.0029181751384079932,-197.6768640444812,1.2221642006537907,0.40044272285822097,-3828.5258699452797,87.03544487571811,0.20420509299613754,-1211.3896001457,-156.29045881488003
2025-01-01 16:45:00,0.5349320023569675,0.22904497040613464,0.0,0.008915533372616125,0.0038174161734355772,0.0,0.11489104676450038,0.370040955592467,0.0,0.05,0.0,0.0,0.0,0.2144616370728013,0,0.01458333333333334,1,0,0,Off,0,0,Off,0,0,Off,0.0385712255307821,0.028928419148086568,On,0,0,Off,0.00442313779239766,0.0,On,0.11046790897210272,0,On,0.08409210616206518,0,On,0.24737762389961973,0.18553321792471475,On,Off,0.0,20.000000000000057,0.0,0.0,0.0,0.0,0,0.0,21116.65276888889,Off,0.0,23.888888888888914,0,0.0,0.05,0.0,0.0,0,0,0,11489.55984,Off,0.0,0,79.50419353517321,51.666666666666686,46.10666666666668,-0.0,51.44745206798903,0.12304079875888262,334.6268700149728,0.0,124.22530239870815,48.869765056694455,51.44745206798903,47.58092155104717,12.43753247303448,19.295185564834096,-0.20481443516596087,9.471181152203325,6.702293388133961,2.2,9.236100170605994,-2082.965321921777,-3704.2513303076153,-1355.647937509457,-2701.6726002067726,-0.0,-0.0,533.6151829062162,59.95755297246487,1.0,0.12122001931315407,0.0,0,1.1344994475308605,65.99961422222222,85.09209537877955,0.21440599206600833,9.10367706256098,0.002917489746209895,-196.62616405435426,1.2224635635886607,0.4000572486418888,-3792.37834957016,88.12701926254535,0.20367669994370494,-1195.5278343519465,-160.1201031575105
2025-01-01 16:46:00,0.5349320023569675,0.22904497040613464,0.0,0.008915533372616125,0.0038174161734355772,0.0,0.11489104676450038,0.370040955592467,0.0,0.05,0.0,0.0,0.0,0.2144616370728013,0,0.01458333333333334,1,0,0,Off,0,0,Off,0,0,Off,0.0385712255307821,0.028928419148086568,On,0,0,Off,0.00442313779239766,0.0,On,0.11046790897210272,0,On,0.08409210616206518,0,On,0.24737762389961973,0.18553321792471475,On,Off,0.0,20.000000000000057,0.0,0.0,0.0,0.0,0,0.0,21116.65276888889,Off,0.0,23.888888888888914,0,0.0,0.05,0.0,0.0,0,0,0,11489.55984,Off,0.0,0,79.52802185666788,51.666666666666686,46.10666666666668,-0.0,51.42163033557427,0.12304079875888262,334.40537134012203,0.0,124.26253415104355,48.80875826473425,51.42163033557427,47.50232222931425,12.43753247303448,19.226376415426305,-0.2736235845737518,9.412173536785643,6.654343282677353,2.2,9.236100170605994,-2063.442217056544,-3669.026776911016,-1343.6167815162885,-2684.760938351869,-0.0,-0.0,533.6151829062162,59.802931438164634,1.0,0.12094804141021495,0.0,0,1.1319540034501439,65.99961422222222,87.70353838910863,0.21527700368031005,9.071269433999879,0.002916808163985993,-195.79623603033716,1.222751766330526,0.39969145074784934,-3758.162693263374,89.13591635235798,0.2031467103575641,-1179.7175163152588,-163.89926520102978
2025-01-01 16:47:00,1.5857049190236343,0.22904497040613464,0.9006625,0.026428415317060572,0.0038174161734355772,0.015011041666666667,0.11489104676450038,0.370040955592467,1.0507729166666668,0.05,0.0,0.9006625,0.0,0.2144616370728013,0,0.01458333333333334,1,0,0,Off,0,0,Off,0,0,Off,0.0385712255307821,0.028928419148086568,On,0,0,Off,0.00442313779239766,0.0,On,0.11046790897210272,0,On,0.08409210616206518,0,On,0.24737762389961973,0.18553321792471475,On,On,17415.9303113141,20.000000000000057,0.8,4751.49537424146,26.39581596111111,1.0507729166666668,1,21116.65276888889,21116.65276888889,Off,0.0,23.888888888888914,0,0.0,0.05,0.0,0.0,0,0,0,11489.55984,Off,0.0,0,79.54732419789266,51.666666666666686,46.10666666666668,-0.0,51.39578565300413,0.12304079875888262,334.18367579896807,0.0,124.29269405920729,48.74777597202345,51.39578565300413,47.423771131533115,12.43753247303448,19.15927715554908,-0.3407228444509762,9.356205776810768,6.606380681787824,2.2,9.236100170605994,15371.393464207216,1115.80389979252,-1331.5727587234956,-2668.3105090089384,-0.0,-0.0,533.6151829062162,59.64734254980795,1.0,0.12068255021208528,0.0,0,1.1294692685085965,65.99961422222222,90.15847899583642,0.21612921714772437,9.03908323953193,0.0029161296185840897,-194.98216566238983,1.2230329482350308,0.399344187794911,-3725.75881995921,90.06734551027023,0.2026151958056197,-1163.96140013883,-167.6113585846655
2025-01-01 16:48:00,1.5857049190236343,0.22904497040613464,0.9006625,0.026428415317060572,0.0038174161734355772,0.015011041666666667,0.11489104676450038,0.370040955592467,1.0507729166666668,0.05,0.0,0.9006625,0.0,0.2144616370728013,0,0.01458333333333334,1,0,0,Off,0,0,Off,0,0,Off,0.0385712255307821,0.028928419148086568,On,0,0,Off,0.00442313779239766,0.0,On,0.11046790897210272,0,On,0.08409210616206518,0,On,0.24737762389961973,0.18553321792471475,On,On,17415.9303113141,20.000000000000057,0.8,4751.49537424146,26.39581596111111,1.0507729166666668,1,21116.65276888889,21116.65276888889,Off,0.0,23.888888888888914,0,0.0,0.05,0.0,0.0,0,0,0,11489.55984,Off,0.0,0,78.71380098733422,51.666666666666686,46.10666666666668,-0.0,51.36991905115461,0.12304079875888262,333.96179223435934,0.0,122.99031404270971,48.68681914497505,51.36991905115461,47.34526919188527,12.43753247303448,19.41004617221915,-0.08995382778090644,9.474591192981459,6.558416497032501,2.2,9.236100170605994,15294.983031268337,1044.316953965757,-1319.5062225120932,-2729.9972814004122,-0.0,-0.0,533.6151829062162,59.49080329733103,1.0,0.12167339579747252,0.0,0,1.1387426028602952,65.99961422222222,75.43481844843093,0.2127304722701294,9.153837744423612,0.00291545404975202,-196.78488298612348,1.2219851186536852,0.4000783778219027,-3794.357290217809,87.17886994210565,0.20208226565336518,-1148.2632940453227,-171.24292846677042
2025-01-01 16:49:00,1.5857049190236343,0.22904497040613464,0.9006625,0.026428415317060572,0.0038174161734355772,0.015011041666666667,0.11489104676450038,0.370040955592467,1.0507729166666668,0.05,0.0,0.9006625,0.0,0.2144616370728013,0,0.01458333333333334,1,0,0,Off,0,0,Off,0,0,Off,0.0385712255307821,0.028928419148086568,On,0,0,Off,0.00442313779239766,0.0,On,0.11046790897210272,0,On,0.08409210616206518,0,On,0.24737762389961973,0.18553321792471475,On,On,17415.9303113141,20.000000000000057,0.8,4751.49537424146,26.39581596111111,1.0507729166666668,1,21116.65276888889,21116.65276888889,Off,0.0,23.888888888888914,0,0.0,0.05,0.0,0.0,0,0,0,11489.55984,Off,0.0,0,77.90253556427706,51.666666666666686,46.10666666666668,-0.0,51.34421844691605,0.12304079875888262,333.7413325963201,0.0,121.7227118191829,48.62606497672783,51.34421844691605,47.26698824163373,12.43753247303448,19.65272126993237,0.0,9.585628304663457,6.510464259686329,2.2,9.236100170605994,15221.546230863354,977.3632914096097,-1307.4110231595232,-2790.2293755572696,-0.0,-0.0,533.6151829062162,59.33333082315841,1.0,0.12262872244471519,0.0,0,1.1476835150928566,65.99961422222222,62.23011220030574,0.20949630402294156,9.264451477298637,0.0029147716502710857,-198.50683836813442,1.220972839176822,0.4007657735468693,-3858.8919805945234,84.75989776267318,0.20154805961481448,-1132.6278075467026,-174.78321561282075
2025-01-01 16:50:00,1.5857049190236343,0.22904497040613464,0.9006625,0.026428415317060572,0.0038174161734355772,0.015011041666666667,0.11489104676450038,0.370040955592467,1.0507729166666668,0.05,0.0,0.9006625,0.0,0.2144616370728013,0,0.01458333333333334,1,0,0,Off,0,0,Off,0,0,Off,0.0385712255307821,0.028928419148086568,On,0,0,Off,0.00442313779239766,0.0,On,0.11046790897210272,0,On,0.08409210616206518,0,On,0.24737762389961973,0.18553321792471475,On,On,17415.9303113141,20.000000000000057,0.8,4751.49537424146,26.39581596111111,1.0507729166666668,1,21116.65276888889,21116.65276888889,Off,0.0,23.888888888888914,0,0.0,0.05,0.0,0.0,0,0,0,11489.55984,Off,0.0,0,77.112176342998,51.666666666666686,46.10666666666668,-0.0,51.31867893135052,0.12304079875888262,333.52225477600854,0.0,120.48777553593436,48.56550865407419,51.31867893135052,47.18892351543604,12.43753247303448,19.887801365218237,0.0,9.689936055394021,6.462539512995631,2.2,9.236100170605994,15149.7918932698,914.2506030895906,-1295.2839148943435,-2849.077197185687,-0.0,-0.0,533.6151829062162,59.174942419386156,1.0,0.12355087182218821,0.0,0,1.1563139209054594,65.99961422222222,49.32359623516898,0.20641383823413562,9.37123695018283,0.00291408270877892,-200.1531771307454,1.2199938602661153,0.4014104376389198,-3919.6863907579605,82.44161960609115,0.20101274136661354,-1117.0601378782815,-178.22377701606194
2025-01-01 16:51:00,1.5857049190236343,0.22904497040613464,0.9006625,0.026428415317060572,0.0038174161734355772,0.015011041666666667,0.11489104676450038,0.370040955592467,1.0507729166666668,0.05,0.0,0.9006625,0.0,0.2144616370728013,0,0.01458333333333334,1,0,0,Off,0,0,Off,0,0,Off,0.0385712255307821,0.028928419148086568,On,0,0,Off,0.00442313779239766,0.0,On,0.11046790897210272,0,On,0.08409210616206518,0,On,0.24737762389961973,0.18553321792471475,On,On,17415.9303113141,20.000000000000057,0.8,4751.49537424146,26.39581596111111,1.0507729166666668,1,21116.65276888889,21116.65276888889,Off,0.0,23.888888888888914,0,0.0,0.05,0.0,0.0,0,0,0,11489.55984,Off,0.0,0,76.34164930486412,51.666666666666686,46.10666666666668,-0.0,51.2932958941852,0.12304079875888262,333.30451922653043,0.0,119.28382703885018,48.50514565018693,51.2932958941852,47.11107052818781,12.43753247303448,20.115682213170224,0.0,9.788026376014008,6.414659295744833,2.2,9.236100170605994,15079.884989006012,854.7489731871096,-1283.1240445307633,-2906.591267018066,-0.0,-0.0,533.6151829062162,59.015655419287135,1.0,0.12444173683125957,0.0,0,1.1646515359821,65.99961422222222,36.930761803759566,0.203472299782836,9.47374510861296,0.0029133874960498877,-201.72809373641405,1.2190463805043164,0.4020157323218709,-3977.0076907763596,80.26128972200941,0.2004764930852765,-1101.5658903126648,-181.55815421809857
2025-01-01 16:52:00,0.5349320023569675,0.22904497040613464,0.0,0.008915533372616125,0.0038174161734355772,0.0,0.11489104676450038,0.370040955592467,0.0,0.05,0.0,0.0,0.0,0.2144616370728013,0,0.01458333333333334,1,0,0,Off,0,0,Off,0,0,Off,0.0385712255307821,0.028928419148086568,On,0,0,Off,0.00442313779239766,0.0,On,0.11046790897210272,0,On,0.08409210616206518,0,On,0.24737762389961973,0.18553321792471475,On,Off,0.0,20.000000000000057,0.0,0.0,0.0,0.0,0,0.0,21116.65276888889,Off,0.0,23.888888888888914,0,0.0,0.05,0.0,0.0,0,0,0,11489.55984,Off,0.0,0,75.59001535892865,51.666666666666686,46.10666666666668,-0.0,51.268064962603546,0.12304079875888262,333.0880884378901,0.0,118.10939899832601,48.44497166661619,51.268064962603546,47.033425018622516,12.43753247303448,20.336709510470335,0.0,9.880344614762043,6.366841704907497,2.2,9.236100170605994,-2404.111459020829,-3952.873456484118,-1270.9325122795183,-2962.8143609963586,-0.0,-0.0,533.6151829062162,58.85548762374194,1.0,0.12530297832518536,0.0,0,1.1727119042660328,65.99961422222222,25.087719069313707,0.2006621819851005,9.573599468931246,0.0029126862684080547,-203.23528623205164,1.2181288217739952,0.4025845773856271,-4031.0890362529854,78.21557976886749,0.1999395107861239,-1086.1509277017226,-184.78158457779577
2025-01-01 16:53:00,0.5349320023569675,0.22904497040613464,0.0,0.008915533372616125,0.0038174161734355772,0.0,0.11489104676450038,0.370040955592467,0.0,0.05,0.0,0.0,0.0,0.2144616370728013,0,0.01458333333333334,1,0,0,Off,0,0,Off,0,0,Off,0.0385712255307821,0.028928419148086568,On,0,0,Off,0.00442313779239766,0.0,On,0.11046790897210272,0,On,0.08409210616206518,0,On,0.24737762389961973,0.18553321792471475,On,Off,0.0,20.000000000000057,0.0,0.0,0.0,0.0,0,0.0,21116.65276888889,Off,0.0,23.888888888888914,0,0.0,0.05,0.0,0.0,0,0,0,11489.55984,Off,0.0,0,75.70492273418812,51.666666666666686,46.10666666666668,-0.0,51.24298197147338,0.12304079875888262,332.8729266816073,0.0,118.28894177216893,48.384982604988366,51.24298197147338,46.955982921745864,12.43753247303448,20.234964492234543,0.0,9.795791418116053,6.319105526795856,2.2,9.236100170605994,-2372.1225891039016,-3901.5025437819695,-1258.711995287804,-2936.879747247961,-0.0,-0.0,533.6151829062162,58.69445665742038,1.0,0.12490686914815086,0.0,0,1.1690047142733746,65.99961422222222,31.141975237843084,0.2018792606641551,9.526796844569834,0.002911979269461822,-202.1336044589118,1.2185517848889114,0.4020636098355389,-3981.5515962557483,80.04905247377869,0.1994020003586134,-1070.8212452229818,-187.89075006482227
2025-01-01 16:54:00,0.5349320023569675,0.22904497040613464,0.0,0.008915533372616125,0.0038174161734355772,0.0,0.11489104676450038,0.370040955592467,0.0,0.05,0.0,0.0,0.0,0.2144616370728013,0,0.01458333333333334,1,0,0,Off,0,0,Off,0,0,Off,0.0385712255307821,0.028928419148086568,On,0,0,Off,0.00442313779239766,0.0,On,0.11046790897210272,0,On,0.08409210616206518,0,On,0.24737762389961973,0.18553321792471475,On,Off,0.0,20.000000000000057,0.0,0.0,0.0,0.0,0,0.0,21116.65276888889,Off,0.0,23.888888888888914,0,0.0,0.05,0.0,0.0,0,0,0,11489.55984,Off,0.0,0,75.81053041241051,51.666666666666686,46.10666666666668,-0.0,51.21785601368198,0.12304079875888262,332.6573963575471,0.0,118.45395376939143,48.324998279090224,51.21785601368198,46.878569411794345,12.43753247303448,20.13668874615997,0.0,9.71630031205197,6.271469927386575,2.2,9.236100170605994,-2342.772433684747,-3853.5950754803753,-1246.466424254827,-2911.916181720177,-0.0,-0.0,533.6151829062162,58.532580395408814,1.0,0.12452370898592852,0.0,0,1.1654187142478003,65.99961422222222,35.52856512921397,0.20306139862098713,9.481085856772179,0.0029112763470308667,-201.0620936631223,1.2189606192847884,0.4015732155629572,-3935.07860658076,81.48353110038482,0.19886417420505395,-1055.5828668006811,-190.8835574541459
2025-01-01 16:55:00,0.5349320023569675,0.22904497040613464,0.0,0.008915533372616125,0.0038174161734355772,0.0,0.11489104676450038,0.370040955592467,0.0,0.05,0.0,0.0,0.0,0.2144616370728013,0,0.01458333333333334,1,0,0,Off,0,0,Off,0,0,Off,0.0385712255307821,0.028928419148086568,On,0,0,Off,0.00442313779239766,0.0,On,0.11046790897210272,0,On,0.08409210616206518,0,On,0.24737762389961973,0.18553321792471475,On,Off,0.0,20.000000000000057,0.0,0.0,0.0,0.0,0,0.0,21116.65276888889,Off,0.0,23.888888888888914,0,0.0,0.05,0.0,0.0,0,0,0,11489.55984,Off,0.0,0,75.90769996741575,51.666666666666686,46.10666666666668,-0.0,51.192689175377474,0.12304079875888262,332.44151536067625,0.0,118.60578119908712,48.26502066986738,51.192689175377474,46.80118641711234,12.43753247303448,20.041563150537975,0.0,9.6414064952488,6.223954193659002,2.2,9.236100170605994,-2313.8710479611295,-3808.5152209050816,-1234.200707343947,-2887.8341236381,-0.0,-0.0,533.6151829062162,58.369876853730325,1.0,0.12415230650279963,0.0,0,1.1619427544656724,65.99961422222222,40.34789277075477,0.2042118259690457,9.437008083586086,0.0029105773853012125,-200.01814561826995,1.2193566235226,0.40111063421439547,-3891.38101003696,82.86578913187792,0.19832624840106444,-1040.441760120103,-193.75894722384402
2025-01-01 16:56:00,0.5349320023569675,0.22904497040613464,0.0,0.008915533372616125,0.0038174161734355772,0.0,0.11489104676450038,0.370040955592467,0.0,0.05,0.0,0.0,0.0,0.2144616370728013,0,0.01458333333333334,1,0,0,Off,0,0,Off,0,0,Off,0.0385712255307821,0.028928419148086568,On,0,0,Off,0.00442313779239766,0.0,On,0.11046790897210272,0,On,0.08409210616206518,0,On,0.24737762389961973,0.18553321792471475,On,Off,0.0,20.000000000000057,0.0,0.0,0.0,0.0,0,0.0,21116.65276888889,Off,0.0,23.888888888888914,0,0.0,0.05,0.0,0.0,0,0,0,11489.55984,Off,0.0,0,75.99700771489337,51.666666666666686,46.10666666666668,-0.0,51.167483352473674,0.12304079875888262,332.22529995413277,0.0,118.74532455452089,48.20505157690072,51.167483352473674,46.723835689114246,12.43753247303448,19.94937471655752,0.0,9.570736836154417,6.176577519119807,2.2,9.236100170605994,-2285.9517440944182,-3766.059565952457,-1221.9204970623184,-2864.572097791091,-0.0,-0.0,533.6151829062162,58.20636418774902,1.0,0.12379187733728879,0.0,0,1.158569494079616,65.99961422222222,45.00517079045676,0.20533254213814778,9.39445202936015,0.0029098822785174803,-199.0000078490281,1.2197406587774493,0.4006736536374456,-3850.2261721298214,84.16660617736432,0.19778844030978437,-1025.4037676480712,-196.51672941424732
2025-01-01 16:57:00,0.5349320023569675,0.22904497040613464,0.0,0.008915533372616125,0.0038174161734355772,0.0,0.11489104676450038,0.370040955592467,0.0,0.05,0.0,0.0,0.0,0.2144616370728013,0,0.01458333333333334,1,0,0,Off,0,0,Off,0,0,Off,0.0385712255307821,0.028928419148086568,On,0,0,Off,0.00442313779239766,0.0,On,0.11046790897210272,0,On,0.08409210616206518,0,On,0.24737762389961973,0.18553321792471475,On,Off,0.0,20.000000000000057,0.0,0.0,0.0,0.0,0,0.0,21116.65276888889,Off,0.0,23.888888888888914,0,0.0,0.05,0.0,0.0,0,0,0,11489.55984,Off,0.0,0,76.0789428180208,51.666666666666686,46.10666666666668,-0.0,51.14224031353257,0.12304079875888262,332.00876530863144,0.0,118.87334815315751,48.145092677883554,51.14224031353257,46.64651886005905,12.43753247303448,19.85994281477912,0.0,9.503973540411973,6.129358827460688,2.2,9.236100170605994,-2258.975055976604,-3726.0301126877803,-1209.6319929718354,-2842.0776677935655,-0.0,-0.0,533.6151829062162,58.04206069059,1.0,0.12344175826655608,0.0,0,1.1552927259800323,65.99961422222222,49.48742891074549,0.20642521353769286,9.35262765737966,0.0029091909277253808,-198.00618848780027,1.2201134544289802,0.40026038952544235,-3811.416019574572,85.38590688679204,0.1972509665893466,-1010.4745513755769,-199.15744159625845
2025-01-01 16:58:00,0.5349320023569675,0.22904497040613464,0.0,0.008915533372616125,0.0038174161734355772,0.0,0.11489104676450038,0.370040955592467,0.0,0.05,0.0,0.0,0.0,0.2144616370728013,0,0.01458333333333334,1,0,0,Off,0,0,Off,0,0,Off,0.0385712255307821,0.028928419148086568,On,0,0,Off,0.00442313779239766,0.0,On,0.11046790897210272,0,On,0.08409210616206518,0,On,0.24737762389961973,0.18553321792471475,On,Off,0.0,20.000000000000057,0.0,0.0,0.0,0.0,0,0.0,21116.65276888889,Off,0.0,23.888888888888914,0,0.0,0.05,0.0,0.0,0,0,0,11489.55984,Off,0.0,0,76.15391798059304,51.666666666666686,46.10666666666668,-0.0,51.116961718989906,0.12304079875888262,331.7919256673808,0.0,118.99049684467661,48.08514554687217,51.116961718989906,46.56923746081331,12.43753247303448,19.77311520809192,0.0,9.440840490118642,6.082316629017594,2.2,9.236100170605994,-2232.930572370224,-3688.254262543556,-1197.341775277243,-2820.306268895341,-0.0,-0.0,533.6151829062162,57.87698478997873,1.0,0.12310139272669994,0.0,0,1.1521072412794582,65.99961422222222,53.7605136189008,0.20749120895075882,9.312156498276824,0.0029085032397670497,-197.0354245765286,1.2204756240281869,0.39986920369228235,-3774.7786351726227,86.5243726290669,0.1967140415401885,-995.6595492787227,-201.68222599852004
2025-01-01 16:59:00,0.5349320023569675,0.22904497040613464,0.0,0.008915533372616125,0.0038174161734355772,0.0,0.11489104676450038,0.370040955592467,0.0,0.05,0.0,0.0,0.0,0.2144616370728013,0,0.01458333333333334,1,0,0,Off,0,0,Off,0,0,Off,0.0385712255307821,0.028928419148086568,On,0,0,Off,0.00442313779239766,0.0,On,0.11046790897210272,0,On,0.08409210616206518,0,On,0.24737762389961973,0.18553321792471475,On,Off,0.0,20.000000000000057,0.0,0.0,0.0,0.0,0,0.0,21116.65276888889,Off,0.0,23.888888888888914,0,0.0,0.05,0.0,0.0,0,0,0,11489.55984,Off,0.0,0,76.22229483110515,51.666666666666686,46.10666666666668,-0.0,51.09164913802107,0.12304079875888262,331.5747944907582,0.0,119.09733567360178,48.02521167029305,51.09164913802107,46.491992936429035,12.43753247303448,19.688758607256876,0.0,9.381093206772606,6.035468905392233,2.2,9.236100170605994,-2207.7905242628904,-3652.5778719112204,-1185.0566651232086,-2799.2187047792254,-0.0,-0.0,533.6151829062162,57.71115504805332,1.0,0.12277029462960745,0.0,0,1.1490084906740852,65.99961422222222,57.81299761011901,0.20853170860642414,9.272969056805435,0.002907819126400132,-196.08660600190566,1.2208277042002678,0.3994986440095557,-3740.162084668804,87.58421275758364,0.19617787574564907,-980.9639417587096,-204.09272336449914
2025-01-01 17:00:00,0.5396447877122379,0.23167482669232434,0.0,0.008994079795203965,0.0038612471115387387,0.0,0.11609735707151793,0.37354743064071994,0.0,0.05,0.0,0.0,0.0,0.217091493358991,0,0.01458333333333334,1,0,0,Off,0,0,Off,0,0,Off,0.04207770057903502,0.03155827543427625,On,0,0,Off,0.005629448099415205,0.0,On,0.11046790897210272,0,On,0.08409210616206518,0,On,0.24737762389961973,0.18553321792471475,On,Off,0.0,20.000000000000057,0.0,0.0,0.0,0.0,0,0.0,21116.65276888889,Off,0.0,23.888888888888914,0,0.0,0.05,0.0,0.0,0,0,0,11489.55984,Off,0.0,0,76.34198805541676,51.666666666666686,46.10666666666668,0.0,51.06630405981124,0.0,0.0,0.0,119.2843563365887,47.96529245765737,51.06630405981124,46.41478665658044,12.43753247303448,19.60675345994352,0.0,9.324511982241209,5.988833018197637,2.2,9.236100170605994,-2178.8085726417467,-3618.861692836331,-1172.7836079483484,-2778.779750162792,-0.0,-0.0,538.3279682614867,57.54459015813932,1.0,0.12244802849510227,0.0,0,1.1459923985003202,65.99961422222222,61.643209259558844,0.2095477630159744,9.235003086236098,0.002907138503706558,-195.1587335644971,1.2211701760561444,0.39914740343866684,-3707.430169426929,88.56847659059788,0.19564267496526067,-966.3926265512898,-206.39098139705854
2025-01-01 17:01:00,0.5396447877122379,0.23167482669232434,0.0,0.008994079795203965,0.0038612471115387387,0.0,0.11609735707151793,0.37354743064071994,0.0,0.05,0.0,0.0,0.0,0.217091493358991,0,0.01458333333333334,1,0,0,Off,0,0,Off,0,0,Off,0.04207770057903502,0.03155827543427625,On,0,0,Off,0.005629448099415205,0.0,On,0.11046790897210272,0,On,0.08409210616206518,0,On,0.24737762389961973,0.18553321792471475,On,Off,0.0,20.000000000000057,0.0,0.0,0.0,0.0,0,0.0,21116.65276888889,Off,0.0,23.888888888888914,0,0.0,0.05,0.0,0.0,0,0,0,11489.55984,Off,0.0,0,76.51298517776767,51.666666666666686,46.10666666666668,0.0,51.04753534379326,0.0,0.0,0.0,119.551539340262,47.94943297970644,51.04753534379326,46.40038179766303,12.43753247303448,19.5270761508502,0.0,9.270897078631899,5.942425638416516,2.2,9.236100170605994,-2155.399746157243,-3586.9787730128796,-1160.5295767173716,-2758.978474832661,-0.0,-0.0,538.3279682614867,57.37730894295747,1.0,0.12213453352611639,0.0,0,1.1430583957577587,65.99961422222222,65.25076041393112,0.2105392103617692,9.197562165289199,0.0029064612916614493,-194.2515833137669,1.2215031218834462,0.3988142915259488,-3676.4594380756553,89.48066506277581,0.19510863924537727,-951.9502007972686,-208.5793759201029
2025-01-01 17:02:00,0.5396447877122379,0.23167482669232434,0.0,0.008994079795203965,0.0038612471115387387,0.0,0.11609735707151793,0.37354743064071994,0.0,0.05,0.0,0.0,0.0,0.217091493358991,0,0.01458333333333334,1,0,0,Off,0,0,Off,0,0,Off,0.04207770057903502,0.03155827543427625,On,0,0,Off,0.005629448099415205,0.0,On,0.11046790897210272,0,On,0.08409210616206518,0,On,0.24737762389961973,0.18553321792471475,On,Off,0.0,20.000000000000057,0.0,0.0,0.0,0.0,0,0.0,21116.65276888889,Off,0.0,23.888888888888914,0,0.0,0.05,0.0,0.0,0,0,0,11489.55984,Off,0.0,0,76.67814861981672,51.666666666666686,46.10666666666668,0.0,51.028730785388156,0.0,0.0,0.0,119.80960721846363,47.933537978380215,51.028730785388156,46.385941574876256,12.43753247303448,19.44953749501454,-0.05046250498551785,9.220065316561591,5.896262693321879,2.2,9.236100170605994,-2132.7871030974475,-3556.812564245845,-1148.3014922619657,-2739.763173965593,-0.0,-0.0,538.3279682614867,57.20933023994494,1.0,0.12182909520028407,0.0,0,1.1401997952239942,65.99961422222222,68.648102606659,0.21150808283456263,9.161236611327343,0.002905787411210028,-193.36359275538112,1.2218273160036182,0.3984982142546348,-3647.137044235905,90.32447999005986,0.1945759622163559,-937.6409491413373,-210.6605431206284
2025-01-01 17:03:00,0.5396447877122379,0.23167482669232434,0.0,0.008994079795203965,0.0038612471115387387,0.0,0.11609735707151793,0.37354743064071994,0.0,0.05,0.0,0.0,0.0,0.217091493358991,0,0.01458333333333334,1,0,0,Off,0,0,Off,0,0,Off,0.04207770057903502,0.03155827543427625,On,0,0,Off,0.005629448099415205,0.0,On,0.11046790897210272,0,On,0.08409210616206518,0,On,0.24737762389961973,0.18553321792471475,On,Off,0.0,20.000000000000057,0.0,0.0,0.0,0.0,0,0.0,21116.65276888889,Off,0.0,23.888888888888914,0,0.0,0.05,0.0,0.0,0,0,0,11489.55984,Off,0.0,0,76.83773407800469,51.666666666666686,46.10666666666668,0.0,51.00989166999643,0.0,0.0,0.0,120.05895949688232,47.917608665582236,51.00989166999643,46.37146716337515,12.43753247303448,19.374043409696156,-0.12595659030390038,9.171847598563943,5.850359328311859,2.2,9.236100170605994,-2110.934419807693,-3528.2555111711285,-1136.1061583198625,-2721.106255302397,-0.0,-0.0,538.3279682614867,57.04067334883844,1.0,0.12153137018429876,0.0,0,1.1374133836389666,65.99961422222222,71.84386723321782,0.21245521487789748,9.12529597428858,0.0029051167892840996,-192.49396893370817,1.2221431374709422,0.3981981595151627,-3619.3591758765874,91.1036647054589,0.19404483054950863,-923.4688368799017,-212.6373214399608
2025-01-01 17:04:00,0.5396447877122379,0.23167482669232434,0.0,0.008994079795203965,0.0038612471115387387,0.0,0.11609735707151793,0.37354743064071994,0.0,0.05,0.0,0.0,0.0,0.217091493358991,0,0.01458333333333334,1,0,0,Off,0,0,Off,0,0,Off,0.04207770057903502,0.03155827543427625,On,0,0,Off,0.005629448099415205,0.0,On,0.11046790897210272,0,On,0.08409210616206518,0,On,0.24737762389961973,0.18553321792471475,On,Off,0.0,20.000000000000057,0.0,0.0,0.0,0.0,0,0.0,21116.65276888889,Off,0.0,23.888888888888914,0,0.0,0.05,0.0,0.0,0,0,0,11489.55984,Off,0.0,0,76.99198171469526,51.666666666666686,46.10666666666668,0.0,50.9910192266407,0.0,0.0,0.0,120.29997142921133,47.90164620009699,50.9910192266407,46.35695968682514,12.43753247303448,19.300505548333543,-0.19949445166651358,9.126087066624237,5.804729881362308,2.2,9.236100170605994,-2089.806222091127,-3501.207969211699,-1123.9502091726629,-2702.981897073753,-0.0,-0.0,538.3279682614867,56.87135735547101,1.0,0.1212410355714052,0.0,0,1.1346961389149255,65.99961422222222,74.84770672113929,0.21338139706080164,9.091059055712261,0.002904449355900041,-191.6419655724444,1.2224509425199876,0.39791318637390194,-3593.0298742194477,91.82190500774854,0.19351542355053644,-909.4375073124311,-214.51270186023174
2025-01-01 17:05:00,0.5396447877122379,0.23167482669232434,0.0,0.008994079795203965,0.0038612471115387387,0.0,0.11609735707151793,0.37354743064071994,0.0,0.05,0.0,0.0,0.0,0.217091493358991,0,0.01458333333333334,1,0,0,Off,0,0,Off,0,0,Off,0.04207770057903502,0.03155827543427625,On,0,0,Off,0.005629448099415205,0.0,On,0.11046790897210272,0,On,0.08409210616206518,0,On,0.24737762389961973,0.18553321792471475,On,Off,0.0,20.000000000000057,0.0,0.0,0.0,0.0,0,0.0,21116.65276888889,Off,0.0,23.888888888888914,0,0.0,0.05,0.0,0.0,0,0,0,11489.55984,Off,0.0,0,77.14111801804539,51.666666666666686,46.10666666666668,0.0,50.972114631389985,0.0,0.0,0.0,120.53299690319592,47.885651690817035,50.972114631389985,46.34242022053056,12.43753247303448,19.228840610784342,-0.2711593892157147,9.082637693649879,5.759387868107913,2.2,9.236100170605994,-2069.368561161211,-3475.577351518954,-1111.8400680610582,-2685.365844913399,-0.0,-0.0,538.3279682614867,56.701401578311646,1.0,0.12095778635955842,0.0,0,1.1320452065344944,65.99961422222222,77.66931549070141,0.2142873823461823,9.05712171566088,0.0029037850439744828,-190.80687756684102,1.2227510673407338,0.39764241692982655,-3568.0601210988702,92.48276957991649,0.19298791286921224,-895.5502825676607,-216.28978549339755
2025-01-01 17:06:00,1.5904177043789047,0.23167482669232434,0.9006625,0.02650696173964841,0.0038612471115387387,0.015011041666666667,0.11609735707151793,0.37354743064071994,1.0507729166666668,0.05,0.0,0.9006625,0.0,0.217091493358991,0,0.01458333333333334,1,0,0,Off,0,0,Off,0,0,Off,0.04207770057903502,0.03155827543427625,On,0,0,Off,0.005629448099415205,0.0,On,0.11046790897210272,0,On,0.08409210616206518,0,On,0.24737762389961973,0.18553321792471475,On,On,17415.9303113141,20.000000000000057,0.8,4751.49537424146,26.39581596111111,1.0507729166666668,1,21116.65276888889,21116.65276888889,Off,0.0,23.888888888888914,0,0.0,0.05,0.0,0.0,0,0,0,11489.55984,Off,0.0,0,77.28535720519677,51.666666666666686,46.10666666666668,0.0,50.95317901037416,0.0,0.0,0.0,120.75837063311995,47.8696261995837,50.95317901037416,46.327849794188474,12.43753247303448,19.15896982303217,-0.3410301769678874,9.041363175388664,5.714345975830434,2.2,9.236100170605994,15366.341195043493,1300.217936404796,-1099.7819147933396,-2668.2352548292047,-0.0,-0.0,538.3279682614867,56.53082545405377,1.0,0.12068133357252774,0.0,0,1.1294578819660628,65.99961422222222,80.31817029711071,0.21517389048551178,9.024124053884833,0.0029031237891615092,-189.9880368353294,1.2230438301594102,0.3973850299524947,-3544.367113935305,93.08967609864045,0.19246246230774391,-881.8101672777138,-217.97174751562574
2025-01-01 17:07:00,1.5904177043789047,0.23167482669232434,0.9006625,0.02650696173964841,0.0038612471115387387,0.015011041666666667,0.11609735707151793,0.37354743064071994,1.0507729166666668,0.05,0.0,0.9006625,0.0,0.217091493358991,0,0.01458333333333334,1,0,0,Off,0,0,Off,0,0,Off,0.04207770057903502,0.03155827543427625,On,0,0,Off,0.005629448099415205,0.0,On,0.11046790897210272,0,On,0.08409210616206518,0,On,0.24737762389961973,0.18553321792471475,On,On,17415.9303113141,20.000000000000057,0.8,4751.49537424146,26.39581596111111,1.0507729166666668,1,21116.65276888889,21116.65276888889,Off,0.0,23.888888888888914,0,0.0,0.05,0.0,0.0,0,0,0,11489.55984,Off,0.0,0,76.57641486697624,51.666666666666686,46.10666666666668,0.0,50.93421344248916,0.0,0.0,0.0,119.65064822965036,47.85357074373631,50.93421344248916,46.313249394359886,12.43753247303448,19.407045972589582,-0.09295402741047454,9.173629427945524,5.669616064870698,2.2,9.236100170605994,15290.778918864933,1221.0126826779501,-1087.7816613199088,-2729.255926541966,-0.0,-0.0,538.3279682614867,56.35964853551353,1.0,0.12166156337726484,0.0,0,1.1386318631139676,65.99961422222222,65.77656583131171,0.21182669140656277,9.137510885458717,0.0029024655297061725,-191.73481797866498,1.2220072253795848,0.3982092517103181,-3620.3850398232053,89.90234825969537,0.19193922771262723,-868.2198545631667,-219.56180675674204
2025-01-01 17:08:00,1.5904177043789047,0.23167482669232434,0.9006625,0.02650696173964841,0.0038612471115387387,0.015011041666666667,0.11609735707151793,0.37354743064071994,1.0507729166666668,0.05,0.0,0.9006625,0.0,0.217091493358991,0,0.01458333333333334,1,0,0,Off,0,0,Off,0,0,Off,0.04207770057903502,0.03155827543427625,On,0,0,Off,0.005629448099415205,0.0,On,0.11046790897210272,0,On,0.08409210616206518,0,On,0.24737762389961973,0.18553321792471475,On,On,17415.9303113141,20.000000000000057,0.8,4751.49537424146,26.39581596111111,1.0507729166666668,1,21116.65276888889,21116.65276888889,Off,0.0,23.888888888888914,0,0.0,0.05,0.0,0.0,0,0,0,11489.55984,Off,0.0,0,75.88938730160186,51.666666666666686,46.10666666666668,0.0,50.91540588948341,0.0,0.0,0.0,118.5771676587529,47.837662565365804,50.91540588948341,46.29879090330701,12.43753247303448,19.64710218746297,0.0,9.297812813015014,5.625209176278146,2.2,9.236100170605994,15218.17198062503,1146.6967658769331,-1075.8449354701384,-2788.828767727092,-0.0,-0.0,538.3279682614867,56.18789048790973,1.0,0.12260664112813498,0.0,0,1.147476855816584,65.99961422222222,52.742468776534224,0.20864116190171209,9.246800126065626,0.0029018006545830253,-193.40328781868214,1.221005825338987,0.39898155501110755,-3692.001854099801,87.20324573527459,0.19141835693792456,-854.7817338973551,-221.0632015727831
2025-01-01 17:09:00,1.5904177043789047,0.23167482669232434,0.9006625,0.02650696173964841,0.0038612471115387387,0.015011041666666667,0.11609735707151793,0.37354743064071994,1.0507729166666668,0.05,0.0,0.9006625,0.0,0.217091493358991,0,0.01458333333333334,1,0,0,Off,0,0,Off,0,0,Off,0.04207770057903502,0.03155827543427625,On,0,0,Off,0.005629448099415205,0.0,On,0.11046790897210272,0,On,0.08409210616206518,0,On,0.24737762389961973,0.18553321792471475,On,On,17415.9303113141,20.000000000000057,0.8,4751.49537424146,26.39581596111111,1.0507729166666668,1,21116.65276888889,21116.65276888889,Off,0.0,23.888888888888914,0,0.0,0.05,0.0,0.0,0,0,0,11489.55984,Off,0.0,0,75.22293441586304,51.666666666666686,46.10666666666668,0.0,50.89675151662954,0.0,0.0,0.0,117.53583502478598,47.82189711184178,50.89675151662954,46.2844699094479,12.43753247303448,19.879633353159775,0.0,9.414572381235036,5.5811355447091895,2.2,9.236100170605994,15147.229065711439,1076.5656896088353,-1063.9770704074347,-2847.024249793274,-0.0,-0.0,538.3279682614867,56.015571088231894,1.0,0.12351888482026911,0.0,0,1.156014554214949,65.99961422222222,39.995035929125436,0.2056046719952575,9.35230187994541,0.0029011294437010973,-194.99843790918894,1.2200374006141836,0.3997063281063739,-3759.5526308004514,84.62294616782673,0.19089998986993736,-841.4979004903603,-222.47916991707436
2025-01-01 17:10:00,1.5904177043789047,0.23167482669232434,0.9006625,0.02650696173964841,0.0038612471115387387,0.015011041666666667,0.11609735707151793,0.37354743064071994,1.0507729166666668,0.05,0.0,0.9006625,0.0,0.217091493358991,0,0.01458333333333334,1,0,0,Off,0,0,Off,0,0,Off,0.04207770057903502,0.03155827543427625,On,0,0,Off,0.005629448099415205,0.0,On,0.11046790897210272,0,On,0.08409210616206518,0,On,0.24737762389961973,0.18553321792471475,On,On,17415.9303113141,20.000000000000057,0.8,4751.49537424146,26.39581596111111,1.0507729166666668,1,21116.65276888889,21116.65276888889,Off,0.0,23.888888888888914,0,0.0,0.05,0.0,0.0,0,0,0,11489.55984,Off,0.0,0,74.57599258201425,51.666666666666686,46.10666666666668,0.0,50.878245784609334,0.0,0.0,0.0,116.52498840939727,47.80627010892817,50.878245784609334,46.27028227108759,12.43753247303448,20.10503159671442,0.0,9.524458115128022,5.537404615436175,2.2,9.236100170605994,15078.115878659391,1010.3761530101278,-1052.1830970057053,-2903.892948988825,-0.0,-0.0,538.3279682614867,55.84271022140995,1.0,0.12440016614565119,0.0,0,1.1642624754942088,65.99961422222222,27.750548072629044,0.20270666010966534,9.454267856425915,0.0029004521596324665,-196.52433303969616,1.219100167893396,0.40038723419215577,-3823.316684679775,82.1974634484428,0.19038425850122184,-828.3701657991454,-223.81293120656005
2025-01-01 17:11:00,0.5396447877122379,0.23167482669232434,0.0,0.008994079795203965,0.0038612471115387387,0.0,0.11609735707151793,0.37354743064071994,0.0,0.05,0.0,0.0,0.0,0.217091493358991,0,0.01458333333333334,1,0,0,Off,0,0,Off,0,0,Off,0.04207770057903502,0.03155827543427625,On,0,0,Off,0.005629448099415205,0.0,On,0.11046790897210272,0,On,0.08409210616206518,0,On,0.24737762389961973,0.18553321792471475,On,Off,0.0,20.000000000000057,0.0,0.0,0.0,0.0,0,0.0,21116.65276888889,Off,0.0,23.888888888888914,0,0.0,0.05,0.0,0.0,0,0,0,11489.55984,Off,0.0,0,73.94763214300666,51.666666666666686,46.10666666666668,0.0,50.85988438859577,0.0,0.0,0.0,115.54317522344789,47.79077750334964,50.85988438859577,46.256224060726574,12.43753247303448,20.323639336196702,0.0,9.627951394560801,5.494025064586294,2.2,9.236100170605994,-2405.103907795453,-3803.617111768581,-1040.4677399659142,-2959.4776897292086,-0.0,-0.0,538.3279682614867,55.669327877950245,1.0,0.1252521268683005,0.0,0,1.1722359849412474,65.99961422222222,16.045813672269105,0.1999378093320517,9.552920443538156,0.0028997690509395325,-197.9845559293615,1.2181925654255346,0.40102747229922286,-3883.5395126934764,79.92240092489567,0.18987128704465125,-815.4000688593983,-225.06767110651612
2025-01-01 17:12:00,0.5396447877122379,0.23167482669232434,0.0,0.008994079795203965,0.0038612471115387387,0.0,0.11609735707151793,0.37354743064071994,0.0,0.05,0.0,0.0,0.0,0.217091493358991,0,0.01458333333333334,1,0,0,Off,0,0,Off,0,0,Off,0.04207770057903502,0.03155827543427625,On,0,0,Off,0.005629448099415205,0.0,On,0.11046790897210272,0,On,0.08409210616206518,0,On,0.24737762389961973,0.18553321792471475,On,Off,0.0,20.000000000000057,0.0,0.0,0.0,0.0,0,0.0,21116.65276888889,Off,0.0,23.888888888888914,0,0.0,0.05,0.0,0.0,0,0,0,11489.55984,Off,0.0,0,74.18550994449822,51.666666666666686,46.10666666666668,0.0,50.84166322872987,0.0,0.0,0.0,115.91485928827848,47.775415434960166,50.84166322872987,46.242291538075314,12.43753247303448,20.219534826033563,0.0,9.5539869593852,5.451004821909117,2.2,9.236100170605994,-2372.3854745724684,-3758.9429116502824,-1028.835417063675,-2932.954728103556,-0.0,-0.0,538.3279682614867,55.49544415159413,1.0,0.12484674786120313,0.0,0,1.1684420385106293,65.99961422222222,22.24128526960122,0.2011810202946335,9.50484764174184,0.002899080353860281,-196.887719531849,1.2186253570533427,0.400570012138425,-3840.4829297301585,81.5400180798762,0.18936119208012453,-802.5888881976032,-226.246528866072
2025-01-01 17:13:00,0.5396447877122379,0.23167482669232434,0.0,0.008994079795203965,0.0038612471115387387,0.0,0.11609735707151793,0.37354743064071994,0.0,0.05,0.0,0.0,0.0,0.217091493358991,0,0.01458333333333334,1,0,0,Off,0,0,Off,0,0,Off,0.04207770057903502,0.03155827543427625,On,0,0,Off,0.005629448099415205,0.0,On,0.11046790897210272,0,On,0.08409210616206518,0,On,0.24737762389961973,0.18553321792471475,On,Off,0.0,20.000000000000057,0.0,0.0,0.0,0.0,0,0.0,21116.65276888889,Off,0.0,23.888888888888914,0,0.0,0.05,0.0,0.0,0,0,0,11489.55984,Off,0.0,0,74.41379404978925,51.666666666666686,46.10666666666668,0.0,50.82339146066876,0.0,0.0,0.0,116.2715532027957,47.760003949233734,50.82339146066876,46.22831019351622,12.43753247303448,20.118956389753272,0.0,9.48450786646857,5.408351095379485,2.2,9.236100170605994,-2342.360619226745,-3717.3431922479576,-1017.2902395502219,-2907.420976458989,-0.0,-0.0,538.3279682614867,55.32107923522127,1.0,0.12445451505053146,0.0,0,1.1647711274719095,65.99961422222222,26.732388970757583,0.20238910901526377,9.458600607389931,0.0028983957154036103,-195.82090983601185,1.219043795804972,0.40013981684067446,-3800.113216515264,82.77002426730627,0.18885408272642404,-789.9376540920925,-227.3525854581294
2025-01-01 17:14:00,0.5396447877122379,0.23167482669232434,0.0,0.008994079795203965,0.0038612471115387387,0.0,0.11609735707151793,0.37354743064071994,0.0,0.05,0.0,0.0,0.0,0.217091493358991,0,0.01458333333333334,1,0,0,Off,0,0,Off,0,0,Off,0.04207770057903502,0.03155827543427625,On,0,0,Off,0.005629448099415205,0.0,On,0.11046790897210272,0,On,0.08409210616206518,0,On,0.24737762389961973,0.18553321792471475,On,Off,0.0,20.000000000000057,0.0,0.0,0.0,0.0,0,0.0,21116.65276888889,Off,0.0,23.888888888888914,0,0.0,0.05,0.0,0.0,0,0,0,11489.55984,Off,0.0,0,74.63335464349011,51.666666666666686,46.10666666666668,0.0,50.80507119871858,0.0,0.0,0.0,116.6146166304533,47.74454503918909,50.80507119871858,46.21428195942435,12.43753247303448,20.021581710196674,0.0,9.419084160476302,5.366070397011064,2.2,9.236100170605994,-2312.793862410589,-3678.2031943070992,-1005.8360146308473,-2882.785788482253,-0.0,-0.0,538.3279682614867,55.14625330257427,1.0,0.12407422643854096,0.0,0,1.1612120023154373,65.99961422222222,31.663957810177124,0.20356530492066488,9.413307564634408,0.0028977150202984954,-194.78154668888536,1.2194491925739381,0.39973430814440497,-3762.167082191914,83.9638878848144,0.18835006083135591,-777.4471609797182,-228.38885365112924
2025-01-01 17:15:00,0.5396447877122379,0.23167482669232434,0.0,0.008994079795203965,0.0038612471115387387,0.0,0.11609735707151793,0.37354743064071994,0.0,0.05,0.0,0.0,0.0,0.217091493358991,0,0.01458333333333334,1,0,0,Off,0,0,Off,0,0,Off,0.04207770057903502,0.03155827543427625,On,0,0,Off,0.005629448099415205,0.0,On,0.11046790897210272,0,On,0.08409210616206518,0,On,0.24737762389961973,0.18553321792471475,On,Off,0.0,20.000000000000057,0.0,0.0,0.0,0.0,0,0.0,21116.65276888889,Off,0.0,23.888888888888914,0,0.0,0.05,0.0,0.0,0,0,0,11489.55984,Off,0.0,0,74.6985456518065,51.666666666666686,46.10666666666668,-0.0,50.78670436540153,0.31469313327427606,841.3561449890982,0.0,116.71647758094764,47.72904051707063,50.78670436540153,46.20020859290518,12.43753247303448,19.92719563665047,0.0,9.357375393879812,5.32416856964141,2.2,9.236100170605994,-2284.2339177218787,-3641.3468532282127,-994.4762515443086,-2858.9868673018873,-0.0,-0.0,538.3279682614867,54.97098697329392,1.0,0.12370509090983314,0.0,0,1.1577572589838003,65.99961422222222,36.424981318521986,0.20471160097285354,9.369563724674505,0.0028970381632253506,-193.76789676019877,1.2198424166405482,0.39935144800294287,-3726.4355081049007,85.0886548766882,0.1878492211777447,-765.1179799248742,-229.35827161943442
2025-01-01 17:16:00,0.5396447877122379,0.23167482669232434,0.4645728511809253,0.008994079795203965,0.0038612471115387387,0.007742880853015421,0.11609735707151793,0.37354743064071994,0.0,0.05,0.4645728511809253,0.0,0.0,0.217091493358991,0,0.01458333333333334,1,0,0,Off,0,0,Off,0,0,Off,0.04207770057903502,0.03155827543427625,On,0,0,Off,0.005629448099415205,0.0,On,0.11046790897210272,0,On,0.08409210616206518,0,On,0.24737762389961973,0.18553321792471475,On,Off,0.0,20.000000000000057,0.0,0.0,0.0,0.0,0,0.0,21116.65276888889,Off,0.0,23.888888888888914,0,0.0,0.05,0.0,0.0,0,0,0,11489.55984,On,10550.56,0,76.43525807634913,51.666666666666686,46.10666666666668,-0.0,50.75151566698768,0.31469313327427606,840.5841275977511,10550.56,119.43009074429551,47.60165975986415,50.75151566698768,46.02673180630239,12.43753247303448,19.835615286377553,0.0,9.299094197184266,5.2826508143884165,2.2,9.236100170605994,-2256.638829980193,-3606.5981994249164,-983.2141692141802,-2835.970955932185,-0.0,-0.0,538.3279682614867,54.79530060685487,1.0,0.12334643798872033,0.0,0,1.1544006224879202,65.99961422222222,41.00415769050535,0.20582966173966208,9.327273490681222,0.0028963650455936804,-192.77848124344516,1.2202242059478237,0.39898951621755085,-3692.742062371642,86.1438629467255,0.18735165170204773,-752.9504710528952,-230.26369816128494
2025-01-01 17:17:00,0.5396447877122379,0.23167482669232434,0.4645728511809253,0.008994079795203965,0.0038612471115387387,0.007742880853015421,0.11609735707151793,0.37354743064071994,0.0,0.05,0.4645728511809253,0.0,0.0,0.217091493358991,0,0.01458333333333334,1,0,0,Off,0,0,Off,0,0,Off,0.04207770057903502,0.03155827543427625,On,0,0,Off,0.005629448099415205,0.0,On,0.11046790897210272,0,On,0.08409210616206518,0,On,0.24737762389961973,0.18553321792471475,On,Off,0.0,20.000000000000057,0.0,0.0,0.0,0.0,0,0.0,21116.65276888889,Off,0.0,23.888888888888914,0,0.0,0.05,0.0,0.0,0,0,0,11489.55984,On,10550.56,0,79.98901388162238,51.666666666666686,46.10666666666668,-0.0,50.716342908056355,0.31469313327427606,839.8124599083901,10550.56,124.98283419003496,48.87677289316076,50.716342908056355,47.95698788571296,12.43753247303448,19.746686372058644,0.0,9.243992884308854,5.24152171847004,2.2,9.236100170605994,-2229.996861658616,-3573.805446485926,-972.0527050105261,-2813.6927406920713,-0.0,-0.0,538.3279682614867,54.61921476848723,1.0,0.12299770453282442,0.0,0,1.1511368223723026,65.99961422222222,45.36791077196838,0.20692085459507872,9.285662540668758,0.0028956955745606102,-191.81204716389544,1.2205951818312297,0.3986470296197015,-3660.9347729535516,87.12932646762577,0.18685743372216707,-740.9447958511532,-231.1079091593728
2025-01-01 17:18:00,0.5396447877122379,0.23167482669232434,0.4645728511809253,0.008994079795203965,0.0038612471115387387,0.007742880853015421,0.11609735707151793,0.37354743064071994,0.0,0.05,0.4645728511809253,0.0,0.0,0.217091493358991,0,0.01458333333333334,1,0,0,Off,0,0,Off,0,0,Off,0.04207770057903502,0.03155827543427625,On,0,0,Off,0.005629448099415205,0.0,On,0.11046790897210272,0,On,0.08409210616206518,0,On,0.24737762389961973,0.18553321792471475,On,Off,0.0,20.000000000000057,0.0,0.0,0.0,0.0,0,0.0,21116.65276888889,Off,0.0,23.888888888888914,0,0.0,0.05,0.0,0.0,0,0,0,11489.55984,On,10550.56,0,83.53436850265317,51.666666666666686,46.10666666666668,-0.0,50.68122661398933,0.31469313327427606,839.0420310218041,10550.56,130.52245078539556,50.15125035747387,50.68122661398933,49.886262229216136,12.43753247303448,19.6602737221773,0.0,9.191853552809425,5.200785283132027,2.2,9.236100170605994,-2204.2790884229375,-3542.833617255874,-960.994524370448,-2792.112337089386,-0.0,-0.0,538.3279682614867,54.44275010764269,1.0,0.122658398424028,0.0,0,1.1479612528982626,65.99961422222222,49.50528040496165,0.20798635859581896,9.245359591086444,0.0028950296621617954,-190.86749255892738,1.2209558880613662,0.3983226822946178,-3630.880128288571,88.04651103269718,0.18636664217158078,-729.1009292601044,-231.89359511034363
2025-01-01 17:19:00,0.5396447877122379,0.23167482669232434,0.4645728511809253,0.008994079795203965,0.0038612471115387387,0.007742880853015421,0.11609735707151793,0.37354743064071994,0.0,0.05,0.4645728511809253,0.0,0.0,0.217091493358991,0,0.01458333333333334,1,0,0,Off,0,0,Off,0,0,Off,0.04207770057903502,0.03155827543427625,On,0,0,Off,0.005629448099415205,0.0,On,0.11046790897210272,0,On,0.08409210616206518,0,On,0.24737762389961973,0.18553321792471475,On,Off,0.0,20.000000000000057,0.0,0.0,0.0,0.0,0,0.0,21116.65276888889,Off,0.0,23.888888888888914,0,0.0,0.05,0.0,0.0,0,0,0,11489.55984,On,10550.56,0,87.13188282701543,51.666666666666686,46.10666666666668,-0.0,51.42509373338147,0.31469313327427606,855.3619967752364,10550.56,136.14356691721161,51.42509373338147,51.42509373338147,51.42509373338147,12.43753247303448,19.57625605323053,0.0,9.142481353993787,5.160444951469566,2.2,9.236100170605994,-2179.450878752886,-3513.561214947911,-950.0420310468207,-2771.1938863688024,-0.0,-0.0,538.3279682614867,54.26592735681962,1.0,0.12232807864510734,0.0,0,1.1448697865809219,65.99961422222222,53.41503935442954,0.20902722312984556,9.206301442775327,0.0028943672247271966,-189.94382525855318,1.2213068123197006,0.39801530504886745,-3602.458981952557,88.89776700464625,0.1858793458373348,-717.418671491434,-232.62335955538674
2025-01-01 17:20:00,0.5396447877122379,0.23167482669232434,0.0,0.008994079795203965,0.0038612471115387387,0.0,0.11609735707151793,0.37354743064071994,0.0,0.05,0.0,0.0,0.0,0.217091493358991,0,0.01458333333333334,1,0,0,Off,0,0,Off,0,0,Off,0.04207770057903502,0.03155827543427625,On,0,0,Off,0.005629448099415205,0.0,On,0.11046790897210272,0,On,0.08409210616206518,0,On,0.24737762389961973,0.18553321792471475,On,Off,0.0,20.000000000000057,0.0,0.0,0.0,0.0,0,0.0,21116.65276888889,Off,0.0,23.888888888888914,0,0.0,0.05,0.0,0.0,0,0,0,11489.55984,Off,0.0,0,88.93127720647368,51.666666666666686,46.10666666666668,-0.0,52.69601992789944,0.31469313327427606,883.2452993557058,0.0,138.95512063511512,52.69601992789945,52.69601992789946,52.69601992789944,12.43753247303448,19.494522584292785,-0.005477415707272115,9.09569981702604,5.120503635965974,2.2,9.236100170605994,-2155.474851876125,-3485.877746069514,-939.1973777961273,-2750.904638861602,-0.0,-0.0,538.3279682614867,54.08876732692449,1.0,0.12200634242244995,0.0,0,1.1418586538577657,65.99961422222222,57.10181872399039,0.21004440528695456,9.167743961356138,0.002893708182454236,-189.04013621411272,1.2216484000803227,0.39772383734254,-3575.5636919601216,89.68594589060734,0.1853956075998198,-705.8976595236983,-233.29971827242917
2025-01-01 17:21:00,0.5396447877122379,0.23167482669232434,0.0,0.008994079795203965,0.0038612471115387387,0.0,0.11609735707151793,0.37354743064071994,0.0,0.05,0.0,0.0,0.0,0.217091493358991,0,0.01458333333333334,1,0,0,Off,0,0,Off,0,0,Off,0.04207770057903502,0.03155827543427625,On,0,0,Off,0.005629448099415205,0.0,On,0.11046790897210272,0,On,0.08409210616206518,0,On,0.24737762389961973,0.18553321792471475,On,Off,0.0,20.000000000000057,0.0,0.0,0.0,0.0,0,0.0,21116.65276888889,Off,0.0,23.888888888888914,0,0.0,0.05,0.0,0.0,0,0,0,11489.55984,Off,0.0,0,88.78821543235522,51.666666666666686,46.10666666666668,-0.0,52.65878155682851,0.31469313327427606,882.4283134656885,0.0,138.73158661305501,52.560113045218756,52.65878155682851,52.510778789413884,12.43753247303448,19.414970853201996,-0.0850291467980604,9.051347550641358,5.080963745603489,2.2,9.236100170605994,-2132.313002116227,-3459.6819433926203,-928.4624773456305,-2731.2143539418653,-0.0,-0.0,538.3279682614867,53.91129090432194,1.0,0.12169281698375,0.0,0,1.1389243659488264,65.99961422222222,60.573383564151854,0.21103879325219838,9.131009102841663,0.0028930524590829905,-188.15558231758516,1.2219810635359332,0.3974473075780555,-3550.0960887524675,90.4141453598474,0.1849154846725888,-694.5373782370964,-233.9250991085343
2025-01-01 17:22:00,0.5396447877122379,0.23167482669232434,0.0,0.008994079795203965,0.0038612471115387387,0.0,0.11609735707151793,0.37354743064071994,0.0,0.05,0.0,0.0,0.0,0.217091493358991,0,0.01458333333333334,1,0,0,Off,0,0,Off,0,0,Off,0.04207770057903502,0.03155827543427625,On,0,0,Off,0.005629448099415205,0.0,On,0.11046790897210272,0,On,0.08409210616206518,0,On,0.24737762389961973,0.18553321792471475,On,Off,0.0,20.000000000000057,0.0,0.0,0.0,0.0,0,0.0,21116.65276888889,Off,0.0,23.888888888888914,0,0.0,0.05,0.0,0.0,0,0,0,11489.55984,Off,0.0,0,88.63991508531937,51.666666666666686,46.10666666666668,-0.0,52.621528978617015,0.31469313327427606,881.6110158801526,0.0,138.49986732081152,52.42434450509286,52.621528978617015,52.32575226833079,12.43753247303448,19.337505264175466,-0.16249473582459117,9.009275870347384,5.04182721242876,2.2,9.236100170605994,-2109.9278798324594,-3434.885639057161,-917.8390135061051,-2712.0948931935704,-0.0,-0.0,538.3279682614867,53.73351904771469,1.0,0.12138715412238625,0.0,0,1.1360636639846398,65.99961422222222,63.83904509962426,0.21201122122086652,9.094676439753979,0.0028923999816373473,-187.2893749956327,1.2223051875089015,0.39718481899592106,-3525.966001101261,91.08036204410081,0.18443902884075705,-683.3371711586002,-234.5018423475049
2025-01-01 17:23:00,0.5396447877122379,0.23167482669232434,0.0,0.008994079795203965,0.0038612471115387387,0.0,0.11609735707151793,0.37354743064071994,0.0,0.05,0.0,0.0,0.0,0.217091493358991,0,0.01458333333333334,1,0,0,Off,0,0,Off,0,0,Off,0.04207770057903502,0.03155827543427625,On,0,0,Off,0.005629448099415205,0.0,On,0.11046790897210272,0,On,0.08409210616206518,0,On,0.24737762389961973,0.18553321792471475,On,Off,0.0,20.000000000000057,0.0,0.0,0.0,0.0,0,0.0,21116.65276888889,Off,0.0,23.888888888888914,0,0.0,0.05,0.0,0.0,0,0,0,11489.55984,Off,0.0,0,88.48661995537041,51.666666666666686,46.10666666666668,-0.0,52.58426344951581,0.31469313327427606,880.7934341604335,0.0,138.26034368026626,52.28871543723772,52.58426344951581,52.140941431098675,12.43753247303448,19.262036089560297,-0.23796391043975973,8.969346823866402,5.003095517479284,2.2,9.236100170605994,-2088.283245683528,-3411.3857017789633,-907.3284523191323,-2693.519934100138,-0.0,-0.0,538.3279682614867,53.55547278335815,1.0,0.12108902650143134,0.0,0,1.133273484415428,65.99961422222222,66.90872015512338,0.21296247908768598,9.058705974567362,0.002891750680210151,-186.4407723863677,1.2226211334922534,0.39693553793237607,-3503.0900303506764,91.70432857171308,0.18396628669677692,-672.2962507967807,-235.0322015223517
2025-01-01 17:24:00,1.5904177043789047,0.23167482669232434,0.9006625,0.02650696173964841,0.0038612471115387387,0.015011041666666667,0.11609735707151793,0.37354743064071994,1.0507729166666668,0.05,0.0,0.9006625,0.0,0.217091493358991,0,0.01458333333333334,1,0,0,Off,0,0,Off,0,0,Off,0.04207770057903502,0.03155827543427625,On,0,0,Off,0.005629448099415205,0.0,On,0.11046790897210272,0,On,0.08409210616206518,0,On,0.24737762389961973,0.18553321792471475,On,On,17415.9303113141,20.000000000000057,0.8,4751.49537424146,26.39581596111111,1.0507729166666668,1,21116.65276888889,21116.65276888889,Off,0.0,23.888888888888914,0,0.0,0.05,0.0,0.0,0,0,0,11489.55984,Off,0.0,0,88.32855985670722,51.666666666666686,46.10666666666668,-0.0,52.54698617143689,0.31469313327427606,879.9755946757064,0.0,138.01337477610502,52.1532269170593,52.54698617143689,51.95634728987051,12.43753247303448,19.188478756151927,-0.31152124384813007,8.931432777954097,4.964769715997274,2.2,9.236100170605994,15348.585910698515,1362.3690207402688,-896.9320531468675,-2675.464759882078,-0.0,-0.0,538.3279682614867,53.37717320347212,1.0,0.12079812504423895,0.0,0,1.1305509345895768,65.99961422222222,69.79239100500516,0.21389331890801289,9.024414934455281,0.0028911044877787035,-185.60907375819104,1.2229292425209157,0.3966986917332346,-3481.3912340954053,92.26488059421351,0.18349729987259167,-661.4137085525169,-235.51834459435054
2025-01-01 17:25:00,1.5904177043789047,0.23167482669232434,0.9006625,0.02650696173964841,0.0038612471115387387,0.015011041666666667,0.11609735707151793,0.37354743064071994,1.0507729166666668,0.05,0.0,0.9006625,0.0,0.217091493358991,0,0.01458333333333334,1,0,0,Off,0,0,Off,0,0,Off,0.04207770057903502,0.03155827543427625,On,0,0,Off,0.005629448099415205,0.0,On,0.11046790897210272,0,On,0.08409210616206518,0,On,0.24737762389961973,0.18553321792471475,On,On,17415.9303113141,20.000000000000057,0.8,4751.49537424146,26.39581596111111,1.0507729166666668,1,21116.65276888889,21116.65276888889,Off,0.0,23.888888888888914,0,0.0,0.05,0.0,0.0,0,0,0,11489.55984,Off,0.0,0,87.31746461788106,51.666666666666686,46.10666666666668,-0.0,52.509698295056246,0.31469313327427606,879.1575226710617,0.0,136.43353846543914,52.01787996871548,52.509698295056246,51.7719708055451,12.43753247303448,19.43298075227643,-0.06701924772362844,9.066907178502714,4.926850461878828,2.2,9.236100170605994,15274.063483686738,1281.517038847895,-886.6508797761801,-2735.667122070474,-0.0,-0.0,538.3279682614867,53.19864134147984,1.0,0.12176382940923536,0.0,0,1.1395889719927577,65.99961422222222,55.472326181623146,0.210614509301846,9.13589794102738,0.0028904613400420596,-187.29492062125502,1.221907754797414,0.39754434144029027,-3559.0271681548998,89.04883276133516,0.1830321052674105,-650.6885241986707,-235.96235557750936
2025-01-01 17:26:00,1.5904177043789047,0.23167482669232434,0.9006625,0.02650696173964841,0.0038612471115387387,0.015011041666666667,0.11609735707151793,0.37354743064071994,1.0507729166666668,0.05,0.0,0.9006625,0.0,0.217091493358991,0,0.01458333333333334,1,0,0,Off,0,0,Off,0,0,Off,0.04207770057903502,0.03155827543427625,On,0,0,Off,0.005629448099415205,0.0,On,0.11046790897210272,0,On,0.08409210616206518,0,On,0.24737762389961973,0.18553321792471475,On,On,17415.9303113141,20.000000000000057,0.8,4751.49537424146,26.39581596111111,1.0507729166666668,1,21116.65276888889,21116.65276888889,Off,0.0,23.888888888888914,0,0.0,0.05,0.0,0.0,0,0,0,11489.55984,Off,0.0,0,86.32844656177134,51.666666666666686,46.10666666666668,-0.0,52.47258785022046,0.31469313327427606,878.3433434002941,0.0,134.88819775276772,51.88285183480151,52.47258785022046,51.58798382709204,12.43753247303448,19.66956896893483,0.0,9.194164817464015,4.889338031414165,2.2,9.236100170605994,15202.476292905783,1205.5995365609465,-876.4858128608614,-2794.4305066694974,-0.0,-0.0,538.3279682614867,53.01989864768357,1.0,0.1226949178266711,0.0,0,1.1483030383752613,65.99961422222222,42.6485199996924,0.20749341192092255,9.244039563521607,0.0028898118081937163,-188.9051105581055,1.2209209734753146,0.3983370657583299,-3632.211526231379,86.31568855086542,0.18257073527165182,-640.1195749527709,-236.36623790809048
2025-01-01 17:27:00,1.5904177043789047,0.23167482669232434,0.9006625,0.02650696173964841,0.0038612471115387387,0.015011041666666667,0.11609735707151793,0.37354743064071994,1.0507729166666668,0.05,0.0,0.9006625,0.0,0.217091493358991,0,0.01458333333333334,1,0,0,Off,0,0,Off,0,0,Off,0.04207770057903502,0.03155827543427625,On,0,0,Off,0.005629448099415205,0.0,On,0.11046790897210272,0,On,0.08409210616206518,0,On,0.24737762389961973,0.18553321792471475,On,On,17415.9303113141,20.000000000000057,0.8,4751.49537424146,26.39581596111111,1.0507729166666668,1,21116.65276888889,21116.65276888889,Off,0.0,23.888888888888914,0,0.0,0.05,0.0,0.0,0,0,0,11489.55984,Off,0.0,0,85.36017514485007,51.666666666666686,46.10666666666668,-0.0,52.435649984309755,0.31469313327427606,877.5329504000495,0.0,133.37527366382824,51.74813741138824,52.435649984309755,51.40438112492748,12.43753247303448,19.89873420426917,0.0,9.31387007981749,4.852232346407079,2.2,9.236100170605994,15132.532518504653,1133.92088359113,-866.4375622351416,-2851.825983112449,-0.0,-0.0,538.3279682614867,52.84096626742789,1.0,0.12359368022374578,0.0,0,1.156714565190058,65.99961422222222,30.10022204151541,0.20451770895161883,9.347769740994462,0.00288915616278391,-190.44448165454747,1.21996669114805,0.39908130691673344,-3701.279359004401,83.70486835407092,0.18211321798801042,-629.7056441754531,-236.7319180596885
2025-01-01 17:28:00,1.5904177043789047,0.23167482669232434,0.9006625,0.02650696173964841,0.0038612471115387387,0.015011041666666667,0.11609735707151793,0.37354743064071994,1.0507729166666668,0.05,0.0,0.9006625,0.0,0.217091493358991,0,0.01458333333333334,1,0,0,Off,0,0,Off,0,0,Off,0.04207770057903502,0.03155827543427625,On,0,0,Off,0.005629448099415205,0.0,On,0.11046790897210272,0,On,0.08409210616206518,0,On,0.24737762389961973,0.18553321792471475,On,On,17415.9303113141,20.000000000000057,0.8,4751.49537424146,26.39581596111111,1.0507729166666668,1,21116.65276888889,21116.65276888889,Off,0.0,23.888888888888914,0,0.0,0.05,0.0,0.0,0,0,0,11489.55984,Off,0.0,0,84.41159566093164,51.666666666666686,46.10666666666668,-0.0,52.39888013980125,0.31469313327427606,876.7262436812093,0.0,131.89311822020568,51.61373188511186,52.39888013980125,51.22115775776717,12.43753247303448,20.120864743355305,0.0,9.426578477858675,4.815532996468257,2.2,9.236100170605994,15064.398131391112,1066.235790485132,-856.506677162901,-2907.9046162822033,-0.0,-0.0,538.3279682614867,52.66186551467791,1.0,0.1244619625527039,0.0,0,1.1648408287237983,65.99961422222222,18.044468097726778,0.20167711437405897,9.44802265432265,0.00288849465753926,-191.91696738150526,1.2190431449898391,0.39978078022279745,-3766.510518717304,81.25093496097539,0.1816595774469854,-619.4454296448431,-237.0612475180579
2025-01-01 17:29:00,0.5396447877122379,0.23167482669232434,0.0,0.008994079795203965,0.0038612471115387387,0.0,0.11609735707151793,0.37354743064071994,0.0,0.05,0.0,0.0,0.0,0.217091493358991,0,0.01458333333333334,1,0,0,Off,0,0,Off,0,0,Off,0.04207770057903502,0.03155827543427625,On,0,0,Off,0.005629448099415205,0.0,On,0.11046790897210272,0,On,0.08409210616206518,0,On,0.24737762389961973,0.18553321792471475,On,Off,0.0,20.000000000000057,0.0,0.0,0.0,0.0,0,0.0,21116.65276888889,Off,0.0,23.888888888888914,0,0.0,0.05,0.0,0.0,0,0,0,11489.55984,Off,0.0,0,83.48178679173783,51.666666666666686,46.10666666666668,-0.0,52.36227399336786,0.31469313327427606,875.9231283927608,0.0,130.44029186209036,51.47963067500999,52.36227399336786,51.03830901583106,12.43753247303448,20.33629939032593,0.0,9.532776740829457,4.77923926040832,2.2,9.236100170605994,-2417.862969849896,-3749.20177000349,-846.693556088973,-2962.709638977577,-0.0,-0.0,538.3279682614867,52.48261775039144,1.0,0.12530138283830244,0.0,0,1.1726969720873592,65.99961422222222,6.518700866194308,0.1989625585268805,9.545018311930718,0.0028878275326130296,-193.32603229556221,1.2181487923764298,0.40043873334858426,-3828.151276400115,78.94950639662514,0.18120983381577713,-609.3375513953769,-237.3560046935961
2025-01-01 17:30:00,0.5396447877122379,0.23167482669232434,0.0,0.008994079795203965,0.0038612471115387387,0.0,0.11609735707151793,0.37354743064071994,0.0,0.05,0.0,0.0,0.0,0.217091493358991,0,0.01458333333333334,1,0,0,Off,0,0,Off,0,0,Off,0.04207770057903502,0.03155827543427625,On,0,0,Off,0.005629448099415205,0.0,On,0.11046790897210272,0,On,0.08409210616206518,0,On,0.24737762389961973,0.18553321792471475,On,Off,0.0,20.000000000000057,0.0,0.0,0.0,0.0,0,0.0,21116.65276888889,Off,0.0,23.888888888888914,0,0.0,0.05,0.0,0.0,0,0,0,11489.55984,Off,0.0,0,83.52178730387757,51.666666666666686,46.10666666666668,-0.0,52.32582742638826,0.10080912795509697,280.33798322530237,0.0,130.5027926623087,51.34582940412815,52.32582742638826,50.85583039299811,12.43753247303448,20.22911298884358,0.0,9.461404796014293,4.743350126725773,1.7,9.236100170605994,-2410.572289853718,-3170.9972546314875,-862.2942610295095,-2948.7982342792557,-0.0,-0.0,538.3279682614867,0.0,1.0,0.122008630938607,0.0,0,1.1418800721047726,65.99961422222222,-0.10202383594896958,0.2002386546264713,9.496011835416862,0.002887155016226419,-102.16217043487326,1.2185943388848364,0.3211801666473153,-3251.538705026837,80.54145039534936,0.15736323693531765,-624.676364238705,-237.61789679080445
2025-01-01 17:31:00,0.5396447877122379,0.23167482669232434,0.0,0.008994079795203965,0.0038612471115387387,0.0,0.11609735707151793,0.37354743064071994,0.0,0.05,0.0,0.0,0.0,0.217091493358991,0,0.01458333333333334,1,0,0,Off,0,0,Off,0,0,Off,0.04207770057903502,0.03155827543427625,On,0,0,Off,0.005629448099415205,0.0,On,0.11046790897210272,0,On,0.08409210616206518,0,On,0.24737762389961973,0.18553321792471475,On,Off,0.0,20.000000000000057,0.0,0.0,0.0,0.0,0,0.0,21116.65276888889,Off,0.0,23.888888888888914,0,0.0,0.05,0.0,0.0,0,0,0,11489.55984,Off,0.0,0,83.65717452385354,51.666666666666686,46.10666666666668,-0.0,52.30120991458937,0.10080912795509697,280.16496947232554,0.0,130.71433519352115,51.29120597800053,52.30120991458937,50.786204009706104,12.43753247303448,20.124949948705915,0.0,9.413717176659171,4.706899063358019,1.7,9.236100170605994,-2377.543116562767,-3146.486682132918,-853.0052247545743,-2922.146416713179,-0.0,-0.0,538.3279682614867,0.0,1.0,0.12158941859294141,0.0,0,1.1379566593116506,65.99961422222222,6.275331888925351,0.20131235128394653,9.440281285567611,0.0028867997582589576,-101.47984035597734,1.217841586374697,0.3208118997694935,-3227.855278109163,81.36859597624529,0.15684158471212192,-615.1484666520904,-237.8567581024839
2025-01-01 17:32:00,0.5396447877122379,0.23167482669232434,0.0,0.008994079795203965,0.0038612471115387387,0.0,0.11609735707151793,0.37354743064071994,0.0,0.05,0.0,0.0,0.0,0.217091493358991,0,0.01458333333333334,1,0,0,Off,0,0,Off,0,0,Off,0.04207770057903502,0.03155827543427625,On,0,0,Off,0.005629448099415205,0.0,On,0.11046790897210272,0,On,0.08409210616206518,0,On,0.24737762389961973,0.18553321792471475,On,Off,0.0,20.000000000000057,0.0,0.0,0.0,0.0,0,0.0,21116.65276888889,Off,0.0,23.888888888888914,0,0.0,0.05,0.0,0.0,0,0,0,11489.55984,Off,0.0,0,83.78364807421302,51.666666666666686,46.10666666666668,-0.0,52.276547163642334,0.10080912795509697,279.9916377751606,0.0,130.91195011595784,51.23657742927067,52.276547163642334,50.71659256208484,12.43753247303448,20.02410267782193,0.0,9.368700796255025,4.670833081130869,1.7,9.236100170605994,-2346.4382408830884,-3123.3876064909373,-843.9445707450319,-2896.434760095621,-0.0,-0.0,538.3279682614867,0.0,1.0,0.12118284937864025,0.0,0,1.134151573719178,65.99961422222222,11.6685509510462,0.20254847494591235,9.393730412064057,0.0028864466549013037,-100.81569365419891,1.2182607642134484,0.32046387318607034,-3205.5366390655663,82.14903257462925,0.15632373014011727,-605.7634071915234,-238.18116355350858
2025-01-01 17:33:00,0.5396447877122379,0.23167482669232434,0.0,0.008994079795203965,0.0038612471115387387,0.0,0.11609735707151793,0.37354743064071994,0.0,0.05,0.0,0.0,0.0,0.217091493358991,0,0.01458333333333334,1,0,0,Off,0,0,Off,0,0,Off,0.04207770057903502,0.03155827543427625,On,0,0,Off,0.005629448099415205,0.0,On,0.11046790897210272,0,On,0.08409210616206518,0,On,0.24737762389961973,0.18553321792471475,On,Off,0.0,20.000000000000057,0.0,0.0,0.0,0.0,0,0.0,21116.65276888889,Off,0.0,23.888888888888914,0,0.0,0.05,0.0,0.0,0,0,0,11489.55984,Off,0.0,0,83.90185512981982,51.666666666666686,46.10666666666668,-0.0,52.251841168869056,0.10080912795509697,279.81800215708233,0.0,131.09664864034346,51.18194565195923,52.251841168869056,50.64699789350433,12.43753247303448,19.926331873251133,0.0,9.326122401016773,4.635127475692172,1.7,9.236100170605994,-2316.6438872610993,-3101.5399119283375,-835.0805502071895,-2871.5938225202854,-0.0,-0.0,538.3279682614867,0.0,1.0,0.12078802001389824,0.0,0,1.130456361503351,65.99961422222222,16.621966997699573,0.2037544926033972,9.348770920307938,0.0028860959831702123,-100.16861478383642,1.2186674360754732,0.32013434676599367,-3184.4608741352404,82.92096220690269,0.15580935460697903,-596.5136290173198,-238.5669211898697
2025-01-01 17:34:00,0.5396447877122379,0.23167482669232434,0.0,0.008994079795203965,0.0038612471115387387,0.0,0.11609735707151793,0.37354743064071994,0.0,0.05,0.0,0.0,0.0,0.217091493358991,0,0.01458333333333334,1,0,0,Off,0,0,Off,0,0,Off,0.04207770057903502,0.03155827543427625,On,0,0,Off,0.005629448099415205,0.0,On,0.11046790897210272,0,On,0.08409210616206518,0,On,0.24737762389961973,0.18553321792471475,On,Off,0.0,20.000000000000057,0.0,0.0,0.0,0.0,0,0.0,21116.65276888889,Off,0.0,23.888888888888914,0,0.0,0.05,0.0,0.0,0,0,0,11489.55984,Off,0.0,0,84.01230284233465,51.666666666666686,46.10666666666668,-0.0,52.227093782670515,0.10080912795509697,279.64407563690617,0.0,131.2692231911479,51.12731240377664,52.227093782670515,50.57742171432972,12.43753247303448,19.83145028156302,0.0,9.285790687775286,4.599762327688699,1.7,9.236100170605994,-2287.8881852230097,-3080.8845646425348,-826.3905198098736,-2847.568389336774,-0.0,-0.0,538.3279682614867,0.0,1.0,0.12040423023012524,0.0,0,1.1268644688430005,65.99961422222222,21.352235852277644,0.20493206561988606,9.305304972215119,0.0028857476784712663,-99.53762346845313,1.2190623558169909,0.319821894937715,-3164.527846309458,83.64328166692324,0.15529820430426403,-587.3929256899461,-238.9975941199275
2025-01-01 17:35:00,0.5396447877122379,0.23167482669232434,0.0,0.008994079795203965,0.0038612471115387387,0.0,0.11609735707151793,0.37354743064071994,0.0,0.05,0.0,0.0,0.0,0.217091493358991,0,0.01458333333333334,1,0,0,Off,0,0,Off,0,0,Off,0.04207770057903502,0.03155827543427625,On,0,0,Off,0.005629448099415205,0.0,On,0.11046790897210272,0,On,0.08409210616206518,0,On,0.24737762389961973,0.18553321792471475,On,Off,0.0,20.000000000000057,0.0,0.0,0.0,0.0,0,0.0,21116.65276888889,Off,0.0,23.888888888888914,0,0.0,0.05,0.0,0.0,0,0,0,11489.55984,Off,0.0,0,84.11541312902715,51.666666666666686,46.10666666666668,-0.0,52.202306745399035,0.10080912795509697,279.46987044596125,0.0,131.43033301410492,51.07267933534544,52.202306745399035,50.507865630318655,12.43753247303448,19.73930230865005,0.0,9.247541810889013,4.564721368760198,1.7,9.236100170605994,-2260.1100153088223,-3061.33134561182,-817.8566438315376,-2824.31206364256,-0.0,-0.0,538.3279682614867,0.0,1.0,0.12003090210426917,0.0,0,1.1233704869501475,65.99961422222222,25.87408007225133,0.2060825247576494,9.262556244593132,0.0028854016799690027,-98.9219031425542,1.2194461481909122,0.3195252966740312,-3145.6518056221166,84.32046001029691,0.15479007488841462,-578.396121704124,-239.46052212741358
2025-01-01 17:36:00,0.5396447877122379,0.23167482669232434,0.0,0.008994079795203965,0.0038612471115387387,0.0,0.11609735707151793,0.37354743064071994,0.0,0.05,0.0,0.0,0.0,0.217091493358991,0,0.01458333333333334,1,0,0,Off,0,0,Off,0,0,Off,0.04207770057903502,0.03155827543427625,On,0,0,Off,0.005629448099415205,0.0,On,0.11046790897210272,0,On,0.08409210616206518,0,On,0.24737762389961973,0.18553321792471475,On,Off,0.0,20.000000000000057,0.0,0.0,0.0,0.0,0,0.0,21116.65276888889,Off,0.0,23.888888888888914,0,0.0,0.05,0.0,0.0,0,0,0,11489.55984,Off,0.0,0,84.2115560046965,51.666666666666686,46.10666666666668,-0.0,52.177481704154864,0.10080912795509697,279.2953981601938,0.0,131.5805562573383,51.01804800801179,52.177481704154864,50.438331159940255,12.43753247303448,19.649751614869135,0.0,9.211233447055264,4.529991329588635,1.7,9.236100170605994,-2233.285298780465,-3042.8051386549732,-809.4637632005379,-2801.783981369226,-0.0,-0.0,538.3279682614867,0.0,1.0,0.11966753092270935,0.0,0,1.1199696922046585,65.99961422222222,30.17071432727417,0.20720701445096937,9.2211546223797,0.002885057929967389,-98.32073641198089,1.2198193599824443,0.3192434910406574,-3127.7583023089805,84.9531636540071,0.15428480284136784,-569.5188842580751,-239.94487894246282
2025-01-01 17:37:00,0.5396447877122379,0.23167482669232434,0.0,0.008994079795203965,0.0038612471115387387,0.0,0.11609735707151793,0.37354743064071994,0.0,0.05,0.0,0.0,0.0,0.217091493358991,0,0.01458333333333334,1,0,0,Off,0,0,Off,0,0,Off,0.04207770057903502,0.03155827543427625,On,0,0,Off,0.005629448099415205,0.0,On,0.11046790897210272,0,On,0.08409210616206518,0,On,0.24737762389961973,0.18553321792471475,On,Off,0.0,20.000000000000057,0.0,0.0,0.0,0.0,0,0.0,21116.65276888889,Off,0.0,23.888888888888914,0,0.0,0.05,0.0,0.0,0,0,0,11489.55984,Off,0.0,0,84.30106543923714,51.666666666666686,46.10666666666668,-0.0,52.15262022423625,0.10080912795509697,279.12066978063956,0.0,131.72041474880803,50.96341990471494,52.15262022423625,50.36881974495429,12.43753247303448,19.5626752158497,0.0,9.176739427053949,4.495561489489252,1.7,9.236100170605994,-2207.384457112778,-3025.2393237053698,-801.1990494807897,-2779.9472257267466,-0.0,-0.0,538.3279682614867,0.0,1.0,0.11931366197208185,0.0,0,1.1166578289393336,65.99961422222222,34.23480035248198,0.20830655950829965,9.181036094344396,0.002884716373531645,-97.73347444627568,1.22018248425069,0.3189755367339872,-3110.7814205297414,85.54209682437148,0.15378225959152497,-560.7575910078343,-240.44145847295536
2025-01-01 17:38:00,0.5396447877122379,0.23167482669232434,0.0,0.008994079795203965,0.0038612471115387387,0.0,0.11609735707151793,0.37354743064071994,0.0,0.05,0.0,0.0,0.0,0.217091493358991,0,0.01458333333333334,1,0,0,Off,0,0,Off,0,0,Off,0.04207770057903502,0.03155827543427625,On,0,0,Off,0.005629448099415205,0.0,On,0.11046790897210272,0,On,0.08409210616206518,0,On,0.24737762389961973,0.18553321792471475,On,Off,0.0,20.000000000000057,0.0,0.0,0.0,0.0,0,0.0,21116.65276888889,Off,0.0,23.888888888888914,0,0.0,0.05,0.0,0.0,0,0,0,11489.55984,Off,0.0,0,84.38424790221768,51.666666666666686,46.10666666666668,-0.0,52.127723797094006,0.10080912795509697,278.9456957893288,0.0,131.85038734721513,50.908796437551764,52.127723797094006,50.29933275778065,12.43753247303448,19.477960305606906,-0.022039694393150455,9.143946152751047,4.461423288924216,1.7,9.236100170605994,-2182.3707175788336,-3008.573137424606,-793.051700845786,-2758.767955591785,-0.0,-0.0,538.3279682614867,0.0,1.0,0.11896887816074646,0.0,0,1.1134309935890843,65.99961422222222,38.06926975146463,0.20938209957530432,9.142141997431157,0.0028843769582249175,-97.15952056028671,1.220535973325713,0.31872058516754104,-3094.6619226563553,86.08878523174901,0.1532823464297773,-552.1092170609697,-240.9424837848162
2025-01-01 17:39:00,0.5396447877122379,0.23167482669232434,0.0,0.008994079795203965,0.0038612471115387387,0.0,0.11609735707151793,0.37354743064071994,0.0,0.05,0.0,0.0,0.0,0.217091493358991,0,0.01458333333333334,1,0,0,Off,0,0,Off,0,0,Off,0.04207770057903502,0.03155827543427625,On,0,0,Off,0.005629448099415205,0.0,On,0.11046790897210272,0,On,0.08409210616206518,0,On,0.24737762389961973,0.18553321792471475,On,Off,0.0,20.000000000000057,0.0,0.0,0.0,0.0,0,0.0,21116.65276888889,Off,0.0,23.888888888888914,0,0.0,0.05,0.0,0.0,0,0,0,11489.55984,Off,0.0,0,84.4613876845214,51.666666666666686,46.10666666666668,-0.0,52.10279384640226,0.10080912795509697,278.77048619195176,0.0,131.97091825706468,50.85417895355872,52.10279384640226,50.22987150713696,12.43753247303448,19.395502278893034,-0.10449772110702327,9.112750135475746,4.427569989229398,1.7,9.236100170605994,-2158.2047817138473,-2992.750985477836,-785.0126722398248,-2738.2148516440952,-0.0,-0.0,538.3279682614867,0.0,1.0,0.1186327923892515,0.0,0,1.1102855632860333,65.99961422222222,41.68210166876105,0.21043450966436178,9.103732963393611,0.0028840396339068638,-96.59832003414287,1.2208802468626558,0.3184778620608564,-3079.3459663550334,86.59498087719734,0.15278499001076742,-543.5712366870187,-241.4414355528062
2025-01-01 17:40:00,0.5396447877122379,0.23167482669232434,0.0,0.008994079795203965,0.0038612471115387387,0.0,0.11609735707151793,0.37354743064071994,0.0,0.05,0.0,0.0,0.0,0.217091493358991,0,0.01458333333333334,1,0,0,Off,0,0,Off,0,0,Off,0.04207770057903502,0.03155827543427625,On,0,0,Off,0.005629448099415205,0.0,On,0.11046790897210272,0,On,0.08409210616206518,0,On,0.24737762389961973,0.18553321792471475,On,Off,0.0,20.000000000000057,0.0,0.0,0.0,0.0,0,0.0,21116.65276888889,Off,0.0,23.888888888888914,0,0.0,0.05,0.0,0.0,0,0,0,11489.55984,Off,0.0,0,84.53275052460802,51.666666666666686,46.10666666666668,-0.0,52.0778317329558,0.10080912795509697,278.59505055227845,0.0,132.08242269470003,50.799568739382664,52.0778317329558,50.1604372425961,12.43753247303448,19.315203384461704,-0.18479661553835314,9.083056242594436,4.393996375709642,1.7,9.236100170605994,-2134.8476328812526,-2977.721628721886,-777.0744277226227,-2718.2587315218784,-0.0,-0.0,538.3279682614867,0.0,1.0,0.1183050424067814,0.0,0,1.1072181477209526,65.99961422222222,45.08313037913942,0.21146461350348833,9.066448017077121,0.002883704352570814,-96.04935320804272,1.221215697301436,0.3182466543871762,-3064.7841845378657,87.06255581597938,0.15229013839846223,-535.1415383544633,-241.93288936815935
2025-01-01 17:41:00,0.5396447877122379,0.23167482669232434,0.0,0.008994079795203965,0.0038612471115387387,0.0,0.11609735707151793,0.37354743064071994,0.0,0.05,0.0,0.0,0.0,0.217091493358991,0,0.01458333333333334,1,0,0,Off,0,0,Off,0,0,Off,0.04207770057903502,0.03155827543427625,On,0,0,Off,0.005629448099415205,0.0,On,0.11046790897210272,0,On,0.08409210616206518,0,On,0.24737762389961973,0.18553321792471475,On,Off,0.0,20.000000000000057,0.0,0.0,0.0,0.0,0,0.0,21116.65276888889,Off,0.0,23.888888888888914,0,0.0,0.05,0.0,0.0,0,0,0,11489.55984,Off,0.0,0,84.59858617705343,51.666666666666686,46.10666666666668,-0.0,52.05283875876772,0.10080912795509697,278.41939802095607,0.0,132.185290901646,50.7449670251937,52.05283875876772,50.09103115840669,12.43753247303448,19.2369717716763,-0.2630282283237584,9.054776431924067,4.360698500744546,1.7,9.236100170605994,-2112.261619997481,-2963.437590842356,-769.2307201871386,-2698.872271080882,-0.0,-0.0,538.3279682614867,0.0,1.0,0.11798528721298616,0.0,0,1.104225555467946,65.99961422222222,48.282682821914435,0.21247319246118745,9.030239250430359,0.0028833710682072346,-95.51213061581855,1.2215426937113434,0.3180263010093215,-3050.9310156237093,87.49342478135367,0.15179775762068526,-526.8183518733231,-242.4123683138155
2025-01-01 17:42:00,1.5904177043789047,0.23167482669232434,0.9006625,0.02650696173964841,0.0038612471115387387,0.015011041666666667,0.11609735707151793,0.37354743064071994,1.0507729166666668,0.05,0.0,0.9006625,0.0,0.217091493358991,0,0.01458333333333334,1,0,0,Off,0,0,Off,0,0,Off,0.04207770057903502,0.03155827543427625,On,0,0,Off,0.005629448099415205,0.0,On,0.11046790897210272,0,On,0.08409210616206518,0,On,0.24737762389961973,0.18553321792471475,On,On,17415.9303113141,20.000000000000057,0.8,4751.49537424146,26.39581596111111,1.0507729166666668,1,21116.65276888889,21116.65276888889,Off,0.0,23.888888888888914,0,0.0,0.05,0.0,0.0,0,0,0,11489.55984,Off,0.0,0,84.65913028483457,51.666666666666686,46.10666666666668,-0.0,52.02781617060046,0.10080912795509697,278.24353736032646,0.0,132.27989107005402,50.690374988060654,52.02781617060046,50.021654396790765,12.43753247303448,19.160720796035424,-0.33927920396463307,9.027828816140953,4.327673462530379,1.7,9.236100170605994,15325.519515365528,1801.6406581699225,-761.4763994505203,-2680.02979600044,-0.0,-0.0,538.3279682614867,0.0,1.0,0.11767320447401153,0.0,0,1.1013047698010507,65.99961422222222,51.29103179038103,0.213460991594319,8.994383511610206,0.002883039736685832,-94.98618945834285,1.2218615845741836,0.3178161858042721,-3037.744203753557,87.8894876820196,0.15130782868078163,-518.6001862104882,-242.87621324003206
2025-01-01 17:43:00,1.5904177043789047,0.23167482669232434,0.9006625,0.02650696173964841,0.0038612471115387387,0.015011041666666667,0.11609735707151793,0.37354743064071994,1.0507729166666668,0.05,0.0,0.9006625,0.0,0.217091493358991,0,0.01458333333333334,1,0,0,Off,0,0,Off,0,0,Off,0.04207770057903502,0.03155827543427625,On,0,0,Off,0.005629448099415205,0.0,On,0.11046790897210272,0,On,0.08409210616206518,0,On,0.24737762389961973,0.18553321792471475,On,On,17415.9303113141,20.000000000000057,0.8,4751.49537424146,26.39581596111111,1.0507729166666668,1,21116.65276888889,21116.65276888889,Off,0.0,23.888888888888914,0,0.0,0.05,0.0,0.0,0,0,0,11489.55984,Off,0.0,0,83.86611834606174,51.666666666666686,46.10666666666668,-0.0,52.002765163083794,0.10080912795509697,278.0674769663388,0.0,131.04080991572147,50.63579375493432,52.002765163083794,49.952308050859585,12.43753247303448,19.40259593497945,-0.0974040650206085,9.17363034664981,4.294919214983263,1.7,9.236100170605994,15251.371822820607,1726.7447652525252,-753.8072463489741,-2739.980579059316,-0.0,-0.0,538.3279682614867,0.0,1.0,0.11866172396524408,0.0,0,1.1105563342128635,65.99961422222222,37.0941223043357,0.21024512839562137,9.105761620484142,0.0028827103156512635,-96.13373959443147,1.2208516227401245,0.31895137390894646,-3109.252304826654,84.50169583771918,0.15082034497138325,-510.48577656717276,-243.32146978180134
2025-01-01 17:44:00,1.5904177043789047,0.23167482669232434,0.9006625,0.02650696173964841,0.0038612471115387387,0.015011041666666667,0.11609735707151793,0.37354743064071994,1.0507729166666668,0.05,0.0,0.9006625,0.0,0.217091493358991,0,0.01458333333333334,1,0,0,Off,0,0,Off,0,0,Off,0.04207770057903502,0.03155827543427625,On,0,0,Off,0.005629448099415205,0.0,On,0.11046790897210272,0,On,0.08409210616206518,0,On,0.24737762389961973,0.18553321792471475,On,On,17415.9303113141,20.000000000000057,0.8,4751.49537424146,26.39581596111111,1.0507729166666668,1,21116.65276888889,21116.65276888889,Off,0.0,23.888888888888914,0,0.0,0.05,0.0,0.0,0,0,0,11489.55984,Off,0.0,0,83.09469346557322,51.666666666666686,46.10666666666668,-0.0,51.977873809142686,0.10080912795509697,277.892538629873,0.0,129.83545853995815,50.58140067226519,51.977873809142686,49.883164103826445,12.43753247303448,19.63661289080777,0.0,9.311126261337845,4.262434404838718,1.7,9.236100170605994,15180.16325583285,1656.064183462659,-746.2198309577011,-2798.48473889238,-0.0,-0.0,538.3279682614867,0.0,1.0,0.1196141706271049,0.0,0,1.1194702926316644,65.99961422222222,24.389715149640693,0.20718434792339727,9.212467340600071,0.002882376638995726,-97.23125858369515,1.2198760724027073,0.32001820653815927,-3177.0458891529156,81.61469837411454,0.1503353100411537,-502.47403947937835,-243.74579147832287
2025-01-01 17:45:00,1.6434931732839713,0.2340937734710038,0.9006625,0.027391552888066186,0.0039015628911833965,0.015011041666666667,0.13778274335934412,0.40493751325796035,1.0507729166666668,0.05,0.0,0.9006625,0.0,0.21951044013767046,0,0.01458333333333334,1,0,0,Off,0,0,Off,0,0,Off,0.04207770057903502,0.03155827543427625,On,0,0,Off,0.005629448099415205,0.0,On,0.13215329525992892,0,On,0.11225692640773297,0,On,0.25060288627119237,0.1879521647033942,On,On,17415.9303113141,20.000000000000057,0.8,4751.49537424146,26.39581596111111,1.0507729166666668,1,21116.65276888889,21116.65276888889,Off,0.0,23.888888888888914,0,0.0,0.05,0.0,0.0,0,0,0,11489.55984,Off,0.0,0,82.32389180554641,51.666666666666686,46.10666666666668,-0.0,51.95313734850237,0.14182272754139116,390.7069007273047,0.0,128.63108094616626,50.527191106319705,51.95313734850237,49.814217985228375,12.43753247303448,19.863261377168694,0.0,9.440956932665168,4.230218232513175,1.7,9.236100170605994,15163.449877636747,1588.968964106642,-738.7113905157853,-2855.614485786589,-0.0,-0.0,591.1776688005433,0.0,1.0,0.12053297317575325,0.0,0,1.1280693754377698,65.99961422222222,11.956383308692068,0.20426651671391235,9.315484977830888,0.002882038883000449,-98.21427701829963,1.2189327352865575,0.32102231008646853,-3241.3784553087216,78.85204517390346,0.14985273567185264,-494.5640348721917,-244.1473556435936
2025-01-01 17:46:00,1.6434931732839713,0.2340937734710038,0.9006625,0.027391552888066186,0.0039015628911833965,0.015011041666666667,0.13778274335934412,0.40493751325796035,1.0507729166666668,0.05,0.0,0.9006625,0.0,0.21951044013767046,0,0.01458333333333334,1,0,0,Off,0,0,Off,0,0,Off,0.04207770057903502,0.03155827543427625,On,0,0,Off,0.005629448099415205,0.0,On,0.13215329525992892,0,On,0.11225692640773297,0,On,0.25060288627119237,0.1879521647033942,On,On,17415.9303113141,20.000000000000057,0.8,4751.49537424146,26.39581596111111,1.0507729166666668,1,21116.65276888889,21116.65276888889,Off,0.0,23.888888888888914,0,0.0,0.05,0.0,0.0,0,0,0,11489.55984,Off,0.0,0,81.55011828953182,51.666666666666686,46.10666666666668,-0.0,51.92629826896233,0.14182272754139116,390.4415318023315,0.0,127.42205982739347,50.45814241022588,51.92629826896233,49.72406448085766,12.43753247303448,20.083888191965713,0.0,9.56365767198165,4.198270333450968,1.7,9.236100170605994,15095.40106053282,1525.2844070261285,-731.2797225943459,-2911.6665531895196,-0.0,-0.0,591.1776688005433,0.0,1.0,0.12142396026086942,0.0,0,1.1364081330254097,65.99961422222222,-0.040366392304648,0.20146956263606952,9.415580324105974,0.0028816974482224382,-99.22595817992054,1.2180158710205367,0.32196839292525176,-3302.4611193866244,76.25015217129267,0.14937264022414912,-486.75493407138566,-244.52478852296025
2025-01-01 17:47:00,0.5927202566173044,0.2340937734710038,0.0,0.00987867094362174,0.0039015628911833965,0.0,0.13778274335934412,0.40493751325796035,0.0,0.05,0.0,0.0,0.0,0.21951044013767046,0,0.01458333333333334,1,0,0,Off,0,0,Off,0,0,Off,0.04207770057903502,0.03155827543427625,On,0,0,Off,0.005629448099415205,0.0,On,0.13215329525992892,0,On,0.11225692640773297,0,On,0.25060288627119237,0.1879521647033942,On,Off,0.0,20.000000000000057,0.0,0.0,0.0,0.0,0,0.0,21116.65276888889,Off,0.0,23.888888888888914,0,0.0,0.05,0.0,0.0,0,0,0,11489.55984,Off,0.0,0,80.79477158790513,51.666666666666686,46.10666666666668,-0.0,51.89960841556802,0.14182272754139116,390.177638337119,0.0,126.24183060610176,50.38928974198607,51.89960841556802,49.6341304051951,12.43753247303448,20.297841933266437,0.0,9.679698605231088,4.1665906771989425,1.7,9.236100170605994,-2386.764840450751,-3286.675778566751,-723.9230928963597,-2966.4363132455514,-0.0,-0.0,591.1776688005433,0.0,1.0,0.12228483512436626,0.0,0,1.1444650700112662,65.99961422222222,-11.506196005742297,0.19879723550170908,9.512437177019716,0.0028813522367453054,-100.19564992376398,1.2171280653246765,0.3228605747109413,-3360.4804877363094,73.80470916955827,0.14889504721722346,-479.04599293355903,-244.87709996280063
2025-01-01 17:48:00,0.5927202566173044,0.2340937734710038,0.0,0.00987867094362174,0.0039015628911833965,0.0,0.13778274335934412,0.40493751325796035,0.0,0.05,0.0,0.0,0.0,0.21951044013767046,0,0.01458333333333334,1,0,0,Off,0,0,Off,0,0,Off,0.04207770057903502,0.03155827543427625,On,0,0,Off,0.005629448099415205,0.0,On,0.13215329525992892,0,On,0.11225692640773297,0,On,0.25060288627119237,0.1879521647033942,On,Off,0.0,20.000000000000057,0.0,0.0,0.0,0.0,0,0.0,21116.65276888889,Off,0.0,23.888888888888914,0,0.0,0.05,0.0,0.0,0,0,0,11489.55984,Off,0.0,0,80.90551567812639,51.666666666666686,46.10666666666668,-0.0,51.87306372871848,0.14182272754139116,389.91518019273667,0.0,126.41486824707249,50.3206290773971,51.87306372871848,49.54441175173642,12.43753247303448,20.189198042153127,0.0,9.61800601014742,4.135179481854385,1.7,9.236100170605994,-2352.4733751326485,-3254.7986611283955,-716.6401558046741,-2938.573971165425,-0.0,-0.0,591.1776688005433,0.0,1.0,0.12184807680327547,0.0,0,1.140377444247885,65.99961422222222,-5.077072767767021,0.20011297635754388,9.463229755082185,0.0028810033974006437,-99.50077388982929,1.2175791086859848,0.3223865580196196,-3329.6043239344426,74.8056628060471,0.14841998411228685,-471.4365293801897,-245.20362642448436
2025-01-01 17:49:00,0.5927202566173044,0.2340937734710038,0.0,0.00987867094362174,0.0039015628911833965,0.0,0.13778274335934412,0.40493751325796035,0.0,0.05,0.0,0.0,0.0,0.21951044013767046,0,0.01458333333333334,1,0,0,Off,0,0,Off,0,0,Off,0.04207770057903502,0.03155827543427625,On,0,0,Off,0.005629448099415205,0.0,On,0.13215329525992892,0,On,0.11225692640773297,0,On,0.25060288627119237,0.1879521647033942,On,Off,0.0,20.000000000000057,0.0,0.0,0.0,0.0,0,0.0,21116.65276888889,Off,0.0,23.888888888888914,0,0.0,0.05,0.0,0.0,0,0,0,11489.55984,Off,0.0,0,81.00650037532404,51.666666666666686,46.10666666666668,-0.0,51.84647340343109,0.14182272754139116,389.652270802507,0.0,126.5726568364438,50.251980301730924,51.84647340343109,49.45473375088084,12.43753247303448,20.08420161128032,0.0,9.559997513763589,4.10403714173536,1.7,9.236100170605994,-2320.954969871199,-3224.1664247971007,-709.4298845931759,-2911.7464879761424,-0.0,-0.0,591.1776688005433,0.0,1.0,0.12142522361793862,0.0,0,1.1364199567976312,65.99961422222222,-0.38615069559942583,0.20139325651813458,9.415195510410362,0.002880657105652498,-98.82563787612735,1.2180153336557267,0.3219402115417942,-3300.6350563346896,76.468631537589,0.14794748127237003,-463.92590469246113,-245.5039799007147
2025-01-01 17:50:00,0.5927202566173044,0.2340937734710038,0.0,0.00987867094362174,0.0039015628911833965,0.0,0.13778274335934412,0.40493751325796035,0.0,0.05,0.0,0.0,0.0,0.21951044013767046,0,0.01458333333333334,1,0,0,Off,0,0,Off,0,0,Off,0.04207770057903502,0.03155827543427625,On,0,0,Off,0.005629448099415205,0.0,On,0.13215329525992892,0,On,0.11225692640773297,0,On,0.25060288627119237,0.1879521647033942,On,Off,0.0,20.000000000000057,0.0,0.0,0.0,0.0,0,0.0,21116.65276888889,Off,0.0,23.888888888888914,0,0.0,0.05,0.0,0.0,0,0,0,11489.55984,Off,0.0,0,81.09860776549347,51.666666666666686,46.10666666666668,-0.0,51.819839634958356,0.14182272754139116,389.3889318717867,0.0,126.71657463358355,50.18334550242404,51.819839634958356,49.36509843615689,12.43753247303448,19.98252598043467,0.0,9.505337111340484,4.073164166363231,1.7,9.236100170605994,-2289.9353445948454,-3195.9704365641405,-702.2915112656667,-2885.8608384015315,-0.0,-0.0,591.1776688005433,0.0,1.0,0.12101502956293575,0.0,0,1.132580946282553,65.99961422222222,4.747825006142733,0.20264127155252726,9.368171890105799,0.0028803132867556407,-98.1685644308909,1.218438065879818,0.3215190599557238,-3273.3938536404285,77.4234170762878,0.1474775710736059,-456.5135080017232,-245.7780032639435
2025-01-01 17:51:00,0.5927202566173044,0.2340937734710038,0.0,0.00987867094362174,0.0039015628911833965,0.0,0.13778274335934412,0.40493751325796035,0.0,0.05,0.0,0.0,0.0,0.21951044013767046,0,0.01458333333333334,1,0,0,Off,0,0,Off,0,0,Off,0.04207770057903502,0.03155827543427625,On,0,0,Off,0.005629448099415205,0.0,On,0.13215329525992892,0,On,0.11225692640773297,0,On,0.25060288627119237,0.1879521647033942,On,Off,0.0,20.000000000000057,0.0,0.0,0.0,0.0,0,0.0,21116.65276888889,Off,0.0,23.888888888888914,0,0.0,0.05,0.0,0.0,0,0,0,11489.55984,Off,0.0,0,81.18242974566823,51.666666666666686,46.10666666666668,-0.0,51.7931644237217,0.14182272754139116,389.1251831795583,0.0,126.84754647760661,50.11472658078036,51.7931644237217,49.2755076593097,12.43753247303448,19.883952455307558,0.0,9.453708945512515,4.042561129384166,1.7,9.236100170605994,-2259.9742767353673,-3169.28548870377,-695.2244766717757,-2860.8528013003533,-0.0,-0.0,591.1776688005433,0.0,1.0,0.12061667472717323,0.0,0,1.128852739146021,65.99961422222222,9.700855764442679,0.20385898342840256,9.322753944519583,0.0028799718723407164,-97.52842911143163,1.2188481866302732,0.32112076414362056,-3247.7138512974616,78.4283625936919,0.147010287150737,-449.19874355643964,-246.02573311533612
2025-01-01 17:52:00,0.5927202566173044,0.2340937734710038,0.0,0.00987867094362174,0.0039015628911833965,0.0,0.13778274335934412,0.40493751325796035,0.0,0.05,0.0,0.0,0.0,0.21951044013767046,0,0.01458333333333334,1,0,0,Off,0,0,Off,0,0,Off,0.04207770057903502,0.03155827543427625,On,0,0,Off,0.005629448099415205,0.0,On,0.13215329525992892,0,On,0.11225692640773297,0,On,0.25060288627119237,0.1879521647033942,On,Off,0.0,20.000000000000057,0.0,0.0,0.0,0.0,0,0.0,21116.65276888889,Off,0.0,23.888888888888914,0,0.0,0.05,0.0,0.0,0,0,0,11489.55984,Off,0.0,0,81.25847153665967,51.666666666666686,46.10666666666668,-0.0,51.76644963928606,0.14182272754139116,388.8610432109727,0.0,126.96636177603074,50.046125312511876,51.76644963928606,49.18596314912479,12.43753247303448,19.788294519733537,0.0,9.404877226664096,4.012228626128951,1.7,9.236100170605994,-2231.0264262065766,-3144.0865257429596,-688.2283880969397,-2836.667284765534,-0.0,-0.0,591.1776688005433,0.0,1.0,0.12022946234427011,0.0,0,1.12522881434408,65.99961422222222,14.46318975841423,0.205048033716054,9.278844194339918,0.0028796327983438407,-96.90427070822084,1.2192464464974155,0.3207435869416363,-3223.4696001749885,79.38307443202882,0.1465456637601888,-441.98102037670867,-246.247367720231
2025-01-01 17:53:00,0.5927202566173044,0.2340937734710038,0.0,0.00987867094362174,0.0039015628911833965,0.0,0.13778274335934412,0.40493751325796035,0.0,0.05,0.0,0.0,0.0,0.21951044013767046,0,0.01458333333333334,1,0,0,Off,0,0,Off,0,0,Off,0.04207770057903502,0.03155827543427625,On,0,0,Off,0.005629448099415205,0.0,On,0.13215329525992892,0,On,0.11225692640773297,0,On,0.25060288627119237,0.1879521647033942,On,Off,0.0,20.000000000000057,0.0,0.0,0.0,0.0,0,0.0,21116.65276888889,Off,0.0,23.888888888888914,0,0.0,0.05,0.0,0.0,0,0,0,11489.55984,Off,0.0,0,81.32716089543355,51.666666666666686,46.10666666666668,-0.0,51.73969703948445,0.14182272754139116,388.5965293464418,0.0,127.07368889911493,49.977543365917015,51.73969703948445,49.0964665291333,12.43753247303448,19.69539442049263,0.0,9.358638030285382,3.982167238619893,1.7,9.236100170605994,-2203.077827062497,-3120.277802749765,-681.3029832092969,-2813.2572803123353,-0.0,-0.0,591.1776688005433,0.0,1.0,0.11985280628676989,0.0,0,1.1217036863036427,65.99961422222222,19.00178444929476,0.20620977059721954,9.235665698086901,0.002879296004386457,-96.29527429383155,1.2196334790126955,0.3203860251373349,-3200.552700220164,80.27489747039814,0.14608373524525292,-434.85974394552426,-246.44323926377265
2025-01-01 17:54:00,0.5927202566173044,0.2340937734710038,0.0,0.00987867094362174,0.0039015628911833965,0.0,0.13778274335934412,0.40493751325796035,0.0,0.05,0.0,0.0,0.0,0.21951044013767046,0,0.01458333333333334,1,0,0,Off,0,0,Off,0,0,Off,0.04207770057903502,0.03155827543427625,On,0,0,Off,0.005629448099415205,0.0,On,0.13215329525992892,0,On,0.11225692640773297,0,On,0.25060288627119237,0.1879521647033942,On,Off,0.0,20.000000000000057,0.0,0.0,0.0,0.0,0,0.0,21116.65276888889,Off,0.0,23.888888888888914,0,0.0,0.05,0.0,0.0,0,0,0,11489.55984,Off,0.0,0,81.38887364740062,51.666666666666686,46.10666666666668,-0.0,51.712908287508505,0.14182272754139116,388.3316580306197,0.0,127.17011507406346,49.90898231812009,51.712908287508505,49.00701933342589,12.43753247303448,19.60511366782113,0.0,9.314813429845369,3.952377506989628,1.7,9.236100170605994,-2176.097527712116,-3097.758218710709,-674.4480995215853,-2790.5813218676767,-0.0,-0.0,591.1776688005433,0.0,1.0,0.11948619361855957,0.0,0,1.1182725544501826,65.99961422222222,23.306125355017045,0.2073453569031192,9.19384662564271,0.0028789614332208765,-95.70072263072957,1.2200098397255854,0.3200467663671834,-3178.8686625377204,81.11044382701148,0.145624535589893,-427.83430963374093,-246.61378988784438
2025-01-01 17:55:00,0.5927202566173044,0.2340937734710038,0.0,0.00987867094362174,0.0039015628911833965,0.0,0.13778274335934412,0.40493751325796035,0.0,0.05,0.0,0.0,0.0,0.21951044013767046,0,0.01458333333333334,1,0,0,Off,0,0,Off,0,0,Off,0.04207770057903502,0.03155827543427625,On,0,0,Off,0.005629448099415205,0.0,On,0.13215329525992892,0,On,0.11225692640773297,0,On,0.25060288627119237,0.1879521647033942,On,Off,0.0,20.000000000000057,0.0,0.0,0.0,0.0,0,0.0,21116.65276888889,Off,0.0,23.888888888888914,0,0.0,0.05,0.0,0.0,0,0,0,11489.55984,Off,0.0,0,81.44394776031226,51.666666666666686,46.10666666666668,-0.0,51.6860849633703,0.14182272754139116,388.06644488572994,0.0,127.2561683754879,49.84044366598409,51.6860849633703,48.917623017290985,12.43753247303448,19.51732780103843,0.0,9.273245795416416,3.922859906408385,1.7,9.236100170605994,-2150.048994185204,-3076.443526935872,-667.6636486186685,-2768.602067337322,-0.0,-0.0,591.1776688005433,0.0,1.0,0.11912916408385946,0.0,0,1.1149311112449716,65.99961422222222,27.37540435157412,0.20845582815822136,9.153322144717757,0.00287862903035785,-95.1199694599437,1.2203760276759925,0.31972464676199547,-3158.333907826383,81.89038089051125,0.14516809804933944,-420.9040975961711,-246.75955102249748
2025-01-01 17:56:00,0.5927202566173044,0.2340937734710038,0.0,0.00987867094362174,0.0039015628911833965,0.0,0.13778274335934412,0.40493751325796035,0.0,0.05,0.0,0.0,0.0,0.21951044013767046,0,0.01458333333333334,1,0,0,Off,0,0,Off,0,0,Off,0.04207770057903502,0.03155827543427625,On,0,0,Off,0.005629448099415205,0.0,On,0.13215329525992892,0,On,0.11225692640773297,0,On,0.25060288627119237,0.1879521647033942,On,Off,0.0,20.000000000000057,0.0,0.0,0.0,0.0,0,0.0,21116.65276888889,Off,0.0,23.888888888888914,0,0.0,0.05,0.0,0.0,0,0,0,11489.55984,Off,0.0,0,81.49269246729298,51.666666666666686,46.10666666666668,-0.0,51.65922857226087,0.14182272754139116,387.80090479421034,0.0,127.33233198014528,49.77192883408465,51.65922857226087,48.82827896499655,12.43753247303448,19.431922996393126,-0.06807700360693048,9.233793128531012,3.893614828733279,1.7,9.236100170605994,-2124.89306333931,-3056.2567080885324,-660.9495945019887,-2747.2853709420665,-0.0,-0.0,591.1776688005433,0.0,1.0,0.11878129686954043,0.0,0,1.1116754182934676,65.99961422222222,31.214638802213358,0.20954212954636722,9.114033021249508,0.0028782987437945026,-94.55242221929934,1.2207324992818591,0.31941861617952627,-3138.8733214911304,82.6166134025981,0.14471445484712114,-414.0684689118851,-246.8811255901036
2025-01-01 17:57:00,0.5927202566173044,0.2340937734710038,0.0,0.00987867094362174,0.0039015628911833965,0.0,0.13778274335934412,0.40493751325796035,0.0,0.05,0.0,0.0,0.0,0.21951044013767046,0,0.01458333333333334,1,0,0,Off,0,0,Off,0,0,Off,0.04207770057903502,0.03155827543427625,On,0,0,Off,0.005629448099415205,0.0,On,0.13215329525992892,0,On,0.11225692640773297,0,On,0.25060288627119237,0.1879521647033942,On,Off,0.0,20.000000000000057,0.0,0.0,0.0,0.0,0,0.0,21116.65276888889,Off,0.0,23.888888888888914,0,0.0,0.05,0.0,0.0,0,0,0,11489.55984,Off,0.0,0,81.53539416225202,51.666666666666686,46.10666666666668,-0.0,51.63234055089705,0.14182272754139116,387.53505196146597,0.0,127.39905337851877,49.70343918077788,51.63234055089705,48.73898849571829,12.43753247303448,19.34879387597014,-0.1512061240299154,9.196326031581226,3.864642568195525,1.7,9.236100170605994,-2100.5900527915837,-3037.127140555401,-654.305935486731,-2726.599674611364,-0.0,-0.0,591.1776688005433,0.0,1.0,0.11844220211730062,0.0,0,1.1085018269076845,65.99961422222222,34.831953019237034,0.21060513903162156,9.075240116225954,0.0028779705238073452,-93.99753091409794,1.2210796772789068,0.3191277157862437,-3120.418648324312,83.29150776891062,0.14426363692948038,-407.3267627727908,-246.97917271394016
2025-01-01 17:58:00,0.5927202566173044,0.2340937734710038,0.0,0.00987867094362174,0.0039015628911833965,0.0,0.13778274335934412,0.40493751325796035,0.0,0.05,0.0,0.0,0.0,0.21951044013767046,0,0.01458333333333334,1,0,0,Off,0,0,Off,0,0,Off,0.04207770057903502,0.03155827543427625,On,0,0,Off,0.005629448099415205,0.0,On,0.13215329525992892,0,On,0.11225692640773297,0,On,0.25060288627119237,0.1879521647033942,On,Off,0.0,20.000000000000057,0.0,0.0,0.0,0.0,0,0.0,21116.65276888889,Off,0.0,23.888888888888914,0,0.0,0.05,0.0,0.0,0,0,0,11489.55984,Off,0.0,0,81.57232032915122,51.666666666666686,46.10666666666668,-0.0,51.60542227256802,0.14182272754139116,387.2688999657673,0.0,127.45675051429879,49.63497600303494,51.60542227256802,48.64975286826841,12.43753247303448,19.26784204811491,-0.23215795188514576,9.160725547602535,3.835943310530918,1.7,9.236100170605994,-2077.1009308565463,-3018.9898180573236,-647.7326891596663,-2706.5155942368433,-0.0,-0.0,591.1776688005433,0.0,1.0,0.11811151532594767,0.0,0,1.105406925717094,65.99961422222222,38.236994579753514,0.21164568207722698,9.037581467214109,0.002877644322787355,-93.45478073322128,1.221417956648647,0.31885106217183373,-3102.9073386959467,83.91752063862299,0.1438156737692577,-400.6782945515276,-247.05439460813872
2025-01-01 17:59:00,1.6434931732839713,0.2340937734710038,0.9006625,0.027391552888066186,0.0039015628911833965,0.015011041666666667,0.13778274335934412,0.40493751325796035,1.0507729166666668,0.05,0.0,0.9006625,0.0,0.21951044013767046,0,0.01458333333333334,1,0,0,Off,0,0,Off,0,0,Off,0.04207770057903502,0.03155827543427625,On,0,0,Off,0.005629448099415205,0.0,On,0.13215329525992892,0,On,0.11225692640773297,0,On,0.25060288627119237,0.1879521647033942,On,On,17415.9303113141,20.000000000000057,0.8,4751.49537424146,26.39581596111111,1.0507729166666668,1,21116.65276888889,21116.65276888889,Off,0.0,23.888888888888914,0,0.0,0.05,0.0,0.0,0,0,0,11489.55984,Off,0.0,0,81.60372224965676,51.666666666666686,46.10666666666668,-0.0,51.57847505131515,0.14182272754139116,387.0024617995769,0.0,127.50581601508867,49.56654054045397,51.57847505131515,48.56057328502338,12.43753247303448,19.18897510228107,-0.3110248977189869,9.126881591871859,3.807517125037139,1.7,9.236100170605994,15361.54234916098,1749.7108240401599,-641.2298799705129,-2687.0056275795005,-0.0,-0.0,591.1776688005433,0.0,1.0,0.11778889354549946,0.0,0,1.102387505049173,65.99961422222222,41.43999662583583,0.2126645411854478,9.001008846060067,0.0028773200951031034,-92.92368698950246,1.221747708677497,0.31858783589837125,-3086.281702525002,84.49715232370185,0.14337059321233517,-394.1223546031671,-247.1075253673459
2025-01-01 18:00:00,1.646050617679443,0.23540870161409866,0.9006625,0.02743417696132405,0.0039234783602349775,0.015011041666666667,0.13858695023068915,0.40669075078208683,1.0507729166666668,0.05,0.0,0.9006625,0.0,0.22082536828076532,0,0.01458333333333334,1,0,0,Off,0,0,Off,0,0,Off,0.04383093810316148,0.0328732035773711,On,0,0,Off,0.006433654970760233,0.0,On,0.13215329525992892,0,On,0.11225692640773297,0,On,0.25060288627119237,0.1879521647033942,On,On,17415.9303113141,20.000000000000057,0.8,4751.49537424146,26.39581596111111,1.0507729166666668,1,21116.65276888889,21116.65276888889,Off,0.0,23.888888888888914,0,0.0,0.05,0.0,0.0,0,0,0,11489.55984,Off,0.0,0,80.78448003424404,51.666666666666686,46.10666666666668,0.0,51.551500145514346,0.1352173305780251,368.72352300500614,0.0,126.22575005350632,49.49813397870375,51.551500145514346,48.47145089529845,12.43753247303448,19.428333328438242,-0.07166667156181461,9.266185186544789,3.779363959113862,1.7,9.236100170605994,15290.700968707208,1677.9247403437516,-634.7975292311205,-2746.390840006562,-0.0,-0.0,593.7351131960148,0.0,1.0,0.1187666642790645,0.0,0,1.1115384717238748,65.99961422222222,27.426384203653726,0.2094946393569833,9.111014123771739,0.0028769977969832277,-94.04219407560198,1.2207484347038189,0.31966989981505406,-3154.8490609613286,81.27842706362024,0.14292842136066777,-387.65820767651195,-247.13932155460859
2025-01-01 18:01:00,1.646050617679443,0.23540870161409866,0.9006625,0.02743417696132405,0.0039234783602349775,0.015011041666666667,0.13858695023068915,0.40669075078208683,1.0507729166666668,0.05,0.0,0.9006625,0.0,0.22082536828076532,0,0.01458333333333334,1,0,0,Off,0,0,Off,0,0,Off,0.04383093810316148,0.0328732035773711,On,0,0,Off,0.006433654970760233,0.0,On,0.13215329525992892,0,On,0.11225692640773297,0,On,0.25060288627119237,0.1879521647033942,On,On,17415.9303113141,20.000000000000057,0.8,4751.49537424146,26.39581596111111,1.0507729166666668,1,21116.65276888889,21116.65276888889,Off,0.0,23.888888888888914,0,0.0,0.05,0.0,0.0,0,0,0,11489.55984,Off,0.0,0,79.98958023509091,51.666666666666686,46.10666666666668,0.0,51.5250448620128,0.13530884862550702,368.72352300500626,0.0,124.98371911732954,49.43232788875217,51.5250448620128,48.38596940212186,12.43753247303448,19.659972779556128,0.0,9.397546886481988,3.75148363499453,1.7,9.236100170605994,15220.207019656411,1610.2145462889453,-628.4356485788528,-2804.351669763246,-0.0,-0.0,593.7351131960148,0.0,1.0,0.11970903378624158,0.0,0,1.1203581179450193,65.99961422222222,14.89326490954015,0.20647633762580153,9.216426221718098,0.002876671352413312,-95.11228256749176,1.2197829513546437,0.32068692894805817,-3219.833954178117,78.55312622560211,0.14248918248817552,-381.2850928497088,-247.150555729144
2025-01-01 18:02:00,1.646050617679443,0.23540870161409866,0.9006625,0.02743417696132405,0.0039234783602349775,0.015011041666666667,0.13858695023068915,0.40669075078208683,1.0507729166666668,0.05,0.0,0.9006625,0.0,0.22082536828076532,0,0.01458333333333334,1,0,0,Off,0,0,Off,0,0,Off,0.04383093810316148,0.0328732035773711,On,0,0,Off,0.006433654970760233,0.0,On,0.13215329525992892,0,On,0.11225692640773297,0,On,0.25060288627119237,0.1879521647033942,On,On,17415.9303113141,20.000000000000057,0.8,4751.49537424146,26.39581596111111,1.0507729166666668,1,21116.65276888889,21116.65276888889,Off,0.0,23.888888888888914,0,0.0,0.05,0.0,0.0,0,0,0,11489.55984,Off,0.0,0,79.21465824657837,51.666666666666686,46.10666666666668,0.0,51.49873995490853,0.1353999693799059,368.72352300500626,0.0,123.7729035102787,49.36668693329811,51.49873995490853,48.30066042249292,12.43753247303448,19.884331279062003,0.0,9.521587441535925,3.723875848450884,1.7,9.236100170605994,15151.338598793998,1545.951249834196,-622.1442351950831,-2860.948742882815,-0.0,-0.0,593.7351131960148,0.0,1.0,0.12061820690660112,0.0,0,1.128867078829551,65.99961422222222,2.621917166696491,0.20359836829602043,9.318903345948508,0.002876340931964099,-96.13688090963875,1.21884928098743,0.3216443243252796,-3281.4868745144145,75.94275010715053,0.14205289898679935,-375.00222392402776,-247.1420112710553
2025-01-01 18:03:00,1.646050617679443,0.23540870161409866,0.9006625,0.02743417696132405,0.0039234783602349775,0.015011041666666667,0.13858695023068915,0.40669075078208683,1.0507729166666668,0.05,0.0,0.9006625,0.0,0.22082536828076532,0,0.01458333333333334,1,0,0,Off,0,0,Off,0,0,Off,0.04383093810316148,0.0328732035773711,On,0,0,Off,0.006433654970760233,0.0,On,0.13215329525992892,0,On,0.11225692640773297,0,On,0.25060288627119237,0.1879521647033942,On,On,17415.9303113141,20.000000000000057,0.8,4751.49537424146,26.39581596111111,1.0507729166666668,1,21116.65276888889,21116.65276888889,Off,0.0,23.888888888888914,0,0.0,0.05,0.0,0.0,0,0,0,11489.55984,Off,0.0,0,78.45867393279842,51.666666666666686,46.10666666666668,0.0,51.472581032232945,0.13549070622948134,368.7235230050063,0.0,122.59167801999752,49.30120696210062,51.472581032232945,48.21551992703446,12.43753247303448,20.101792323385705,0.0,9.638823512680082,3.6965401689930557,1.7,9.236100170605994,15084.26126765601,1484.9641610602166,-615.9232666548492,-2916.2342402647137,-0.0,-0.0,593.7351131960148,0.0,1.0,0.12149611903786857,0.0,0,1.1370834677853272,65.99961422222222,-9.169916589392756,0.20085081474093242,9.41729609464194,0.002876006696218828,-97.11856834014206,1.2179456881663921,0.3225465877255843,-3340.0154316206367,73.48421843939383,0.14161959133583885,-368.8087901533902,-247.11447650145902
2025-01-01 18:04:00,0.5952777010127761,0.23540870161409866,0.0,0.009921295016879602,0.0039234783602349775,0.0,0.13858695023068915,0.40669075078208683,0.0,0.05,0.0,0.0,0.0,0.22082536828076532,0,0.01458333333333334,1,0,0,Off,0,0,Off,0,0,Off,0.04383093810316148,0.0328732035773711,On,0,0,Off,0.006433654970760233,0.0,On,0.13215329525992892,0,On,0.11225692640773297,0,On,0.25060288627119237,0.1879521647033942,On,Off,0.0,20.000000000000057,0.0,0.0,0.0,0.0,0,0.0,21116.65276888889,Off,0.0,23.888888888888914,0,0.0,0.05,0.0,0.0,0,0,0,11489.55984,Off,0.0,0,77.72071989599874,51.666666666666686,46.10666666666668,0.0,51.446563931318565,0.13558107185111187,368.72352300500626,0.0,121.43862483749803,49.23588404099915,51.446563931318565,48.13054409583945,12.43753247303448,20.312690154496636,0.0,9.749707575395997,3.6694760412495437,1.7,9.236100170605994,-2396.9613197029803,-3324.428690620639,-609.7726968002994,-2970.2523416640415,-0.0,-0.0,593.7351131960148,0.0,1.0,0.12234446465699132,0.0,0,1.1450231434400855,65.99961422222222,-20.444091234953817,0.1982249406717159,9.513229157119177,0.002875668796973759,-98.05961225353558,1.2170706560075144,0.32339764890507544,-3395.602435740412,71.17374511977367,0.14118927809007598,-362.70395722771866,-247.06873957258074
2025-01-01 18:05:00,0.5952777010127761,0.23540870161409866,0.0,0.009921295016879602,0.0039234783602349775,0.0,0.13858695023068915,0.40669075078208683,0.0,0.05,0.0,0.0,0.0,0.22082536828076532,0,0.01458333333333334,1,0,0,Off,0,0,Off,0,0,Off,0.04383093810316148,0.0328732035773711,On,0,0,Off,0.006433654970760233,0.0,On,0.13215329525992892,0,On,0.11225692640773297,0,On,0.25060288627119237,0.1879521647033942,On,Off,0.0,20.000000000000057,0.0,0.0,0.0,0.0,0,0.0,21116.65276888889,Off,0.0,23.888888888888914,0,0.0,0.05,0.0,0.0,0,0,0,11489.55984,Off,0.0,0,77.84847412830368,51.666666666666686,46.10666666666668,0.0,51.42068468954756,0.13567107830617017,368.72352300500626,0.0,121.6382408254745,49.170714424338314,51.42068468954756,48.04572929173369,12.43753247303448,20.201095260779837,0.0,9.683149188260648,3.6426827873074856,1.7,9.236100170605994,-2361.7104469555325,-3289.9481958161173,-603.6924524993509,-2941.619981124212,-0.0,-0.0,593.7351131960148,0.0,1.0,0.12189594350347775,0.0,0,1.1408254292031943,65.99961422222222,-13.825579027335877,0.1995736262405432,9.461733686958794,0.00287532737831485,-97.36060008390128,1.2175338976449028,0.32288706680767626,-3362.2094885419797,72.26129272586238,0.14076197588359976,-356.68686845248214,-247.0055840468688
2025-01-01 18:06:00,0.5952777010127761,0.23540870161409866,0.0,0.009921295016879602,0.0039234783602349775,0.0,0.13858695023068915,0.40669075078208683,0.0,0.05,0.0,0.0,0.0,0.22082536828076532,0,0.01458333333333334,1,0,0,Off,0,0,Off,0,0,Off,0.04383093810316148,0.0328732035773711,On,0,0,Off,0.006433654970760233,0.0,On,0.13215329525992892,0,On,0.11225692640773297,0,On,0.25060288627119237,0.1879521647033942,On,Off,0.0,20.000000000000057,0.0,0.0,0.0,0.0,0,0.0,21116.65276888889,Off,0.0,23.888888888888914,0,0.0,0.05,0.0,0.0,0,0,0,11489.55984,Off,0.0,0,77.96609682629008,51.666666666666686,46.10666666666668,0.0,51.39475259514523,0.13576138852849287,368.7235230050063,0.0,121.82202629107826,49.10551826768969,51.39475259514523,47.96090110396193,12.43753247303448,20.093249008463776,0.0,9.62055586350188,3.616159609730354,1.7,9.236100170605994,-2329.2876954491812,-3256.7835508090316,-597.660002745194,-2914.054321704731,-0.0,-0.0,593.7351131960148,0.0,1.0,0.12146168975098798,0.0,0,1.1367612437239367,65.99961422222222,-8.9684869404648,0.20088623869625377,9.412884373152426,0.0028749885224141286,-96.68154506448873,1.2179819198497017,0.3224061636926936,-3330.879116285958,74.09556547692631,0.14033769944514696,-350.7566460546437,-246.9033566905503
2025-01-01 18:07:00,0.5952777010127761,0.23540870161409866,0.0,0.009921295016879602,0.0039234783602349775,0.0,0.13858695023068915,0.40669075078208683,0.0,0.05,0.0,0.0,0.0,0.22082536828076532,0,0.01458333333333334,1,0,0,Off,0,0,Off,0,0,Off,0.04383093810316148,0.0328732035773711,On,0,0,Off,0.006433654970760233,0.0,On,0.13215329525992892,0,On,0.11225692640773297,0,On,0.25060288627119237,0.1879521647033942,On,Off,0.0,20.000000000000057,0.0,0.0,0.0,0.0,0,0.0,21116.65276888889,Off,0.0,23.888888888888914,0,0.0,0.05,0.0,0.0,0,0,0,11489.55984,Off,0.0,0,78.07448279625798,51.666666666666686,46.10666666666668,0.0,51.3687698967048,0.13585199564636077,368.7235230050063,0.0,121.9913793691531,49.040297675803885,51.3687698967048,47.87606156535344,12.43753247303448,19.9888200163621,0.0,9.561578252886907,3.589906442197403,1.7,9.236100170605994,-2297.3943596407516,-3226.268317572244,-591.745378658812,-2887.460570201577,-0.0,-0.0,593.7351131960148,0.0,1.0,0.12104044234909818,0.0,0,1.1328187848180096,65.99961422222222,-3.6689026351892267,0.20216597677645906,9.364384423100558,0.002874652153686251,-96.02077237615201,1.2184160660587922,0.32195238274325155,-3301.4236615443824,75.15534397213833,0.1399164752346312,-344.91258072888013,-246.83279792993187
2025-01-01 18:08:00,0.5952777010127761,0.23540870161409866,0.0,0.009921295016879602,0.0039234783602349775,0.0,0.13858695023068915,0.40669075078208683,0.0,0.05,0.0,0.0,0.0,0.22082536828076532,0,0.01458333333333334,1,0,0,Off,0,0,Off,0,0,Off,0.04383093810316148,0.0328732035773711,On,0,0,Off,0.006433654970760233,0.0,On,0.13215329525992892,0,On,0.11225692640773297,0,On,0.25060288627119237,0.1879521647033942,On,Off,0.0,20.000000000000057,0.0,0.0,0.0,0.0,0,0.0,21116.65276888889,Off,0.0,23.888888888888914,0,0.0,0.05,0.0,0.0,0,0,0,11489.55984,Off,0.0,0,78.17423473131988,51.666666666666686,46.10666666666668,0.0,51.34273864559707,0.13594289344025678,368.72352300500626,0.0,122.14724176768732,48.97505456754217,51.34273864559707,47.79121252851473,12.43753247303448,19.88758558636906,0.0,9.505882613928675,3.5639204311202537,1.7,9.236100170605994,-2266.597335817458,-3197.415369749016,-585.8726343320494,-2861.7729872928885,-0.0,-0.0,593.7351131960148,0.0,1.0,0.12063136877506446,0.0,0,1.128990260896216,65.99961422222222,1.4405382794155912,0.20341480470336418,9.318239778476732,0.0028743182029155358,-95.3771555870267,1.2188372325719294,0.32152326571038303,-3273.665447816473,76.25007806745738,0.13949828490990904,-339.15335003559045,-246.71928429645897
2025-01-01 18:09:00,0.5952777010127761,0.23540870161409866,0.0,0.009921295016879602,0.0039234783602349775,0.0,0.13858695023068915,0.40669075078208683,0.0,0.05,0.0,0.0,0.0,0.22082536828076532,0,0.01458333333333334,1,0,0,Off,0,0,Off,0,0,Off,0.04383093810316148,0.0328732035773711,On,0,0,Off,0.006433654970760233,0.0,On,0.13215329525992892,0,On,0.11225692640773297,0,On,0.25060288627119237,0.1879521647033942,On,Off,0.0,20.000000000000057,0.0,0.0,0.0,0.0,0,0.0,21116.65276888889,Off,0.0,23.888888888888914,0,0.0,0.05,0.0,0.0,0,0,0,11489.55984,Off,0.0,0,78.26586838806165,51.666666666666686,46.10666666666668,0.0,51.3166607603321,0.13603407612191384,368.7235230050063,0.0,122.29041935634632,48.90979073656082,51.3166607603321,47.70635572467519,12.43753247303448,19.789355295761265,0.0,9.45321811030245,3.5382015301497987,1.7,9.236100170605994,-2236.8484096394095,-3170.178377941854,-580.0427813534493,-2836.9350363954172,-0.0,-0.0,593.7351131960148,0.0,1.0,0.12023375971504492,0.0,0,1.1252690334827793,65.99961422222222,6.351513559992696,0.20463436969703627,9.272945496606615,0.002873986605202964,-94.74972937959969,1.2192461847615645,0.32111697512651405,-3247.469941862617,77.29156392076291,0.13908315508828617,-333.4782637024559,-246.56451765099345
2025-01-01 18:10:00,0.5952777010127761,0.23540870161409866,0.0,0.009921295016879602,0.0039234783602349775,0.0,0.13858695023068915,0.40669075078208683,0.0,0.05,0.0,0.0,0.0,0.22082536828076532,0,0.01458333333333334,1,0,0,Off,0,0,Off,0,0,Off,0.04383093810316148,0.0328732035773711,On,0,0,Off,0.006433654970760233,0.0,On,0.13215329525992892,0,On,0.11225692640773297,0,On,0.25060288627119237,0.1879521647033942,On,Off,0.0,20.000000000000057,0.0,0.0,0.0,0.0,0,0.0,21116.65276888889,Off,0.0,23.888888888888914,0,0.0,0.05,0.0,0.0,0,0,0,11489.55984,Off,0.0,0,78.3498213954688,51.666666666666686,46.10666666666668,0.0,51.29053804571667,0.13612553826998006,368.72352300500637,0.0,122.42159593041998,48.84450786937154,51.29053804571667,47.62149278119898,12.43753247303448,19.693967732263737,0.0,9.403367076249273,3.512749511788351,1.7,9.236100170605994,-2208.1318764318894,-3144.4089332316044,-574.3453371859193,-2812.898369266217,-0.0,-0.0,593.7351131960148,0.0,1.0,0.11984701721018559,0.0,0,1.1216495062744378,65.99961422222222,11.031379638312444,0.2058260265024984,9.229121749946163,0.002873657299353635,-94.13767365748357,1.2196435700490111,0.3207319154380041,-3222.7205269478186,78.31159371621457,0.13867110956733805,-327.88659493247843,-246.45874225344087
2025-01-01 18:11:00,0.5952777010127761,0.23540870161409866,0.0,0.009921295016879602,0.0039234783602349775,0.0,0.13858695023068915,0.40669075078208683,0.0,0.05,0.0,0.0,0.0,0.22082536828076532,0,0.01458333333333334,1,0,0,Off,0,0,Off,0,0,Off,0.04383093810316148,0.0328732035773711,On,0,0,Off,0.006433654970760233,0.0,On,0.13215329525992892,0,On,0.11225692640773297,0,On,0.25060288627119237,0.1879521647033942,On,Off,0.0,20.000000000000057,0.0,0.0,0.0,0.0,0,0.0,21116.65276888889,Off,0.0,23.888888888888914,0,0.0,0.05,0.0,0.0,0,0,0,11489.55984,Off,0.0,0,78.4264789017041,51.666666666666686,46.10666666666668,0.0,51.26437221007053,0.13621727477199097,368.72352300500626,0.0,122.54137328391266,48.77920756157187,51.26437221007053,47.536625237322546,12.43753247303448,19.601280951919488,0.0,9.356140336413803,3.4875606302643085,1.7,9.236100170605994,-2180.4150878087457,-3120.086761802914,-568.6454078563329,-2789.620268398345,-0.0,-0.0,593.7351131960148,0.0,1.0,0.11947061707551543,0.0,0,1.1181267734184839,65.99961422222222,15.470067393584202,0.20699094528224204,9.186002113832448,0.002873330227326027,-93.54026546458691,1.2200299571399444,0.3203666994287933,-3199.3159167731974,79.22915497028258,0.13826211501190105,-322.37685297031845,-246.26855488601439
2025-01-01 18:12:00,0.5952777010127761,0.23540870161409866,0.0,0.009921295016879602,0.0039234783602349775,0.0,0.13858695023068915,0.40669075078208683,0.0,0.05,0.0,0.0,0.0,0.22082536828076532,0,0.01458333333333334,1,0,0,Off,0,0,Off,0,0,Off,0.04383093810316148,0.0328732035773711,On,0,0,Off,0.006433654970760233,0.0,On,0.13215329525992892,0,On,0.11225692640773297,0,On,0.25060288627119237,0.1879521647033942,On,Off,0.0,20.000000000000057,0.0,0.0,0.0,0.0,0,0.0,21116.65276888889,Off,0.0,23.888888888888914,0,0.0,0.05,0.0,0.0,0,0,0,11489.55984,Off,0.0,0,78.49618769508554,51.666666666666686,46.10666666666668,0.0,51.23816487679175,0.13630928078573654,368.72352300500626,0.0,122.65029327357115,48.71389132874771,51.23816487679175,47.45175455472569,12.43753247303448,19.51116722714171,0.0,9.311366597608371,3.4626362011373018,1.7,9.236100170605994,-2153.65991788438,-3097.07316660254,-563.0917679056424,-2767.0622198677843,-0.0,-0.0,593.7351131960148,0.0,1.0,0.11910408834602784,0.0,0,1.1146964271484208,65.99961422222222,19.667188787389946,0.20813016942958135,9.144218318534765,0.0028730053338613597,-92.95685259087567,1.2204058575560395,0.3200200681968005,-3177.1646931997266,80.09152659718671,0.1378562200324405,-316.94866427749145,-246.14310362815095
2025-01-01 18:13:00,0.5952777010127761,0.23540870161409866,0.0,0.009921295016879602,0.0039234783602349775,0.0,0.13858695023068915,0.40669075078208683,0.0,0.05,0.0,0.0,0.0,0.22082536828076532,0,0.01458333333333334,1,0,0,Off,0,0,Off,0,0,Off,0.04383093810316148,0.0328732035773711,On,0,0,Off,0.006433654970760233,0.0,On,0.13215329525992892,0,On,0.11225692640773297,0,On,0.25060288627119237,0.1879521647033942,On,Off,0.0,20.000000000000057,0.0,0.0,0.0,0.0,0,0.0,21116.65276888889,Off,0.0,23.888888888888914,0,0.0,0.05,0.0,0.0,0,0,0,11489.55984,Off,0.0,0,78.55926536850784,51.666666666666686,46.10666666666668,0.0,51.21191759281073,0.13640155171127102,368.72352300500626,0.0,122.7488521382935,48.64856061444225,51.21191759281073,47.366882125258016,12.43753247303448,19.42350963913524,-0.07649036086481686,9.268892644486774,3.437971740017542,1.7,9.236100170605994,-2127.8257073238574,-3075.289465598535,-557.5247271306173,-2745.1889783793886,-0.0,-0.0,593.7351131960148,0.0,1.0,0.11874699999867781,0.0,0,1.111354433514995,65.99961422222222,23.62815785951618,0.2092446523934177,9.103709506001852,0.0028726825662121476,-92.38683647810721,1.2207717395756905,0.3196908941632702,-3156.1852505319575,80.89578493342248,0.1374533787375217,-311.6003984759327,-245.92432865468464
2025-01-01 18:14:00,0.5952777010127761,0.23540870161409866,0.0,0.009921295016879602,0.0039234783602349775,0.0,0.13858695023068915,0.40669075078208683,0.0,0.05,0.0,0.0,0.0,0.22082536828076532,0,0.01458333333333334,1,0,0,Off,0,0,Off,0,0,Off,0.04383093810316148,0.0328732035773711,On,0,0,Off,0.006433654970760233,0.0,On,0.13215329525992892,0,On,0.11225692640773297,0,On,0.25060288627119237,0.1879521647033942,On,Off,0.0,20.000000000000057,0.0,0.0,0.0,0.0,0,0.0,21116.65276888889,Off,0.0,23.888888888888914,0,0.0,0.05,0.0,0.0,0,0,0,11489.55984,Off,0.0,0,78.61600624960055,51.666666666666686,46.10666666666668,0.0,51.18563183502497,0.1364940831698179,368.72352300500626,0.0,122.83750976500085,48.58321679622116,51.18563183502497,47.28200927681926,12.43753247303448,19.338199873910785,-0.16180012608927186,9.228578364652055,3.413568784146495,1.7,9.236100170605994,-2102.871368755378,-3054.659450426393,-552.1121707607164,-2723.9679525971014,-0.0,-0.0,593.7351131960148,0.0,1.0,0.1183989524305229,0.0,0,1.108097052630026,65.99961422222222,27.361470645708792,0.21033528070087698,9.06373461713277,0.0028723618739351408,-91.8296611994263,1.2211280372182414,0.31937814381083446,-3136.3032066862706,81.64375625987739,0.13705364327189257,-306.33174239761127,-245.78042836310507
2025-01-01 18:15:00,0.5952777010127761,0.23540870161409866,0.0,0.009921295016879602,0.0039234783602349775,0.0,0.13858695023068915,0.40669075078208683,0.0,0.05,0.0,0.0,0.0,0.22082536828076532,0,0.01458333333333334,1,0,0,Off,0,0,Off,0,0,Off,0.04383093810316148,0.0328732035773711,On,0,0,Off,0.006433654970760233,0.0,On,0.13215329525992892,0,On,0.11225692640773297,0,On,0.25060288627119237,0.1879521647033942,On,Off,0.0,20.000000000000057,0.0,0.0,0.0,0.0,0,0.0,21116.65276888889,Off,0.0,23.888888888888914,0,0.0,0.05,0.0,0.0,0,0,0,11489.55984,Off,0.0,0,78.73076974037232,51.666666666666686,46.10666666666668,0.0,51.15930901542711,0.0,0.0,0.0,123.01682771933174,48.51786119050573,51.15930901542711,47.197137278045034,12.43753247303448,19.25513675152572,-0.2448632484743385,9.190294705596797,3.3894223452938554,1.7,9.236100170605994,-2078.7565509192473,-3035.111755319302,-546.6770503530109,-2703.3687861746257,-0.0,-0.0,593.7351131960148,0.0,1.0,0.11805957183119803,0.0,0,1.1049207859983396,65.99961422222222,30.877122059363558,0.21140288860512266,9.025612956149793,0.0028720432087259383,-91.28480613720042,1.2214751562106905,0.3190808628467342,-3117.4502925370853,82.33853721778331,0.1366569588231806,-301.14098047235296,-245.53606988065798
2025-01-01 18:16:00,1.646050617679443,0.23540870161409866,0.9006625,0.02743417696132405,0.0039234783602349775,0.015011041666666667,0.13858695023068915,0.40669075078208683,1.0507729166666668,0.05,0.0,0.9006625,0.0,0.22082536828076532,0,0.01458333333333334,1,0,0,Off,0,0,Off,0,0,Off,0.04383093810316148,0.0328732035773711,On,0,0,Off,0.006433654970760233,0.0,On,0.13215329525992892,0,On,0.11225692640773297,0,On,0.25060288627119237,0.1879521647033942,On,On,17415.9303113141,20.000000000000057,0.8,4751.49537424146,26.39581596111111,1.0507729166666668,1,21116.65276888889,21116.65276888889,Off,0.0,23.888888888888914,0,0.0,0.05,0.0,0.0,0,0,0,11489.55984,Off,0.0,0,78.90376799088024,51.666666666666686,46.10666666666668,0.0,51.14030302804328,0.0,0.0,0.0,123.28713748575038,48.501505460997464,51.14030302804328,47.18210667747456,12.43753247303448,19.174225211051233,-0.3257747889488236,9.153922106397514,3.365534130194843,1.7,9.236100170605994,15360.488032636695,1734.9147425969104,-541.4034738366195,-2683.363061070786,-0.0,-0.0,593.7351131960148,0.0,1.0,0.11772850635054063,0.0,0,1.1018223406505292,65.99961422222222,34.185669197364135,0.21244826757069196,8.987928032627535,0.00287172652428144,-90.75178095686378,1.2218134780810663,0.31879816487524554,-3099.5634931876357,82.98286154308602,0.13626338019791062,-296.02784865063023,-245.37562518598924
2025-01-01 18:17:00,1.646050617679443,0.23540870161409866,0.9006625,0.02743417696132405,0.0039234783602349775,0.015011041666666667,0.13858695023068915,0.40669075078208683,1.0507729166666668,0.05,0.0,0.9006625,0.0,0.22082536828076532,0,0.01458333333333334,1,0,0,Off,0,0,Off,0,0,Off,0.04383093810316148,0.0328732035773711,On,0,0,Off,0.006433654970760233,0.0,On,0.13215329525992892,0,On,0.11225692640773297,0,On,0.25060288627119237,0.1879521647033942,On,On,17415.9303113141,20.000000000000057,0.8,4751.49537424146,26.39581596111111,1.0507729166666668,1,21116.65276888889,21116.65276888889,Off,0.0,23.888888888888914,0,0.0,0.05,0.0,0.0,0,0,0,11489.55984,Off,0.0,0,78.22264989494596,51.666666666666686,46.10666666666668,0.0,51.12126059455203,0.0,0.0,0.0,122.22289046085305,48.485113792394486,51.12126059455203,47.167040391315716,12.43753247303448,19.411603021118797,-0.08839697888125997,9.290842678693334,3.3418987057108827,1.7,9.236100170605994,15287.71573090599,1664.296107763978,-536.0989707628119,-2742.223243090359,-0.0,-0.0,593.7351131960148,0.0,1.0,0.11869845434078564,0.0,0,1.1109000941874585,65.99961422222222,20.273549486232966,0.20930752745043416,9.096925080508742,0.0028714117761815287,-91.84602340830408,1.2208223583310809,0.3198610496888825,-3167.0230419184727,79.82377544099062,0.13587284448321094,-290.99056127370574,-245.10840948910607
2025-01-01 18:18:00,1.646050617679443,0.23540870161409866,0.9006625,0.02743417696132405,0.0039234783602349775,0.015011041666666667,0.13858695023068915,0.40669075078208683,1.0507729166666668,0.05,0.0,0.9006625,0.0,0.22082536828076532,0,0.01458333333333334,1,0,0,Off,0,0,Off,0,0,Off,0.04383093810316148,0.0328732035773711,On,0,0,Off,0.006433654970760233,0.0,On,0.13215329525992892,0,On,0.11225692640773297,0,On,0.25060288627119237,0.1879521647033942,On,On,17415.9303113141,20.000000000000057,0.8,4751.49537424146,26.39581596111111,1.0507729166666668,1,21116.65276888889,21116.65276888889,Off,0.0,23.888888888888914,0,0.0,0.05,0.0,0.0,0,0,0,11489.55984,Off,0.0,0,77.5625794392194,51.666666666666686,46.10666666666668,0.0,51.10236988297927,0.0,0.0,0.0,121.19153037378031,48.46886362098983,51.10236988297927,47.15211048999512,12.43753247303448,19.641278277133758,0.0,9.419955744073823,3.318517932789673,1.7,9.236100170605994,15217.849679803661,1597.6997485229722,-530.9620979488029,-2799.656079003109,-0.0,-0.0,593.7351131960148,0.0,1.0,0.11963311954190785,0.0,0,1.1196476357264524,65.99961422222222,7.840334296653879,0.20631720883284152,9.20203356316027,0.0028710929743884983,-92.89272247591369,1.2198649391386316,0.32086010103735935,-3230.9512175879054,77.15559186941752,0.1354854088738811,-286.0289002112364,-244.9331977375665
2025-01-01 18:19:00,1.646050617679443,0.23540870161409866,0.9006625,0.02743417696132405,0.0039234783602349775,0.015011041666666667,0.13858695023068915,0.40669075078208683,1.0507729166666668,0.05,0.0,0.9006625,0.0,0.22082536828076532,0,0.01458333333333334,1,0,0,Off,0,0,Off,0,0,Off,0.04383093810316148,0.0328732035773711,On,0,0,Off,0.006433654970760233,0.0,On,0.13215329525992892,0,On,0.11225692640773297,0,On,0.25060288627119237,0.1879521647033942,On,On,17415.9303113141,20.000000000000057,0.8,4751.49537424146,26.39581596111111,1.0507729166666668,1,21116.65276888889,21116.65276888889,Off,0.0,23.888888888888914,0,0.0,0.05,0.0,0.0,0,0,0,11489.55984,Off,0.0,0,76.9222474425073,51.666666666666686,46.10666666666668,0.0,51.083626249955316,0.0,0.0,0.0,120.19101162891765,48.45275057429342,51.083626249955316,47.137312736462476,12.43753247303448,19.863734524332695,0.0,9.541875025614669,3.2953859864687396,1.7,9.236100170605994,15149.595403469026,1534.497116307422,-525.786676103364,-2855.7342287694732,-0.0,-0.0,593.7351131960148,0.0,1.0,0.12053488752626708,0.0,0,1.12808729186455,65.99961422222222,-4.335792271617237,0.20346554692565053,9.302854219224594,0.0028707702863893943,-93.89498997817974,1.2189390540742748,0.32180064110672046,-3291.597289501191,74.59903156715225,0.13510100310419246,-281.14102305565655,-244.64565304770747
2025-01-01 18:20:00,1.646050617679443,0.23540870161409866,0.9006625,0.02743417696132405,0.0039234783602349775,0.015011041666666667,0.13858695023068915,0.40669075078208683,1.0507729166666668,0.05,0.0,0.9006625,0.0,0.22082536828076532,0,0.01458333333333334,1,0,0,Off,0,0,Off,0,0,Off,0.04383093810316148,0.0328732035773711,On,0,0,Off,0.006433654970760233,0.0,On,0.13215329525992892,0,On,0.11225692640773297,0,On,0.25060288627119237,0.1879521647033942,On,On,17415.9303113141,20.000000000000057,0.8,4751.49537424146,26.39581596111111,1.0507729166666668,1,21116.65276888889,21116.65276888889,Off,0.0,23.888888888888914,0,0.0,0.05,0.0,0.0,0,0,0,11489.55984,Off,0.0,0,76.3006196536155,51.666666666666686,46.10666666666668,0.0,51.065025340702455,0.0,0.0,0.0,119.21971820877421,48.43677055178778,51.065025340702455,47.12264315733045,12.43753247303448,20.079353115266095,0.0,9.657110438761636,3.2725048698598314,1.7,9.236100170605994,15083.118828289576,1474.519123461063,-520.73816189998,-2910.5100202066715,-0.0,-0.0,593.7351131960148,0.0,1.0,0.12140567914227544,0.0,0,1.1362370398424304,65.99961422222222,-16.036576013867446,0.20074274956142385,9.401025988243287,0.0028704438689901735,-94.85534893516764,1.2180429787709066,0.3226870987354718,-3349.1674553529597,72.19120457256192,0.13471968653930483,-276.32675502314834,-244.41140687683168
2025-01-01 18:21:00,0.5952777010127761,0.23540870161409866,0.0,0.009921295016879602,0.0039234783602349775,0.0,0.13858695023068915,0.40669075078208683,0.0,0.05,0.0,0.0,0.0,0.22082536828076532,0,0.01458333333333334,1,0,0,Off,0,0,Off,0,0,Off,0.04383093810316148,0.0328732035773711,On,0,0,Off,0.006433654970760233,0.0,On,0.13215329525992892,0,On,0.11225692640773297,0,On,0.25060288627119237,0.1879521647033942,On,Off,0.0,20.000000000000057,0.0,0.0,0.0,0.0,0,0.0,21116.65276888889,Off,0.0,23.888888888888914,0,0.0,0.05,0.0,0.0,0,0,0,11489.55984,Off,0.0,0,75.69679428988299,51.666666666666686,46.10666666666668,0.0,51.04656302845551,0.0,0.0,0.0,118.27624107794216,48.420919667813415,51.04656302845551,47.10809798749237,12.43753247303448,20.28846624727471,0.0,9.766108029719977,3.2498701501032743,1.7,9.236100170605994,-2397.5163185191523,-3333.9144983045753,-515.7913980921475,-2964.02774436788,-0.0,-0.0,593.7351131960148,0.0,1.0,0.12224717533040019,0.0,0,1.14411261159977,65.99961422222222,-27.22368734728704,0.19814019300112157,9.496069464259886,0.0028701138703993655,-95.77601624219837,1.2171752068187203,0.3235233361824226,-3403.8430045704777,69.92850626590277,0.13434141129755853,-271.5845716774036,-244.20682641474386
2025-01-01 18:22:00,0.5952777010127761,0.23540870161409866,0.0,0.009921295016879602,0.0039234783602349775,0.0,0.13858695023068915,0.40669075078208683,0.0,0.05,0.0,0.0,0.0,0.22082536828076532,0,0.01458333333333334,1,0,0,Off,0,0,Off,0,0,Off,0.04383093810316148,0.0328732035773711,On,0,0,Off,0.006433654970760233,0.0,On,0.13215329525992892,0,On,0.11225692640773297,0,On,0.25060288627119237,0.1879521647033942,On,Off,0.0,20.000000000000057,0.0,0.0,0.0,0.0,0,0.0,21116.65276888889,Off,0.0,23.888888888888914,0,0.0,0.05,0.0,0.0,0,0,0,11489.55984,Off,0.0,0,75.95845472595595,51.666666666666686,46.10666666666668,0.0,51.02823538526983,0.0,0.0,0.0,118.68508550930616,48.405194224049424,51.02823538526983,47.093673643439224,12.43753247303448,20.175142449690323,0.0,9.697771234522005,3.227478350925406,1.7,9.236100170605994,-2362.057756236187,-3298.491948174255,-510.8079399946454,-2934.976976359479,-0.0,-0.0,593.7351131960148,0.0,1.0,0.12179151387721102,0.0,0,1.1398480712224188,65.99961422222222,-20.815893072722176,0.19951040216153937,9.444335683505656,0.002869780431285282,-95.07924352480917,1.2176456975805952,0.32299930449559017,-3369.5386248504174,71.04667667616235,0.1339661448011414,-266.91316656294885,-243.89477343169654
2025-01-01 18:23:00,0.5952777010127761,0.23540870161409866,0.0,0.009921295016879602,0.0039234783602349775,0.0,0.13858695023068915,0.40669075078208683,0.0,0.05,0.0,0.0,0.0,0.22082536828076532,0,0.01458333333333334,1,0,0,Off,0,0,Off,0,0,Off,0.04383093810316148,0.0328732035773711,On,0,0,Off,0.006433654970760233,0.0,On,0.13215329525992892,0,On,0.11225692640773297,0,On,0.25060288627119237,0.1879521647033942,On,Off,0.0,20.000000000000057,0.0,0.0,0.0,0.0,0,0.0,21116.65276888889,Off,0.0,23.888888888888914,0,0.0,0.05,0.0,0.0,0,0,0,11489.55984,Off,0.0,0,76.20978450740556,51.666666666666686,46.10666666666668,0.0,51.00985173286604,0.0,0.0,0.0,119.07778829282118,48.389414422283735,51.00985173286604,47.079195766992584,12.43753247303448,20.065614432496556,0.0,9.633502820336165,3.205331205444497,1.7,9.236100170605994,-2328.824169091894,-3264.4121224930573,-505.95258185539467,-2907.007503592843,-0.0,-0.0,593.7351131960148,0.0,1.0,0.12135028928782908,0.0,0,1.1357186456066903,65.99961422222222,-15.55177869506565,0.20084428814406255,9.393851810166229,0.002869449545849915,-94.40237518816356,1.2181007811951796,0.32250569369562415,-3337.3537345840173,72.94161209096018,0.13359394157206417,-262.31232839076984,-243.64025346462486
2025-01-01 18:24:00,0.5952777010127761,0.23540870161409866,0.0,0.009921295016879602,0.0039234783602349775,0.0,0.13858695023068915,0.40669075078208683,0.0,0.05,0.0,0.0,0.0,0.22082536828076532,0,0.01458333333333334,1,0,0,Off,0,0,Off,0,0,Off,0.04383093810316148,0.0328732035773711,On,0,0,Off,0.006433654970760233,0.0,On,0.13215329525992892,0,On,0.11225692640773297,0,On,0.25060288627119237,0.1879521647033942,On,Off,0.0,20.000000000000057,0.0,0.0,0.0,0.0,0,0.0,21116.65276888889,Off,0.0,23.888888888888914,0,0.0,0.05,0.0,0.0,0,0,0,11489.55984,Off,0.0,0,76.45165265941594,51.666666666666686,46.10666666666668,0.0,50.991414348196784,0.0,0.0,0.0,119.4557072803374,48.3735824086327,50.991414348196784,47.06466643885066,12.43753247303448,19.959560463994272,0.0,9.572948589239905,3.1834240492308874,1.7,9.236100170605994,-2296.505478048205,-3233.0588760525907,-501.15063195265253,-2880.0267689419184,-0.0,-0.0,593.7351131960148,0.0,1.0,0.12092228102976632,0.0,0,1.1317129117760727,65.99961422222222,-10.213822302301253,0.2021449033672231,9.34516249038997,0.002869121138724256,-93.74380947559992,1.2185417602968733,0.3220399172554936,-3307.0974783990496,74.03860234645859,0.13322474856801605,-257.78052216519,-243.37010978746252
2025-01-01 18:25:00,0.5952777010127761,0.23540870161409866,0.0,0.009921295016879602,0.0039234783602349775,0.0,0.13858695023068915,0.40669075078208683,0.0,0.05,0.0,0.0,0.0,0.22082536828076532,0,0.01458333333333334,1,0,0,Off,0,0,Off,0,0,Off,0.04383093810316148,0.0328732035773711,On,0,0,Off,0.006433654970760233,0.0,On,0.13215329525992892,0,On,0.11225692640773297,0,On,0.25060288627119237,0.1879521647033942,On,Off,0.0,20.000000000000057,0.0,0.0,0.0,0.0,0,0.0,21116.65276888889,Off,0.0,23.888888888888914,0,0.0,0.05,0.0,0.0,0,0,0,11489.55984,Off,0.0,0,76.68468480404623,51.666666666666686,46.10666666666668,0.0,50.9729253166802,0.0,0.0,0.0,119.81982000632222,48.357700148679186,50.9729253166802,47.05008756467868,12.43753247303448,19.85674934690133,0.0,9.5157683283609,3.161755057815123,1.7,9.236100170605994,-2265.2611174586536,-3203.418006963476,-496.4116326535032,-2853.966639220044,-0.0,-0.0,593.7351131960148,0.0,1.0,0.1205066239721198,0.0,0,1.1278227729612613,65.99961422222222,-5.029591434624365,0.20341429305381387,9.297445808673398,0.0028687951406364265,-93.10239431839851,1.2189695657642117,0.32159947376476233,-3278.5882753643887,75.17026840091249,0.13285856000926108,-253.31681593091454,-243.09481672258866
2025-01-01 18:26:00,0.5952777010127761,0.23540870161409866,0.0,0.009921295016879602,0.0039234783602349775,0.0,0.13858695023068915,0.40669075078208683,0.0,0.05,0.0,0.0,0.0,0.22082536828076532,0,0.01458333333333334,1,0,0,Off,0,0,Off,0,0,Off,0.04383093810316148,0.0328732035773711,On,0,0,Off,0.006433654970760233,0.0,On,0.13215329525992892,0,On,0.11225692640773297,0,On,0.25060288627119237,0.1879521647033942,On,Off,0.0,20.000000000000057,0.0,0.0,0.0,0.0,0,0.0,21116.65276888889,Off,0.0,23.888888888888914,0,0.0,0.05,0.0,0.0,0,0,0,11489.55984,Off,0.0,0,76.9093995655911,51.666666666666686,46.10666666666668,0.0,50.95438658583022,0.0,0.0,0.0,120.17093682123608,48.34176947803773,50.95438658583022,47.035460924141496,12.43753247303448,19.75698963123118,0.0,9.461705906029776,3.1403219847667923,1.7,9.236100170605994,-2235.084750601368,-3175.441622752408,-491.73481844125024,-2828.7701101914477,-0.0,-0.0,593.7351131960148,0.0,1.0,0.12010260617147803,0.0,0,1.1240415660763108,65.99961422222222,-0.04975360593496703,0.20465409495648146,9.252006945672914,0.002868471486725478,-92.47717388187915,1.219384966578322,0.32118249062307597,-3251.6883793142742,76.24675656186682,0.13249536268731793,-248.92020060901663,-242.8146178322336
2025-01-01 18:27:00,0.5952777010127761,0.23540870161409866,0.0,0.009921295016879602,0.0039234783602349775,0.0,0.13858695023068915,0.40669075078208683,0.0,0.05,0.0,0.0,0.0,0.22082536828076532,0,0.01458333333333334,1,0,0,Off,0,0,Off,0,0,Off,0.04383093810316148,0.0328732035773711,On,0,0,Off,0.006433654970760233,0.0,On,0.13215329525992892,0,On,0.11225692640773297,0,On,0.25060288627119237,0.1879521647033942,On,Off,0.0,20.000000000000057,0.0,0.0,0.0,0.0,0,0.0,21116.65276888889,Off,0.0,23.888888888888914,0,0.0,0.05,0.0,0.0,0,0,0,11489.55984,Off,0.0,0,77.12623930054689,51.666666666666686,46.10666666666668,0.0,50.93579998883392,0.0,0.0,0.0,120.5097489071045,48.32579212458259,50.93579998883392,47.020788192456926,12.43753247303448,19.660118183833017,0.0,9.41053862223018,3.1191225637140176,1.7,9.236100170605994,-2205.956470302709,-3148.9769317278133,-487.1191284218714,-2804.388203942174,-0.0,-0.0,593.7351131960148,0.0,1.0,0.11970962414512619,0.0,0,1.1203636431200874,65.99961422222222,4.696620443450541,0.2058656647216288,9.207361988430048,0.0028681501157990313,-91.86733194926616,1.219788616698574,0.3207873384049063,-3226.2781684465795,77.30123671876615,0.13213514270543134,-244.58967369213653,-242.52945472973485
2025-01-01 18:28:00,0.5952777010127761,0.23540870161409866,0.0,0.009921295016879602,0.0039234783602349775,0.0,0.13858695023068915,0.40669075078208683,0.0,0.05,0.0,0.0,0.0,0.22082536828076532,0,0.01458333333333334,1,0,0,Off,0,0,Off,0,0,Off,0.04383093810316148,0.0328732035773711,On,0,0,Off,0.006433654970760233,0.0,On,0.13215329525992892,0,On,0.11225692640773297,0,On,0.25060288627119237,0.1879521647033942,On,Off,0.0,20.000000000000057,0.0,0.0,0.0,0.0,0,0.0,21116.65276888889,Off,0.0,23.888888888888914,0,0.0,0.05,0.0,0.0,0,0,0,11489.55984,Off,0.0,0,77.33559349173083,51.666666666666686,46.10666666666668,0.0,50.91716726135796,0.0,0.0,0.0,120.83686483082943,48.30976972429171,50.91716726135796,47.00607095575859,12.43753247303448,19.565991485178753,0.0,9.362072621481452,3.0981545223078153,1.7,9.236100170605994,-2177.843267363676,-3124.003656760323,-482.56406553633263,-2780.7776244612105,-0.0,-0.0,593.7351131960148,0.0,1.0,0.11932714867551779,0.0,0,1.116784051139955,65.99961422222222,9.199243901519921,0.20705017311435447,9.1634450382114,0.0028678309698035053,-91.27214872729543,1.220181090810929,0.3204125981112458,-3202.2535938644696,78.24993710414698,0.13177788571048366,-240.32424208038702,-242.2398234559456
2025-01-01 18:29:00,0.5952777010127761,0.23540870161409866,0.0,0.009921295016879602,0.0039234783602349775,0.0,0.13858695023068915,0.40669075078208683,0.0,0.05,0.0,0.0,0.0,0.22082536828076532,0,0.01458333333333334,1,0,0,Off,0,0,Off,0,0,Off,0.04383093810316148,0.0328732035773711,On,0,0,Off,0.006433654970760233,0.0,On,0.13215329525992892,0,On,0.11225692640773297,0,On,0.25060288627119237,0.1879521647033942,On,Off,0.0,20.000000000000057,0.0,0.0,0.0,0.0,0,0.0,21116.65276888889,Off,0.0,23.888888888888914,0,0.0,0.05,0.0,0.0,0,0,0,11489.55984,Off,0.0,0,77.53781308193403,51.666666666666686,46.10666666666668,0.0,50.898490053200575,0.0,0.0,0.0,121.15283294052193,48.29370383223092,50.898490053200575,46.991310721746096,12.43753247303448,19.474480298419433,-0.025519701580623888,9.316132110236119,3.077415563065951,1.7,9.236100170605994,-2150.7062966235662,-3100.3788330471903,-478.06893912876046,-2757.89930971249,-0.0,-0.0,593.7351131960148,0.0,1.0,0.11895470394094704,0.0,0,1.1132983369155187,65.99961422222222,13.457899892908571,0.20820866467045482,9.12088671749571,0.002867513993456256,-90.69097442812848,1.2205629061856356,0.32005697989692644,-3179.5206204723067,79.14178742511662,0.13142357656227502,-236.12291814890827,-241.94602097985222
2025-01-01 18:30:00,0.8897574525513843,0.287657952033575,0.0,0.014829290875856405,0.004794299200559584,0.0,0.25798413590954383,0.5817733166418404,0.0,0.05,0.0,0.0,0.0,0.2730746187002417,0,0.01458333333333334,1,0,0,Off,0,0,Off,0,0,Off,0.04383093810316148,0.0328732035773711,On,0,0,Off,0.006433654970760233,0.0,On,0.25155048093878357,0,On,0.21767382504151803,0,On,0.3202685534971609,0.24020141512287058,On,Off,0.0,20.000000000000057,0.0,0.0,0.0,0.0,0,0.0,21116.65276888889,Off,0.0,23.888888888888914,0,0.0,0.05,0.0,0.0,0,0,0,11489.55984,Off,0.0,0,77.42019507648074,51.666666666666686,46.10666666666668,0.0,50.87976993678532,0.6720193701209375,1801.0553614582325,0.0,120.96905480700116,48.277595930560295,50.87976993678532,46.97650892744779,12.43753247303448,19.385466263810212,-0.11453373618984486,9.272559692974474,3.0569033733431845,0.6,9.236100170605994,-1989.9177632607411,-2805.921468753672,-632.3428125391581,-2958.5090221322757,-0.0,-0.0,949.3378822510274,0.0,2.0,0.12022027691949376,0.0,0,1.1251428478560928,131.99922844444444,19.253376620507353,0.2093420943745827,9.079625394027847,0.002867199133976926,-112.82605692310494,1.220934536606982,0.25401541621567203,-2885.8952784851494,79.97380973147739,0.12138805863335327,-390.6944460167993,-241.64836652235877
2025-01-01 18:31:00,0.8897574525513843,0.287657952033575,0.0,0.014829290875856405,0.004794299200559584,0.0,0.25798413590954383,0.5817733166418404,0.0,0.05,0.0,0.0,0.0,0.2730746187002417,0,0.01458333333333334,1,0,0,Off,0,0,Off,0,0,Off,0.04383093810316148,0.0328732035773711,On,0,0,Off,0.006433654970760233,0.0,On,0.25155048093878357,0,On,0.21767382504151803,0,On,0.3202685534971609,0.24020141512287058,On,Off,0.0,20.000000000000057,0.0,0.0,0.0,0.0,0,0.0,21116.65276888889,Off,0.0,23.888888888888914,0,0.0,0.05,0.0,0.0,0,0,0,11489.55984,Off,0.0,0,76.97727908603774,51.666666666666686,46.10666666666668,0.0,50.82509441414156,0.6729765293785237,1801.0553614582325,0.0,120.27699857193397,48.02205274965148,50.82509441414156,46.62053191740644,12.43753247303448,19.301070148193276,-0.19892985180678124,9.241031807514686,3.030575200784623,0.6,9.236100170605994,-1962.4263440778177,-2791.3843617823036,-626.0432582282892,-2936.7386669963244,-0.0,-0.0,949.3378822510274,0.0,2.0,0.11987417936562099,0.0,0,1.1219037171754906,131.99922844444444,24.9744406674796,0.21041636118634155,9.040665247328008,0.002866807545499792,-112.03691782470486,1.22128716488316,0.25370755519151567,-2871.919081695786,80.53471991348263,0.12089943617788534,-384.9519581174195,-241.09130011086972
2025-01-01 18:32:00,0.8897574525513843,0.287657952033575,0.0,0.014829290875856405,0.004794299200559584,0.0,0.25798413590954383,0.5817733166418404,0.0,0.05,0.0,0.0,0.0,0.2730746187002417,0,0.01458333333333334,1,0,0,Off,0,0,Off,0,0,Off,0.04383093810316148,0.0328732035773711,On,0,0,Off,0.006433654970760233,0.0,On,0.25155048093878357,0,On,0.21767382504151803,0,On,0.3202685534971609,0.24020141512287058,On,Off,0.0,20.000000000000057,0.0,0.0,0.0,0.0,0,0.0,21116.65276888889,Off,0.0,23.888888888888914,0,0.0,0.05,0.0,0.0,0,0,0,11489.55984,Off,0.0,0,76.52852143885742,51.666666666666686,46.10666666666668,0.0,50.77039015462548,0.6739369243226511,1801.0553614582327,0.0,119.57581474821473,47.766601581232294,50.77039015462548,46.2647072945357,12.43753247303448,19.218939552664775,-0.2810604473352818,9.210992362137716,3.0046073963884594,0.6,9.236100170605994,-1937.4039194958045,-2777.558222510618,-620.1568256089117,-2915.613733689317,-0.0,-0.0,949.3378822510274,0.0,2.0,0.11953686181852188,0.0,0,1.1187467586714848,131.99922844444444,28.871931942485162,0.211467213897058,9.002202568481326,0.002866418808183742,-111.2659259809196,1.2216305283486426,0.25341388043285806,-2858.622437933324,81.06421542270563,0.12041555957147526,-379.3149691715403,-240.8418564373714
2025-01-01 18:33:00,1.940530369218051,0.287657952033575,1.3652353511809254,0.03234217282030085,0.004794299200559584,0.022753922519682092,0.25798413590954383,0.5817733166418404,1.0507729166666668,0.05,0.4645728511809253,0.9006625,0.0,0.2730746187002417,0,0.01458333333333334,1,0,0,Off,0,0,Off,0,0,Off,0.04383093810316148,0.0328732035773711,On,0,0,Off,0.006433654970760233,0.0,On,0.25155048093878357,0,On,0.21767382504151803,0,On,0.3202685534971609,0.24020141512287058,On,On,17415.9303113141,20.000000000000057,0.8,4751.49537424146,26.39581596111111,1.0507729166666668,1,21116.65276888889,21116.65276888889,Off,0.0,23.888888888888914,0,0.0,0.05,0.0,0.0,0,0,0,11489.55984,On,10550.56,0,77.89941185744858,51.666666666666686,46.10666666666668,0.0,50.71565852112669,0.6749005469591663,1801.0553614582327,10550.56,121.7178310272634,47.511243638863306,50.71565852112669,45.90903619773161,12.43753247303448,19.13895129172937,-0.3610487082706868,9.18236430184238,2.978953444108061,0.6,9.236100170605994,15502.286024371853,1987.0866121430508,-614.3639730068717,-2895.097778184588,-0.0,-0.0,949.3378822510274,0.0,2.0,0.11920785612394091,0.0,0,1.1156675908834286,131.99922844444444,32.115608991315625,0.21249581820419808,8.964859208602842,0.002866032854507941,-110.51215093957597,1.221965126257341,0.2531336867315955,-2845.9684739186296,81.5597118202203,0.11993561427418913,-373.77246260723894,-240.59151039963268
2025-01-01 18:34:00,1.940530369218051,0.287657952033575,1.3652353511809254,0.03234217282030085,0.004794299200559584,0.022753922519682092,0.25798413590954383,0.5817733166418404,1.0507729166666668,0.05,0.4645728511809253,0.9006625,0.0,0.2730746187002417,0,0.01458333333333334,1,0,0,Off,0,0,Off,0,0,Off,0.04383093810316148,0.0328732035773711,On,0,0,Off,0.006433654970760233,0.0,On,0.25155048093878357,0,On,0.21767382504151803,0,On,0.3202685534971609,0.24020141512287058,On,On,17415.9303113141,20.000000000000057,0.8,4751.49537424146,26.39581596111111,1.0507729166666668,1,21116.65276888889,21116.65276888889,Off,0.0,23.888888888888914,0,0.0,0.05,0.0,0.0,0,0,0,11489.55984,On,10550.56,0,80.24041227558075,51.666666666666686,46.10666666666668,0.0,50.66093980805012,0.6758667007366307,1801.0553614582327,10550.56,125.37564418059492,48.65835294004461,50.66093980805012,47.657059506041854,12.43753247303448,19.37723680323144,-0.12276319676861647,9.326566304483363,2.9535843414027396,0.6,9.236100170605994,15426.990791531012,1919.8719121867116,-608.8645523731211,-2956.3834021768566,-0.0,-0.0,949.3378822510274,0.0,2.0,0.12018655228081163,0.0,0,1.1248272186046717,131.99922844444444,18.106000142742104,0.2093366763054825,9.074301017559893,0.002865649620454989,-112.16866286447697,1.2209700257534772,0.2545419105387899,-2909.8854127805807,78.2619507258325,0.119459101824508,-368.31737453363036,-240.54717783949081
2025-01-01 18:35:00,1.940530369218051,0.287657952033575,1.3652353511809254,0.03234217282030085,0.004794299200559584,0.022753922519682092,0.25798413590954383,0.5817733166418404,1.0507729166666668,0.05,0.4645728511809253,0.9006625,0.0,0.2730746187002417,0,0.01458333333333334,1,0,0,Off,0,0,Off,0,0,Off,0.04383093810316148,0.0328732035773711,On,0,0,Off,0.006433654970760233,0.0,On,0.25155048093878357,0,On,0.21767382504151803,0,On,0.3202685534971609,0.24020141512287058,On,On,17415.9303113141,20.000000000000057,0.8,4751.49537424146,26.39581596111111,1.0507729166666668,1,21116.65276888889,21116.65276888889,Off,0.0,23.888888888888914,0,0.0,0.05,0.0,0.0,0,0,0,11489.55984,On,10550.56,0,82.60101541442826,51.666666666666686,46.10666666666668,0.0,50.60646111815636,0.6768313684311653,1801.0553614582327,10550.56,129.06408658504415,49.80497591586997,50.60646111815636,49.404233314726774,12.43753247303448,19.607752108813422,0.0,9.462835597668395,2.9284678006805995,0.6,9.236100170605994,15354.723596625423,1856.2584684900476,-603.4819900065951,-3016.152070923483,-0.0,-0.0,949.3378822510274,0.0,2.0,0.12112932018414456,0.0,0,1.133650593419668,131.99922844444444,5.607473983778419,0.206329288859321,9.179809128200999,0.002865260324929099,-113.75430501561576,1.220008929468771,0.2558655438051254,-2970.692459976024,75.4555542246116,0.11898545337512109,-362.942061351986,-240.53992865460904
2025-01-01 18:36:00,1.940530369218051,0.287657952033575,1.3652353511809254,0.03234217282030085,0.004794299200559584,0.022753922519682092,0.25798413590954383,0.5817733166418404,1.0507729166666668,0.05,0.4645728511809253,0.9006625,0.0,0.2730746187002417,0,0.01458333333333334,1,0,0,Off,0,0,Off,0,0,Off,0.04383093810316148,0.0328732035773711,On,0,0,Off,0.006433654970760233,0.0,On,0.25155048093878357,0,On,0.21767382504151803,0,On,0.3202685534971609,0.24020141512287058,On,On,17415.9303113141,20.000000000000057,0.8,4751.49537424146,26.39581596111111,1.0507729166666668,1,21116.65276888889,21116.65276888889,Off,0.0,23.888888888888914,0,0.0,0.05,0.0,0.0,0,0,0,11489.55984,On,10550.56,0,85.01226511279863,51.666666666666686,46.10666666666668,0.0,50.95110849402053,0.670774591078025,1801.0553614582325,10550.56,132.83166423874786,50.95110849402054,50.951108494020545,50.95110849402053,12.43753247303448,19.830985750066045,0.0,9.591777662689703,2.903582086161309,0.6,9.236100170605994,15284.172394870282,1795.6691311500022,-598.2691375660862,-3074.482130679412,-0.0,-0.0,949.3378822510274,0.0,2.0,0.12203860426607305,0.0,0,1.1421605927947014,131.99922844444444,-6.613668015432623,0.20346175434273786,9.281688478463831,0.0028648652152178937,-115.27374900490543,1.2190796476887966,0.2571117306839185,-3028.5911328760562,72.76488978459841,0.1185142909223861,-357.6412549406247,-240.62788262546152
2025-01-01 18:37:00,1.940530369218051,0.287657952033575,0.9006625,0.03234217282030085,0.004794299200559584,0.015011041666666667,0.25798413590954383,0.5817733166418404,1.0507729166666668,0.05,0.0,0.9006625,0.0,0.2730746187002417,0,0.01458333333333334,1,0,0,Off,0,0,Off,0,0,Off,0.04383093810316148,0.0328732035773711,On,0,0,Off,0.006433654970760233,0.0,On,0.25155048093878357,0,On,0.21767382504151803,0,On,0.3202685534971609,0.24020141512287058,On,On,17415.9303113141,20.000000000000057,0.8,4751.49537424146,26.39581596111111,1.0507729166666668,1,21116.65276888889,21116.65276888889,Off,0.0,23.888888888888914,0,0.0,0.05,0.0,0.0,0,0,0,11489.55984,Off,0.0,0,85.68054978629588,51.666666666666686,46.10666666666668,0.0,52.09674015305176,0.6513979909751463,1801.0553614582327,0.0,133.87585904108732,52.09674015305176,52.09674015305177,52.09674015305176,12.43753247303448,20.047323357602544,0.0,9.71389573711964,2.8789066532812755,0.6,9.236100170605994,15215.487067122365,1737.974919066562,-593.1911365054754,-3131.4304838911207,-0.0,-0.0,949.3378822510274,0.0,2.0,0.12291637521863988,0.0,0,1.1503756604575197,131.99922844444444,-18.350642551640817,0.2007241639376793,9.380185521075024,0.0028644645227221396,-116.73078390280097,1.218180436111956,0.25828642202868973,-3083.7476192236145,70.22716404871639,0.11804525294144277,-352.4100284408721,-240.78110806460322
2025-01-01 18:38:00,0.8897574525513843,0.287657952033575,0.0,0.014829290875856405,0.004794299200559584,0.0,0.25798413590954383,0.5817733166418404,0.0,0.05,0.0,0.0,0.0,0.2730746187002417,0,0.01458333333333334,1,0,0,Off,0,0,Off,0,0,Off,0.04383093810316148,0.0328732035773711,On,0,0,Off,0.006433654970760233,0.0,On,0.25155048093878357,0,On,0.21767382504151803,0,On,0.3202685534971609,0.24020141512287058,On,Off,0.0,20.000000000000057,0.0,0.0,0.0,0.0,0,0.0,21116.65276888889,Off,0.0,23.888888888888914,0,0.0,0.05,0.0,0.0,0,0,0,11489.55984,Off,0.0,0,84.44384025187232,51.666666666666686,46.10666666666668,0.0,52.04188117752854,0.6523002915459603,1801.0553614582327,0.0,131.9435003935505,51.839480945134426,52.04188117752854,51.73828082893737,12.43753247303448,20.25710082922954,0.0,9.829630473720783,2.854425091943862,0.6,9.236100170605994,-2267.2768749195297,-3068.469562075691,-588.196807568776,-3187.045407048931,-0.0,-0.0,949.3378822510274,0.0,2.0,0.1237643572210163,0.0,0,1.1583119330192893,131.99922844444444,-29.569350121626258,0.19810779330846956,9.474803620953343,0.002864058466047604,-118.12873695691266,1.2173097710592935,0.25939480027667133,-3136.3084979091377,67.83893583344656,0.11757805106760286,-347.2444089649326,-240.95239860384342
2025-01-01 18:39:00,0.8897574525513843,0.287657952033575,0.0,0.014829290875856405,0.004794299200559584,0.0,0.25798413590954383,0.5817733166418404,0.0,0.05,0.0,0.0,0.0,0.2730746187002417,0,0.01458333333333334,1,0,0,Off,0,0,Off,0,0,Off,0.04383093810316148,0.0328732035773711,On,0,0,Off,0.006433654970760233,0.0,On,0.25155048093878357,0,On,0.21767382504151803,0,On,0.3202685534971609,0.24020141512287058,On,Off,0.0,20.000000000000057,0.0,0.0,0.0,0.0,0,0.0,21116.65276888889,Off,0.0,23.888888888888914,0,0.0,0.05,0.0,0.0,0,0,0,11489.55984,Off,0.0,0,84.07309722828214,51.666666666666686,46.10666666666668,0.0,51.9871673795625,0.6532026975087254,1801.0553614582327,0.0,131.36421441919083,51.58247865438799,51.9871673795625,51.38013429180074,12.43753247303448,20.144390031274597,0.0,9.7678810911519,2.830125326251956,0.6,9.236100170605994,-2230.9717006928963,-3039.3549318888136,-583.3451940974082,-3157.1161432413232,-0.0,-0.0,949.3378822510274,0.0,2.0,0.1233091326339423,0.0,0,1.1540514812765474,131.99922844444444,-23.193439702600386,0.19946510947001234,9.423214668430022,0.0028636472525849724,-117.13061156350139,1.2177778760578013,0.25880402423483495,-3108.230315533089,68.87538364427587,0.11711247544546957,-342.1413981345887,-241.2037959628195
2025-01-01 18:40:00,0.8897574525513843,0.287657952033575,0.0,0.014829290875856405,0.004794299200559584,0.0,0.25798413590954383,0.5817733166418404,0.0,0.05,0.0,0.0,0.0,0.2730746187002417,0,0.01458333333333334,1,0,0,Off,0,0,Off,0,0,Off,0.04383093810316148,0.0328732035773711,On,0,0,Off,0.006433654970760233,0.0,On,0.25155048093878357,0,On,0.21767382504151803,0,On,0.3202685534971609,0.24020141512287058,On,Off,0.0,20.000000000000057,0.0,0.0,0.0,0.0,0,0.0,21116.65276888889,Off,0.0,23.888888888888914,0,0.0,0.05,0.0,0.0,0,0,0,11489.55984,Off,0.0,0,83.69235443704908,51.666666666666686,46.10666666666668,0.0,51.93240805104053,0.6541083578147989,1801.0553614582325,0.0,130.76930380788917,51.325553382736274,51.93240805104053,51.02212604858414,12.43753247303448,20.035479414726098,0.0,9.70975735107921,2.805995065051396,0.6,9.236100170605994,-2196.9249429599563,-3011.2603984141856,-578.5206145217107,-3128.3020293701884,-0.0,-0.0,949.3378822510274,0.0,2.0,0.1228684058204715,0.0,0,1.1499267143508554,131.99922844444444,-17.9607958407952,0.2007859353827494,9.372882112693123,0.002863239670390655,-116.16169758725519,1.2182305477641726,0.2582467010900235,-3081.873345508626,70.6129470944402,0.11664830864613998,-337.0980014554642,-241.42261306624653
2025-01-01 18:41:00,0.8897574525513843,0.287657952033575,0.0,0.014829290875856405,0.004794299200559584,0.0,0.25798413590954383,0.5817733166418404,0.0,0.05,0.0,0.0,0.0,0.2730746187002417,0,0.01458333333333334,1,0,0,Off,0,0,Off,0,0,Off,0.04383093810316148,0.0328732035773711,On,0,0,Off,0.006433654970760233,0.0,On,0.25155048093878357,0,On,0.21767382504151803,0,On,0.3202685534971609,0.24020141512287058,On,Off,0.0,20.000000000000057,0.0,0.0,0.0,0.0,0,0.0,21116.65276888889,Off,0.0,23.888888888888914,0,0.0,0.05,0.0,0.0,0,0,0,11489.55984,Off,0.0,0,83.30248168977589,51.666666666666686,46.10666666666668,0.0,51.87760547204479,0.6550172512884955,1801.0553614582325,0.0,130.16012764027482,51.06870720755631,51.87760547204479,50.66425807531207,12.43753247303448,19.930046888247876,0.0,9.654933673804345,2.782028179162649,0.6,9.236100170605994,-2163.822686832404,-2985.459389052774,-573.8391525341767,-3100.5075856878225,-0.0,-0.0,949.3378822510274,0.0,2.0,0.12244095143383041,0.0,0,1.1459261642087524,131.99922844444444,-12.652983395608786,0.2020733327718736,9.324350047692189,0.0028628356099466264,-115.21963443855228,1.2186690907458284,0.25771991628779756,-3057.0775108936405,71.61812184086656,0.11618544894925673,-332.11255246973724,-241.72660006443948
2025-01-01 18:42:00,0.8897574525513843,0.287657952033575,0.0,0.014829290875856405,0.004794299200559584,0.0,0.25798413590954383,0.5817733166418404,0.0,0.05,0.0,0.0,0.0,0.2730746187002417,0,0.01458333333333334,1,0,0,Off,0,0,Off,0,0,Off,0.04383093810316148,0.0328732035773711,On,0,0,Off,0.006433654970760233,0.0,On,0.25155048093878357,0,On,0.21767382504151803,0,On,0.3202685534971609,0.24020141512287058,On,Off,0.0,20.000000000000057,0.0,0.0,0.0,0.0,0,0.0,21116.65276888889,Off,0.0,23.888888888888914,0,0.0,0.05,0.0,0.0,0,0,0,11489.55984,Off,0.0,0,82.90410521610465,51.666666666666686,46.10666666666668,0.0,51.82276173090448,0.6559293596410177,1801.0553614582325,0.0,129.53766440016352,50.811942025528296,51.82276173090448,50.306532172840214,12.43753247303448,19.82786096132784,0.0,9.603100952726935,2.7582155679325457,0.6,9.236100170605994,-2131.822510969771,-2961.0163373436476,-569.1497494958315,-3073.6625926757156,-0.0,-0.0,949.3378822510274,0.0,2.0,0.12202590114024682,0.0,0,1.142041704105247,131.99922844444444,-7.497800545082924,0.2033293549608762,9.277497256153211,0.002862434970627783,-114.3027267129425,1.219094437446958,0.2572208785502684,-3033.6923213317177,72.6759839880702,0.11572373523018586,-327.18279568053885,-241.96695381529273
2025-01-01 18:43:00,0.8897574525513843,0.287657952033575,0.0,0.014829290875856405,0.004794299200559584,0.0,0.25798413590954383,0.5817733166418404,0.0,0.05,0.0,0.0,0.0,0.2730746187002417,0,0.01458333333333334,1,0,0,Off,0,0,Off,0,0,Off,0.04383093810316148,0.0328732035773711,On,0,0,Off,0.006433654970760233,0.0,On,0.25155048093878357,0,On,0.21767382504151803,0,On,0.3202685534971609,0.24020141512287058,On,Off,0.0,20.000000000000057,0.0,0.0,0.0,0.0,0,0.0,21116.65276888889,Off,0.0,23.888888888888914,0,0.0,0.05,0.0,0.0,0,0,0,11489.55984,Off,0.0,0,82.497744177056,51.666666666666686,46.10666666666668,0.0,51.76787877786559,0.6568446666144929,1801.0553614582325,0.0,128.90272527665002,50.55525960323791,51.76787877786559,49.94895001592407,12.43753247303448,19.728729917178573,0.0,9.554029975567378,2.734555161109443,0.6,9.236100170605994,-2100.916488897526,-2937.921155670304,-564.5985964100336,-3047.708322023793,-0.0,-0.0,949.3378822510274,0.0,2.0,0.12162254039788833,0.0,0,1.1382666466357447,131.99922844444444,-2.5460491247604295,0.2045556472074941,9.231525755756785,0.0028620376582336256,-113.40956879388077,1.219507358261398,0.25674753664576744,-3011.605104060863,73.68394839055921,0.11526314087851704,-322.30795689609494,-242.29063951393866
2025-01-01 18:44:00,0.8897574525513843,0.287657952033575,0.0,0.014829290875856405,0.004794299200559584,0.0,0.25798413590954383,0.5817733166418404,0.0,0.05,0.0,0.0,0.0,0.2730746187002417,0,0.01458333333333334,1,0,0,Off,0,0,Off,0,0,Off,0.04383093810316148,0.0328732035773711,On,0,0,Off,0.006433654970760233,0.0,On,0.25155048093878357,0,On,0.21767382504151803,0,On,0.3202685534971609,0.24020141512287058,On,Off,0.0,20.000000000000057,0.0,0.0,0.0,0.0,0,0.0,21116.65276888889,Off,0.0,23.888888888888914,0,0.0,0.05,0.0,0.0,0,0,0,11489.55984,Off,0.0,0,82.08384141386313,51.666666666666686,46.10666666666668,0.0,51.712958448683864,0.657763157615306,1801.0553614582325,0.0,128.25600220916112,50.29866159941896,51.712958448683864,49.59151317478651,12.43753247303448,19.632490374915708,0.0,9.507522497729726,2.7110403336091697,0.6,9.236100170605994,-2071.083371194284,-2916.0898962473248,-560.0202886339035,-3022.594328974544,-0.0,-0.0,949.3378822510274,0.0,2.0,0.12123026353605132,0.0,0,1.1345953233217008,131.99922844444444,2.1730755292327046,0.2057535722244662,9.187054245538334,0.002861643583903395,-112.53896113451381,1.2199085084507473,0.2562981155492275,-2990.718492053398,74.62859580607356,0.11480354962233849,-317.48633860288567,-242.53395003101787
2025-01-01 18:45:00,0.9683217708452156,0.28282005847621605,0.0,0.016138696180753594,0.004713667641270267,0.0,0.25568803618495045,0.6626337346602652,0.0,0.05,0.0,0.0,0.0,0.2682367251428827,0,0.01458333333333334,1,0,0,Off,0,0,Off,0,0,Off,0.04383093810316148,0.0328732035773711,On,0,0,Off,0.006433654970760233,0.0,On,0.24925438121419022,0,On,0.3049847678030881,0,On,0.3138180287540156,0.23536352156551163,On,Off,0.0,20.000000000000057,0.0,0.0,0.0,0.0,0,0.0,21116.65276888889,Off,0.0,23.888888888888914,0,0.0,0.05,0.0,0.0,0,0,0,11489.55984,Off,0.0,0,81.97581141549088,51.666666666666686,46.10666666666668,0.0,51.65800248144276,0.0,0.0,0.0,128.0872053367045,50.042149580808335,51.65800248144276,49.23422313049113,12.43753247303448,19.538998580414685,0.0,9.463405567111772,2.6876716739408284,0.6,9.236100170605994,-1963.2731043825834,-2895.430967097587,-555.5717502908093,-2998.2760275829705,-0.0,-0.0,1028.353737276879,0.0,2.0,0.12084853940517913,0.0,0,1.1310227631287764,131.99922844444444,6.649185923508256,0.20692430751349644,9.14400785428457,0.002861252663342297,-111.82530737587496,1.2202984639260928,0.25587106574615903,-2970.947621247272,75.51665414968483,0.11434498512849807,-312.71773803541373,-242.8540122553956
2025-01-01 18:46:00,0.9683217708452156,0.28282005847621605,0.0,0.016138696180753594,0.004713667641270267,0.0,0.25568803618495045,0.6626337346602652,0.0,0.05,0.0,0.0,0.0,0.2682367251428827,0,0.01458333333333334,1,0,0,Off,0,0,Off,0,0,Off,0.04383093810316148,0.0328732035773711,On,0,0,Off,0.006433654970760233,0.0,On,0.24925438121419022,0,On,0.3049847678030881,0,On,0.3138180287540156,0.23536352156551163,On,Off,0.0,20.000000000000057,0.0,0.0,0.0,0.0,0,0.0,21116.65276888889,Off,0.0,23.888888888888914,0,0.0,0.05,0.0,0.0,0,0,0,11489.55984,Off,0.0,0,82.16992981742747,51.666666666666686,46.10666666666668,0.0,51.638926527708314,0.0,0.0,0.0,128.39051533973043,50.025119718123726,51.638926527708314,49.21821631333144,12.43753247303448,19.449559791822512,-0.050440208177544577,9.421525962153684,2.6644444824641833,0.6,9.236100170605994,-1935.9261797831364,-2875.86872842018,-551.088154564932,-2975.0846354297364,-0.0,-0.0,1028.353737276879,0.0,2.0,0.12048276277858036,0.0,0,1.1275994557976334,131.99922844444444,10.804718369721215,0.20805030026300342,9.102406569870833,0.0028608643458914377,-111.007275644195,1.2206717580538868,0.2554650126570292,-2952.217438330572,76.34870991039168,0.11388736702219653,-308.0008789551115,-243.08727560982052
2025-01-01 18:47:00,0.9683217708452156,0.28282005847621605,0.0,0.016138696180753594,0.004713667641270267,0.0,0.25568803618495045,0.6626337346602652,0.0,0.05,0.0,0.0,0.0,0.2682367251428827,0,0.01458333333333334,1,0,0,Off,0,0,Off,0,0,Off,0.04383093810316148,0.0328732035773711,On,0,0,Off,0.006433654970760233,0.0,On,0.24925438121419022,0,On,0.3049847678030881,0,On,0.3138180287540156,0.23536352156551163,On,Off,0.0,20.000000000000057,0.0,0.0,0.0,0.0,0,0.0,21116.65276888889,Off,0.0,23.888888888888914,0,0.0,0.05,0.0,0.0,0,0,0,11489.55984,Off,0.0,0,82.3573514403424,51.666666666666686,46.10666666666668,0.0,51.61980909502544,0.0,0.0,0.0,128.68336162553499,50.00804952879065,51.61980909502544,49.20216974567327,12.43753247303448,19.362576501038987,-0.13742349896106987,9.381745603428525,2.6413609765343216,0.6,9.236100170605994,-1909.5144874638454,-2857.333899495623,-546.7234744242438,-2952.598229821335,-0.0,-0.0,1028.353737276879,0.0,2.0,0.12012646134751631,0.0,0,1.1242648269220814,131.99922844444444,14.730005080610397,0.2091514644920119,9.062083683360022,0.002860478986968366,-110.20858156177206,1.2210350282128457,0.25507871468413185,-2934.46049358338,77.126594087757,0.1134307507075182,-303.3358981984611,-243.3875762257827
2025-01-01 18:48:00,0.9683217708452156,0.28282005847621605,0.0,0.016138696180753594,0.004713667641270267,0.0,0.25568803618495045,0.6626337346602652,0.0,0.05,0.0,0.0,0.0,0.2682367251428827,0,0.01458333333333334,1,0,0,Off,0,0,Off,0,0,Off,0.04383093810316148,0.0328732035773711,On,0,0,Off,0.006433654970760233,0.0,On,0.24925438121419022,0,On,0.3049847678030881,0,On,0.3138180287540156,0.23536352156551163,On,Off,0.0,20.000000000000057,0.0,0.0,0.0,0.0,0,0.0,21116.65276888889,Off,0.0,23.888888888888914,0,0.0,0.05,0.0,0.0,0,0,0,11489.55984,Off,0.0,0,82.53836779536972,51.666666666666686,46.10666666666668,0.0,51.60065165946523,0.0,0.0,0.0,128.9661996802652,49.99094040401495,51.60065165946523,49.18608477628982,12.43753247303448,19.27794145693912,-0.22205854306093542,9.343938587525049,2.6184179584593434,0.6,9.236100170605994,-1884.0018786290511,-2839.7628802536024,-542.3238017837447,-2930.783609227878,-0.0,-0.0,1028.353737276879,0.0,2.0,0.11977923887856677,0.0,0,1.1210151681493343,131.99922844444444,18.42799332194801,0.2102286771631043,9.022298895345715,0.0028600965145146604,-109.4284297106777,1.2213887043174674,0.2547110364013339,-2917.6154949446563,77.85261469105409,0.11297508469472907,-298.72183764094257,-243.6019641428021
2025-01-01 18:49:00,2.0190946875118825,0.28282005847621605,0.9006625,0.03365157812519804,0.004713667641270267,0.015011041666666667,0.25568803618495045,0.6626337346602652,1.0507729166666668,0.05,0.0,0.9006625,0.0,0.2682367251428827,0,0.01458333333333334,1,0,0,Off,0,0,Off,0,0,Off,0.04383093810316148,0.0328732035773711,On,0,0,Off,0.006433654970760233,0.0,On,0.24925438121419022,0,On,0.3049847678030881,0,On,0.3138180287540156,0.23536352156551163,On,On,17415.9303113141,20.000000000000057,0.8,4751.49537424146,26.39581596111111,1.0507729166666668,1,21116.65276888889,21116.65276888889,Off,0.0,23.888888888888914,0,0.0,0.05,0.0,0.0,0,0,0,11489.55984,Off,0.0,0,82.71325224059363,51.666666666666686,46.10666666666668,0.0,51.58145563282352,0.0,0.0,0.0,129.23945662592755,49.97379367444319,51.58145563282352,49.169962695253034,12.43753247303448,19.195554113304624,-0.30444588669543293,9.307989077929221,2.5956185248690087,0.6,9.236100170605994,15556.583962257497,1928.3982812830727,-538.030737995558,-2909.609751971897,-0.0,-0.0,1028.353737276879,0.0,2.0,0.1194407232436063,0.0,0,1.1178469967283162,131.99922844444444,21.909665638414566,0.21128276807109844,8.983689176021642,0.0028597168595005506,-108.66607253865917,1.221733189753223,0.2543609296646384,-2901.626269156569,78.52917619818167,0.11252044240344251,-294.1590084042807,-243.87172959127722
2025-01-01 18:50:00,2.0190946875118825,0.28282005847621605,0.9006625,0.03365157812519804,0.004713667641270267,0.015011041666666667,0.25568803618495045,0.6626337346602652,1.0507729166666668,0.05,0.0,0.9006625,0.0,0.2682367251428827,0,0.01458333333333334,1,0,0,Off,0,0,Off,0,0,Off,0.04383093810316148,0.0328732035773711,On,0,0,Off,0.006433654970760233,0.0,On,0.24925438121419022,0,On,0.3049847678030881,0,On,0.3138180287540156,0.23536352156551163,On,On,17415.9303113141,20.000000000000057,0.8,4751.49537424146,26.39581596111111,1.0507729166666668,1,21116.65276888889,21116.65276888889,Off,0.0,23.888888888888914,0,0.0,0.05,0.0,0.0,0,0,0,11489.55984,Off,0.0,0,82.03377462599413,51.666666666666686,46.10666666666668,0.0,51.56222236662244,0.0,0.0,0.0,128.1777728531158,49.956610613933854,51.56222236662244,49.15380473758956,12.43753247303448,19.431547292503954,-0.06845270749610322,9.44528317206457,2.5729606538712586,0.6,9.236100170605994,15482.025013056716,1864.0583462860732,-533.7082145623247,-2970.4226194841854,-0.0,-0.0,1028.353737276879,0.0,2.0,0.12040902589815679,0.0,0,1.126909351551015,131.99922844444444,8.16358394992244,0.2081730991249173,9.092517249993353,0.002859339955739889,-110.28604942318489,1.220748030298246,0.2556954351504414,-2962.838032236546,75.40100428115932,0.1120667957295937,-289.6466927431699,-244.0615218191547
2025-01-01 18:51:00,2.0190946875118825,0.28282005847621605,0.9006625,0.03365157812519804,0.004713667641270267,0.015011041666666667,0.25568803618495045,0.6626337346602652,1.0507729166666668,0.05,0.0,0.9006625,0.0,0.2682367251428827,0,0.01458333333333334,1,0,0,Off,0,0,Off,0,0,Off,0.04383093810316148,0.0328732035773711,On,0,0,Off,0.006433654970760233,0.0,On,0.24925438121419022,0,On,0.3049847678030881,0,On,0.3138180287540156,0.23536352156551163,On,On,17415.9303113141,20.000000000000057,0.8,4751.49537424146,26.39581596111111,1.0507729166666668,1,21116.65276888889,21116.65276888889,Off,0.0,23.888888888888914,0,0.0,0.05,0.0,0.0,0,0,0,11489.55984,Off,0.0,0,81.37526100355049,51.666666666666686,46.10666666666668,0.0,51.54314008327282,0.0,0.0,0.0,127.14884531804765,49.93956870982508,51.54314008327282,49.13778302310123,12.43753247303448,19.659868740071037,0.0,9.575014399524349,2.550447783515139,0.6,9.236100170605994,15410.444865942902,1803.2093678846572,-529.4792200366151,-3029.730440252019,-0.0,-0.0,1028.353737276879,0.0,2.0,0.1213419276282901,0.0,0,1.1356403887463042,131.99922844444444,-4.108742396058588,0.2052120227867192,9.196789320738272,0.0028589571244559925,-111.83695261794657,1.2197964214634522,0.2569500605058472,-3021.044158716009,72.75815235920612,0.11161422606724075,-285.1852602833922,-244.2939597532229
2025-01-01 18:52:00,2.0190946875118825,0.28282005847621605,0.9006625,0.03365157812519804,0.004713667641270267,0.015011041666666667,0.25568803618495045,0.6626337346602652,1.0507729166666668,0.05,0.0,0.9006625,0.0,0.2682367251428827,0,0.01458333333333334,1,0,0,Off,0,0,Off,0,0,Off,0.04383093810316148,0.0328732035773711,On,0,0,Off,0.006433654970760233,0.0,On,0.24925438121419022,0,On,0.3049847678030881,0,On,0.3138180287540156,0.23536352156551163,On,On,17415.9303113141,20.000000000000057,0.8,4751.49537424146,26.39581596111111,1.0507729166666668,1,21116.65276888889,21116.65276888889,Off,0.0,23.888888888888914,0,0.0,0.05,0.0,0.0,0,0,0,11489.55984,Off,0.0,0,80.73640369658163,51.666666666666686,46.10666666666668,0.0,51.524204158083656,0.0,0.0,0.0,126.1506307759088,49.922663607004075,51.524204158083656,49.12189333146429,12.43753247303448,19.881001457909168,0.0,9.697767039117934,2.5280788169071693,0.6,9.236100170605994,15340.542367139898,1745.2727514807734,-525.2299153963315,-3087.611485366981,-0.0,-0.0,1028.353737276879,0.0,2.0,0.12224183630027431,0.0,0,1.1440626435601469,131.99922844444444,-16.130196084099765,0.20238790964182565,9.297488840920488,0.002858568606726695,-113.32333337673666,1.218876200832733,0.2581315815110421,-3076.4449573644065,70.22233460371997,0.11116272438571023,-280.7741752927826,-244.45574010354898
2025-01-01 18:53:00,2.0190946875118825,0.28282005847621605,0.9006625,0.03365157812519804,0.004713667641270267,0.015011041666666667,0.25568803618495045,0.6626337346602652,1.0507729166666668,0.05,0.0,0.9006625,0.0,0.2682367251428827,0,0.01458333333333334,1,0,0,Off,0,0,Off,0,0,Off,0.04383093810316148,0.0328732035773711,On,0,0,Off,0.006433654970760233,0.0,On,0.24925438121419022,0,On,0.3049847678030881,0,On,0.3138180287540156,0.23536352156551163,On,On,17415.9303113141,20.000000000000057,0.8,4751.49537424146,26.39581596111111,1.0507729166666668,1,21116.65276888889,21116.65276888889,Off,0.0,23.888888888888914,0,0.0,0.05,0.0,0.0,0,0,0,11489.55984,Off,0.0,0,80.11616999679275,51.666666666666686,46.10666666666668,0.0,51.50541025462364,0.0,0.0,0.0,125.18151561998867,49.905891222018056,51.50541025462364,49.10613170571527,12.43753247303448,20.095326240651413,0.0,9.814024974064267,2.505857155774627,0.6,9.236100170605994,15272.479401228067,1690.1214020781085,-521.0607926576337,-3144.122588483453,-0.0,-0.0,1028.353737276879,0.0,2.0,0.12311069085379643,0.0,0,1.1521942625496562,131.99922844444444,-27.682058879458666,0.1996910854685517,9.394859239876546,0.002858174628142282,-114.74887897688168,1.2179856479347069,0.25924562460812467,-3129.204999960372,67.83102779702048,0.11071237283194109,-276.41378700068026,-244.6470056569534
2025-01-01 18:54:00,0.9683217708452156,0.28282005847621605,0.0,0.016138696180753594,0.004713667641270267,0.0,0.25568803618495045,0.6626337346602652,0.0,0.05,0.0,0.0,0.0,0.2682367251428827,0,0.01458333333333334,1,0,0,Off,0,0,Off,0,0,Off,0.04383093810316148,0.0328732035773711,On,0,0,Off,0.006433654970760233,0.0,On,0.24925438121419022,0,On,0.3049847678030881,0,On,0.3138180287540156,0.23536352156551163,On,Off,0.0,20.000000000000057,0.0,0.0,0.0,0.0,0,0.0,21116.65276888889,Off,0.0,23.888888888888914,0,0.0,0.05,0.0,0.0,0,0,0,11489.55984,Off,0.0,0,79.5136596196277,51.666666666666686,46.10666666666668,0.0,51.4867542641333,0.0,0.0,0.0,124.24009315566828,49.88924768595171,51.4867542641333,49.09049439686091,12.43753247303448,20.303174744099987,0.0,9.92421103885548,2.483782435634771,0.6,9.236100170605994,-2209.6839496940747,-3113.887859359977,-516.8990135360241,-3199.311982223256,-0.0,-0.0,1028.353737276879,0.0,2.0,0.12395018760004378,0.0,0,1.1600511215092406,131.99922844444444,-38.72570474769762,0.19711303209685294,9.488399011923025,0.002857775401834116,-116.11682711592246,1.2171232600543824,0.2602970830162697,-3179.4689704203915,65.58111106041457,0.11026317806654294,-272.1036980392731,-244.79531549675096
2025-01-01 18:55:00,0.9683217708452156,0.28282005847621605,0.0,0.016138696180753594,0.004713667641270267,0.0,0.25568803618495045,0.6626337346602652,0.0,0.05,0.0,0.0,0.0,0.2682367251428827,0,0.01458333333333334,1,0,0,Off,0,0,Off,0,0,Off,0.04383093810316148,0.0328732035773711,On,0,0,Off,0.006433654970760233,0.0,On,0.24925438121419022,0,On,0.3049847678030881,0,On,0.3138180287540156,0.23536352156551163,On,Off,0.0,20.000000000000057,0.0,0.0,0.0,0.0,0,0.0,21116.65276888889,Off,0.0,23.888888888888914,0,0.0,0.05,0.0,0.0,0,0,0,11489.55984,Off,0.0,0,79.77655740509373,51.666666666666686,46.10666666666668,0.0,51.46823227634287,0.0,0.0,0.0,124.65087094545893,49.87272931691709,51.46823227634287,49.07497783720421,12.43753247303448,20.188614967918774,0.0,9.857207875154014,2.4618571491108474,0.6,9.236100170605994,-2172.674379992701,-3082.1670298406643,-512.7577074060257,-3168.8463527935783,-0.0,-0.0,1028.353737276879,0.0,2.0,0.1234878579139714,0.0,0,1.1557241730695507,131.99922844444444,-32.18176447600166,0.1984861567923593,9.43585159704508,0.0028573711300136674,-115.11743922433905,1.2175988895192893,0.25965820788038924,-3148.8738809246706,66.70685108400636,0.10981520531754765,-267.8440663301916,-244.91364107583408
2025-01-01 18:56:00,0.9683217708452156,0.28282005847621605,0.0,0.016138696180753594,0.004713667641270267,0.0,0.25568803618495045,0.6626337346602652,0.0,0.05,0.0,0.0,0.0,0.2682367251428827,0,0.01458333333333334,1,0,0,Off,0,0,Off,0,0,Off,0.04383093810316148,0.0328732035773711,On,0,0,Off,0.006433654970760233,0.0,On,0.24925438121419022,0,On,0.3049847678030881,0,On,0.3138180287540156,0.23536352156551163,On,Off,0.0,20.000000000000057,0.0,0.0,0.0,0.0,0,0.0,21116.65276888889,Off,0.0,23.888888888888914,0,0.0,0.05,0.0,0.0,0,0,0,11489.55984,Off,0.0,0,80.02890098618585,51.666666666666686,46.10666666666668,0.0,51.44965363032421,0.0,0.0,0.0,125.04515779091538,49.85615633283068,51.44965363032421,49.05940768408392,12.43753247303448,20.077934019194586,0.0,9.794119569007954,2.4400832873236564,0.6,9.236100170605994,-2137.9579373051033,-3051.530794307311,-508.6750339714457,-3139.521691452023,-0.0,-0.0,1028.353737276879,0.0,2.0,0.12304030600818697,0.0,0,1.1515355300324455,131.99922844444444,-26.789983129959325,0.19982235972660253,9.385308719130546,0.0028569704942187114,-114.14748226260059,1.2180587752306444,0.2590552207338092,-3120.1515698127164,68.62077550540494,0.10936851053271292,-263.634943629923,-245.0400903415227
2025-01-01 18:57:00,0.9683217708452156,0.28282005847621605,0.0,0.016138696180753594,0.004713667641270267,0.0,0.25568803618495045,0.6626337346602652,0.0,0.05,0.0,0.0,0.0,0.2682367251428827,0,0.01458333333333334,1,0,0,Off,0,0,Off,0,0,Off,0.04383093810316148,0.0328732035773711,On,0,0,Off,0.006433654970760233,0.0,On,0.24925438121419022,0,On,0.3049847678030881,0,On,0.3138180287540156,0.23536352156551163,On,Off,0.0,20.000000000000057,0.0,0.0,0.0,0.0,0,0.0,21116.65276888889,Off,0.0,23.888888888888914,0,0.0,0.05,0.0,0.0,0,0,0,11489.55984,Off,0.0,0,80.27157042851219,51.666666666666686,46.10666666666668,0.0,51.43102065252599,0.0,0.0,0.0,125.4243287945503,49.83953092624962,51.43102065252599,49.04378606311144,12.43753247303448,19.970806098057494,0.0,9.734606989488523,2.4184613854472228,0.6,9.236100170605994,-2104.2184071658653,-3023.398881982472,-504.61091923518745,-3111.241036377006,-0.0,-0.0,1028.353737276879,0.0,2.0,0.12260629517473788,0.0,0,1.1474736180350682,131.99922844444444,-21.331108065738107,0.20112469852893983,9.335893079236596,0.0028565733840904186,-113.20459881196942,1.218504235528225,0.25848512046502836,-3093.1331125602283,69.73423057775591,0.10892312048147348,-259.4760948860104,-245.13482434917705
2025-01-01 18:58:00,0.9683217708452156,0.28282005847621605,0.0,0.016138696180753594,0.004713667641270267,0.0,0.25568803618495045,0.6626337346602652,0.0,0.05,0.0,0.0,0.0,0.2682367251428827,0,0.01458333333333334,1,0,0,Off,0,0,Off,0,0,Off,0.04383093810316148,0.0328732035773711,On,0,0,Off,0.006433654970760233,0.0,On,0.24925438121419022,0,On,0.3049847678030881,0,On,0.3138180287540156,0.23536352156551163,On,Off,0.0,20.000000000000057,0.0,0.0,0.0,0.0,0,0.0,21116.65276888889,Off,0.0,23.888888888888914,0,0.0,0.05,0.0,0.0,0,0,0,11489.55984,Off,0.0,0,80.50520158494692,51.666666666666686,46.10666666666668,0.0,51.41233547542818,0.0,0.0,0.0,125.78937747647956,49.822855106904,51.41233547542818,49.02811492264191,12.43753247303448,19.8669962384724,0.0,9.678342902949716,2.396993495723302,0.6,9.236100170605994,-2071.611608029559,-2996.772420987534,-500.5790460464725,-3083.932823230545,-0.0,-0.0,1028.353737276879,0.0,2.0,0.12218494611363497,0.0,0,1.1435302076994867,131.99922844444444,-16.032522075892842,0.20239522823397596,9.288194205720842,0.0028561796981558018,-112.28709020205503,1.2189362159065373,0.2579449803863239,-3067.6574232309426,70.88500224340848,0.10847909376864327,-255.36757284047968,-245.21147320599283
2025-01-01 18:59:00,0.9683217708452156,0.28282005847621605,0.0,0.016138696180753594,0.004713667641270267,0.0,0.25568803618495045,0.6626337346602652,0.0,0.05,0.0,0.0,0.0,0.2682367251428827,0,0.01458333333333334,1,0,0,Off,0,0,Off,0,0,Off,0.04383093810316148,0.0328732035773711,On,0,0,Off,0.006433654970760233,0.0,On,0.24925438121419022,0,On,0.3049847678030881,0,On,0.3138180287540156,0.23536352156551163,On,Off,0.0,20.000000000000057,0.0,0.0,0.0,0.0,0,0.0,21116.65276888889,Off,0.0,23.888888888888914,0,0.0,0.05,0.0,0.0,0,0,0,11489.55984,Off,0.0,0,80.73032268649682,51.666666666666686,46.10666666666668,0.0,51.39360009135079,0.0,0.0,0.0,126.14112919765127,49.80613075243022,51.39360009135079,49.012396082969936,12.43753247303448,19.766309452213257,0.0,9.625082935617641,2.375681095342049,0.6,9.236100170605994,-2040.1278914549598,-2971.6211359170684,-496.5799913738975,-3057.537081927728,-0.0,-0.0,1028.353737276879,0.0,2.0,0.12177553379656127,0.0,0,1.1396985134779856,131.99922844444444,-10.944546804110331,0.20363559824273694,9.241410483055583,0.0028557893413827746,-111.39354536634082,1.219355499122377,0.2574326359529285,-3043.6029772023116,71.98184128524306,0.10803647794519443,-251.30931338844704,-245.27067798545045
2025-01-01 19:00:00,0.9669706367567616,0.28150513033312125,0.0,0.01611617727927936,0.004691752172218688,0.0,0.256090139620623,0.6608804971361387,0.0,0.05,0.0,0.0,0.0,0.2669217969997879,0,0.01458333333333334,1,0,0,Off,0,0,Off,0,0,Off,0.04207770057903502,0.03155827543427625,On,0,0,Off,0.006835758406432749,0.0,On,0.24925438121419022,0,On,0.3049847678030881,0,On,0.3138180287540156,0.23536352156551163,On,Off,0.0,20.000000000000057,0.0,0.0,0.0,0.0,0,0.0,21116.65276888889,Off,0.0,23.888888888888914,0,0.0,0.05,0.0,0.0,0,0,0,11489.55984,Off,0.0,0,80.94738513512105,51.666666666666686,46.10666666666668,0.0,51.37481637616879,0.0,0.0,0.0,126.48028927362665,49.78935963072863,51.37481637616879,48.99663125800856,12.43753247303448,19.66857927499285,0.0,9.574614978497813,2.354525583361192,0.6,9.236100170605994,-2011.0955295332965,-2947.8047640514847,-492.6137129554879,-3032.0022156694013,-0.0,-0.0,1027.0026031884252,0.0,2.0,0.12137744254607376,0.0,0,1.1359727732388405,131.99922844444444,-6.095917052320289,0.2048471770011337,9.196857966832983,0.0028554022241029427,-110.52275803341783,1.2197627521500913,0.25694620712318655,-3020.8644077435365,73.05964369205196,0.10759531965762147,-247.30123229656743,-245.31248065892052
2025-01-01 19:01:00,0.9669706367567616,0.28150513033312125,0.0,0.01611617727927936,0.004691752172218688,0.0,0.256090139620623,0.6608804971361387,0.0,0.05,0.0,0.0,0.0,0.2669217969997879,0,0.01458333333333334,1,0,0,Off,0,0,Off,0,0,Off,0.04207770057903502,0.03155827543427625,On,0,0,Off,0.006835758406432749,0.0,On,0.24925438121419022,0,On,0.3049847678030881,0,On,0.3138180287540156,0.23536352156551163,On,Off,0.0,20.000000000000057,0.0,0.0,0.0,0.0,0,0.0,21116.65276888889,Off,0.0,23.888888888888914,0,0.0,0.05,0.0,0.0,0,0,0,11489.55984,Off,0.0,0,81.15685277975746,51.666666666666686,46.10666666666668,0.0,51.35598610624229,0.0,0.0,0.0,126.80758246837102,49.77254341592422,51.35598610624229,48.980822070765186,12.43753247303448,19.573634509628015,0.0,9.52675487110227,2.3335282916114855,0.6,9.236100170605994,-1981.7688485301533,-2925.317824782344,-488.680580862796,-3007.276186780644,-0.0,-0.0,1027.0026031884252,0.0,2.0,0.12099003148602237,0.0,0,1.1323469890153601,131.99922844444444,-1.4952649379345928,0.20603146286020474,9.152356188349144,0.002855018261242162,-109.67348238045076,1.2201586642628184,0.2564840614628438,-2999.350269987888,74.03244520554432,0.10715566485183352,-243.34322767138337,-245.33735319141257
2025-01-01 19:02:00,0.9669706367567616,0.28150513033312125,0.0,0.01611617727927936,0.004691752172218688,0.0,0.256090139620623,0.6608804971361387,0.0,0.05,0.0,0.0,0.0,0.2669217969997879,0,0.01458333333333334,1,0,0,Off,0,0,Off,0,0,Off,0.04207770057903502,0.03155827543427625,On,0,0,Off,0.006835758406432749,0.0,On,0.24925438121419022,0,On,0.3049847678030881,0,On,0.3138180287540156,0.23536352156551163,On,Off,0.0,20.000000000000057,0.0,0.0,0.0,0.0,0,0.0,21116.65276888889,Off,0.0,23.888888888888914,0,0.0,0.05,0.0,0.0,0,0,0,11489.55984,Off,0.0,0,81.359016748808,51.666666666666686,46.10666666666668,0.0,51.337110955678014,0.0,0.0,0.0,127.1234636700125,49.75568368578078,51.337110955678014,48.96497005083217,12.43753247303448,19.481368234528,-0.018631765472058248,9.481335595322799,2.3126904595567916,0.6,9.236100170605994,-1953.4657228905348,-2904.028210468435,-484.78090649783735,-2983.3243838935387,-0.0,-0.0,1027.0026031884252,0.0,2.0,0.12061291689276357,0.0,0,1.1288175695338907,131.99922844444444,2.8560578145786053,0.2071891942967494,9.109940864967832,0.0028546373724466067,-108.84494319347098,1.220543659137358,0.2560447134861034,-2978.9779554270203,74.94974495858497,0.10671755822265985,-239.43517562161432,-245.345730876223
2025-01-01 19:03:00,0.9669706367567616,0.28150513033312125,0.0,0.01611617727927936,0.004691752172218688,0.0,0.256090139620623,0.6608804971361387,0.0,0.05,0.0,0.0,0.0,0.2669217969997879,0,0.01458333333333334,1,0,0,Off,0,0,Off,0,0,Off,0.04207770057903502,0.03155827543427625,On,0,0,Off,0.006835758406432749,0.0,On,0.24925438121419022,0,On,0.3049847678030881,0,On,0.3138180287540156,0.23536352156551163,On,Off,0.0,20.000000000000057,0.0,0.0,0.0,0.0,0,0.0,21116.65276888889,Off,0.0,23.888888888888914,0,0.0,0.05,0.0,0.0,0,0,0,11489.55984,Off,0.0,0,81.55420638010561,51.666666666666686,46.10666666666668,0.0,51.31819253438449,0.0,0.0,0.0,127.42844746891502,49.73878195758239,51.31819253438449,48.94907666918135,12.43753247303448,19.391659227079433,-0.10834077292062361,9.43820779787975,2.2920132292981195,0.6,9.236100170605994,-1926.1424477373416,-2883.86540752218,-480.91503413417036,-2960.1090250189973,-0.0,-0.0,1027.0026031884252,0.0,2.0,0.12024565260040805,0.0,0,1.1253803391231385,131.99922844444444,6.96397409323032,0.2083213405226268,9.068163461627027,0.0028542594803489282,-108.0362565521475,1.2209182218465573,0.2556268324225364,-2959.6737578772722,75.80835035509251,0.10628104307587316,-235.57692981254127,-245.33810432162912
2025-01-01 19:04:00,0.9669706367567616,0.28150513033312125,0.0,0.01611617727927936,0.004691752172218688,0.0,0.256090139620623,0.6608804971361387,0.0,0.05,0.0,0.0,0.0,0.2669217969997879,0,0.01458333333333334,1,0,0,Off,0,0,Off,0,0,Off,0.04207770057903502,0.03155827543427625,On,0,0,Off,0.006835758406432749,0.0,On,0.24925438121419022,0,On,0.3049847678030881,0,On,0.3138180287540156,0.23536352156551163,On,Off,0.0,20.000000000000057,0.0,0.0,0.0,0.0,0,0.0,21116.65276888889,Off,0.0,23.888888888888914,0,0.0,0.05,0.0,0.0,0,0,0,11489.55984,Off,0.0,0,81.74272715847302,51.666666666666686,46.10666666666668,0.0,51.299232379656615,0.0,0.0,0.0,127.72301118511407,49.721839680195636,51.299232379656615,48.93314333046516,12.43753247303448,19.304395085995292,-0.19560491400476465,9.39723479159171,2.2714976387826864,0.6,9.236100170605994,-1899.7551849292472,-2864.7605145278612,-477.08330065072255,-2937.595147547052,-0.0,-0.0,1027.0026031884252,0.0,2.0,0.11988782454879904,0.0,0,1.1220314225897006,131.99922844444444,10.837359429379589,0.20942880413527526,9.027659469494681,0.00285388451095222,-107.24660084858394,1.2212828024041809,0.2552291961570832,-2941.370489610381,76.60997508251958,0.10584616114877499,-231.7683207147417,-245.31497993598086
2025-01-01 19:05:00,0.9669706367567616,0.28150513033312125,0.0,0.01611617727927936,0.004691752172218688,0.0,0.256090139620623,0.6608804971361387,0.0,0.05,0.0,0.0,0.0,0.2669217969997879,0,0.01458333333333334,1,0,0,Off,0,0,Off,0,0,Off,0.04207770057903502,0.03155827543427625,On,0,0,Off,0.006835758406432749,0.0,On,0.24925438121419022,0,On,0.3049847678030881,0,On,0.3138180287540156,0.23536352156551163,On,Off,0.0,20.000000000000057,0.0,0.0,0.0,0.0,0,0.0,21116.65276888889,Off,0.0,23.888888888888914,0,0.0,0.05,0.0,0.0,0,0,0,11489.55984,Off,0.0,0,81.92486472365819,51.666666666666686,46.10666666666668,0.0,51.28023196143328,0.0,0.0,0.0,128.00760113071593,49.704858239024915,51.28023196143328,48.91717137782074,12.43753247303448,19.219470742606543,-0.2805292573935141,9.358290565694137,2.251144618084546,0.6,9.236100170605994,-1874.260986663539,-2846.648797165227,-473.28603896930986,-2915.7501682630236,-0.0,-0.0,1027.0026031884252,0.0,2.0,0.11953904508656076,0.0,0,1.1187671919002364,131.99922844444444,14.486578411059597,0.2105124356932899,8.987690674128704,0.0028535123933904364,-106.47520614881995,1.2216378217973483,0.2548506737703277,-2924.006478266153,77.35768110092611,0.1054129524920111,-228.0091554550434,-245.27688351426647
2025-01-01 19:06:00,2.0177435534234283,0.28150513033312125,0.9006625,0.033629059223723806,0.004691752172218688,0.015011041666666667,0.256090139620623,0.6608804971361387,1.0507729166666668,0.05,0.0,0.9006625,0.0,0.2669217969997879,0,0.01458333333333334,1,0,0,Off,0,0,Off,0,0,Off,0.04207770057903502,0.03155827543427625,On,0,0,Off,0.006835758406432749,0.0,On,0.24925438121419022,0,On,0.3049847678030881,0,On,0.3138180287540156,0.23536352156551163,On,On,17415.9303113141,20.000000000000057,0.8,4751.49537424146,26.39581596111111,1.0507729166666668,1,21116.65276888889,21116.65276888889,Off,0.0,23.888888888888914,0,0.0,0.05,0.0,0.0,0,0,0,11489.55984,Off,0.0,0,82.10088764048486,51.666666666666686,46.10666666666668,0.0,51.26119268667181,0.0,0.0,0.0,128.28263693825758,49.6878389601351,51.26119268667181,48.901162096866756,12.43753247303448,19.136787432499435,-0.3632125675006215,9.321258259969012,2.230954986832998,0.6,9.236100170605994,15566.311880733867,1922.0247409788917,-469.523569558696,-2894.543571393786,-0.0,-0.0,1027.0026031884252,0.0,2.0,0.119198949092478,0.0,0,1.1155842298814167,131.99922844444444,17.922537625127305,0.21157304312183314,8.949575017333345,0.002853143059728857,-105.72134689557336,1.2219836761272784,0.254490212264615,-2907.524790587843,78.05415732527506,0.10498145537325959,-224.29921789616725,-245.22435166252876
2025-01-01 19:07:00,2.0177435534234283,0.28150513033312125,0.9006625,0.033629059223723806,0.004691752172218688,0.015011041666666667,0.256090139620623,0.6608804971361387,1.0507729166666668,0.05,0.0,0.9006625,0.0,0.2669217969997879,0,0.01458333333333334,1,0,0,Off,0,0,Off,0,0,Off,0.04207770057903502,0.03155827543427625,On,0,0,Off,0.006835758406432749,0.0,On,0.24925438121419022,0,On,0.3049847678030881,0,On,0.3138180287540156,0.23536352156551163,On,On,17415.9303113141,20.000000000000057,0.8,4751.49537424146,26.39581596111111,1.0507729166666668,1,21116.65276888889,21116.65276888889,Off,0.0,23.888888888888914,0,0.0,0.05,0.0,0.0,0,0,0,11489.55984,Off,0.0,0,81.42256194940926,51.666666666666686,46.10666666666668,0.0,51.24211590311199,0.0,0.0,0.0,127.22275304595196,49.670783113798734,51.24211590311199,48.88511671914211,12.43753247303448,19.372479394263085,-0.12752060573697221,9.457522379192296,2.2109294530599133,0.6,9.236100170605994,15491.914211280962,1858.1250473960235,-465.7961963561257,-2955.154867440796,-0.0,-0.0,1027.0026031884252,0.0,2.0,0.12016705394579677,0.0,0,1.1246447334802883,131.99922844444444,4.1361642192341606,0.2084623013357511,9.05770415571012,0.0028527764447922057,-107.32486853213291,1.220999366394546,0.2558140628916123,-2968.314193203844,74.94386635840738,0.10455170620931357,-220.63826898644484,-245.15792736968086
2025-01-01 19:08:00,2.0177435534234283,0.28150513033312125,0.9006625,0.033629059223723806,0.004691752172218688,0.015011041666666667,0.256090139620623,0.6608804971361387,1.0507729166666668,0.05,0.0,0.9006625,0.0,0.2669217969997879,0,0.01458333333333334,1,0,0,Off,0,0,Off,0,0,Off,0.04207770057903502,0.03155827543427625,On,0,0,Off,0.006835758406432749,0.0,On,0.24925438121419022,0,On,0.3049847678030881,0,On,0.3138180287540156,0.23536352156551163,On,On,17415.9303113141,20.000000000000057,0.8,4751.49537424146,26.39581596111111,1.0507729166666668,1,21116.65276888889,21116.65276888889,Off,0.0,23.888888888888914,0,0.0,0.05,0.0,0.0,0,0,0,11489.55984,Off,0.0,0,80.76520233353479,51.666666666666686,46.10666666666668,0.0,51.22318983022164,0.0,0.0,0.0,126.1956286461481,49.65386818455943,51.22318983022164,48.86920736172833,12.43753247303448,19.60049860775281,0.0,9.586272903977653,2.1910686132285355,0.6,9.236100170605994,15420.495632489656,1797.7011595192516,-462.10420494609514,-3014.264167372131,-0.0,-0.0,1027.0026031884252,0.0,2.0,0.12109971412983606,0.0,0,1.1333735100431193,131.99922844444444,-8.17311464073856,0.20550031671722982,9.161955127686959,0.002852403969217755,-108.86007371456134,1.2200486214869006,0.25705865227337055,-3026.1121892243586,72.31797450215018,0.10412373952230582,-217.02604732680652,-245.07815761928856
2025-01-01 19:09:00,2.0177435534234283,0.28150513033312125,0.9006625,0.033629059223723806,0.004691752172218688,0.015011041666666667,0.256090139620623,0.6608804971361387,1.0507729166666668,0.05,0.0,0.9006625,0.0,0.2669217969997879,0,0.01458333333333334,1,0,0,Off,0,0,Off,0,0,Off,0.04207770057903502,0.03155827543427625,On,0,0,Off,0.006835758406432749,0.0,On,0.24925438121419022,0,On,0.3049847678030881,0,On,0.3138180287540156,0.23536352156551163,On,On,17415.9303113141,20.000000000000057,0.8,4751.49537424146,26.39581596111111,1.0507729166666668,1,21116.65276888889,21116.65276888889,Off,0.0,23.888888888888914,0,0.0,0.05,0.0,0.0,0,0,0,11489.55984,Off,0.0,0,80.12749891263776,51.666666666666686,46.10666666666668,0.0,51.20440984287156,0.0,0.0,0.0,125.1992170509965,49.63708981687164,51.20440984287156,48.85342980387167,12.43753247303448,19.821328895690442,0.0,9.70809245781391,2.1713729533859176,0.6,9.236100170605994,15350.754342356291,1740.1738608052324,-458.447861416858,-3071.9497072653776,-0.0,-0.0,1027.0026031884252,0.0,2.0,0.12199934422510757,0.0,0,1.1417931576545508,131.99922844444444,-20.228864880856094,0.2026754351162507,9.262630053117618,0.002852025871237408,-110.33147138407344,1.2191292748456415,0.2582307194355967,-3081.1194168019824,69.79790336575473,0.10369758791956164,-213.46226993653713,-244.98559148032086
2025-01-01 19:10:00,2.0177435534234283,0.28150513033312125,0.9006625,0.033629059223723806,0.004691752172218688,0.015011041666666667,0.256090139620623,0.6608804971361387,1.0507729166666668,0.05,0.0,0.9006625,0.0,0.2669217969997879,0,0.01458333333333334,1,0,0,Off,0,0,Off,0,0,Off,0.04207770057903502,0.03155827543427625,On,0,0,Off,0.006835758406432749,0.0,On,0.24925438121419022,0,On,0.3049847678030881,0,On,0.3138180287540156,0.23536352156551163,On,On,17415.9303113141,20.000000000000057,0.8,4751.49537424146,26.39581596111111,1.0507729166666668,1,21116.65276888889,21116.65276888889,Off,0.0,23.888888888888914,0,0.0,0.05,0.0,0.0,0,0,0,11489.55984,Off,0.0,0,79.50841714653109,51.666666666666686,46.10666666666668,0.0,51.18577160467766,0.0,0.0,0.0,124.23190179145482,49.620443927307605,51.18577160467766,48.83778008862259,12.43753247303448,20.03535173547208,0.0,9.823463105458847,2.1518428511026153,0.6,9.236100170605994,15282.852168784273,1685.4160628056661,-454.8274099368408,-3128.268310949598,-0.0,-0.0,1027.0026031884252,0.0,2.0,0.12286788864982674,0.0,0,1.1499218741453012,131.99922844444444,-31.81243476865481,0.1999779628994729,9.359972858081006,0.002851642373750833,-111.74271436322803,1.2182396026194042,0.25933585559241784,-3133.5005564617727,67.42124502597886,0.10327328209047539,-209.9466331498352,-244.88077678700563
2025-01-01 19:11:00,0.9669706367567616,0.28150513033312125,0.0,0.01611617727927936,0.004691752172218688,0.0,0.256090139620623,0.6608804971361387,0.0,0.05,0.0,0.0,0.0,0.2669217969997879,0,0.01458333333333334,1,0,0,Off,0,0,Off,0,0,Off,0.04207770057903502,0.03155827543427625,On,0,0,Off,0.006835758406432749,0.0,On,0.24925438121419022,0,On,0.3049847678030881,0,On,0.3138180287540156,0.23536352156551163,On,Off,0.0,20.000000000000057,0.0,0.0,0.0,0.0,0,0.0,21116.65276888889,Off,0.0,23.888888888888914,0,0.0,0.05,0.0,0.0,0,0,0,11489.55984,Off,0.0,0,78.90705518503692,51.666666666666686,46.10666666666668,0.0,51.16727100733126,0.0,0.0,0.0,123.2922737266202,49.60392664735764,51.16727100733126,48.822254467370826,12.43753247303448,20.242899366827217,0.0,9.932805792498517,2.132478578005123,0.6,9.236100170605994,-2199.150986184215,-3118.215291480074,-451.24307105708965,-3183.2682068499125,-0.0,-0.0,1027.0026031884252,0.0,2.0,0.12370704839745625,0.0,0,1.157775579131244,131.99922844444444,-42.88538252272747,0.19739936575671752,9.454198454357098,0.0028512536873238417,-113.09700974839629,1.2173780992180907,0.2603789205529804,-3183.4002493266266,65.18495784655249,0.1028508508166763,-206.47881360315876,-244.76425745393087
2025-01-01 19:12:00,0.9669706367567616,0.28150513033312125,0.0,0.01611617727927936,0.004691752172218688,0.0,0.256090139620623,0.6608804971361387,0.0,0.05,0.0,0.0,0.0,0.2669217969997879,0,0.01458333333333334,1,0,0,Off,0,0,Off,0,0,Off,0.04207770057903502,0.03155827543427625,On,0,0,Off,0.006835758406432749,0.0,On,0.24925438121419022,0,On,0.3049847678030881,0,On,0.3138180287540156,0.23536352156551163,On,Off,0.0,20.000000000000057,0.0,0.0,0.0,0.0,0,0.0,21116.65276888889,Off,0.0,23.888888888888914,0,0.0,0.05,0.0,0.0,0,0,0,11489.55984,Off,0.0,0,79.1710965209616,51.666666666666686,46.10666666666668,0.0,51.14890414135826,0.0,0.0,0.0,123.70483831400249,49.587534295864614,51.14890414135826,48.8068493731178,12.43753247303448,20.12804029219877,0.0,9.865001250429481,2.1132803027677527,0.6,9.236100170605994,-2162.151982373144,-3086.1082213724376,-447.69504034963927,-3152.783893850256,-0.0,-0.0,1027.0026031884252,0.0,2.0,0.12324302390124278,0.0,0,1.153432768945453,131.99922844444444,-36.37069171131313,0.19877949317950241,9.40144211071767,0.0028508600117130092,-112.10870312189451,1.2178551610544381,0.25973259847159175,-3152.427720506822,66.31949913438427,0.10243032099296115,-203.05846928574195,-244.63657106389735
2025-01-01 19:13:00,0.9669706367567616,0.28150513033312125,0.0,0.01611617727927936,0.004691752172218688,0.0,0.256090139620623,0.6608804971361387,0.0,0.05,0.0,0.0,0.0,0.2669217969997879,0,0.01458333333333334,1,0,0,Off,0,0,Off,0,0,Off,0.04207770057903502,0.03155827543427625,On,0,0,Off,0.006835758406432749,0.0,On,0.24925438121419022,0,On,0.3049847678030881,0,On,0.3138180287540156,0.23536352156551163,On,Off,0.0,20.000000000000057,0.0,0.0,0.0,0.0,0,0.0,21116.65276888889,Off,0.0,23.888888888888914,0,0.0,0.05,0.0,0.0,0,0,0,11489.55984,Off,0.0,0,79.42458590147665,51.666666666666686,46.10666666666668,0.0,51.13048034692297,0.0,0.0,0.0,124.10091547105725,49.571087091755736,51.13048034692297,48.79139046417212,12.43753247303448,20.017058968310668,0.0,9.801152516461384,2.0942480943672432,0.6,9.236100170605994,-2127.4425758142065,-3055.0990284934223,-444.1834857595836,-3123.438914016872,-0.0,-0.0,1027.0026031884252,0.0,2.0,0.12279378099304313,0.0,0,1.149228299798793,131.99922844444444,-31.006264985759685,0.200122708656398,9.349982950483154,0.0028504699291299522,-111.14948049301009,1.2183164790581102,0.259122509924772,-3123.349372220144,68.25034372672154,0.10201171765498257,-199.68524061551565,-244.49824514406794
2025-01-01 19:14:00,0.9669706367567616,0.28150513033312125,0.0,0.01611617727927936,0.004691752172218688,0.0,0.256090139620623,0.6608804971361387,0.0,0.05,0.0,0.0,0.0,0.2669217969997879,0,0.01458333333333334,1,0,0,Off,0,0,Off,0,0,Off,0.04207770057903502,0.03155827543427625,On,0,0,Off,0.006835758406432749,0.0,On,0.24925438121419022,0,On,0.3049847678030881,0,On,0.3138180287540156,0.23536352156551163,On,Off,0.0,20.000000000000057,0.0,0.0,0.0,0.0,0,0.0,21116.65276888889,Off,0.0,23.888888888888914,0,0.0,0.05,0.0,0.0,0,0,0,11489.55984,Off,0.0,0,79.66840194648445,51.666666666666686,46.10666666666668,0.0,51.11200194999914,0.0,0.0,0.0,124.48187804138196,49.55458722712092,51.11200194999914,48.77587986568182,12.43753247303448,19.90963013363025,0.0,9.740918637601547,2.075381925404128,0.6,9.236100170605994,-2093.706370037581,-3026.621196571329,-440.70854549812066,-3095.1365856446746,-0.0,-0.0,1027.0026031884252,0.0,2.0,0.12235808422045223,0.0,0,1.145150609079091,131.99922844444444,-25.572387581331554,0.2014320665237441,9.301069428106072,0.0028500833306067965,-110.21701458011898,1.218763369792056,0.25854564243738554,-3095.9950736251385,69.37387705380948,0.10159506400955902,-196.35875150429715,-244.34979399382354
2025-01-01 19:15:00,0.9669706367567616,0.28150513033312125,0.0,0.01611617727927936,0.004691752172218688,0.0,0.256090139620623,0.6608804971361387,0.0,0.05,0.0,0.0,0.0,0.2669217969997879,0,0.01458333333333334,1,0,0,Off,0,0,Off,0,0,Off,0.04207770057903502,0.03155827543427625,On,0,0,Off,0.006835758406432749,0.0,On,0.24925438121419022,0,On,0.3049847678030881,0,On,0.3138180287540156,0.23536352156551163,On,Off,0.0,20.000000000000057,0.0,0.0,0.0,0.0,0,0.0,21116.65276888889,Off,0.0,23.888888888888914,0,0.0,0.05,0.0,0.0,0,0,0,11489.55984,Off,0.0,0,79.9031791943905,51.666666666666686,46.10666666666668,0.0,51.09347108291032,0.0,0.0,0.0,124.84871749123516,49.53803671152341,51.09347108291032,48.76031952582996,12.43753247303448,19.805519311827645,0.0,9.683970096417601,2.056681675593629,0.6,9.236100170605994,-2061.0996547521395,-2999.667872480527,-437.27032824700245,-3067.805565071108,-0.0,-0.0,1027.0026031884252,0.0,2.0,0.12193505569407138,0.0,0,1.1411914806101453,131.99922844444444,-20.296692869456436,0.2027096172345005,9.252463812289978,0.0028497001159401496,-109.30962948401708,1.2191967770231606,0.257999052821833,-3070.2023696532024,70.53449717267543,0.10118038146997042,-193.0786104298582,-244.19171781714422
2025-01-01 19:16:00,0.9669706367567616,0.28150513033312125,0.0,0.01611617727927936,0.004691752172218688,0.0,0.256090139620623,0.6608804971361387,0.0,0.05,0.0,0.0,0.0,0.2669217969997879,0,0.01458333333333334,1,0,0,Off,0,0,Off,0,0,Off,0.04207770057903502,0.03155827543427625,On,0,0,Off,0.006835758406432749,0.0,On,0.24925438121419022,0,On,0.3049847678030881,0,On,0.3138180287540156,0.23536352156551163,On,Off,0.0,20.000000000000057,0.0,0.0,0.0,0.0,0,0.0,21116.65276888889,Off,0.0,23.888888888888914,0,0.0,0.05,0.0,0.0,0,0,0,11489.55984,Off,0.0,0,80.12944470384662,51.666666666666686,46.10666666666668,0.0,51.07488973810968,0.0,0.0,0.0,125.20225734976033,49.5214374227058,51.07488973810968,48.74471126500386,12.43753247303448,19.70453195174458,0.0,9.630060572642872,2.0381471354202247,0.6,9.236100170605994,-2029.6130966667602,-2974.207831866343,-433.8689134920951,-3041.3860688927157,-0.0,-0.0,1027.0026031884252,0.0,2.0,0.12152397172859038,0.0,0,1.1373441414134555,131.99922844444444,-15.229630962469415,0.2039570054927765,9.20617938058362,0.0028493201912759146,-108.42593341944311,1.2196174819330419,0.25748056247110973,-3045.8485701366626,71.64073827031956,0.10076768969625442,-189.84441151285466,-244.02450197924045
2025-01-01 19:17:00,0.9669706367567616,0.28150513033312125,0.0,0.01611617727927936,0.004691752172218688,0.0,0.256090139620623,0.6608804971361387,0.0,0.05,0.0,0.0,0.0,0.2669217969997879,0,0.01458333333333334,1,0,0,Off,0,0,Off,0,0,Off,0.04207770057903502,0.03155827543427625,On,0,0,Off,0.006835758406432749,0.0,On,0.24925438121419022,0,On,0.3049847678030881,0,On,0.3138180287540156,0.23536352156551163,On,Off,0.0,20.000000000000057,0.0,0.0,0.0,0.0,0,0.0,21116.65276888889,Off,0.0,23.888888888888914,0,0.0,0.05,0.0,0.0,0,0,0,11489.55984,Off,0.0,0,80.3476488229819,51.666666666666686,46.10666666666668,0.0,51.05625979186363,0.0,0.0,0.0,125.54320128590922,49.50479112891818,51.05625979186363,48.72905679744546,12.43753247303448,19.606501982179694,0.0,9.578976100372708,2.0197780099141003,0.6,9.236100170605994,-1999.2241283552098,-2950.099732837845,-430.5043520712829,-3015.8266611642275,-0.0,-0.0,1027.0026031884252,0.0,2.0,0.12112421791331343,0.0,0,1.1336028412127976,131.99922844444444,-10.400070379407225,0.20517559505774444,9.160728862624552,0.0028489434680461926,-107.56473685245251,1.2200261500566827,0.25698827757176773,-3022.8272198208606,72.72748698301596,0.10035700663970827,-186.65573559045504,-243.84861648082784
2025-01-01 19:18:00,0.9669706367567616,0.28150513033312125,0.0,0.01611617727927936,0.004691752172218688,0.0,0.256090139620623,0.6608804971361387,0.0,0.05,0.0,0.0,0.0,0.2669217969997879,0,0.01458333333333334,1,0,0,Off,0,0,Off,0,0,Off,0.04207770057903502,0.03155827543427625,On,0,0,Off,0.006835758406432749,0.0,On,0.24925438121419022,0,On,0.3049847678030881,0,On,0.3138180287540156,0.23536352156551163,On,Off,0.0,20.000000000000057,0.0,0.0,0.0,0.0,0,0.0,21116.65276888889,Off,0.0,23.888888888888914,0,0.0,0.05,0.0,0.0,0,0,0,11489.55984,Off,0.0,0,80.55818862621909,51.666666666666686,46.10666666666668,0.0,51.037583021155854,0.0,0.0,0.0,125.87216972846733,49.488099504854205,51.037583021155854,48.71335774670339,12.43753247303448,19.5112830930663,0.0,9.530530757090991,2.001573922503578,0.6,9.236100170605994,-1969.8973087600998,-2927.337652110254,-427.17666689091254,-2991.0818238127245,-0.0,-0.0,1027.0026031884252,0.0,2.0,0.1207352547375604,0.0,0,1.1299625307219892,131.99922844444444,-5.818088135800551,0.20636656559636185,9.116737828286182,0.0028485698622101327,-106.7249899797948,1.2204233670970306,0.2565205523380935,-3001.0458594734364,73.70820736318223,0.09994834859068044,-183.51215127813887,-243.66451561277364
2025-01-01 19:19:00,0.9669706367567616,0.28150513033312125,0.0,0.01611617727927936,0.004691752172218688,0.0,0.256090139620623,0.6608804971361387,0.0,0.05,0.0,0.0,0.0,0.2669217969997879,0,0.01458333333333334,1,0,0,Off,0,0,Off,0,0,Off,0.04207770057903502,0.03155827543427625,On,0,0,Off,0.006835758406432749,0.0,On,0.24925438121419022,0,On,0.3049847678030881,0,On,0.3138180287540156,0.23536352156551163,On,Off,0.0,20.000000000000057,0.0,0.0,0.0,0.0,0,0.0,21116.65276888889,Off,0.0,23.888888888888914,0,0.0,0.05,0.0,0.0,0,0,0,11489.55984,Off,0.0,0,80.76142227957651,51.666666666666686,46.10666666666668,0.0,51.01886111542746,0.0,0.0,0.0,126.18972231183828,49.47136414271827,51.01886111542746,48.69761565636368,12.43753247303448,19.41874339271335,-0.0812566072867078,9.484555833400728,1.9835344189049557,0.6,9.236100170605994,-1941.591550932419,-2905.7880666123056,-423.88585377218516,-2967.1104554266763,-0.0,-0.0,1027.0026031884252,0.0,2.0,0.12035659660841323,0.0,0,1.1264186652717556,131.99922844444444,-1.4836986941681118,0.2075309710944821,9.073447419966675,0.0028481992937264998,-105.90574448825734,1.2208096608306374,0.2560758881954275,-2980.4209246179103,74.63285800560456,0.09954173022886573,-180.41321601274566,-243.4726377594395
2025-01-01 19:20:00,0.9669706367567616,0.28150513033312125,0.0,0.01611617727927936,0.004691752172218688,0.0,0.256090139620623,0.6608804971361387,0.0,0.05,0.0,0.0,0.0,0.2669217969997879,0,0.01458333333333334,1,0,0,Off,0,0,Off,0,0,Off,0.04207770057903502,0.03155827543427625,On,0,0,Off,0.006835758406432749,0.0,On,0.24925438121419022,0,On,0.3049847678030881,0,On,0.3138180287540156,0.23536352156551163,On,Off,0.0,20.000000000000057,0.0,0.0,0.0,0.0,0,0.0,21116.65276888889,Off,0.0,23.888888888888914,0,0.0,0.05,0.0,0.0,0,0,0,11489.55984,Off,0.0,0,80.95767822636341,51.666666666666686,46.10666666666668,0.0,51.00009568515201,0.0,0.0,0.0,126.49637222869282,49.45458656030846,51.00009568515201,48.68183199788668,12.43753247303448,19.328761992362885,-0.17123800763717156,9.440900389165973,1.965658971017378,0.6,9.236100170605994,-1914.26347808209,-2885.379599032861,-420.631882399544,-2943.8749009211724,-0.0,-0.0,1027.0026031884252,0.0,2.0,0.11998779850891897,0.0,0,1.1229670799437101,131.99922844444444,2.608819650657452,0.2086697763751037,9.031490398677473,0.0028478316861682558,-105.10612917292596,1.221185515075981,0.25565294191933835,-2960.8778234983374,75.49822446547658,0.09913716467543074,-177.35847707121616,-243.27340532832784
2025-01-01 19:21:00,0.9669706367567616,0.28150513033312125,0.0,0.01611617727927936,0.004691752172218688,0.0,0.256090139620623,0.6608804971361387,0.0,0.05,0.0,0.0,0.0,0.2669217969997879,0,0.01458333333333334,1,0,0,Off,0,0,Off,0,0,Off,0.04207770057903502,0.03155827543427625,On,0,0,Off,0.006835758406432749,0.0,On,0.24925438121419022,0,On,0.3049847678030881,0,On,0.3138180287540156,0.23536352156551163,On,Off,0.0,20.000000000000057,0.0,0.0,0.0,0.0,0,0.0,21116.65276888889,Off,0.0,23.888888888888914,0,0.0,0.05,0.0,0.0,0,0,0,11489.55984,Off,0.0,0,81.14726115488195,51.666666666666686,46.10666666666668,0.0,50.981288268386436,0.0,0.0,0.0,126.79259555450304,49.43776820719119,50.981288268386436,48.66600817659358,12.43753247303448,19.24122678831353,-0.25877321168652756,9.399426233383634,1.94794698079564,0.6,9.236100170605994,-1887.8694461903256,-2866.0424889791184,-417.4146973454589,-2921.340310970447,-0.0,-0.0,1027.0026031884252,0.0,2.0,0.11962844740628313,0.0,0,1.1196039091595449,131.99922844444444,6.468261591696219,0.2097838799789431,8.99080829089416,0.0028474669664279376,-104.32533417046784,1.2215513787296044,0.2552504794176863,-2942.3485404233447,76.30605144422618,0.09873466354639132,-174.34747256061118,-243.06722478484772
2025-01-01 19:22:00,2.0177435534234283,0.28150513033312125,0.9006625,0.033629059223723806,0.004691752172218688,0.015011041666666667,0.256090139620623,0.6608804971361387,1.0507729166666668,0.05,0.0,0.9006625,0.0,0.2669217969997879,0,0.01458333333333334,1,0,0,Off,0,0,Off,0,0,Off,0.04207770057903502,0.03155827543427625,On,0,0,Off,0.006835758406432749,0.0,On,0.24925438121419022,0,On,0.3049847678030881,0,On,0.3138180287540156,0.23536352156551163,On,On,17415.9303113141,20.000000000000057,0.8,4751.49537424146,26.39581596111111,1.0507729166666668,1,21116.65276888889,21116.65276888889,Off,0.0,23.888888888888914,0,0.0,0.05,0.0,0.0,0,0,0,11489.55984,Off,0.0,0,81.33045598745987,51.666666666666686,46.10666666666668,0.0,50.962440336007106,0.0,0.0,0.0,127.07883748040604,49.420910469636205,50.962440336007106,48.65014553645076,12.43753247303448,19.15603298012821,-0.3439670198718474,9.360005932366596,1.9303977840784659,0.6,9.236100170605994,15553.563614724719,1903.7841825268447,-414.23421915078336,-2899.4742046842093,-0.0,-0.0,1027.0026031884252,0.0,2.0,0.11927815657687638,0.0,0,1.1163255335687075,131.99922844444444,10.104904906402666,0.210874128691344,8.951346448733162,0.0028471050644819913,-103.56260048513289,1.2219076717725545,0.2548673582877235,-2924.7706292671783,77.05943755256304,0.09833423700674827,-171.37973237598132,-242.854486774802
2025-01-01 19:23:00,2.0177435534234283,0.28150513033312125,0.9006625,0.033629059223723806,0.004691752172218688,0.015011041666666667,0.256090139620623,0.6608804971361387,1.0507729166666668,0.05,0.0,0.9006625,0.0,0.2669217969997879,0,0.01458333333333334,1,0,0,Off,0,0,Off,0,0,Off,0.04207770057903502,0.03155827543427625,On,0,0,Off,0.006835758406432749,0.0,On,0.24925438121419022,0,On,0.3049847678030881,0,On,0.3138180287540156,0.23536352156551163,On,On,17415.9303113141,20.000000000000057,0.8,4751.49537424146,26.39581596111111,1.0507729166666668,1,21116.65276888889,21116.65276888889,Off,0.0,23.888888888888914,0,0.0,0.05,0.0,0.0,0,0,0,11489.55984,Off,0.0,0,80.65904319438513,51.666666666666686,46.10666666666668,0.0,50.94355329606684,0.0,0.0,0.0,126.02975499122677,49.40401467472272,50.94355329606684,48.634245364050656,12.43753247303448,19.38930948535619,-0.11069051464386703,9.494014674483592,1.9130106543578864,0.6,9.236100170605994,15479.939751067192,1840.836336130416,-411.0903456106312,-2959.5019097346144,-0.0,-0.0,1027.0026031884252,0.0,2.0,0.12023602486351753,0.0,0,1.1252902330313794,131.99922844444444,-3.491253700718758,0.20780584040165256,9.058168566576963,0.0028467459131944935,-105.13198311134832,1.2209335635323202,0.2561674360772947,-2984.6606393914,74.00160128035589,0.09793589382505587,-168.45477912419113,-242.63556648644004
2025-01-01 19:24:00,2.0177435534234283,0.28150513033312125,0.9006625,0.033629059223723806,0.004691752172218688,0.015011041666666667,0.256090139620623,0.6608804971361387,1.0507729166666668,0.05,0.0,0.9006625,0.0,0.2669217969997879,0,0.01458333333333334,1,0,0,Off,0,0,Off,0,0,Off,0.04207770057903502,0.03155827543427625,On,0,0,Off,0.006835758406432749,0.0,On,0.24925438121419022,0,On,0.3049847678030881,0,On,0.3138180287540156,0.23536352156551163,On,On,17415.9303113141,20.000000000000057,0.8,4751.49537424146,26.39581596111111,1.0507729166666668,1,21116.65276888889,21116.65276888889,Off,0.0,23.888888888888914,0,0.0,0.05,0.0,0.0,0,0,0,11489.55984,Off,0.0,0,80.0083528096924,51.666666666666686,46.10666666666668,0.0,50.92481542516534,0.0,0.0,0.0,125.01305126514437,49.38725836080335,50.92481542516534,48.61847982862236,12.43753247303448,19.615002616521092,0.0,9.620629253195087,1.8957848065712142,0.6,9.236100170605994,15409.273953014892,1781.3273930650603,-407.9829547970983,-3018.039661926329,-0.0,-0.0,1027.0026031884252,0.0,2.0,0.12115891017696344,0.0,0,1.1339275264765645,131.99922844444444,-15.619299561304643,0.20488365538749123,9.161862052942958,0.0028463810284586593,-106.63467120899782,1.21999261197961,0.25738974669775283,-3041.5941996456268,71.42621846922694,0.09753964143029496,-165.57212902790505,-242.4108257691932
2025-01-01 19:25:00,2.0177435534234283,0.28150513033312125,0.9006625,0.033629059223723806,0.004691752172218688,0.015011041666666667,0.256090139620623,0.6608804971361387,1.0507729166666668,0.05,0.0,0.9006625,0.0,0.2669217969997879,0,0.01458333333333334,1,0,0,Off,0,0,Off,0,0,Off,0.04207770057903502,0.03155827543427625,On,0,0,Off,0.006835758406432749,0.0,On,0.24925438121419022,0,On,0.3049847678030881,0,On,0.3138180287540156,0.23536352156551163,On,On,17415.9303113141,20.000000000000057,0.8,4751.49537424146,26.39581596111111,1.0507729166666668,1,21116.65276888889,21116.65276888889,Off,0.0,23.888888888888914,0,0.0,0.05,0.0,0.0,0,0,0,11489.55984,Off,0.0,0,79.37708602104695,51.666666666666686,46.10666666666668,0.0,50.906222151921206,0.0,0.0,0.0,124.02669690788586,49.370637222952524,50.906222151921206,48.60284475846818,12.43753247303448,19.83359212213765,0.0,9.74042582158133,1.8787194010138635,0.6,9.236100170605994,15340.26428767918,1724.6776082696629,-404.91190791346276,-3075.165769601734,-0.0,-0.0,1027.0026031884252,0.0,2.0,0.1220491993478046,0.0,0,1.1422597522770963,131.99922844444444,-27.50285722161172,0.2020961352459229,9.261340284726593,0.0028460106428485157,-108.07507325080604,1.2190826710532205,0.25854091736739054,-3095.7715806395577,68.95381466776053,0.09714548597336978,-162.73129282616466,-242.18061508729812
2025-01-01 19:26:00,2.0177435534234283,0.28150513033312125,0.9006625,0.033629059223723806,0.004691752172218688,0.015011041666666667,0.256090139620623,0.6608804971361387,1.0507729166666668,0.05,0.0,0.9006625,0.0,0.2669217969997879,0,0.01458333333333334,1,0,0,Off,0,0,Off,0,0,Off,0.04207770057903502,0.03155827543427625,On,0,0,Off,0.006835758406432749,0.0,On,0.24925438121419022,0,On,0.3049847678030881,0,On,0.3138180287540156,0.23536352156551163,On,On,17415.9303113141,20.000000000000057,0.8,4751.49537424146,26.39581596111111,1.0507729166666668,1,21116.65276888889,21116.65276888889,Off,0.0,23.888888888888914,0,0.0,0.05,0.0,0.0,0,0,0,11489.55984,Off,0.0,0,78.76421855469353,51.666666666666686,46.10666666666668,0.0,50.887769191257895,0.0,0.0,0.0,123.06909149170863,49.354147226063176,50.887769191257895,48.58733624346582,12.43753247303448,20.04545570174453,0.0,9.85388039153365,1.8618135471877921,0.6,9.236100170605994,15273.07305785479,1670.7605956927114,-401.87705014129074,-3130.9370799768567,-0.0,-0.0,1027.0026031884252,0.0,2.0,0.12290881164820482,0.0,0,1.1503048729215288,131.99922844444444,-38.92277667087822,0.19943377678511265,9.357534286821124,0.002845634973940321,-109.456755524101,1.2182020357836594,0.2596264393501835,-3147.3569065878237,66.62212803907515,0.09675343238903313,-159.93177664049017,-241.94527350080057
2025-01-01 19:27:00,0.9669706367567616,0.28150513033312125,0.0,0.01611617727927936,0.004691752172218688,0.0,0.256090139620623,0.6608804971361387,0.0,0.05,0.0,0.0,0.0,0.2669217969997879,0,0.01458333333333334,1,0,0,Off,0,0,Off,0,0,Off,0.04207770057903502,0.03155827543427625,On,0,0,Off,0.006835758406432749,0.0,On,0.24925438121419022,0,On,0.3049847678030881,0,On,0.3138180287540156,0.23536352156551163,On,Off,0.0,20.000000000000057,0.0,0.0,0.0,0.0,0,0.0,21116.65276888889,Off,0.0,23.888888888888914,0,0.0,0.05,0.0,0.0,0,0,0,11489.55984,Off,0.0,0,78.16885813809378,51.666666666666686,46.10666666666668,0.0,50.86945248391062,0.0,0.0,0.0,122.13884084077154,49.33778454781351,50.86945248391062,48.57195057976496,12.43753247303448,20.250922071803547,0.0,9.961408244097003,1.8450663075221696,0.6,9.236100170605994,-2208.239359642548,-3132.0658982851946,-398.87821160099156,-3185.401809343572,-0.0,-0.0,1027.0026031884252,0.0,2.0,0.12373942509281924,0.0,0,1.1580785929668325,131.99922844444444,-49.84015348740135,0.1968882163173778,9.450656725566454,0.002845254227263124,-110.78284733590212,1.217349218093896,0.26065108237628115,-3196.4941409597586,64.42824267456379,0.09636348445674806,-157.1730827967664,-241.70512880422515
2025-01-01 19:28:00,0.9669706367567616,0.28150513033312125,0.0,0.01611617727927936,0.004691752172218688,0.0,0.256090139620623,0.6608804971361387,0.0,0.05,0.0,0.0,0.0,0.2669217969997879,0,0.01458333333333334,1,0,0,Off,0,0,Off,0,0,Off,0.04207770057903502,0.03155827543427625,On,0,0,Off,0.006835758406432749,0.0,On,0.24925438121419022,0,On,0.3049847678030881,0,On,0.3138180287540156,0.23536352156551163,On,Off,0.0,20.000000000000057,0.0,0.0,0.0,0.0,0,0.0,21116.65276888889,Off,0.0,23.888888888888914,0,0.0,0.05,0.0,0.0,0,0,0,11489.55984,Off,0.0,0,78.43869725140597,51.666666666666686,46.10666666666668,0.0,50.851268167337366,0.0,0.0,0.0,122.56046445532183,49.32154555124466,50.851268167337366,48.55668424319832,12.43753247303448,20.13405642949657,0.0,9.89188478161502,1.828476700946238,0.6,9.236100170605994,-2170.552204411254,-3099.1063125647006,-395.91520812080785,-3154.377738277128,-0.0,-0.0,1027.0026031884252,0.0,2.0,0.12326735181606559,0.0,0,1.153660454158526,131.99922844444444,-43.17706932255116,0.19828980249635197,9.397539810243426,0.002844868597794396,-109.79227657879238,1.2178345816903786,0.2599890481662326,-3164.6964880234955,65.59017545879479,0.09597564485996,-154.4547106006954,-241.46049752011245
2025-01-01 19:29:00,0.9669706367567616,0.28150513033312125,0.0,0.01611617727927936,0.004691752172218688,0.0,0.256090139620623,0.6608804971361387,0.0,0.05,0.0,0.0,0.0,0.2669217969997879,0,0.01458333333333334,1,0,0,Off,0,0,Off,0,0,Off,0.04207770057903502,0.03155827543427625,On,0,0,Off,0.006835758406432749,0.0,On,0.24925438121419022,0,On,0.3049847678030881,0,On,0.3138180287540156,0.23536352156551163,On,Off,0.0,20.000000000000057,0.0,0.0,0.0,0.0,0,0.0,21116.65276888889,Off,0.0,23.888888888888914,0,0.0,0.05,0.0,0.0,0,0,0,11489.55984,Off,0.0,0,78.69778827115582,51.666666666666686,46.10666666666668,0.0,50.83302562665282,0.0,0.0,0.0,122.96529417368096,49.305250497615,50.83302562665282,48.54136293309609,12.43753247303448,20.02114043052716,0.0,9.826410962958459,1.8120437062158474,0.6,9.236100170605994,-2135.1853827192153,-3067.267667335293,-392.98784027119865,-3124.516188388176,-0.0,-0.0,1027.0026031884252,0.0,2.0,0.12281031787332057,0.0,0,1.1493830686368525,131.99922844444444,-37.67179751946435,0.1996540717640872,9.345750140347118,0.0028444865687691973,-108.83096353203183,1.2183039162179243,0.2593640314414162,-3134.842588043983,67.57492070868997,0.09558991524139093,-151.7761570519705,-241.21168321922815
2025-01-01 19:30:00,0.9669706367567616,0.28150513033312125,0.0,0.01611617727927936,0.004691752172218688,0.0,0.256090139620623,0.6608804971361387,0.0,0.05,0.0,0.0,0.0,0.2669217969997879,0,0.01458333333333334,1,0,0,Off,0,0,Off,0,0,Off,0.04207770057903502,0.03155827543427625,On,0,0,Off,0.006835758406432749,0.0,On,0.24925438121419022,0,On,0.3049847678030881,0,On,0.3138180287540156,0.23536352156551163,On,Off,0.0,20.000000000000057,0.0,0.0,0.0,0.0,0,0.0,21116.65276888889,Off,0.0,23.888888888888914,0,0.0,0.05,0.0,0.0,0,0,0,11489.55984,Off,0.0,0,78.94701839762698,51.666666666666686,46.10666666666668,0.0,50.81472723109867,0.0,0.0,0.0,123.35471624629216,49.28890161976068,50.81472723109867,48.52598881409169,12.43753247303448,19.911845656328286,0.0,9.764641386112256,1.7957662648825379,-1.1,9.236100170605994,-2568.357227799402,-3537.992406745572,-703.0975098765091,-3562.2766743839757,-0.0,-0.0,1027.0026031884252,0.0,2.0,0.12862354629311926,0.0,0,1.2037891351265373,131.99922844444444,-33.083156603851506,0.20098407575927865,9.295125091205573,0.0028441080305750127,-99.2160766805624,1.2187585500486795,0.2518572916930035,-3606.723841271792,68.73143452621994,0.12107813226625984,-462.13853480084316,-240.958975075666
2025-01-01 19:31:00,0.9669706367567616,0.28150513033312125,0.0,0.01611617727927936,0.004691752172218688,0.0,0.256090139620623,0.6608804971361387,0.0,0.05,0.0,0.0,0.0,0.2669217969997879,0,0.01458333333333334,1,0,0,Off,0,0,Off,0,0,Off,0.04207770057903502,0.03155827543427625,On,0,0,Off,0.006835758406432749,0.0,On,0.24925438121419022,0,On,0.3049847678030881,0,On,0.3138180287540156,0.23536352156551163,On,Off,0.0,20.000000000000057,0.0,0.0,0.0,0.0,0,0.0,21116.65276888889,Off,0.0,23.888888888888914,0,0.0,0.05,0.0,0.0,0,0,0,11489.55984,Off,0.0,0,79.21069277811445,51.666666666666686,46.10666666666668,0.0,50.7963751543745,0.0,0.0,0.0,123.76670746580382,49.27250096620866,50.7963751543745,48.51056387212575,12.43753247303448,19.79711574056073,0.0,9.688195223093754,1.7677298665811714,-1.1,9.236100170605994,-2526.3287204492544,-3500.3117631580253,-695.9071572297929,-3530.2968898803388,-0.0,-0.0,1027.0026031884252,0.0,2.0,0.12816868137609022,0.0,0,1.1995320495395643,131.99922844444444,-23.034433757340594,0.2023947066740516,9.242238474639326,0.0028437630638177896,-98.33741076203054,1.2192361188709857,0.25110374871825347,-3570.630899237734,70.31913607970844,0.1205564009263078,-455.69207869215586,-240.21507853763708
2025-01-01 19:32:00,0.9669706367567616,0.28150513033312125,0.0,0.01611617727927936,0.004691752172218688,0.0,0.256090139620623,0.6608804971361387,0.0,0.05,0.0,0.0,0.0,0.2669217969997879,0,0.01458333333333334,1,0,0,Off,0,0,Off,0,0,Off,0.04207770057903502,0.03155827543427625,On,0,0,Off,0.006835758406432749,0.0,On,0.24925438121419022,0,On,0.3049847678030881,0,On,0.3138180287540156,0.23536352156551163,On,Off,0.0,20.000000000000057,0.0,0.0,0.0,0.0,0,0.0,21116.65276888889,Off,0.0,23.888888888888914,0,0.0,0.05,0.0,0.0,0,0,0,11489.55984,Off,0.0,0,79.4646594181369,51.666666666666686,46.10666666666668,0.0,50.77796621551003,0.0,0.0,0.0,124.1635303408389,49.256045536273035,50.77796621551003,48.49508519665454,12.43753247303448,19.68594901635895,0.0,9.615890377751468,1.7401356927185119,-1.1,9.236100170605994,-2488.751615449336,-3464.797217316117,-689.3691434231947,-3499.418869330623,-0.0,-0.0,1027.0026031884252,0.0,2.0,0.12772711588423927,0.0,0,1.1953994334140092,131.99922844444444,-16.335349307138458,0.20377165823231552,9.191191553210153,0.002843421286040319,-97.48256811527031,1.219699218234031,0.25038894060376043,-3536.6034854431596,71.80626812704267,0.1200406847673472,-449.3766679471238,-239.99247547607095
2025-01-01 19:33:00,0.9669706367567616,0.28150513033312125,0.0,0.01611617727927936,0.004691752172218688,0.0,0.256090139620623,0.6608804971361387,0.0,0.05,0.0,0.0,0.0,0.2669217969997879,0,0.01458333333333334,1,0,0,Off,0,0,Off,0,0,Off,0.04207770057903502,0.03155827543427625,On,0,0,Off,0.006835758406432749,0.0,On,0.24925438121419022,0,On,0.3049847678030881,0,On,0.3138180287540156,0.23536352156551163,On,Off,0.0,20.000000000000057,0.0,0.0,0.0,0.0,0,0.0,21116.65276888889,Off,0.0,23.888888888888914,0,0.0,0.05,0.0,0.0,0,0,0,11489.55984,Off,0.0,0,79.70958180849924,51.666666666666686,46.10666666666668,0.0,50.75950255449887,0.0,0.0,0.0,124.54622157578005,49.239537346664385,50.75950255449887,48.47955474274714,12.43753247303448,19.578100224163073,0.0,9.54742645138616,1.7128950525091549,-1.1,9.236100170605994,-2453.4663016780974,-3431.274461963418,-683.1914928155613,-3469.564751200074,-0.0,-0.0,1027.0026031884252,0.0,2.0,0.12729794572079728,0.0,0,1.1913828252986134,131.99922844444444,-10.90415366644848,0.20511711499740942,9.141159998205756,0.0028430826079607857,-96.64999386030658,1.2201488370974,0.24971021793105602,-3504.482763158732,73.20830119531345,0.11952939342242438,-443.1708745185776,-240.02061829698368
2025-01-01 19:34:00,0.9669706367567616,0.28150513033312125,0.0,0.01611617727927936,0.004691752172218688,0.0,0.256090139620623,0.6608804971361387,0.0,0.05,0.0,0.0,0.0,0.2669217969997879,0,0.01458333333333334,1,0,0,Off,0,0,Off,0,0,Off,0.04207770057903502,0.03155827543427625,On,0,0,Off,0.006835758406432749,0.0,On,0.24925438121419022,0,On,0.3049847678030881,0,On,0.3138180287540156,0.23536352156551163,On,Off,0.0,20.000000000000057,0.0,0.0,0.0,0.0,0,0.0,21116.65276888889,Off,0.0,23.888888888888914,0,0.0,0.05,0.0,0.0,0,0,0,11489.55984,Off,0.0,0,79.94595304819639,51.666666666666686,46.10666666666668,0.0,50.74098616508555,0.0,0.0,0.0,124.91555163780684,49.22297827625804,50.74098616508555,48.463974331844284,12.43753247303448,19.47338747052259,-0.026612529477468172,9.482542081398059,1.685941971513522,-1.1,9.236100170605994,-2419.5699402056784,-3399.6066821330915,-677.3413163924718,-3440.6753110446607,-0.0,-0.0,1027.0026031884252,0.0,2.0,0.12688051124496794,0.0,0,1.1874760516081615,131.99922844444444,-5.897232349442774,0.20643255560830612,9.092751217979473,0.002842746946181415,-95.83853546230372,1.2205857040337622,0.24906527443885818,-3474.130682280165,74.52400014707322,0.11902133767343154,-437.0587899048531,-240.28252648761872
2025-01-01 19:35:00,0.9669706367567616,0.28150513033312125,0.0,0.01611617727927936,0.004691752172218688,0.0,0.256090139620623,0.6608804971361387,0.0,0.05,0.0,0.0,0.0,0.2669217969997879,0,0.01458333333333334,1,0,0,Off,0,0,Off,0,0,Off,0.04207770057903502,0.03155827543427625,On,0,0,Off,0.006835758406432749,0.0,On,0.24925438121419022,0,On,0.3049847678030881,0,On,0.3138180287540156,0.23536352156551163,On,Off,0.0,20.000000000000057,0.0,0.0,0.0,0.0,0,0.0,21116.65276888889,Off,0.0,23.888888888888914,0,0.0,0.05,0.0,0.0,0,0,0,11489.55984,Off,0.0,0,80.17417949374199,51.666666666666686,46.10666666666668,0.0,50.72241893230924,0.0,0.0,0.0,125.27215545897185,49.2063701014917,50.72241893230924,48.44834568608293,12.43753247303448,19.371661087922696,-0.1283389120773606,9.421005101431852,1.6592209329971521,-1.1,9.236100170605994,-2386.829778440352,-3369.668819637765,-671.6980083559052,-3412.701069488842,-0.0,-0.0,1027.0026031884252,0.0,2.0,0.12647427533360414,0.0,0,1.1836740854014176,131.99922844444444,-1.1313121399352042,0.20771912259488245,9.045198004020687,0.0028424142216964183,-95.04724388033262,1.2210104160811839,0.24845205679338256,-3445.424941942991,75.75612230522621,0.11851550595640561,-431.0271400881839,-240.67086826772135
2025-01-01 19:36:00,0.9669706367567616,0.28150513033312125,0.0,0.01611617727927936,0.004691752172218688,0.0,0.256090139620623,0.6608804971361387,0.0,0.05,0.0,0.0,0.0,0.2669217969997879,0,0.01458333333333334,1,0,0,Off,0,0,Off,0,0,Off,0.04207770057903502,0.03155827543427625,On,0,0,Off,0.006835758406432749,0.0,On,0.24925438121419022,0,On,0.3049847678030881,0,On,0.3138180287540156,0.23536352156551163,On,Off,0.0,20.000000000000057,0.0,0.0,0.0,0.0,0,0.0,21116.65276888889,Off,0.0,23.888888888888914,0,0.0,0.05,0.0,0.0,0,0,0,11489.55984,Off,0.0,0,80.39462569696565,51.666666666666686,46.10666666666668,0.0,50.70380265161767,0.0,0.0,0.0,125.61660265150881,49.18971451438553,50.70380265161767,48.43267044576946,12.43753247303448,19.27278690470119,-0.22721309529886824,9.362606312800255,1.6326888091966996,-1.1,9.236100170605994,-2355.1978532004814,-3341.3478802318054,-666.3239739370993,-3385.5975310888016,-0.0,-0.0,1027.0026031884252,0.0,2.0,0.12607875772172694,0.0,0,1.1799724318733464,131.99922844444444,3.397074699895157,0.2089778230999608,8.999126311189768,0.0028420843591317898,-94.27526660095242,1.221423508020595,0.24786870831177935,-3418.25575248635,76.90787225454444,0.11801110522093804,-425.0656609432763,-241.25831299382298
2025-01-01 19:37:00,2.0177435534234283,0.28150513033312125,0.9006625,0.033629059223723806,0.004691752172218688,0.015011041666666667,0.256090139620623,0.6608804971361387,1.0507729166666668,0.05,0.0,0.9006625,0.0,0.2669217969997879,0,0.01458333333333334,1,0,0,Off,0,0,Off,0,0,Off,0.04207770057903502,0.03155827543427625,On,0,0,Off,0.006835758406432749,0.0,On,0.24925438121419022,0,On,0.3049847678030881,0,On,0.3138180287540156,0.23536352156551163,On,On,17415.9303113141,20.000000000000057,0.8,4751.49537424146,26.39581596111111,1.0507729166666668,1,21116.65276888889,21116.65276888889,Off,0.0,23.888888888888914,0,0.0,0.05,0.0,0.0,0,0,0,11489.55984,Off,0.0,0,80.60763031992941,51.666666666666686,46.10666666666668,0.0,50.68513903808028,0.0,0.0,0.0,125.9494223748897,49.173013131226774,50.68513903808028,48.416950177800025,12.43753247303448,19.17664032231612,-0.3233596776839356,9.307155061790352,1.6063067893562626,-1.1,9.236100170605994,15091.287576044442,1436.9443613196868,-661.1326323436185,-3359.323469268954,-0.0,-0.0,1027.0026031884252,0.0,2.0,0.1256935119446181,0.0,0,1.1763669125559104,131.99922844444444,7.678130810870513,0.21020959763226452,8.954471382699841,0.0028417572863784547,-93.52180993017902,1.2218254768019212,0.2473135293898172,-3392.5235135036473,77.97250058187389,0.11750741132134068,-419.1652311903101,-241.96740115330837
2025-01-01 19:38:00,2.0177435534234283,0.28150513033312125,0.9006625,0.033629059223723806,0.004691752172218688,0.015011041666666667,0.256090139620623,0.6608804971361387,1.0507729166666668,0.05,0.0,0.9006625,0.0,0.2669217969997879,0,0.01458333333333334,1,0,0,Off,0,0,Off,0,0,Off,0.04207770057903502,0.03155827543427625,On,0,0,Off,0.006835758406432749,0.0,On,0.24925438121419022,0,On,0.3049847678030881,0,On,0.3138180287540156,0.23536352156551163,On,On,17415.9303113141,20.000000000000057,0.8,4751.49537424146,26.39581596111111,1.0507729166666668,1,21116.65276888889,21116.65276888889,Off,0.0,23.888888888888914,0,0.0,0.05,0.0,0.0,0,0,0,11489.55984,Off,0.0,0,79.96502377964045,51.666666666666686,46.10666666666668,0.0,50.6664297320948,0.0,0.0,0.0,124.94534965568819,49.156267497948164,50.6664297320948,48.401186380874854,12.43753247303448,19.39933186264885,-0.10066813735120661,9.425969038843157,1.5800451928582926,-1.1,9.236100170605994,15017.32981040642,1378.9976400675355,-656.0939896995495,-3420.3014766543065,-0.0,-0.0,1027.0026031884252,0.0,2.0,0.1265848454966354,0.0,0,1.1847089127309558,131.99922844444444,-5.301627441799937,0.20729043286739562,9.056978437501225,0.0028414329343646842,-94.82628380798522,1.2208956497038048,0.24850157867113404,-3447.737606941228,75.2398727673035,0.11700386305730867,-413.3189182783276,-242.7750714212219
2025-01-01 19:39:00,2.0177435534234283,0.28150513033312125,0.9006625,0.033629059223723806,0.004691752172218688,0.015011041666666667,0.256090139620623,0.6608804971361387,1.0507729166666668,0.05,0.0,0.9006625,0.0,0.2669217969997879,0,0.01458333333333334,1,0,0,Off,0,0,Off,0,0,Off,0.04207770057903502,0.03155827543427625,On,0,0,Off,0.006835758406432749,0.0,On,0.24925438121419022,0,On,0.3049847678030881,0,On,0.3138180287540156,0.23536352156551163,On,On,17415.9303113141,20.000000000000057,0.8,4751.49537424146,26.39581596111111,1.0507729166666668,1,21116.65276888889,21116.65276888889,Off,0.0,23.888888888888914,0,0.0,0.05,0.0,0.0,0,0,0,11489.55984,Off,0.0,0,79.34243607835818,51.666666666666686,46.10666666666668,0.0,50.64786323159374,0.0,0.0,0.0,123.97255637243464,49.13965536137977,50.64786323159374,48.3855514262728,12.43753247303448,19.614696250292518,0.0,9.538065171983376,1.5538804522093324,-1.1,9.236100170605994,14946.408449496568,1324.3421838193844,-651.179032905098,-3479.6837595996108,-0.0,-0.0,1027.0026031884252,0.0,2.0,0.12744366168989107,0.0,0,1.1927465826001717,131.99922844444444,-16.84070540634545,0.20450941887390833,9.15584586760165,0.002841103807708968,-96.07460441062082,1.2199977732960992,0.24961727070967363,-3500.098308601946,72.94511817987063,0.11650000749649195,-407.5212639664631,-243.65776893863494
2025-01-01 19:40:00,2.0177435534234283,0.28150513033312125,0.9006625,0.033629059223723806,0.004691752172218688,0.015011041666666667,0.256090139620623,0.6608804971361387,1.0507729166666668,0.05,0.0,0.9006625,0.0,0.2669217969997879,0,0.01458333333333334,1,0,0,Off,0,0,Off,0,0,Off,0.04207770057903502,0.03155827543427625,On,0,0,Off,0.006835758406432749,0.0,On,0.24925438121419022,0,On,0.3049847678030881,0,On,0.3138180287540156,0.23536352156551163,On,On,17415.9303113141,20.000000000000057,0.8,4751.49537424146,26.39581596111111,1.0507729166666668,1,21116.65276888889,21116.65276888889,Off,0.0,23.888888888888914,0,0.0,0.05,0.0,0.0,0,0,0,11489.55984,Off,0.0,0,78.73859292602059,51.666666666666686,46.10666666666668,0.0,50.62943512043538,0.0,0.0,0.0,123.02905144690716,49.12317256275729,50.62943512043538,48.37004128391824,12.43753247303448,19.823204240867046,0.0,9.643986598313553,1.5277943559343956,-1.1,9.236100170605994,14877.211710125055,1272.4216554708073,-646.3635251202047,-3537.558801655178,-0.0,-0.0,1027.0026031884252,0.0,2.0,0.1282721893380231,0.0,0,1.2005007816540552,131.99922844444444,-28.162402722291475,0.20185571321727727,9.250661977875094,0.002840770102920214,-97.2705013799335,1.2191297506796286,0.2506669429212102,-3549.813103498293,70.7393847276402,0.1159954876487695,-401.7680861927155,-244.59543892748923
2025-01-01 19:41:00,2.0177435534234283,0.28150513033312125,0.9006625,0.033629059223723806,0.004691752172218688,0.015011041666666667,0.256090139620623,0.6608804971361387,1.0507729166666668,0.05,0.0,0.9006625,0.0,0.2669217969997879,0,0.01458333333333334,1,0,0,Off,0,0,Off,0,0,Off,0.04207770057903502,0.03155827543427625,On,0,0,Off,0.006835758406432749,0.0,On,0.24925438121419022,0,On,0.3049847678030881,0,On,0.3138180287540156,0.23536352156551163,On,On,17415.9303113141,20.000000000000057,0.8,4751.49537424146,26.39581596111111,1.0507729166666668,1,21116.65276888889,21116.65276888889,Off,0.0,23.888888888888914,0,0.0,0.05,0.0,0.0,0,0,0,11489.55984,Off,0.0,0,78.15249347657925,51.666666666666686,46.10666666666668,0.0,50.61114126337473,0.0,0.0,0.0,122.11327105715509,49.106815208040615,50.61114126337473,48.35465218037357,12.43753247303448,20.025224943836204,0.0,9.744179029280088,1.5017732360440312,-1.1,9.236100170605994,14809.895165300115,1223.1023456024077,-641.6272952408459,-3593.9915806490776,-0.0,-0.0,1027.0026031884252,0.0,2.0,0.12907221040713893,0.0,0,1.2079881873323224,131.99922844444444,-39.04616855333197,0.1993203485005554,9.342352014885547,0.002840432003756217,-98.41697613361916,1.2182899232854034,0.25165581187245517,-3597.051114857538,68.65808621848545,0.11549002872763289,-396.0562736214449,-245.57102161940105
2025-01-01 19:42:00,0.9669706367567616,0.28150513033312125,0.0,0.01611617727927936,0.004691752172218688,0.0,0.256090139620623,0.6608804971361387,0.0,0.05,0.0,0.0,0.0,0.2669217969997879,0,0.01458333333333334,1,0,0,Off,0,0,Off,0,0,Off,0.04207770057903502,0.03155827543427625,On,0,0,Off,0.006835758406432749,0.0,On,0.24925438121419022,0,On,0.3049847678030881,0,On,0.3138180287540156,0.23536352156551163,On,Off,0.0,20.000000000000057,0.0,0.0,0.0,0.0,0,0.0,21116.65276888889,Off,0.0,23.888888888888914,0,0.0,0.05,0.0,0.0,0,0,0,11489.55984,Off,0.0,0,77.58326785550862,51.666666666666686,46.10666666666668,0.0,50.592977745811744,0.0,0.0,0.0,121.22385602423222,49.09057961110801,50.592977745811744,48.33938054375614,12.43753247303448,20.221078864467167,0.0,9.83902886568369,1.475807265136342,-1.1,9.236100170605994,-2671.486561793561,-3575.2600769536525,-636.9536454010266,-3649.0373385949765,-0.0,-0.0,1027.0026031884252,0.0,2.0,0.12984527931747053,0.0,0,1.2152233474704244,131.99922844444444,-49.4518263870099,0.19689544655341604,9.43183792476298,0.002840089683784867,-99.51665698363226,1.2174768469415218,0.25258838384086707,-3641.9594686972414,66.69939174358896,0.11498342619153522,-390.3836091418677,-246.57003625915894
2025-01-01 19:43:00,0.9669706367567616,0.28150513033312125,0.0,0.01611617727927936,0.004691752172218688,0.0,0.256090139620623,0.6608804971361387,0.0,0.05,0.0,0.0,0.0,0.2669217969997879,0,0.01458333333333334,1,0,0,Off,0,0,Off,0,0,Off,0.04207770057903502,0.03155827543427625,On,0,0,Off,0.006835758406432749,0.0,On,0.24925438121419022,0,On,0.3049847678030881,0,On,0.3138180287540156,0.23536352156551163,On,Off,0.0,20.000000000000057,0.0,0.0,0.0,0.0,0,0.0,21116.65276888889,Off,0.0,23.888888888888914,0,0.0,0.05,0.0,0.0,0,0,0,11489.55984,Off,0.0,0,77.87863001851208,51.666666666666686,46.10666666666668,0.0,50.57494084492938,0.0,0.0,0.0,121.68535940392512,49.0744622665476,50.57494084492938,48.32422297735671,12.43753247303448,20.09482332790917,0.0,9.757384037337255,1.4498898484408156,-1.1,9.236100170605994,-2628.8189082180143,-3534.6859824981334,-632.3288642364071,-3613.5147776435874,-0.0,-0.0,1027.0026031884252,0.0,2.0,0.12934721091645457,0.0,0,1.2105619200182027,131.99922844444444,-42.306733762852105,0.19841538031993056,9.373681242478295,0.0028397433076675616,-98.57257889021261,1.218001281912874,0.2517858516433081,-3603.29225237819,68.6062698800566,0.11447553533647531,-384.74861827877385,-247.58024595763334
2025-01-01 19:44:00,0.9669706367567616,0.28150513033312125,0.0,0.01611617727927936,0.004691752172218688,0.0,0.256090139620623,0.6608804971361387,0.0,0.05,0.0,0.0,0.0,0.2669217969997879,0,0.01458333333333334,1,0,0,Off,0,0,Off,0,0,Off,0.04207770057903502,0.03155827543427625,On,0,0,Off,0.006835758406432749,0.0,On,0.24925438121419022,0,On,0.3049847678030881,0,On,0.3138180287540156,0.23536352156551163,On,Off,0.0,20.000000000000057,0.0,0.0,0.0,0.0,0,0.0,21116.65276888889,Off,0.0,23.888888888888914,0,0.0,0.05,0.0,0.0,0,0,0,11489.55984,Off,0.0,0,78.16240942889495,51.666666666666686,46.10666666666668,0.0,50.55684008083096,0.0,0.0,0.0,122.12876473264835,49.05828356270338,50.55684008083096,48.309005303639594,12.43753247303448,19.97282319595976,0.0,9.680437280948098,1.4240170975080995,-1.1,9.236100170605994,-2588.6645318069245,-3496.8493884435184,-627.7417986368782,-3579.319780748035,-0.0,-0.0,1027.0026031884252,0.0,2.0,0.1288649505331807,0.0,0,1.2060484399718352,131.99922844444444,-36.3473542473146,0.19989609756065857,9.317718421992492,0.00283940036521806,-97.65638937078865,1.21850847621299,0.25102715092324357,-3566.97479085555,70.12540241203185,0.11396626222797443,-379.15043893210964,-248.5913597047686
2025-01-01 19:45:00,0.9803443555463667,0.27207123789627136,0.0,0.016339072592439444,0.004534520631604522,0.0,0.21042326732037728,0.7199210882259893,0.0,0.05,0.0,0.0,0.0,0.257487904562938,0,0.01458333333333334,1,0,0,Off,0,0,Off,0,0,Off,0.04207770057903502,0.03155827543427625,On,0,0,Off,0.006835758406432749,0.0,On,0.20358750891394453,0,On,0.37660388214207186,0,On,0.30123950550488243,0.22592962912866177,On,Off,0.0,20.000000000000057,0.0,0.0,0.0,0.0,0,0.0,21116.65276888889,Off,0.0,23.888888888888914,0,0.0,0.05,0.0,0.0,0,0,0,11489.55984,Off,0.0,0,78.43553105400106,51.666666666666686,46.10666666666668,0.0,50.538678006851164,0.0,0.0,0.0,122.55551727187665,49.042045905805715,50.538678006851164,48.293729855283,12.43753247303448,19.854736148103427,0.0,9.607760850608194,1.3981873751296887,-1.1,9.236100170605994,-2535.437892538806,-3461.192311691352,-623.1834814393083,-3546.3437737625154,-0.0,-0.0,1041.2568186054693,0.0,2.0,0.12839723463901137,0.0,0,1.20167108195339,131.99922844444444,-30.350937381759877,0.2013406668792509,9.26306510129496,0.0028390607516906624,-97.03010053756128,1.2189998104533382,0.25030844416981446,-3532.784364158359,71.592052467007,0.11345555580847619,-373.5887096109211,-249.59477182838708
2025-01-01 19:46:00,0.9803443555463667,0.27207123789627136,0.0,0.016339072592439444,0.004534520631604522,0.0,0.21042326732037728,0.7199210882259893,0.0,0.05,0.0,0.0,0.0,0.257487904562938,0,0.01458333333333334,1,0,0,Off,0,0,Off,0,0,Off,0.04207770057903502,0.03155827543427625,On,0,0,Off,0.006835758406432749,0.0,On,0.20358750891394453,0,On,0.37660388214207186,0,On,0.30123950550488243,0.22592962912866177,On,Off,0.0,20.000000000000057,0.0,0.0,0.0,0.0,0,0.0,21116.65276888889,Off,0.0,23.888888888888914,0,0.0,0.05,0.0,0.0,0,0,0,11489.55984,Off,0.0,0,78.69797861528978,51.666666666666686,46.10666666666668,0.0,50.52045697245548,0.0,0.0,0.0,122.96559158639027,49.02575150992991,50.52045697245548,48.27839877866714,12.43753247303448,19.740570469489388,0.0,9.539014036730372,1.37240090254194,-1.1,9.236100170605994,-2497.8780042321646,-3427.5618621269095,-618.646809587183,-3514.577331907268,-0.0,-0.0,1041.2568186054693,0.0,2.0,0.12794417996688462,0.0,0,1.1974309384676738,131.99922844444444,-24.55749093036556,0.2027478382568567,9.210440754162448,0.0028387234521767505,-96.16512123001542,1.2194752120084618,0.24962669347049363,-3500.542637114596,72.98077498768617,0.1129434010386053,-368.06347373950456,-250.58333584767854
2025-01-01 19:47:00,0.9803443555463667,0.27207123789627136,0.0,0.016339072592439444,0.004534520631604522,0.0,0.21042326732037728,0.7199210882259893,0.0,0.05,0.0,0.0,0.0,0.257487904562938,0,0.01458333333333334,1,0,0,Off,0,0,Off,0,0,Off,0.04207770057903502,0.03155827543427625,On,0,0,Off,0.006835758406432749,0.0,On,0.20358750891394453,0,On,0.37660388214207186,0,On,0.30123950550488243,0.22592962912866177,On,Off,0.0,20.000000000000057,0.0,0.0,0.0,0.0,0,0.0,21116.65276888889,Off,0.0,23.888888888888914,0,0.0,0.05,0.0,0.0,0,0,0,11489.55984,Off,0.0,0,78.95103692303017,51.666666666666686,46.10666666666668,0.0,50.50217933061053,0.0,0.0,0.0,123.36099519223464,49.00940259253303,50.50217933061053,48.26301422349428,12.43753247303448,19.629849538660704,0.0,9.473908163658061,1.346659421006755,-1.1,9.236100170605994,-2461.6208222148152,-3395.808133455724,-614.1262649507017,-3483.877130497718,-0.0,-0.0,1041.2568186054693,0.0,2.0,0.1275039720333957,0.0,0,1.19331102774524,131.99922844444444,-19.000510322566413,0.2041226568843091,9.159593557899065,0.0028383892898559263,-95.32297549894614,1.2199366284852964,0.24897932830463362,-3470.0984066154747,74.29027315975056,0.11242981294583164,-362.57509791462235,-251.55116703607942
2025-01-01 19:48:00,0.9803443555463667,0.27207123789627136,0.0,0.016339072592439444,0.004534520631604522,0.0,0.21042326732037728,0.7199210882259893,0.0,0.05,0.0,0.0,0.0,0.257487904562938,0,0.01458333333333334,1,0,0,Off,0,0,Off,0,0,Off,0.04207770057903502,0.03155827543427625,On,0,0,Off,0.006835758406432749,0.0,On,0.20358750891394453,0,On,0.37660388214207186,0,On,0.30123950550488243,0.22592962912866177,On,Off,0.0,20.000000000000057,0.0,0.0,0.0,0.0,0,0.0,21116.65276888889,Off,0.0,23.888888888888914,0,0.0,0.05,0.0,0.0,0,0,0,11489.55984,Off,0.0,0,79.19519412321708,51.666666666666686,46.10666666666668,0.0,50.4838471511452,0.0,0.0,0.0,123.74249081752669,48.99300110416237,50.4838471511452,48.247578080670955,12.43753247303448,19.522393379966587,0.0,9.412193294549077,1.3209659007939367,-1.1,9.236100170605994,-2426.6352995882535,-3365.80003203753,-609.6176722484603,-3454.1838068420275,-0.0,-0.0,1041.2568186054693,0.0,2.0,0.12707596348396688,0.0,0,1.189305291187724,131.99922844444444,-13.708311351695471,0.20546651485003067,9.109735434483087,0.002838058179174361,-94.50253807093807,1.2203847782438333,0.2483641229777624,-3441.320839697617,75.52080766008712,0.11191483146800027,-357.1242022580385,-252.49346999042174
2025-01-01 19:49:00,0.9803443555463667,0.27207123789627136,0.0,0.016339072592439444,0.004534520631604522,0.0,0.21042326732037728,0.7199210882259893,0.0,0.05,0.0,0.0,0.0,0.257487904562938,0,0.01458333333333334,1,0,0,Off,0,0,Off,0,0,Off,0.04207770057903502,0.03155827543427625,On,0,0,Off,0.006835758406432749,0.0,On,0.20358750891394453,0,On,0.37660388214207186,0,On,0.30123950550488243,0.22592962912866177,On,Off,0.0,20.000000000000057,0.0,0.0,0.0,0.0,0,0.0,21116.65276888889,Off,0.0,23.888888888888914,0,0.0,0.05,0.0,0.0,0,0,0,11489.55984,Off,0.0,0,79.43088333595107,51.666666666666686,46.10666666666668,0.0,50.46546239627142,0.0,0.0,0.0,124.11075521242353,48.976548893956554,50.46546239627142,48.23209214279913,12.43753247303448,19.418042424084963,-0.08195757591509434,9.3536486190392,1.2953242914598961,-1.1,9.236100170605994,-2392.8770222718417,-3337.4204720732996,-605.1179893762146,-3425.444534755063,-0.0,-0.0,1041.2568186054693,0.0,2.0,0.12665958203206326,0.0,0,1.185408372759371,131.99922844444444,-8.689306122247615,0.20678062374796924,9.061484700656546,0.002837730038880612,-93.70280939915983,1.2208202975695024,0.2477791079645471,-3414.0945855012624,76.67411342796278,0.11139851699259157,-351.7116012497564,-253.4063881264582
2025-01-01 19:50:00,0.9803443555463667,0.27207123789627136,0.0,0.016339072592439444,0.004534520631604522,0.0,0.21042326732037728,0.7199210882259893,0.0,0.05,0.0,0.0,0.0,0.257487904562938,0,0.01458333333333334,1,0,0,Off,0,0,Off,0,0,Off,0.04207770057903502,0.03155827543427625,On,0,0,Off,0.006835758406432749,0.0,On,0.20358750891394453,0,On,0.37660388214207186,0,On,0.30123950550488243,0.22592962912866177,On,Off,0.0,20.000000000000057,0.0,0.0,0.0,0.0,0,0.0,21116.65276888889,Off,0.0,23.888888888888914,0,0.0,0.05,0.0,0.0,0,0,0,11489.55984,Off,0.0,0,79.65849704297246,51.666666666666686,46.10666666666668,0.0,50.4470269327107,0.0,0.0,0.0,124.46640162964447,48.96004772107676,50.4470269327107,48.2165581152598,12.43753247303448,19.316652157217096,-0.18334784278296112,9.298075891790317,1.269739308079205,-1.1,9.236100170605994,-2360.2966826859456,-3310.5738706349266,-600.625126021614,-3397.6114234094584,-0.0,-0.0,1041.2568186054693,0.0,2.0,0.1262543099938201,0.0,0,1.181615427451395,131.99922844444444,-3.942077881956436,0.20806607199946967,9.01407790313061,0.0028374047915485524,-92.92288225792359,1.2212437625691992,0.24722250979862326,-3388.3164143813146,77.74254374638824,0.11088094650446287,-346.33825363639886,-254.28687238521516
2025-01-01 19:51:00,0.9803443555463667,0.27207123789627136,0.0,0.016339072592439444,0.004534520631604522,0.0,0.21042326732037728,0.7199210882259893,0.0,0.05,0.0,0.0,0.0,0.257487904562938,0,0.01458333333333334,1,0,0,Off,0,0,Off,0,0,Off,0.04207770057903502,0.03155827543427625,On,0,0,Off,0.006835758406432749,0.0,On,0.20358750891394453,0,On,0.37660388214207186,0,On,0.30123950550488243,0.22592962912866177,On,Off,0.0,20.000000000000057,0.0,0.0,0.0,0.0,0,0.0,21116.65276888889,Off,0.0,23.888888888888914,0,0.0,0.05,0.0,0.0,0,0,0,11489.55984,Off,0.0,0,79.87839636671966,51.666666666666686,46.10666666666668,0.0,50.42854254065046,0.0,0.0,0.0,124.80999432299946,48.94349926314899,50.42854254065046,48.20097762439826,12.43753247303448,19.218089671410635,-0.2819103285894222,9.24529443240018,1.2442162487538038,-1.1,9.236100170605994,-2328.8432338558596,-3285.1306182936937,-596.1377869563634,-3370.6404724899376,-0.0,-0.0,1041.2568186054693,0.0,2.0,0.12585967117245228,0.0,0,1.1779219985330296,131.99922844444444,0.5404200286087786,0.20932386084481838,8.968140546187769,0.0028370823632246885,-92.16192026896152,1.2216557032453796,0.2466927052676671,-3363.8926559498505,78.76203765615666,0.11036221026536404,-341.0052201909095,-255.1325667654539
2025-01-01 19:52:00,2.0311172722130335,0.27207123789627136,0.9006625,0.03385195453688389,0.004534520631604522,0.015011041666666667,0.21042326732037728,0.7199210882259893,1.0507729166666668,0.05,0.0,0.9006625,0.0,0.257487904562938,0,0.01458333333333334,1,0,0,Off,0,0,Off,0,0,Off,0.04207770057903502,0.03155827543427625,On,0,0,Off,0.006835758406432749,0.0,On,0.20358750891394453,0,On,0.37660388214207186,0,On,0.30123950550488243,0.22592962912866177,On,On,17415.9303113141,20.000000000000057,0.8,4751.49537424146,26.39581596111111,1.0507729166666668,1,21116.65276888889,21116.65276888889,Off,0.0,23.888888888888914,0,0.0,0.05,0.0,0.0,0,0,0,11489.55984,Off,0.0,0,80.09091712362972,51.666666666666686,46.10666666666668,0.0,50.41001092065589,0.0,0.0,0.0,125.14205800567143,48.92690512277876,50.41001092065589,48.185352223840205,12.43753247303448,19.122231414987088,-0.3777685850129693,9.195139704799692,1.2187608393105593,-1.1,9.236100170605994,15117.464459931905,1490.4445781516802,-591.655336847904,-3344.4908783084816,-0.0,-0.0,1041.2568186054693,0.0,2.0,0.12547522238574155,0.0,0,1.1743239382571893,131.99922844444444,4.768208320817806,0.2105549268164765,8.923608372703205,0.002836762683155697,-91.41914396392144,1.2220566126318781,0.2461882106328373,-3340.7383445804635,79.6875484906837,0.10984240895784178,-335.71362825785883,-255.9417085900452
2025-01-01 19:53:00,2.0311172722130335,0.27207123789627136,0.9006625,0.03385195453688389,0.004534520631604522,0.015011041666666667,0.21042326732037728,0.7199210882259893,1.0507729166666668,0.05,0.0,0.9006625,0.0,0.257487904562938,0,0.01458333333333334,1,0,0,Off,0,0,Off,0,0,Off,0.04207770057903502,0.03155827543427625,On,0,0,Off,0.006835758406432749,0.0,On,0.20358750891394453,0,On,0.37660388214207186,0,On,0.30123950550488243,0.22592962912866177,On,On,17415.9303113141,20.000000000000057,0.8,4751.49537424146,26.39581596111111,1.0507729166666668,1,21116.65276888889,21116.65276888889,Off,0.0,23.888888888888914,0,0.0,0.05,0.0,0.0,0,0,0,11489.55984,Off,0.0,0,79.44788644914416,51.666666666666686,46.10666666666668,0.0,50.391433699247905,0.0,0.0,0.0,124.13732257678775,48.91026683280824,50.391433699247905,48.169683399588415,12.43753247303448,19.34518911969346,-0.15481088030659862,9.318951214472909,1.1933791016154525,-1.1,9.236100170605994,15043.489367687125,1430.3330211289085,-587.1776839733632,-3405.436182591143,-0.0,-0.0,1041.2568186054693,0.0,2.0,0.12636844696203994,0.0,0,1.1826836365485554,131.99922844444444,-8.26157964130114,0.20762680641305978,9.02638174615595,0.002836445683568286,-92.7155341332031,1.2211253199823155,0.24743173699429913,-3397.9921731691616,76.82982005661022,0.1093216512344641,-330.46464215715883,-256.7130418162044
2025-01-01 19:54:00,2.0311172722130335,0.27207123789627136,0.9006625,0.03385195453688389,0.004534520631604522,0.015011041666666667,0.21042326732037728,0.7199210882259893,1.0507729166666668,0.05,0.0,0.9006625,0.0,0.257487904562938,0,0.01458333333333334,1,0,0,Off,0,0,Off,0,0,Off,0.04207770057903502,0.03155827543427625,On,0,0,Off,0.006835758406432749,0.0,On,0.20358750891394453,0,On,0.37660388214207186,0,On,0.30123950550488243,0.22592962912866177,On,On,17415.9303113141,20.000000000000057,0.8,4751.49537424146,26.39581596111111,1.0507729166666668,1,21116.65276888889,21116.65276888889,Off,0.0,23.888888888888914,0,0.0,0.05,0.0,0.0,0,0,0,11489.55984,Off,0.0,0,78.8249236735565,51.666666666666686,46.10666666666668,0.0,50.37299936120563,0.0,0.0,0.0,123.16394323993202,48.89376212765865,50.37299936120563,48.15414351088516,12.43753247303448,19.56080147513051,0.0,9.435779893939314,1.1680772424759227,-1.1,9.236100170605994,14972.55397908777,1373.6014158879202,-582.7051817918777,-3464.7855940814566,-0.0,-0.0,1041.2568186054693,0.0,2.0,0.1272290354057627,0.0,0,1.1907378929287056,131.99922844444444,-19.84755675034144,0.2048374625028924,9.12550161083253,0.002836123943506974,-93.95615798033964,1.2202260693712104,0.24859942598308285,-3452.3099213711043,74.41596301756437,0.10880005162248553,-325.2594386580719,-257.4457431338058
2025-01-01 19:55:00,2.0311172722130335,0.27207123789627136,0.9006625,0.03385195453688389,0.004534520631604522,0.015011041666666667,0.21042326732037728,0.7199210882259893,1.0507729166666668,0.05,0.0,0.9006625,0.0,0.257487904562938,0,0.01458333333333334,1,0,0,Off,0,0,Off,0,0,Off,0.04207770057903502,0.03155827543427625,On,0,0,Off,0.006835758406432749,0.0,On,0.20358750891394453,0,On,0.37660388214207186,0,On,0.30123950550488243,0.22592962912866177,On,On,17415.9303113141,20.000000000000057,0.8,4751.49537424146,26.39581596111111,1.0507729166666668,1,21116.65276888889,21116.65276888889,Off,0.0,23.888888888888914,0,0.0,0.05,0.0,0.0,0,0,0,11489.55984,Off,0.0,0,78.22075197076288,51.666666666666686,46.10666666666668,0.0,50.35470347958556,0.0,0.0,0.0,122.219924954317,48.877386838373845,50.35470347958556,48.13872851776799,12.43753247303448,19.769540171857408,0.0,9.546184189021167,1.1428615605174357,-1.1,9.236100170605994,14903.346089712515,1319.6926133104644,-578.2385448206041,-3522.627439965804,-0.0,-0.0,1041.2568186054693,0.0,2.0,0.12805922460274913,0.0,0,1.1985076424359555,131.99922844444444,-31.213600241250887,0.20217599973444103,9.220558016792072,0.0028357976579709335,-95.14471986547008,1.21935675870598,0.249697885621374,-3503.9008323392954,72.09807140829993,0.10827772874096617,-320.099186843324,-258.1393579772801
2025-01-01 19:56:00,2.0311172722130335,0.27207123789627136,0.9006625,0.03385195453688389,0.004534520631604522,0.015011041666666667,0.21042326732037728,0.7199210882259893,1.0507729166666668,0.05,0.0,0.9006625,0.0,0.257487904562938,0,0.01458333333333334,1,0,0,Off,0,0,Off,0,0,Off,0.04207770057903502,0.03155827543427625,On,0,0,Off,0.006835758406432749,0.0,On,0.20358750891394453,0,On,0.37660388214207186,0,On,0.30123950550488243,0.22592962912866177,On,On,17415.9303113141,20.000000000000057,0.8,4751.49537424146,26.39581596111111,1.0507729166666668,1,21116.65276888889,21116.65276888889,Off,0.0,23.888888888888914,0,0.0,0.05,0.0,0.0,0,0,0,11489.55984,Off,0.0,0,77.63436818093582,51.666666666666686,46.10666666666668,0.0,50.33654190889999,0.0,0.0,0.0,121.30370028271221,48.86113706124876,50.33654190889999,48.12343463742316,12.43753247303448,19.97177517200248,0.0,9.650624013357445,1.1177383684624018,-1.1,9.236100170605994,14836.021134568351,1268.4705182493367,-573.7787751034997,-3579.0265892206967,-0.0,-0.0,1041.2568186054693,0.0,2.0,0.12886080355592394,0.0,0,1.2060096283676678,131.99922844444444,-42.13940613052161,0.19963340518043285,9.31247584335653,0.0028354670093056426,-96.28420161643302,1.2185157247888243,0.2507325728214253,-3552.936095609879,69.91123961775556,0.1077548037867529,-314.985031711813,-258.7937433916867
2025-01-01 19:57:00,2.0311172722130335,0.27207123789627136,0.9006625,0.03385195453688389,0.004534520631604522,0.015011041666666667,0.21042326732037728,0.7199210882259893,1.0507729166666668,0.05,0.0,0.9006625,0.0,0.257487904562938,0,0.01458333333333334,1,0,0,Off,0,0,Off,0,0,Off,0.04207770057903502,0.03155827543427625,On,0,0,Off,0.006835758406432749,0.0,On,0.20358750891394453,0,On,0.37660388214207186,0,On,0.30123950550488243,0.22592962912866177,On,On,17415.9303113141,20.000000000000057,0.8,4751.49537424146,26.39581596111111,1.0507729166666668,1,21116.65276888889,21116.65276888889,Off,0.0,23.888888888888914,0,0.0,0.05,0.0,0.0,0,0,0,11489.55984,Off,0.0,0,77.06490027821236,51.666666666666686,46.10666666666668,0.0,50.31851072481626,0.0,0.0,0.0,120.41390668470682,48.84500910097733,50.31851072481626,48.10825828905787,12.43753247303448,20.16782777341365,0.0,9.74949896905818,1.092713928663469,-1.1,9.236100170605994,14770.56389994541,1219.7835460462006,-569.4124452377855,-3634.0382002210113,-0.0,-0.0,1041.2568186054693,0.0,2.0,0.12963533302676886,0.0,0,1.2132584579071182,131.99922844444444,-52.58502975314906,0.19720176024131925,9.40146190537111,0.0028351321697417846,-97.37721463556773,1.2177015191991214,0.2517082094518492,-3599.565071044513,67.85324284925369,0.10723139925307715,-309.9180809741829,-259.49436426360273
2025-01-01 19:58:00,0.9803443555463667,0.27207123789627136,0.0,0.016339072592439444,0.004534520631604522,0.0,0.21042326732037728,0.7199210882259893,0.0,0.05,0.0,0.0,0.0,0.257487904562938,0,0.01458333333333334,1,0,0,Off,0,0,Off,0,0,Off,0.04207770057903502,0.03155827543427625,On,0,0,Off,0.006835758406432749,0.0,On,0.20358750891394453,0,On,0.37660388214207186,0,On,0.30123950550488243,0.22592962912866177,On,Off,0.0,20.000000000000057,0.0,0.0,0.0,0.0,0,0.0,21116.65276888889,Off,0.0,23.888888888888914,0,0.0,0.05,0.0,0.0,0,0,0,11489.55984,Off,0.0,0,76.51157275088416,51.666666666666686,46.10666666666668,0.0,50.30060619525904,0.0,0.0,0.0,119.5493324232565,48.828999443410304,50.30060619525904,48.09319606748594,12.43753247303448,20.357983485061617,0.0,9.843162704266138,1.067791176730242,-1.1,9.236100170605994,-2708.9871961443155,-3577.9988214313316,-564.8731718026991,-3687.7107218310225,-0.0,-0.0,1041.2568186054693,0.0,2.0,0.13038420206939935,0.0,0,1.220267131226518,131.99922844444444,-62.5332929187623,0.19487400465081062,9.487701639735665,0.002834793302668274,-98.42609099201434,1.2169128528556317,0.25262894981885414,-3643.9208821926263,65.9220607612946,0.10670756993532052,-304.8987471616608,-259.9744246410383
2025-01-01 19:59:00,0.9803443555463667,0.27207123789627136,0.0,0.016339072592439444,0.004534520631604522,0.0,0.21042326732037728,0.7199210882259893,0.0,0.05,0.0,0.0,0.0,0.257487904562938,0,0.01458333333333334,1,0,0,Off,0,0,Off,0,0,Off,0.04207770057903502,0.03155827543427625,On,0,0,Off,0.006835758406432749,0.0,On,0.20358750891394453,0,On,0.37660388214207186,0,On,0.30123950550488243,0.22592962912866177,On,Off,0.0,20.000000000000057,0.0,0.0,0.0,0.0,0,0.0,21116.65276888889,Off,0.0,23.888888888888914,0,0.0,0.05,0.0,0.0,0,0,0,11489.55984,Off,0.0,0,76.82216794684834,51.666666666666686,46.10666666666668,0.0,50.28282475914061,0.0,0.0,0.0,120.03463741695053,48.81310473550522,50.28282475914061,48.07824472368754,12.43753247303448,20.226274295311367,0.0,9.760440261283597,1.042983108902157,-1.1,9.236100170605994,-2664.170892688093,-3536.878614049351,-560.5286639558036,-3650.502030090597,-0.0,-0.0,1041.2568186054693,0.0,2.0,0.12986575293004324,0.0,0,1.2154149602278248,131.99922844444444,-54.925681202965066,0.1964431540594577,9.427436607564442,0.0028344505635845754,-97.45904628674268,1.2174594289945002,0.25181593903828375,-3604.737236227745,67.85862217839414,0.1061835847253389,-299.92943995995313,-260.5992239958505
2025-01-01 20:00:00,0.9796687885021397,0.2714137738247239,0.0,0.016327813141702327,0.004523562897078732,0.0,0.21062431903821355,0.7190444694639261,0.0,0.05,0.0,0.0,0.0,0.2568304404913906,0,0.01458333333333334,1,0,0,Off,0,0,Off,0,0,Off,0.04120108181697179,0.030900811362728833,On,0,0,Off,0.007036810124269006,0.0,On,0.20358750891394453,0,On,0.37660388214207186,0,On,0.30123950550488243,0.22592962912866177,On,Off,0.0,20.000000000000057,0.0,0.0,0.0,0.0,0,0.0,21116.65276888889,Off,0.0,23.888888888888914,0,0.0,0.05,0.0,0.0,0,0,0,11489.55984,Off,0.0,0,77.12054993916443,51.666666666666686,46.10666666666668,0.0,50.264976083220425,0.0,0.0,0.0,120.50085927994442,48.797145503767496,50.264976083220425,48.06323021404103,12.43753247303448,20.099052305432263,0.0,9.682508388979466,1.0182885053334525,-1.1,9.236100170605994,-2622.635978711275,-3498.542771041995,-556.0239129139211,-3614.7024010711057,-0.0,-0.0,1040.5812515612422,0.0,2.0,0.12936391054845137,0.0,0,1.2107182120513313,131.99922844444444,-48.51482920141173,0.19797182627523602,9.369476802500555,0.0028341113443017553,-96.52096354671846,1.2179878559982344,0.2510476022293055,-3567.950727294572,69.40795625257734,0.10565941534708143,-295.00968820526737,-261.0142247086538
2025-01-01 20:01:00,0.9796687885021397,0.2714137738247239,0.0,0.016327813141702327,0.004523562897078732,0.0,0.21062431903821355,0.7190444694639261,0.0,0.05,0.0,0.0,0.0,0.2568304404913906,0,0.01458333333333334,1,0,0,Off,0,0,Off,0,0,Off,0.04120108181697179,0.030900811362728833,On,0,0,Off,0.007036810124269006,0.0,On,0.20358750891394453,0,On,0.37660388214207186,0,On,0.30123950550488243,0.22592962912866177,On,Off,0.0,20.000000000000057,0.0,0.0,0.0,0.0,0,0.0,21116.65276888889,Off,0.0,23.888888888888914,0,0.0,0.05,0.0,0.0,0,0,0,11489.55984,Off,0.0,0,77.40772081907693,51.666666666666686,46.10666666666668,0.0,50.24706285985919,0.0,0.0,0.0,120.94956377980769,48.78112428539895,50.24706285985919,48.04815499816884,12.43753247303448,19.975946582446785,0.0,9.608927037725511,0.9937196126366146,-1.1,9.236100170605994,-2581.6949864143116,-3462.4272067047004,-551.6938101758606,-3580.1936246193654,-0.0,-0.0,1040.5812515612422,0.0,2.0,0.12887730918942,0.0,0,1.2061641047667688,131.99922844444444,-42.08261335618826,0.19946329839541277,9.312918812955779,0.00283377553589627,-95.609560268666,1.21849962798306,0.25031999303743097,-3533.332136599858,70.90492989515754,0.10513532093754567,-290.1416869404829,-261.5521232353776
2025-01-01 20:02:00,0.9796687885021397,0.2714137738247239,0.0,0.016327813141702327,0.004523562897078732,0.0,0.21062431903821355,0.7190444694639261,0.0,0.05,0.0,0.0,0.0,0.2568304404913906,0,0.01458333333333334,1,0,0,Off,0,0,Off,0,0,Off,0.04120108181697179,0.030900811362728833,On,0,0,Off,0.007036810124269006,0.0,On,0.20358750891394453,0,On,0.37660388214207186,0,On,0.30123950550488243,0.22592962912866177,On,Off,0.0,20.000000000000057,0.0,0.0,0.0,0.0,0,0.0,21116.65276888889,Off,0.0,23.888888888888914,0,0.0,0.05,0.0,0.0,0,0,0,11489.55984,Off,0.0,0,77.68436174828032,51.666666666666686,46.10666666666668,0.0,50.22908756055246,0.0,0.0,0.0,121.381815231688,48.76504340942451,50.22908756055246,48.03302133386053,12.43753247303448,19.856705593797262,0.0,9.53934622605842,0.9692756669849306,-1.1,9.236100170605994,-2542.169997845498,-3428.3747992432136,-547.2321620810521,-3546.892757755273,-0.0,-0.0,1040.5812515612422,0.0,2.0,0.12840504265341263,0.0,0,1.2017441572430552,131.99922844444444,-35.85849165146708,0.20091953615834646,9.257643023731312,0.00283344303808419,-94.72329345114602,1.2189957489113985,0.24962999221337165,-3500.698197069133,72.32339782591944,0.10461128620739435,-285.3250213362758,-261.9071407447763
2025-01-01 20:03:00,0.9796687885021397,0.2714137738247239,0.0,0.016327813141702327,0.004523562897078732,0.0,0.21062431903821355,0.7190444694639261,0.0,0.05,0.0,0.0,0.0,0.2568304404913906,0,0.01458333333333334,1,0,0,Off,0,0,Off,0,0,Off,0.04120108181697179,0.030900811362728833,On,0,0,Off,0.007036810124269006,0.0,On,0.20358750891394453,0,On,0.37660388214207186,0,On,0.30123950550488243,0.22592962912866177,On,Off,0.0,20.000000000000057,0.0,0.0,0.0,0.0,0,0.0,21116.65276888889,Off,0.0,23.888888888888914,0,0.0,0.05,0.0,0.0,0,0,0,11489.55984,Off,0.0,0,77.95107302533185,51.666666666666686,46.10666666666668,0.0,50.21105250664156,0.0,0.0,0.0,121.798551602081,48.74890506336277,50.21105250664156,48.01783134172338,12.43753247303448,19.7411078024874,0.0,9.473470064635649,0.9449674660936546,-1.1,9.236100170605994,-2504.037558451263,-3396.232054754557,-542.9235381775561,-3514.7265800348982,-0.0,-0.0,1040.5812515612422,0.0,2.0,0.1279463143314586,0.0,0,1.1974509140083782,131.99922844444444,-29.89222997760696,0.20234224982328575,9.204246901306599,0.002833113756478647,-93.86080151982148,1.2194771024856308,0.2489749664671487,-3469.893843518208,73.66178876365133,0.10408754528955835,-280.56153920512395,-262.36199897243216
2025-01-01 20:04:00,0.9796687885021397,0.2714137738247239,0.0,0.016327813141702327,0.004523562897078732,0.0,0.21062431903821355,0.7190444694639261,0.0,0.05,0.0,0.0,0.0,0.2568304404913906,0,0.01458333333333334,1,0,0,Off,0,0,Off,0,0,Off,0.04120108181697179,0.030900811362728833,On,0,0,Off,0.007036810124269006,0.0,On,0.20358750891394453,0,On,0.37660388214207186,0,On,0.30123950550488243,0.22592962912866177,On,Off,0.0,20.000000000000057,0.0,0.0,0.0,0.0,0,0.0,21116.65276888889,Off,0.0,23.888888888888914,0,0.0,0.05,0.0,0.0,0,0,0,11489.55984,Off,0.0,0,78.20837241024947,51.666666666666686,46.10666666666668,0.0,50.19295988713377,0.0,0.0,0.0,122.20058189101479,48.73271131002483,50.19295988713377,48.002587021470376,12.43753247303448,19.628962308328113,0.0,9.411042829919134,0.9207946993028382,-1.1,9.236100170605994,-2467.2614553583494,-3365.864948996811,-538.5111180604779,-3483.631552287636,-0.0,-0.0,1040.5812515612422,0.0,2.0,0.12750044126341017,0.0,0,1.1932779832314655,131.99922844444444,-24.211154631955452,0.20373286696204806,9.152631396868276,0.002832787601899457,-93.02090971105062,1.2199444487483422,0.24835264008964633,-3440.7851292977284,74.92018030091738,0.10356409589742208,-275.85088268020377,-262.66023538027406
2025-01-01 20:05:00,0.9796687885021397,0.2714137738247239,0.0,0.016327813141702327,0.004523562897078732,0.0,0.21062431903821355,0.7190444694639261,0.0,0.05,0.0,0.0,0.0,0.2568304404913906,0,0.01458333333333334,1,0,0,Off,0,0,Off,0,0,Off,0.04120108181697179,0.030900811362728833,On,0,0,Off,0.007036810124269006,0.0,On,0.20358750891394453,0,On,0.37660388214207186,0,On,0.30123950550488243,0.22592962912866177,On,Off,0.0,20.000000000000057,0.0,0.0,0.0,0.0,0,0.0,21116.65276888889,Off,0.0,23.888888888888914,0,0.0,0.05,0.0,0.0,0,0,0,11489.55984,Off,0.0,0,78.45671962151997,51.666666666666686,46.10666666666668,0.0,50.174811776890934,0.0,0.0,0.0,122.58862440862495,48.716464104661014,50.174811776890934,47.98729026854606,12.43753247303448,19.520099735172128,0.0,9.351838927364211,0.8967667045308155,-1.1,9.236100170605994,-2431.793166258358,-3337.1539091131426,-534.2313183558897,-3453.551097399428,-0.0,-0.0,1040.5812515612422,0.0,2.0,0.12706681924556387,0.0,0,1.189219710163442,131.99922844444444,-18.823320420172138,0.2050926303242165,9.102013523165901,0.002832464489667458,-92.20257384530052,1.2203984613990273,0.2477610023840297,-3413.2541221290608,76.10021301591823,0.10304114622193143,-271.1945597506419,-263.0367586052478
2025-01-01 20:06:00,0.9796687885021397,0.2714137738247239,0.0,0.016327813141702327,0.004523562897078732,0.0,0.21062431903821355,0.7190444694639261,0.0,0.05,0.0,0.0,0.0,0.2568304404913906,0,0.01458333333333334,1,0,0,Off,0,0,Off,0,0,Off,0.04120108181697179,0.030900811362728833,On,0,0,Off,0.007036810124269006,0.0,On,0.20358750891394453,0,On,0.37660388214207186,0,On,0.30123950550488243,0.22592962912866177,On,Off,0.0,20.000000000000057,0.0,0.0,0.0,0.0,0,0.0,21116.65276888889,Off,0.0,23.888888888888914,0,0.0,0.05,0.0,0.0,0,0,0,11489.55984,Off,0.0,0,78.69653142376926,51.666666666666686,46.10666666666668,0.0,50.156610149420516,0.0,0.0,0.0,122.96333034963946,48.70016530701854,50.156610149420516,47.97194288581755,12.43753247303448,19.414366619929012,-0.08563338007104448,9.295656046214813,0.8728835431194518,-1.1,9.236100170605994,-2397.5791796792387,-3310.0015297683844,-529.8739345184342,-3424.4339090762296,-0.0,-0.0,1040.5812515612422,0.0,2.0,0.12664490144988758,0.0,0,1.1852709770349508,131.99922844444444,-13.726522164251364,0.2064226568416579,9.053015635420632,0.002832144339107916,-91.40484578871897,1.2208397507139026,0.24719824494713719,-3387.1953982975797,77.19386852919514,0.10251870525554052,-266.59225523989966,-263.2816792785345
2025-01-01 20:07:00,0.9796687885021397,0.2714137738247239,0.0,0.016327813141702327,0.004523562897078732,0.0,0.21062431903821355,0.7190444694639261,0.0,0.05,0.0,0.0,0.0,0.2568304404913906,0,0.01458333333333334,1,0,0,Off,0,0,Off,0,0,Off,0.04120108181697179,0.030900811362728833,On,0,0,Off,0.007036810124269006,0.0,On,0.20358750891394453,0,On,0.37660388214207186,0,On,0.30123950550488243,0.22592962912866177,On,Off,0.0,20.000000000000057,0.0,0.0,0.0,0.0,0,0.0,21116.65276888889,Off,0.0,23.888888888888914,0,0.0,0.05,0.0,0.0,0,0,0,11489.55984,Off,0.0,0,78.92819132763219,51.666666666666686,46.10666666666668,0.0,50.138356886342336,0.0,0.0,0.0,123.3252989494253,48.68381669026488,50.138356886342336,47.956546592226154,12.43753247303448,19.311621806367956,-0.18837819363210073,9.24230995360058,0.8491531284424465,-1.1,9.236100170605994,-2364.564373732276,-3284.275236686116,-525.6300597928036,-3396.2328504300676,-0.0,-0.0,1040.5812515612422,0.0,2.0,0.12623418477201748,0.0,0,1.1814270752869103,131.99922844444444,-8.912774863450835,0.20772397445863078,9.005564575856145,0.00283182707318271,-90.6268513280352,1.2212688782278793,0.24666271396884895,-3362.513375732277,78.23813904616081,0.1019969552482343,-262.04515400277256,-263.58490579003103
2025-01-01 20:08:00,0.9796687885021397,0.2714137738247239,0.0,0.016327813141702327,0.004523562897078732,0.0,0.21062431903821355,0.7190444694639261,0.0,0.05,0.0,0.0,0.0,0.2568304404913906,0,0.01458333333333334,1,0,0,Off,0,0,Off,0,0,Off,0.04120108181697179,0.030900811362728833,On,0,0,Off,0.007036810124269006,0.0,On,0.20358750891394453,0,On,0.37660388214207186,0,On,0.30123950550488243,0.22592962912866177,On,Off,0.0,20.000000000000057,0.0,0.0,0.0,0.0,0,0.0,21116.65276888889,Off,0.0,23.888888888888914,0,0.0,0.05,0.0,0.0,0,0,0,11489.55984,Off,0.0,0,79.1520559385105,51.666666666666686,46.10666666666668,0.0,50.120053784717996,0.0,0.0,0.0,123.67508740392265,48.667419947896065,50.120053784717996,47.941103029485106,12.43753247303448,19.21173408587641,-0.2882659141236452,9.191633003118747,0.8255758298308833,-1.1,9.236100170605994,-2332.6940289481176,-3259.9349948860904,-521.3330917019293,-3368.904219551069,-0.0,-0.0,1040.5812515612422,0.0,2.0,0.12583420098782078,0.0,0,1.1776836228046914,131.99922844444444,-4.371060958290485,0.2089975451417371,8.958906365932545,0.002831512618205298,-89.86777576886965,1.2216863662932098,0.24615289886989355,-3339.121419341853,79.18642445576292,0.1014759150408375,-257.55297328471636,-263.7801184172129
2025-01-01 20:09:00,2.030441705168806,0.2714137738247239,0.9006625,0.03384069508614677,0.004523562897078732,0.015011041666666667,0.21062431903821355,0.7190444694639261,1.0507729166666668,0.05,0.0,0.9006625,0.0,0.2568304404913906,0,0.01458333333333334,1,0,0,Off,0,0,Off,0,0,Off,0.04120108181697179,0.030900811362728833,On,0,0,Off,0.007036810124269006,0.0,On,0.20358750891394453,0,On,0.37660388214207186,0,On,0.30123950550488243,0.22592962912866177,On,On,17415.9303113141,20.000000000000057,0.8,4751.49537424146,26.39581596111111,1.0507729166666668,1,21116.65276888889,21116.65276888889,Off,0.0,23.888888888888914,0,0.0,0.05,0.0,0.0,0,0,0,11489.55984,Off,0.0,0,79.36845924100594,51.666666666666686,46.10666666666668,0.0,50.101702562981316,0.0,0.0,0.0,124.01321756407178,48.65097669932601,50.101702562981316,47.925613767498355,12.43753247303448,19.114580606310742,-0.38541939368931466,9.143468444695046,0.8021581953326173,-1.1,9.236100170605994,15114.015357039985,1514.6707512469784,-517.1318063433025,-3342.4072419866948,-0.0,-0.0,1040.5812515612422,0.0,2.0,0.12544451086775346,0.0,0,1.174036508834329,131.99922844444444,-0.08896384865990115,0.21024427942150115,8.913669253109685,0.0028312009036098574,-89.126854288034,1.222092704485241,0.2456673780791974,-3316.9390438623273,80.11442086784562,0.10095574144931985,-253.11659594659253,-264.01521039670996
2025-01-01 20:10:00,2.030441705168806,0.2714137738247239,0.9006625,0.03384069508614677,0.004523562897078732,0.015011041666666667,0.21062431903821355,0.7190444694639261,1.0507729166666668,0.05,0.0,0.9006625,0.0,0.2568304404913906,0,0.01458333333333334,1,0,0,Off,0,0,Off,0,0,Off,0.04120108181697179,0.030900811362728833,On,0,0,Off,0.007036810124269006,0.0,On,0.20358750891394453,0,On,0.37660388214207186,0,On,0.30123950550488243,0.22592962912866177,On,On,17415.9303113141,20.000000000000057,0.8,4751.49537424146,26.39581596111111,1.0507729166666668,1,21116.65276888889,21116.65276888889,Off,0.0,23.888888888888914,0,0.0,0.05,0.0,0.0,0,0,0,11489.55984,Off,0.0,0,78.72922815048622,51.666666666666686,46.10666666666668,0.0,50.083304865924774,0.0,0.0,0.0,123.01441898513471,48.634488494585796,50.083304865924774,47.910080308916314,12.43753247303448,19.336273198715368,-0.16372680128468886,9.269166639705503,0.7789008527740671,-1.1,9.236100170605994,15040.453227890828,1453.746506765729,-512.92224559692,-3402.9906985358134,-0.0,-0.0,1040.5812515612422,0.0,2.0,0.12633279261802308,0.0,0,1.1823499471644223,131.99922844444444,-13.067636448698437,0.20733717423525694,9.01580473771073,0.002830891861756966,-90.40274175421732,1.2211666360822537,0.24693246815319433,-3374.9319236191104,77.18305614337939,0.1004364619926994,-248.73576459396037,-264.18648100295957
2025-01-01 20:11:00,2.030441705168806,0.2714137738247239,0.9006625,0.03384069508614677,0.004523562897078732,0.015011041666666667,0.21062431903821355,0.7190444694639261,1.0507729166666668,0.05,0.0,0.9006625,0.0,0.2568304404913906,0,0.01458333333333334,1,0,0,Off,0,0,Off,0,0,Off,0.04120108181697179,0.030900811362728833,On,0,0,Off,0.007036810124269006,0.0,On,0.20358750891394453,0,On,0.37660388214207186,0,On,0.30123950550488243,0.22592962912866177,On,On,17415.9303113141,20.000000000000057,0.8,4751.49537424146,26.39581596111111,1.0507729166666668,1,21116.65276888889,21116.65276888889,Off,0.0,23.888888888888914,0,0.0,0.05,0.0,0.0,0,0,0,11489.55984,Off,0.0,0,78.10998152532262,51.666666666666686,46.10666666666668,0.0,50.06504919664686,0.0,0.0,0.0,122.0468461333166,48.61813308533132,50.06504919664686,47.89467502967356,12.43753247303448,19.550650745813396,0.0,9.38778925760574,0.755808223314252,-1.1,9.236100170605994,14969.924268416597,1396.266939242421,-508.7278268896041,-3461.982442784836,-0.0,-0.0,1040.5812515612422,0.0,2.0,0.12718859021616563,0.0,0,1.1903593659699316,131.99922844444444,-24.604851673908215,0.20456776567261853,9.114304182135296,0.0028305781581272013,-91.62377265537734,1.220272469640486,0.24812043022632604,-3429.9630640549294,74.73462905589031,0.0999181900938003,-244.41092757319936,-264.3168993164047
2025-01-01 20:12:00,2.030441705168806,0.2714137738247239,0.9006625,0.03384069508614677,0.004523562897078732,0.015011041666666667,0.21062431903821355,0.7190444694639261,1.0507729166666668,0.05,0.0,0.9006625,0.0,0.2568304404913906,0,0.01458333333333334,1,0,0,Off,0,0,Off,0,0,Off,0.04120108181697179,0.030900811362728833,On,0,0,Off,0.007036810124269006,0.0,On,0.20358750891394453,0,On,0.37660388214207186,0,On,0.30123950550488243,0.22592962912866177,On,On,17415.9303113141,20.000000000000057,0.8,4751.49537424146,26.39581596111111,1.0507729166666668,1,21116.65276888889,21116.65276888889,Off,0.0,23.888888888888914,0,0.0,0.05,0.0,0.0,0,0,0,11489.55984,Off,0.0,0,77.50944358145271,51.666666666666686,46.10666666666668,0.0,50.04693114662671,0.0,0.0,0.0,121.10850559601985,48.60190631993913,50.04693114662671,47.87939390659535,12.43753247303448,19.758184567156537,0.0,9.499901209164658,0.7328835955356883,-1.1,9.236100170605994,14901.116161953974,1341.633674354609,-504.60101717875534,-3519.471076424764,-0.0,-0.0,1040.5812515612422,0.0,2.0,0.1280141357731806,0.0,0,1.198085655601395,131.99922844444444,-35.924324496602694,0.20192523043336671,9.20945983867501,0.0028302599844634933,-92.79360051515741,1.2194081058229393,0.24923798577731746,-3482.2425367353517,72.38083684850062,0.09940101589537657,-240.14230396211778,-264.45871321663753
2025-01-01 20:13:00,2.030441705168806,0.2714137738247239,0.9006625,0.03384069508614677,0.004523562897078732,0.015011041666666667,0.21062431903821355,0.7190444694639261,1.0507729166666668,0.05,0.0,0.9006625,0.0,0.2568304404913906,0,0.01458333333333334,1,0,0,Off,0,0,Off,0,0,Off,0.04120108181697179,0.030900811362728833,On,0,0,Off,0.007036810124269006,0.0,On,0.20358750891394453,0,On,0.37660388214207186,0,On,0.30123950550488243,0.22592962912866177,On,On,17415.9303113141,20.000000000000057,0.8,4751.49537424146,26.39581596111111,1.0507729166666668,1,21116.65276888889,21116.65276888889,Off,0.0,23.888888888888914,0,0.0,0.05,0.0,0.0,0,0,0,11489.55984,Off,0.0,0,76.926612569537,51.666666666666686,46.10666666666668,0.0,50.028946588569006,0.0,0.0,0.0,120.19783213990155,48.5858043118204,50.028946588569006,47.86423317344609,12.43753247303448,19.959244116348852,0.0,9.605966967867198,0.7101280599366147,-1.1,9.236100170605994,14834.184500729782,1289.7139175349162,-500.48601207777324,-3575.521678325986,-0.0,-0.0,1040.5812515612422,0.0,2.0,0.1288112132626291,0.0,0,1.2055455122863088,131.99922844444444,-46.805383819572356,0.19940062149495297,9.300797114565848,0.002829937520030016,-93.91516410936978,1.2185718846799756,0.2502906781293683,-3531.941809989296,70.16035328275223,0.09888498141464853,-235.92969306781666,-264.55631900995655
2025-01-01 20:14:00,2.030441705168806,0.2714137738247239,0.9006625,0.03384069508614677,0.004523562897078732,0.015011041666666667,0.21062431903821355,0.7190444694639261,1.0507729166666668,0.05,0.0,0.9006625,0.0,0.2568304404913906,0,0.01458333333333334,1,0,0,Off,0,0,Off,0,0,Off,0.04120108181697179,0.030900811362728833,On,0,0,Off,0.007036810124269006,0.0,On,0.20358750891394453,0,On,0.37660388214207186,0,On,0.30123950550488243,0.22592962912866177,On,On,17415.9303113141,20.000000000000057,0.8,4751.49537424146,26.39581596111111,1.0507729166666668,1,21116.65276888889,21116.65276888889,Off,0.0,23.888888888888914,0,0.0,0.05,0.0,0.0,0,0,0,11489.55984,Off,0.0,0,76.3606180738323,51.666666666666686,46.10666666666668,0.0,50.01109161602207,0.0,0.0,0.0,119.31346574036297,48.56982338249221,50.01109161602207,47.84918926572728,12.43753247303448,20.15415010801889,0.0,9.706390446786388,0.6875446589942299,-1.1,9.236100170605994,14769.1140994836,1240.3552625037823,-496.40517160975514,-3630.1895694002583,-0.0,-0.0,1040.5812515612422,0.0,2.0,0.12958137839904127,0.0,0,1.2127534959734745,131.99922844444444,-57.20789399148205,0.19698608096817927,9.389218884302563,0.002829610934122901,-94.99103598896065,1.2177623612679052,0.25128330708104607,-3579.210657046916,68.07054530923834,0.09837017412525957,-231.77324788678055,-264.63192372297453
2025-01-01 20:15:00,0.9796687885021397,0.2714137738247239,0.0,0.016327813141702327,0.004523562897078732,0.0,0.21062431903821355,0.7190444694639261,0.0,0.05,0.0,0.0,0.0,0.2568304404913906,0,0.01458333333333334,1,0,0,Off,0,0,Off,0,0,Off,0.04120108181697179,0.030900811362728833,On,0,0,Off,0.007036810124269006,0.0,On,0.20358750891394453,0,On,0.37660388214207186,0,On,0.30123950550488243,0.22592962912866177,On,Off,0.0,20.000000000000057,0.0,0.0,0.0,0.0,0,0.0,21116.65276888889,Off,0.0,23.888888888888914,0,0.0,0.05,0.0,0.0,0,0,0,11489.55984,Off,0.0,0,75.68220607435265,51.666666666666686,46.10666666666668,0.0,49.99336251443616,0.2823390664907929,739.2391408970359,0.0,118.25344699117602,48.553960034294064,49.99336251443616,47.834258794223025,12.43753247303448,20.343187426577522,0.0,9.801529284129295,0.6651353768799143,-1.1,9.236100170605994,-2710.0566235103515,-3558.073339776761,-492.3587081052185,-3683.5233249254147,-0.0,-0.0,1040.5812515612422,0.0,2.0,0.13032601527716553,0.0,0,1.2197225604203354,131.99922844444444,-67.11455014617873,0.19467460454004767,9.474910144351846,0.002829280387328702,-96.02351270946212,1.2169782500778634,0.2522200967824183,-3624.182671391875,66.10933161511396,0.09785665898252464,-227.6729154692009,-264.68579263601765
2025-01-01 20:16:00,0.9796687885021397,0.2714137738247239,0.0,0.016327813141702327,0.004523562897078732,0.0,0.21062431903821355,0.7190444694639261,0.0,0.05,0.0,0.0,0.0,0.2568304404913906,0,0.01458333333333334,1,0,0,Off,0,0,Off,0,0,Off,0.04120108181697179,0.030900811362728833,On,0,0,Off,0.007036810124269006,0.0,On,0.20358750891394453,0,On,0.37660388214207186,0,On,0.30123950550488243,0.22592962912866177,On,Off,0.0,20.000000000000057,0.0,0.0,0.0,0.0,0,0.0,21116.65276888889,Off,0.0,23.888888888888914,0,0.0,0.05,0.0,0.0,0,0,0,11489.55984,Off,0.0,0,75.73925351562335,51.666666666666686,46.10666666666668,0.0,49.96101491918122,0.2825824604737636,739.2391408970357,0.0,118.34258361816148,48.43995191782046,49.96101491918122,47.67942041714008,12.43753247303448,20.210387415967332,0.0,9.720212251923224,0.6429020070464827,-1.1,9.236100170605994,-2664.909978154089,-3517.7154914627267,-488.347117394513,-3646.0239436078286,-0.0,-0.0,1040.5812515612422,0.0,2.0,0.12980314212188085,0.0,0,1.2148289850096046,131.99922844444444,-59.46728610750267,0.1962561025466347,9.414042760209245,0.0028289460324653075,-95.06227367459385,1.217529404191364,0.25141962094543074,-3585.732711265339,68.01721980261215,0.09734449785771049,-223.6286000062234,-264.7185173882897
2025-01-01 20:17:00,0.9796687885021397,0.2714137738247239,0.0,0.016327813141702327,0.004523562897078732,0.0,0.21062431903821355,0.7190444694639261,0.0,0.05,0.0,0.0,0.0,0.2568304404913906,0,0.01458333333333334,1,0,0,Off,0,0,Off,0,0,Off,0.04120108181697179,0.030900811362728833,On,0,0,Off,0.007036810124269006,0.0,On,0.20358750891394453,0,On,0.37660388214207186,0,On,0.30123950550488243,0.22592962912866177,On,Off,0.0,20.000000000000057,0.0,0.0,0.0,0.0,0,0.0,21116.65276888889,Off,0.0,23.888888888888914,0,0.0,0.05,0.0,0.0,0,0,0,11489.55984,Off,0.0,0,75.78415496411174,51.666666666666686,46.10666666666668,0.0,49.92860340429826,0.28282675665938345,739.2391408970359,0.0,118.41274213142458,48.32593195016691,49.92860340429826,47.52459622310124,12.43753247303448,20.082100736275105,0.0,9.64361451615723,0.6208461461512719,-1.1,9.236100170605994,-2622.3799526678126,-3480.098773693373,-484.3713775786,-3609.9428210334527,-0.0,-0.0,1040.5812515612422,0.0,2.0,0.12929696423323772,0.0,0,1.210091660776596,131.99922844444444,-53.01838319560213,0.1977970823243829,9.35549470249424,0.002828615174487573,-94.12981331253042,1.2180623066616942,0.25066326331240396,-3549.638060680666,69.53928698729283,0.09683374930672256,-219.64016280446018,-264.7312147741398
2025-01-01 20:18:00,0.9796687885021397,0.2714137738247239,0.0,0.016327813141702327,0.004523562897078732,0.0,0.21062431903821355,0.7190444694639261,0.0,0.05,0.0,0.0,0.0,0.2568304404913906,0,0.01458333333333334,1,0,0,Off,0,0,Off,0,0,Off,0.04120108181697179,0.030900811362728833,On,0,0,Off,0.007036810124269006,0.0,On,0.20358750891394453,0,On,0.37660388214207186,0,On,0.30123950550488243,0.22592962912866177,On,Off,0.0,20.000000000000057,0.0,0.0,0.0,0.0,0,0.0,21116.65276888889,Off,0.0,23.888888888888914,0,0.0,0.05,0.0,0.0,0,0,0,11489.55984,Off,0.0,0,75.81788146018124,51.666666666666686,46.10666666666668,0.0,49.89613067837595,0.2830719381715732,739.2391408970357,0.0,118.46543978153318,48.21190265457274,49.89613067837595,47.36978864267113,12.43753247303448,19.957968013998133,0.0,9.571300201362758,0.5989691814414009,-1.1,9.236100170605994,-2581.1335071215153,-3444.6615634655805,-480.43219401713657,-3575.164831042625,-0.0,-0.0,1040.5812515612422,0.0,2.0,0.12880616265154407,0.0,0,1.2054982435635506,131.99922844444444,-46.54992764013275,0.1993006584742645,9.298368616778259,0.0028282877052072416,-93.22394792773031,1.2185784030577451,0.24994710157018918,-3515.6724703300056,71.01090686442521,0.09632446817912775,-215.70742112426228,-264.7247728928743
2025-01-01 20:19:00,0.9796687885021397,0.2714137738247239,0.0,0.016327813141702327,0.004523562897078732,0.0,0.21062431903821355,0.7190444694639261,0.0,0.05,0.0,0.0,0.0,0.2568304404913906,0,0.01458333333333334,1,0,0,Off,0,0,Off,0,0,Off,0.04120108181697179,0.030900811362728833,On,0,0,Off,0.007036810124269006,0.0,On,0.20358750891394453,0,On,0.37660388214207186,0,On,0.30123950550488243,0.22592962912866177,On,Off,0.0,20.000000000000057,0.0,0.0,0.0,0.0,0,0.0,21116.65276888889,Off,0.0,23.888888888888914,0,0.0,0.05,0.0,0.0,0,0,0,11489.55984,Off,0.0,0,75.84114992592768,51.666666666666686,46.10666666666668,0.0,49.863599235959526,0.2833179896339047,739.2391408970357,0.0,118.50179675926199,48.097866352550845,49.863599235959526,47.21499991084651,12.43753247303448,19.837724382217296,0.0,9.50292321578686,0.5772723072074505,-1.1,9.236100170605994,-2541.3125430721766,-3411.2498338087576,-476.5302560845245,-3541.603130061844,-0.0,-0.0,1040.5812515612422,0.0,2.0,0.12832977961955358,0.0,0,1.2010397697102335,131.99922844444444,-40.29066457157512,0.20076894161257194,9.243243321672617,0.002827963524708503,-92.34307062135866,1.2190787522116109,0.24926804042752715,-3483.6553457510868,72.40551194232907,0.0958167058972172,-211.83015227335827,-264.70010381116623
2025-01-01 20:20:00,0.9796687885021397,0.2714137738247239,0.0,0.016327813141702327,0.004523562897078732,0.0,0.21062431903821355,0.7190444694639261,0.0,0.05,0.0,0.0,0.0,0.2568304404913906,0,0.01458333333333334,1,0,0,Off,0,0,Off,0,0,Off,0.04120108181697179,0.030900811362728833,On,0,0,Off,0.007036810124269006,0.0,On,0.20358750891394453,0,On,0.37660388214207186,0,On,0.30123950550488243,0.22592962912866177,On,Off,0.0,20.000000000000057,0.0,0.0,0.0,0.0,0,0.0,21116.65276888889,Off,0.0,23.888888888888914,0,0.0,0.05,0.0,0.0,0,0,0,11489.55984,Off,0.0,0,75.85456235387107,51.666666666666686,46.10666666666668,0.0,49.831011413542555,0.2835648967576953,739.2391408970359,0.0,118.52275367792356,47.98382521667895,49.831011413542555,47.06023211824715,12.43753247303448,19.721147658607332,0.0,9.43819127808052,0.555756531365827,-1.1,9.236100170605994,-2502.89329203732,-3379.712556609419,-472.6661714333344,-3509.1841834269076,-0.0,-0.0,1040.5812515612422,0.0,2.0,0.12786701692005914,0.0,0,1.19670876869333,131.99922844444444,-34.29036017165464,0.20220363419413195,9.189301437411475,0.0028276425392028555,-91.4858324408545,1.2195642400671904,0.24862346971963326,-3453.4340439954926,73.7214873860735,0.09531051051166621,-208.00809584209657,-264.65807559123783
2025-01-01 20:21:00,0.9796687885021397,0.2714137738247239,0.0,0.016327813141702327,0.004523562897078732,0.0,0.21062431903821355,0.7190444694639261,0.0,0.05,0.0,0.0,0.0,0.2568304404913906,0,0.01458333333333334,1,0,0,Off,0,0,Off,0,0,Off,0.04120108181697179,0.030900811362728833,On,0,0,Off,0.007036810124269006,0.0,On,0.20358750891394453,0,On,0.37660388214207186,0,On,0.30123950550488243,0.22592962912866177,On,Off,0.0,20.000000000000057,0.0,0.0,0.0,0.0,0,0.0,21116.65276888889,Off,0.0,23.888888888888914,0,0.0,0.05,0.0,0.0,0,0,0,11489.55984,Off,0.0,0,75.85863815592282,51.666666666666686,46.10666666666668,0.0,49.79836941489244,0.2838126461588018,739.2391408970358,0.0,118.5291221186294,47.8697812944753,49.79836941489244,46.90548723426674,12.43753247303448,19.6080463129415,0.0,9.376852028642428,0.534422684618852,-1.1,9.236100170605994,-2465.8391933411567,-3349.918020462632,-468.84048415944886,-3477.8441505207115,-0.0,-0.0,1040.5812515612422,0.0,2.0,0.1274171899940251,0.0,0,1.1924988337175586,131.99922844444444,-28.576294381687433,0.2036061569795159,9.137152750062578,0.0028273246600590287,-90.65106916351806,1.220035628873361,0.2480111360244808,-3424.876830907854,74.9588104452224,0.0948059268206633,-204.24095634533333,-264.59952781411556
2025-01-01 20:22:00,0.9796687885021397,0.2714137738247239,0.0,0.016327813141702327,0.004523562897078732,0.0,0.21062431903821355,0.7190444694639261,0.0,0.05,0.0,0.0,0.0,0.2568304404913906,0,0.01458333333333334,1,0,0,Off,0,0,Off,0,0,Off,0.04120108181697179,0.030900811362728833,On,0,0,Off,0.007036810124269006,0.0,On,0.20358750891394453,0,On,0.37660388214207186,0,On,0.30123950550488243,0.22592962912866177,On,Off,0.0,20.000000000000057,0.0,0.0,0.0,0.0,0,0.0,21116.65276888889,Off,0.0,23.888888888888914,0,0.0,0.05,0.0,0.0,0,0,0,11489.55984,Off,0.0,0,75.85383865339246,51.666666666666686,46.10666666666668,0.0,49.765675329248296,0.28406122522677607,739.2391408970359,0.0,118.5216228959257,47.75573652555421,49.765675329248296,46.75076712370718,12.43753247303448,19.498250356965883,-0.0017496430341736868,9.318683013771917,0.513271428900192,-1.1,9.236100170605994,-2430.101398094081,-3321.7597738444856,-465.05367454939346,-3447.526166125679,-0.0,-0.0,1040.5812515612422,0.0,2.0,0.12697969305849346,0.0,0,1.1884042952537852,131.99922844444444,-23.15648352964422,0.20497774668552707,9.086013896590693,0.0028270098031054685,-89.8377457169328,1.2204935944891824,0.24742905001979285,-3397.8678039372617,76.10803009277588,0.09430299647642466,-200.52840567558903,-264.52526887380446
2025-01-01 20:23:00,0.9796687885021397,0.2714137738247239,0.0,0.016327813141702327,0.004523562897078732,0.0,0.21062431903821355,0.7190444694639261,0.0,0.05,0.0,0.0,0.0,0.2568304404913906,0,0.01458333333333334,1,0,0,Off,0,0,Off,0,0,Off,0.04120108181697179,0.030900811362728833,On,0,0,Off,0.007036810124269006,0.0,On,0.20358750891394453,0,On,0.37660388214207186,0,On,0.30123950550488243,0.22592962912866177,On,Off,0.0,20.000000000000057,0.0,0.0,0.0,0.0,0,0.0,21116.65276888889,Off,0.0,23.888888888888914,0,0.0,0.05,0.0,0.0,0,0,0,11489.55984,Off,0.0,0,75.84058216291508,51.666666666666686,46.10666666666668,0.0,49.73293114412289,0.28431062203381396,739.2391408970357,0.0,118.50090962955483,47.64169275369394,49.73293114412289,46.59607355847947,12.43753247303448,19.39160573410793,-0.10839426589212664,9.263484380702591,0.4923032657857628,-1.1,9.236100170605994,-2395.6260835566504,-3295.0963760497084,-461.30616206679815,-3418.178649061969,-0.0,-0.0,1040.5812515612422,0.0,2.0,0.126553977729605,0.0,0,1.1844200209716496,131.99922844444444,-18.028686055923686,0.2063195148584062,9.036506981897531,0.002826697888139366,-89.04492203393812,1.220938749299779,0.2468754189369973,-3372.303186530097,77.20681048038846,0.09380175809493461,-196.87008549107557,-264.43607657572255
2025-01-01 20:24:00,0.9796687885021397,0.2714137738247239,0.0,0.016327813141702327,0.004523562897078732,0.0,0.21062431903821355,0.7190444694639261,0.0,0.05,0.0,0.0,0.0,0.2568304404913906,0,0.01458333333333334,1,0,0,Off,0,0,Off,0,0,Off,0.04120108181697179,0.030900811362728833,On,0,0,Off,0.007036810124269006,0.0,On,0.20358750891394453,0,On,0.37660388214207186,0,On,0.30123950550488243,0.22592962912866177,On,Off,0.0,20.000000000000057,0.0,0.0,0.0,0.0,0,0.0,21116.65276888889,Off,0.0,23.888888888888914,0,0.0,0.05,0.0,0.0,0,0,0,11489.55984,Off,0.0,0,75.81925369553312,51.666666666666686,46.10666666666668,0.0,49.70013875478057,0.2845608252681609,739.2391408970357,0.0,118.4675838992705,47.52765173577057,49.70013875478057,46.44140822626557,12.43753247303448,19.287970713526093,-0.2120292864739639,9.211076065199986,0.4715185447167097,-1.1,9.236100170605994,-2362.3578307904913,-3269.883680850252,-457.5983080746409,-3389.7542004526804,-0.0,-0.0,1040.5812515612422,0.0,2.0,0.12613953937325675,0.0,0,1.1805412879952255,131.99922844444444,-13.184881899053153,0.20763248461238165,8.988558523676904,0.0028263888385629135,-88.27173117984339,1.2213716568959707,0.24634862272668012,-3348.0897785403413,78.20609769008954,0.09330224736534608,-193.2656095123895,-264.3326985622514
2025-01-01 20:25:00,2.030441705168806,0.2714137738247239,0.9006625,0.03384069508614677,0.004523562897078732,0.015011041666666667,0.21062431903821355,0.7190444694639261,1.0507729166666668,0.05,0.0,0.9006625,0.0,0.2568304404913906,0,0.01458333333333334,1,0,0,Off,0,0,Off,0,0,Off,0.04120108181697179,0.030900811362728833,On,0,0,Off,0.007036810124269006,0.0,On,0.20358750891394453,0,On,0.37660388214207186,0,On,0.30123950550488243,0.22592962912866177,On,On,17415.9303113141,20.000000000000057,0.8,4751.49537424146,26.39581596111111,1.0507729166666668,1,21116.65276888889,21116.65276888889,Off,0.0,23.888888888888914,0,0.0,0.05,0.0,0.0,0,0,0,11489.55984,Off,0.0,0,75.79021130625304,51.666666666666686,46.10666666666668,0.0,49.66729997157809,0.2848118241831895,739.2391408970359,0.0,118.42220516602038,47.41361514867703,49.66729997157809,46.28677273722651,12.43753247303448,19.18721353069224,-0.3127864693078166,9.161291040216428,0.4509174710217196,-1.1,9.236100170605994,15085.688675095675,1505.5205182048567,-453.930418542726,-3362.2088688178756,-0.0,-0.0,1040.5812515612422,0.0,2.0,0.12573590826305592,0.0,0,1.1767637001502167,131.99922844444444,-8.614018961790663,0.20891761357430114,8.94141428800526,0.0028260825811013595,-87.5173651144427,1.2217928416322068,0.24584714975666244,-3325.1416362080686,79.16678017146502,0.0928044971587216,-189.71456572718466,-264.2158528155413
2025-01-01 20:26:00,2.030441705168806,0.2714137738247239,0.9006625,0.03384069508614677,0.004523562897078732,0.015011041666666667,0.21062431903821355,0.7190444694639261,1.0507729166666668,0.05,0.0,0.9006625,0.0,0.2568304404913906,0,0.01458333333333334,1,0,0,Off,0,0,Off,0,0,Off,0.04120108181697179,0.030900811362728833,On,0,0,Off,0.007036810124269006,0.0,On,0.20358750891394453,0,On,0.37660388214207186,0,On,0.30123950550488243,0.22592962912866177,On,On,17415.9303113141,20.000000000000057,0.8,4751.49537424146,26.39581596111111,1.0507729166666668,1,21116.65276888889,21116.65276888889,Off,0.0,23.888888888888914,0,0.0,0.05,0.0,0.0,0,0,0,11489.55984,Off,0.0,0,74.90530293181743,51.666666666666686,46.10666666666668,0.0,49.63441652590628,0.28506360855668444,739.2391408970358,0.0,117.03953583096472,47.299584594923004,49.63441652590628,46.13216862943136,12.43753247303448,19.40543823556158,-0.09456176443847752,9.285470481611556,0.4305001137245696,-1.1,9.236100170605994,15013.211486267843,1445.3172494680257,-450.30274693524314,-3421.9796285426,-0.0,-0.0,1040.5812515612422,0.0,2.0,0.1266092390893413,0.0,0,1.1849372126240338,131.99922844444444,-21.32044806489671,0.2060752784740224,9.042272581390549,0.00282577904557459,-88.75725945490791,1.220881698207142,0.24709608370636038,-3382.47817965499,76.30005488155572,0.09230853763574287,-186.21651850205134,-264.08622843319176
2025-01-01 20:27:00,2.030441705168806,0.2714137738247239,1.3652353511809254,0.03384069508614677,0.004523562897078732,0.022753922519682092,0.21062431903821355,0.7190444694639261,1.0507729166666668,0.05,0.4645728511809253,0.9006625,0.0,0.2568304404913906,0,0.01458333333333334,1,0,0,Off,0,0,Off,0,0,Off,0.04120108181697179,0.030900811362728833,On,0,0,Off,0.007036810124269006,0.0,On,0.20358750891394453,0,On,0.37660388214207186,0,On,0.30123950550488243,0.22592962912866177,On,On,17415.9303113141,20.000000000000057,0.8,4751.49537424146,26.39581596111111,1.0507729166666668,1,21116.65276888889,21116.65276888889,Off,0.0,23.888888888888914,0,0.0,0.05,0.0,0.0,0,0,0,11489.55984,On,10550.56,0,75.86533159027714,51.666666666666686,46.10666666666668,0.0,49.6016770028094,0.2853147335782477,739.2391408970358,10550.56,118.53958060980801,47.185737874275894,49.6016770028094,45.97776831000914,12.43753247303448,19.61647323832286,0.0,9.402667748855288,0.4102664132178908,-1.1,9.236100170605994,14943.737683464358,1388.5044795109497,-446.7154987699282,-3480.1754025984587,-0.0,-0.0,1040.5812515612422,0.0,2.0,0.1274507349244146,0.0,0,1.1928127810771614,131.99922844444444,-32.59847681252404,0.20336676644361637,9.138885770121714,0.0028254709799980095,-89.94395356862643,1.2200018762280191,0.24826903166691003,-3436.886125916921,73.89523118641068,0.09181439635532465,-182.77101061712997,-263.9444881527983
2025-01-01 20:28:00,2.030441705168806,0.2714137738247239,1.3652353511809254,0.03384069508614677,0.004523562897078732,0.022753922519682092,0.21062431903821355,0.7190444694639261,1.0507729166666668,0.05,0.4645728511809253,0.9006625,0.0,0.2568304404913906,0,0.01458333333333334,1,0,0,Off,0,0,Off,0,0,Off,0.04120108181697179,0.030900811362728833,On,0,0,Off,0.007036810124269006,0.0,On,0.20358750891394453,0,On,0.37660388214207186,0,On,0.30123950550488243,0.22592962912866177,On,On,17415.9303113141,20.000000000000057,0.8,4751.49537424146,26.39581596111111,1.0507729166666668,1,21116.65276888889,21116.65276888889,Off,0.0,23.888888888888914,0,0.0,0.05,0.0,0.0,0,0,0,11489.55984,On,10550.56,0,78.66772577811979,51.666666666666686,46.10666666666668,0.0,49.56911607461789,0.28556492793170446,739.2391408970359,10550.56,122.91832152831216,48.474443750641726,49.56911607461789,47.92710758865364,12.43753247303448,19.820784099192394,0.0,9.513441059895719,0.3902161889031609,-1.1,9.236100170605994,14875.9550584442,1334.5047380886435,-443.1688359647692,-3536.8848911710834,-0.0,-0.0,1040.5812515612422,0.0,2.0,0.1282625891409722,0.0,0,1.2004109333079476,131.99922844444444,-43.671613260055636,0.2007815647065593,9.232228310015623,0.0028251585704151825,-91.0809998227314,1.219151305740516,0.24937261490993667,-3488.573982402876,71.5833462500594,0.09132209838661595,-179.37756524155017,-263.79127072321904
2025-01-01 20:29:00,2.030441705168806,0.2714137738247239,1.3652353511809254,0.03384069508614677,0.004523562897078732,0.022753922519682092,0.21062431903821355,0.7190444694639261,1.0507729166666668,0.05,0.4645728511809253,0.9006625,0.0,0.2568304404913906,0,0.01458333333333334,1,0,0,Off,0,0,Off,0,0,Off,0.04120108181697179,0.030900811362728833,On,0,0,Off,0.007036810124269006,0.0,On,0.20358750891394453,0,On,0.37660388214207186,0,On,0.30123950550488243,0.22592962912866177,On,On,17415.9303113141,20.000000000000057,0.8,4751.49537424146,26.39581596111111,1.0507729166666668,1,21116.65276888889,21116.65276888889,Off,0.0,23.888888888888914,0,0.0,0.05,0.0,0.0,0,0,0,11489.55984,On,10550.56,0,81.50400845359677,51.666666666666686,46.10666666666668,0.0,49.762567450541304,0.2840848776582848,739.2391408970359,10550.56,127.35001320874494,49.762567450541304,49.76256745054131,49.762567450541304,12.43753247303448,20.018734957201968,0.0,9.61824953875131,0.37034914661325263,-1.1,9.236100170605994,14810.019768112994,1283.185870952445,-439.6628791340545,-3592.1731861011713,-0.0,-0.0,1040.5812515612422,0.0,2.0,0.1290465508413708,0.0,0,1.2077480391839162,131.99922844444444,-54.31860866117536,0.19831099883546388,9.321819676798992,0.0028248419907224466,-92.17124942697694,1.2183283536706284,0.25041229554971944,-3537.712035903422,69.40253261440708,0.09083166641995215,-176.0356878194236,-263.62719131463086
2025-01-01 20:30:00,0.9796687885021397,0.2714137738247239,0.4645728511809253,0.016327813141702327,0.004523562897078732,0.007742880853015421,0.21062431903821355,0.7190444694639261,0.0,0.05,0.4645728511809253,0.0,0.0,0.2568304404913906,0,0.01458333333333334,1,0,0,Off,0,0,Off,0,0,Off,0.04120108181697179,0.030900811362728833,On,0,0,Off,0.007036810124269006,0.0,On,0.20358750891394453,0,On,0.37660388214207186,0,On,0.30123950550488243,0.22592962912866177,On,Off,0.0,20.000000000000057,0.0,0.0,0.0,0.0,0,0.0,21116.65276888889,Off,0.0,23.888888888888914,0,0.0,0.05,0.0,0.0,0,0,0,11489.55984,On,10550.56,0,84.57222878270666,51.666666666666686,46.10666666666668,0.0,51.0501019338944,0.0,0.0,10550.56,132.14410747297916,51.05010193389441,51.05010193389441,51.0501019338944,12.43753247303448,20.210641581398413,0.0,9.717492176903544,0.35066488575633226,0.0,9.236100170605994,-2352.0918292377455,-2997.415973004964,-289.55111541749704,-3327.083947087654,-0.0,-0.0,1040.5812515612422,0.0,2.0,0.12542869744598334,0.0,0,1.1738885108521193,131.99922844444444,-65.58913371133369,0.195947454887815,9.409279554209334,0.0028245214051340743,-25.682422680514836,1.217531599930683,0.24030145540177933,-3064.7661846381,67.35021163313601,0.05670648781210236,-26.098273338225734,-263.4528420792713
2025-01-01 20:31:00,0.9796687885021397,0.2714137738247239,0.0,0.016327813141702327,0.004523562897078732,0.0,0.21062431903821355,0.7190444694639261,0.0,0.05,0.0,0.0,0.0,0.2568304404913906,0,0.01458333333333334,1,0,0,Off,0,0,Off,0,0,Off,0.04120108181697179,0.030900811362728833,On,0,0,Off,0.007036810124269006,0.0,On,0.20358750891394453,0,On,0.37660388214207186,0,On,0.30123950550488243,0.22592962912866177,On,Off,0.0,20.000000000000057,0.0,0.0,0.0,0.0,0,0.0,21116.65276888889,Off,0.0,23.888888888888914,0,0.0,0.05,0.0,0.0,0,0,0,11489.55984,Off,0.0,0,86.79671037809496,51.666666666666686,46.10666666666668,0.0,52.435284720687875,0.0,0.0,0.0,135.61985996577337,52.435284720687875,52.435284720687875,52.435284720687875,12.43753247303448,20.086542751973884,0.0,9.658785626595979,0.33674520918577205,0.0,9.236100170605994,-2313.3465377648845,-2970.2442879884343,-288.2997782794241,-3293.506284959596,-0.0,-0.0,1040.5812515612422,0.0,2.0,0.12492994728858149,0.0,0,1.1692207028346449,131.99922844444444,-60.4215043665305,0.1974515861574026,9.35273529783932,0.0028244320193159286,-25.111984621839955,1.2180469296693497,0.23969508900023423,-3038.5641500288043,68.31986204036988,0.05615188885216282,-24.81718635751748,-263.48259192190665
2025-01-01 20:32:00,0.9796687885021397,0.2714137738247239,0.0,0.016327813141702327,0.004523562897078732,0.0,0.21062431903821355,0.7190444694639261,0.0,0.05,0.0,0.0,0.0,0.2568304404913906,0,0.01458333333333334,1,0,0,Off,0,0,Off,0,0,Off,0.04120108181697179,0.030900811362728833,On,0,0,Off,0.007036810124269006,0.0,On,0.20358750891394453,0,On,0.37660388214207186,0,On,0.30123950550488243,0.22592962912866177,On,Off,0.0,20.000000000000057,0.0,0.0,0.0,0.0,0,0.0,21116.65276888889,Off,0.0,23.888888888888914,0,0.0,0.05,0.0,0.0,0,0,0,11489.55984,Off,0.0,0,87.0701445122006,51.666666666666686,46.10666666666668,0.0,52.416162808265966,0.0,0.0,0.0,136.04710080031344,52.417253352242824,52.41779862423125,52.416162808265966,12.43753247303448,19.966570738361387,0.0,9.603470644148114,0.32287078836362365,0.0,9.236100170605994,-2275.9316924470513,-2943.9825528903543,-286.79214934328525,-3261.173022889252,-0.0,-0.0,1040.5812515612422,0.0,2.0,0.12444676557872669,0.0,0,1.1646986000830262,131.99922844444444,-55.33992111904146,0.19891799969824517,9.29760604505321,0.0028243446558435374,-24.55931905480006,1.2185455380257766,0.23912234638065372,-3013.94361377161,69.96106088125583,0.055593587580650985,-23.558096771904445,-263.2340525713808
2025-01-01 20:33:00,0.9796687885021397,0.2714137738247239,0.0,0.016327813141702327,0.004523562897078732,0.0,0.21062431903821355,0.7190444694639261,0.0,0.05,0.0,0.0,0.0,0.2568304404913906,0,0.01458333333333334,1,0,0,Off,0,0,Off,0,0,Off,0.04120108181697179,0.030900811362728833,On,0,0,Off,0.007036810124269006,0.0,On,0.20358750891394453,0,On,0.37660388214207186,0,On,0.30123950550488243,0.22592962912866177,On,Off,0.0,20.000000000000057,0.0,0.0,0.0,0.0,0,0.0,21116.65276888889,Off,0.0,23.888888888888914,0,0.0,0.05,0.0,0.0,0,0,0,11489.55984,Off,0.0,0,87.33319493555344,51.666666666666686,46.10666666666668,0.0,52.39698134220464,0.0,0.0,0.0,136.45811708680225,52.39916517989822,52.400257098745016,52.39698134220464,12.43753247303448,19.85041179979926,0.0,9.551254866818459,0.30908645565208437,0.0,9.236100170605994,-2238.789616204778,-2919.8492242314505,-285.16316408405083,-3229.9873733681784,-0.0,-0.0,1040.5812515612422,0.0,2.0,0.12397798043424095,0.0,0,1.1603112349395195,131.99922844444444,-49.38349439784206,0.2003494395414134,9.244444347334884,0.002824259250030887,-24.023122519521284,1.2190286887567054,0.23858043202083565,-2990.7630126958193,70.91378846436876,0.055033302901007095,-22.325042750028032,-262.8381213340228
2025-01-01 20:34:00,0.9796687885021397,0.2714137738247239,0.0,0.016327813141702327,0.004523562897078732,0.0,0.21062431903821355,0.7190444694639261,0.0,0.05,0.0,0.0,0.0,0.2568304404913906,0,0.01458333333333334,1,0,0,Off,0,0,Off,0,0,Off,0.04120108181697179,0.030900811362728833,On,0,0,Off,0.007036810124269006,0.0,On,0.20358750891394453,0,On,0.37660388214207186,0,On,0.30123950550488243,0.22592962912866177,On,Off,0.0,20.000000000000057,0.0,0.0,0.0,0.0,0,0.0,21116.65276888889,Off,0.0,23.888888888888914,0,0.0,0.05,0.0,0.0,0,0,0,11489.55984,Off,0.0,0,87.58648255580152,51.666666666666686,46.10666666666668,0.0,52.37774261183596,0.0,0.0,0.0,136.85387899343988,52.38102236079244,52.382662235270686,52.37774261183596,12.43753247303448,19.737836687963405,0.0,9.501856752145908,0.2954256930636219,0.0,9.236100170605994,-2202.902500618937,-2896.974009340221,-283.4288271959439,-3199.8767379730043,-0.0,-0.0,1040.5812515612422,0.0,2.0,0.12352274993406287,0.0,0,1.1560507278559737,131.99922844444444,-43.607014207175055,0.2017477361329411,9.19313065708429,0.0028241757419695014,-23.50244904846122,1.2194972991652304,0.2380666248785511,-2968.8874923009403,71.91348296071934,0.054472355566943305,-21.120838970852564,-262.3079882250913
2025-01-01 20:35:00,0.9796687885021397,0.2714137738247239,0.0,0.016327813141702327,0.004523562897078732,0.0,0.21062431903821355,0.7190444694639261,0.0,0.05,0.0,0.0,0.0,0.2568304404913906,0,0.01458333333333334,1,0,0,Off,0,0,Off,0,0,Off,0.04120108181697179,0.030900811362728833,On,0,0,Off,0.007036810124269006,0.0,On,0.20358750891394453,0,On,0.37660388214207186,0,On,0.30123950550488243,0.22592962912866177,On,Off,0.0,20.000000000000057,0.0,0.0,0.0,0.0,0,0.0,21116.65276888889,Off,0.0,23.888888888888914,0,0.0,0.05,0.0,0.0,0,0,0,11489.55984,Off,0.0,0,87.83056205047635,51.666666666666686,46.10666666666668,0.0,52.358448769618654,0.0,0.0,0.0,137.2352532038693,52.36282692307493,52.36501599980307,52.358448769618654,12.43753247303448,19.6286407089196,0.0,9.45506672735765,0.28191631381608645,0.0,9.236100170605994,-2168.2820327868617,-2875.3497854782045,-281.7031967926069,-3170.7762659220116,-0.0,-0.0,1040.5812515612422,0.0,2.0,0.1230803228569805,0.0,0,1.1519100481450923,131.99922844444444,-38.08701842609241,0.20311451633547828,9.142858685296133,0.002824094075242771,-22.99645292044747,1.2199521882315634,0.23757892065102426,-2948.2156650977113,72.86587961950673,0.05391188480564242,-19.94763761766539,-261.7555591749415
2025-01-01 20:36:00,0.9796687885021397,0.2714137738247239,0.0,0.016327813141702327,0.004523562897078732,0.0,0.21062431903821355,0.7190444694639261,0.0,0.05,0.0,0.0,0.0,0.2568304404913906,0,0.01458333333333334,1,0,0,Off,0,0,Off,0,0,Off,0.04120108181697179,0.030900811362728833,On,0,0,Off,0.007036810124269006,0.0,On,0.20358750891394453,0,On,0.37660388214207186,0,On,0.30123950550488243,0.22592962912866177,On,Off,0.0,20.000000000000057,0.0,0.0,0.0,0.0,0,0.0,21116.65276888889,Off,0.0,23.888888888888914,0,0.0,0.05,0.0,0.0,0,0,0,11489.55984,Off,0.0,0,88.0659119694864,51.666666666666686,46.10666666666668,0.0,52.339101845733985,0.0,0.0,0.0,137.60298745232248,52.34458077966501,52.347320246630524,52.339101845733985,12.43753247303448,19.522647425766433,0.0,9.410702458499017,0.2685775035666263,0.0,9.236100170605994,-2134.891478735324,-2854.901152796662,-279.70516891300383,-3142.6296582917084,-0.0,-0.0,1040.5812515612422,0.0,2.0,0.12265005501560895,0.0,0,1.1478831668503016,131.99922844444444,-32.84307200485779,0.20445114099352674,9.09424295870417,0.0028240141965561946,-22.504405784251677,1.220394060591317,0.23711557423064605,-2928.6594160285085,73.75826323184694,0.053352714131210226,-18.80671298088377,-260.89845593212004
2025-01-01 20:37:00,0.9796687885021397,0.2714137738247239,0.0,0.016327813141702327,0.004523562897078732,0.0,0.21062431903821355,0.7190444694639261,0.0,0.05,0.0,0.0,0.0,0.2568304404913906,0,0.01458333333333334,1,0,0,Off,0,0,Off,0,0,Off,0.04120108181697179,0.030900811362728833,On,0,0,Off,0.007036810124269006,0.0,On,0.20358750891394453,0,On,0.37660388214207186,0,On,0.30123950550488243,0.22592962912866177,On,Off,0.0,20.000000000000057,0.0,0.0,0.0,0.0,0,0.0,21116.65276888889,Off,0.0,23.888888888888914,0,0.0,0.05,0.0,0.0,0,0,0,11489.55984,Off,0.0,0,88.2929561677946,51.666666666666686,46.10666666666668,0.0,52.31970376486164,0.0,0.0,0.0,137.95774401217906,52.32628574406684,52.32957673366944,52.31970376486164,12.43753247303448,19.41970068652623,-0.08029931347382657,9.368603997037066,0.2554354054273926,0.0,9.236100170605994,-2102.677055812936,-2835.5445305512544,-277.9572918450847,-3115.386880731081,-0.0,-0.0,1040.5812515612422,0.0,2.0,0.1222313781565939,0.0,0,1.1439647656824263,131.99922844444444,-27.871426643097266,0.20575879076985515,9.046508998841148,0.002823936055309325,-22.025662987869712,1.2208235392079043,0.23667505341193487,-2910.141540244502,74.59700969324723,0.05279599815885588,-17.699819815329946,-260.25747202975475
2025-01-01 20:38:00,0.9796687885021397,0.2714137738247239,0.0,0.016327813141702327,0.004523562897078732,0.0,0.21062431903821355,0.7190444694639261,0.0,0.05,0.0,0.0,0.0,0.2568304404913906,0,0.01458333333333334,1,0,0,Off,0,0,Off,0,0,Off,0.04120108181697179,0.030900811362728833,On,0,0,Off,0.007036810124269006,0.0,On,0.20358750891394453,0,On,0.37660388214207186,0,On,0.30123950550488243,0.22592962912866177,On,Off,0.0,20.000000000000057,0.0,0.0,0.0,0.0,0,0.0,21116.65276888889,Off,0.0,23.888888888888914,0,0.0,0.05,0.0,0.0,0,0,0,11489.55984,Off,0.0,0,88.51207788999312,51.666666666666686,46.10666666666668,0.0,52.30025635823324,0.0,0.0,0.0,138.30012170311426,52.30794354173187,52.3117871334812,52.30025635823324,12.43753247303448,19.319659386350352,-0.18034061364970455,9.328628959408062,0.2424929673401091,0.0,9.236100170605994,-2071.5879939473357,-2817.210721441075,-275.85076711043905,-3089.002651425895,-0.0,-0.0,1040.5812515612422,0.0,2.0,0.1218237795837338,0.0,0,1.1401500463122738,131.99922844444444,-23.166594082683105,0.20703852190898048,9.000283005357025,0.002823859603288861,-21.55964148987238,1.2212411868077353,0.23625599193817504,-2892.5934463268923,75.3827248858176,0.05224194223289014,-16.62666738706616,-259.2240997233729
2025-01-01 20:39:00,0.9796687885021397,0.2714137738247239,0.0,0.016327813141702327,0.004523562897078732,0.0,0.21062431903821355,0.7190444694639261,0.0,0.05,0.0,0.0,0.0,0.2568304404913906,0,0.01458333333333334,1,0,0,Off,0,0,Off,0,0,Off,0.04120108181697179,0.030900811362728833,On,0,0,Off,0.007036810124269006,0.0,On,0.20358750891394453,0,On,0.37660388214207186,0,On,0.30123950550488243,0.22592962912866177,On,Off,0.0,20.000000000000057,0.0,0.0,0.0,0.0,0,0.0,21116.65276888889,Off,0.0,23.888888888888914,0,0.0,0.05,0.0,0.0,0,0,0,11489.55984,Off,0.0,0,88.72362936006213,51.666666666666686,46.10666666666668,0.0,52.28076137258246,0.0,0.0,0.0,138.63067087509708,52.28955581849537,52.29395304145183,52.28076137258246,12.43753247303448,19.2223939017913,-0.27760609820875715,9.290648495725751,0.22977368178921767,0.0,9.236100170605994,-2041.5751818997633,-2799.8361263884653,-274.0935472574409,-3063.4354040554736,-0.0,-0.0,1040.5812515612422,0.0,2.0,0.12142678833294565,0.0,0,1.1364346009819917,131.99922844444444,-18.721029405531738,0.20829130366878995,8.955497541281236,0.0028237847944413384,-21.10580485130649,1.2216475204468134,0.2358571499692734,-2875.953248679193,76.11712229072798,0.05169165369150432,-15.588612290397636,-258.50493496704325
2025-01-01 20:40:00,2.030441705168806,0.2714137738247239,0.9006625,0.03384069508614677,0.004523562897078732,0.015011041666666667,0.21062431903821355,0.7190444694639261,1.0507729166666668,0.05,0.0,0.9006625,0.0,0.2568304404913906,0,0.01458333333333334,1,0,0,Off,0,0,Off,0,0,Off,0.04120108181697179,0.030900811362728833,On,0,0,Off,0.007036810124269006,0.0,On,0.20358750891394453,0,On,0.37660388214207186,0,On,0.30123950550488243,0.22592962912866177,On,On,17415.9303113141,20.000000000000057,0.8,4751.49537424146,26.39581596111111,1.0507729166666668,1,21116.65276888889,21116.65276888889,Off,0.0,23.888888888888914,0,0.0,0.05,0.0,0.0,0,0,0,11489.55984,Off,0.0,0,88.9279379396282,51.666666666666686,46.10666666666668,0.0,52.26122047698216,0.0,0.0,0.0,138.94990303066905,52.27112414702067,52.276075982039934,52.26122047698216,12.43753247303448,19.12778380225081,-0.3722161977492462,9.254544693751564,0.2172715529963208,0.0,9.236100170605994,15403.339880962205,1968.1331997416019,-271.9563421864514,-3038.6466094480415,-0.0,-0.0,1040.5812515612422,0.0,2.0,0.12103996638495393,0.0,0,1.1328143302645313,131.99922844444444,-14.525072465094851,0.20951804134197116,8.911405543742326,0.0028237115846999994,-20.663653664607327,1.222043020817562,0.235477388978616,-2860.1645209579992,76.80234645814126,0.0511449905689726,-14.584539391746127,-257.3718027947053
2025-01-01 20:41:00,2.030441705168806,0.2714137738247239,0.9006625,0.03384069508614677,0.004523562897078732,0.015011041666666667,0.21062431903821355,0.7190444694639261,1.0507729166666668,0.05,0.0,0.9006625,0.0,0.2568304404913906,0,0.01458333333333334,1,0,0,Off,0,0,Off,0,0,Off,0.04120108181697179,0.030900811362728833,On,0,0,Off,0.007036810124269006,0.0,On,0.20358750891394453,0,On,0.37660388214207186,0,On,0.30123950550488243,0.22592962912866177,On,On,17415.9303113141,20.000000000000057,0.8,4751.49537424146,26.39581596111111,1.0507729166666668,1,21116.65276888889,21116.65276888889,Off,0.0,23.888888888888914,0,0.0,0.05,0.0,0.0,0,0,0,11489.55984,Off,0.0,0,88.27682274046309,51.666666666666686,46.10666666666668,0.0,52.24163526832455,0.0,0.0,0.0,137.93253553197357,52.2526500319642,52.25815741378403,52.24163526832455,12.43753247303448,19.351943781690135,-0.14805621830992166,9.391702127236945,0.20500650027136408,0.0,9.236100170605994,15331.418641915545,1904.8817935959419,-270.22474304228234,-3097.5074533387083,-0.0,-0.0,1040.5812515612422,0.0,2.0,0.12195539579405548,0.0,0,1.1413818438218113,131.99922844444444,-27.58546762108631,0.2066067647998844,9.014654695932737,0.002823639931846378,-21.61469156940112,1.2211065562864982,0.236916855045302,-2920.296951555843,73.68337091032501,0.050602955389323225,-13.615395460255822,-256.60934758202654
2025-01-01 20:42:00,2.030441705168806,0.2714137738247239,0.9006625,0.03384069508614677,0.004523562897078732,0.015011041666666667,0.21062431903821355,0.7190444694639261,1.0507729166666668,0.05,0.0,0.9006625,0.0,0.2568304404913906,0,0.01458333333333334,1,0,0,Off,0,0,Off,0,0,Off,0.04120108181697179,0.030900811362728833,On,0,0,Off,0.007036810124269006,0.0,On,0.20358750891394453,0,On,0.37660388214207186,0,On,0.30123950550488243,0.22592962912866177,On,On,17415.9303113141,20.000000000000057,0.8,4751.49537424146,26.39581596111111,1.0507729166666668,1,21116.65276888889,21116.65276888889,Off,0.0,23.888888888888914,0,0.0,0.05,0.0,0.0,0,0,0,11489.55984,Off,0.0,0,87.64572977087546,51.666666666666686,46.10666666666668,0.0,52.22219420352866,0.0,0.0,0.0,136.9464527669929,52.23431118122829,52.24036967007812,52.22219420352866,12.43753247303448,19.568777099429365,0.0,9.521359196995732,0.19296661707167273,0.0,9.236100170605994,15262.443851087328,1845.0264465540045,-268.10152592387556,-3154.8672706520097,-0.0,-0.0,1040.5812515612422,0.0,2.0,0.1228374125535154,0.0,0,1.1496366480364124,131.99922844444444,-39.20044113600251,0.2038334266533688,9.114946241854826,0.002823564923714065,-22.528271785591674,1.2202020689741613,0.2382696090244396,-2977.5176732146506,71.04874552719511,0.050065163776533396,-12.679571317836496,-255.42195460603904
2025-01-01 20:43:00,2.030441705168806,0.2714137738247239,0.9006625,0.03384069508614677,0.004523562897078732,0.015011041666666667,0.21062431903821355,0.7190444694639261,1.0507729166666668,0.05,0.0,0.9006625,0.0,0.2568304404913906,0,0.01458333333333334,1,0,0,Off,0,0,Off,0,0,Off,0.04120108181697179,0.030900811362728833,On,0,0,Off,0.007036810124269006,0.0,On,0.20358750891394453,0,On,0.37660388214207186,0,On,0.30123950550488243,0.22592962912866177,On,On,17415.9303113141,20.000000000000057,0.8,4751.49537424146,26.39581596111111,1.0507729166666668,1,21116.65276888889,21116.65276888889,Off,0.0,23.888888888888914,0,0.0,0.05,0.0,0.0,0,0,0,11489.55984,Off,0.0,0,87.0333858365662,51.666666666666686,46.10666666666668,0.0,52.20289286597572,0.0,0.0,0.0,135.98966536963468,52.216103435344266,52.22270872002854,52.20289286597572,12.43753247303448,19.778754101996377,0.0,9.644093934181948,0.18116908147469463,0.0,9.236100170605994,15195.10877523477,1787.9969253579407,-266.41868948334144,-3210.8081165166177,-0.0,-0.0,1040.5812515612422,0.0,2.0,0.12368831541055104,0.0,0,1.157600256907943,131.99922844444444,-50.59467112395134,0.20118720413317148,9.211183258648282,0.002823486687290024,-23.406897007863368,1.2193274620683376,0.23954310177505075,-3032.018500824673,68.52005194115365,0.04953253367895945,-11.777723986649205,-254.64096549669225
2025-01-01 20:44:00,2.030441705168806,0.2714137738247239,0.9006625,0.03384069508614677,0.004523562897078732,0.015011041666666667,0.21062431903821355,0.7190444694639261,1.0507729166666668,0.05,0.0,0.9006625,0.0,0.2568304404913906,0,0.01458333333333334,1,0,0,Off,0,0,Off,0,0,Off,0.04120108181697179,0.030900811362728833,On,0,0,Off,0.007036810124269006,0.0,On,0.20358750891394453,0,On,0.37660388214207186,0,On,0.30123950550488243,0.22592962912866177,On,On,17415.9303113141,20.000000000000057,0.8,4751.49537424146,26.39581596111111,1.0507729166666668,1,21116.65276888889,21116.65276888889,Off,0.0,23.888888888888914,0,0.0,0.05,0.0,0.0,0,0,0,11489.55984,Off,0.0,0,86.43879095470338,51.666666666666686,46.10666666666668,0.0,52.18372711970215,0.0,0.0,0.0,135.06061086672403,52.19802289934004,52.20517078915899,52.18372711970215,12.43753247303448,19.982243576211083,0.0,9.760384649524358,0.16959795014842155,0.0,9.236100170605994,15129.57403471569,1733.6734129990632,-264.3420479376737,-3265.38981384295,-0.0,-0.0,1040.5812515612422,0.0,2.0,0.12450994427455626,0.0,0,1.1652898901679518,131.99922844444444,-61.54771431670041,0.19865914451661731,9.30358128408821,0.0028234053412603097,-24.25257744809503,1.2184810769378145,0.2407435162799927,-3083.956752123009,66.13479088061229,0.04900450193090869,-10.907954675212675,-253.43409326246103
2025-01-01 20:45:00,1.935887861177919,0.25278788362889204,0.9006625,0.03226479768629865,0.004213131393814867,0.015011041666666667,0.1606203694804026,0.6744945750308494,1.0507729166666668,0.05,0.0,0.9006625,0.0,0.2382045502955587,0,0.01458333333333334,1,0,0,Off,0,0,Off,0,0,Off,0.04120108181697179,0.030900811362728833,On,0,0,Off,0.007036810124269006,0.0,On,0.15358355935613358,0,On,0.3568885079701044,0,On,0.27640498524377327,0.20730373893282988,On,On,17415.9303113141,20.000000000000057,0.8,4751.49537424146,26.39581596111111,1.0507729166666668,1,21116.65276888889,21116.65276888889,Off,0.0,23.888888888888914,0,0.0,0.05,0.0,0.0,0,0,0,11489.55984,Off,0.0,0,85.86107588566118,51.666666666666686,46.10666666666668,0.0,52.164693049199,0.0,0.0,0.0,134.1579310713456,52.18006588598251,52.18775230437427,52.164693049199,12.43753247303448,20.179565789608805,0.0,9.87064915200464,0.1582682095081269,0.0,9.236100170605994,14973.013400664058,1681.9145333029724,-262.7229827446485,-3318.6631083907005,-0.0,-0.0,947.7658239886325,0.0,2.0,0.12530390454014,0.0,0,1.1727205727216254,131.99922844444444,-72.01962624797312,0.19624138143982256,9.393761676214496,0.0028233209976895697,-25.588596217561978,1.217661469120639,0.2418762225921986,-3133.470708458739,63.889867520251464,0.04848191376501287,-10.070712325119368,-252.65227041952912
2025-01-01 20:46:00,0.885114944511252,0.25278788362889204,0.0,0.0147519157418542,0.004213131393814867,0.0,0.1606203694804026,0.6744945750308494,0.0,0.05,0.0,0.0,0.0,0.2382045502955587,0,0.01458333333333334,1,0,0,Off,0,0,Off,0,0,Off,0.04120108181697179,0.030900811362728833,On,0,0,Off,0.007036810124269006,0.0,On,0.15358355935613358,0,On,0.3568885079701044,0,On,0.27640498524377327,0.20730373893282988,On,Off,0.0,20.000000000000057,0.0,0.0,0.0,0.0,0,0.0,21116.65276888889,Off,0.0,23.888888888888914,0,0.0,0.05,0.0,0.0,0,0,0,11489.55984,Off,0.0,0,85.30398946270941,51.666666666666686,46.10666666666668,0.0,52.14578693060034,0.0,0.0,0.0,133.28748353548346,52.16222888861661,52.170449867624754,52.14578693060034,12.43753247303448,20.369320055755765,0.0,9.975258906100853,0.147161346012975,0.0,9.236100170605994,-2504.349699478545,-3118.9018236441134,-260.7146985189632,-3370.213273531556,-0.0,-0.0,947.7658239886325,0.0,2.0,0.126064877524378,0.0,0,1.1798425269590163,131.99922844444444,-81.9022499356215,0.19394696445575962,9.480291506707895,0.0028232319479262343,-26.365533421420075,1.2168743411517104,0.2429459580206928,-3180.6845611561844,61.78273751207108,0.04796407930149602,-9.26395869830664,-251.45073982065657
2025-01-01 20:47:00,0.885114944511252,0.25278788362889204,0.0,0.0147519157418542,0.004213131393814867,0.0,0.1606203694804026,0.6744945750308494,0.0,0.05,0.0,0.0,0.0,0.2382045502955587,0,0.01458333333333334,1,0,0,Off,0,0,Off,0,0,Off,0.04120108181697179,0.030900811362728833,On,0,0,Off,0.007036810124269006,0.0,On,0.15358355935613358,0,On,0.3568885079701044,0,On,0.27640498524377327,0.20730373893282988,On,Off,0.0,20.000000000000057,0.0,0.0,0.0,0.0,0,0.0,21116.65276888889,Off,0.0,23.888888888888914,0,0.0,0.05,0.0,0.0,0,0,0,11489.55984,Off,0.0,0,85.61065135201736,51.666666666666686,46.10666666666668,0.0,52.12700421428307,0.0,0.0,0.0,133.76664273752712,52.14450762179516,52.153259325551204,52.12700421428307,12.43753247303448,20.237275189291505,0.0,9.903056331900546,0.13629058120735205,0.0,9.236100170605994,-2460.7750642382807,-3085.06996834032,-259.16862446543075,-3334.307748299173,-0.0,-0.0,947.7658239886325,0.0,2.0,0.12553559864805924,0.0,0,1.1748890003371288,131.99922844444444,-74.23313992774032,0.1955297715558692,9.41958736582605,0.002823140135027209,-25.76340320542888,1.217422087462635,0.24220812230819166,-3148.0723050180345,63.00233667771453,0.04745178062184512,-8.487994780710116,-250.68062968472066
2025-01-01 20:48:00,0.885114944511252,0.25278788362889204,0.0,0.0147519157418542,0.004213131393814867,0.0,0.1606203694804026,0.6744945750308494,0.0,0.05,0.0,0.0,0.0,0.2382045502955587,0,0.01458333333333334,1,0,0,Off,0,0,Off,0,0,Off,0.04120108181697179,0.030900811362728833,On,0,0,Off,0.007036810124269006,0.0,On,0.15358355935613358,0,On,0.3568885079701044,0,On,0.27640498524377327,0.20730373893282988,On,Off,0.0,20.000000000000057,0.0,0.0,0.0,0.0,0,0.0,21116.65276888889,Off,0.0,23.888888888888914,0,0.0,0.05,0.0,0.0,0,0,0,11489.55984,Off,0.0,0,85.90509847462079,51.666666666666686,46.10666666666668,0.0,52.10815460572744,0.0,0.0,0.0,134.22671636659499,52.12672264825613,52.13600666952048,52.10815460572744,12.43753247303448,20.109718908158978,0.0,9.835080540931035,0.12563590826162113,0.0,9.236100170605994,-2419.7604229689696,-3052.4659012679435,-257.302942418459,-3299.766902640396,-0.0,-0.0,947.7658239886325,0.0,2.0,0.12502317268257024,0.0,0,1.1700932002865951,131.99922844444444,-67.75934431720606,0.19707252834907366,9.36190919141541,0.002823050459296192,-25.18042731265418,1.217951683418727,0.2415114198941221,-3117.470398329186,65.0044970612424,0.04694424078151227,-7.7407465845850805,-249.56219583387394
2025-01-01 20:49:00,0.885114944511252,0.25278788362889204,0.0,0.0147519157418542,0.004213131393814867,0.0,0.1606203694804026,0.6744945750308494,0.0,0.05,0.0,0.0,0.0,0.2382045502955587,0,0.01458333333333334,1,0,0,Off,0,0,Off,0,0,Off,0.04120108181697179,0.030900811362728833,On,0,0,Off,0.007036810124269006,0.0,On,0.15358355935613358,0,On,0.3568885079701044,0,On,0.27640498524377327,0.20730373893282988,On,Off,0.0,20.000000000000057,0.0,0.0,0.0,0.0,0,0.0,21116.65276888889,Off,0.0,23.888888888888914,0,0.0,0.05,0.0,0.0,0,0,0,11489.55984,Off,0.0,0,86.18829812031338,51.666666666666686,46.10666666666668,0.0,52.08924079793379,0.0,0.0,0.0,134.66921581298965,52.1088765055261,52.11869435932226,52.08924079793379,12.43753247303448,19.98629325006935,0.0,9.770967662278657,0.11520685702738796,0.0,9.236100170605994,-2379.977801410861,-3022.4081503101734,-255.58466566709166,-3266.479731450357,-0.0,-0.0,947.7658239886325,0.0,2.0,0.12452626609931355,0.0,0,1.1654426462991154,131.99922844444444,-61.26389394913646,0.19857832443774018,9.304925724280002,0.0028229628508641192,-24.615129895103472,1.2184645689710705,0.24085246274571603,-3088.6977640733458,66.28961376317233,0.046442077152333026,-7.022256854687004,-248.56240881240464
2025-01-01 20:50:00,0.885114944511252,0.25278788362889204,0.0,0.0147519157418542,0.004213131393814867,0.0,0.1606203694804026,0.6744945750308494,0.0,0.05,0.0,0.0,0.0,0.2382045502955587,0,0.01458333333333334,1,0,0,Off,0,0,Off,0,0,Off,0.04120108181697179,0.030900811362728833,On,0,0,Off,0.007036810124269006,0.0,On,0.15358355935613358,0,On,0.3568885079701044,0,On,0.27640498524377327,0.20730373893282988,On,Off,0.0,20.000000000000057,0.0,0.0,0.0,0.0,0,0.0,21116.65276888889,Off,0.0,23.888888888888914,0,0.0,0.05,0.0,0.0,0,0,0,11489.55984,Off,0.0,0,86.46096328698465,51.666666666666686,46.10666666666668,0.0,52.070265270704084,0.0,0.0,0.0,135.0952551359135,52.09097153018441,52.101324659924586,52.070265270704084,12.43753247303448,19.86673482482678,0.0,9.710372532026074,0.10499448562703002,0.0,9.236100170605994,-2341.5726981220814,-2993.977723223313,-254.15989534309003,-3234.3625439026223,-0.0,-0.0,947.7658239886325,0.0,2.0,0.12404391296160516,0.0,0,1.1609282981630105,131.99922844444444,-54.97597820809182,0.20004924790694167,9.25064327956883,0.0028228772452792384,-24.0664319811872,1.2189617970735573,0.24022799978718956,-3061.5845897837476,67.60686656043428,0.04594502844922106,-6.331283511015673,-247.82861183207436
2025-01-01 20:51:00,0.885114944511252,0.25278788362889204,0.0,0.0147519157418542,0.004213131393814867,0.0,0.1606203694804026,0.6744945750308494,0.0,0.05,0.0,0.0,0.0,0.2382045502955587,0,0.01458333333333334,1,0,0,Off,0,0,Off,0,0,Off,0.04120108181697179,0.030900811362728833,On,0,0,Off,0.007036810124269006,0.0,On,0.15358355935613358,0,On,0.3568885079701044,0,On,0.27640498524377327,0.20730373893282988,On,Off,0.0,20.000000000000057,0.0,0.0,0.0,0.0,0,0.0,21116.65276888889,Off,0.0,23.888888888888914,0,0.0,0.05,0.0,0.0,0,0,0,11489.55984,Off,0.0,0,86.72369198989904,51.666666666666686,46.10666666666668,0.0,52.051230346671886,0.0,0.0,0.0,135.50576873421724,52.07300991069042,52.083899692699696,52.051230346671886,12.43753247303448,19.75082294735571,0.0,9.653032128993027,0.09498417144296846,0.0,9.236100170605994,-2304.524291510645,-2967.1896134929,-252.41012721890704,-3203.3445173128925,-0.0,-0.0,947.7658239886325,0.0,2.0,0.12357530954490832,0.0,0,1.1565426338118092,131.99922844444444,-48.94559818638493,0.2014869793560131,9.197529295138148,0.002822793582076671,-23.533431215026233,1.2194442476873621,0.2396355798980585,-3036.000218194968,68.8106047020677,0.04545253917553109,-5.666255255036608,-246.74387196387042
2025-01-01 20:52:00,0.885114944511252,0.25278788362889204,0.0,0.0147519157418542,0.004213131393814867,0.0,0.1606203694804026,0.6744945750308494,0.0,0.05,0.0,0.0,0.0,0.2382045502955587,0,0.01458333333333334,1,0,0,Off,0,0,Off,0,0,Off,0.04120108181697179,0.030900811362728833,On,0,0,Off,0.007036810124269006,0.0,On,0.15358355935613358,0,On,0.3568885079701044,0,On,0.27640498524377327,0.20730373893282988,On,Off,0.0,20.000000000000057,0.0,0.0,0.0,0.0,0,0.0,21116.65276888889,Off,0.0,23.888888888888914,0,0.0,0.05,0.0,0.0,0,0,0,11489.55984,Off,0.0,0,86.97699969756171,51.666666666666686,46.10666666666668,0.0,52.0321382166395,0.0,0.0,0.0,135.90156202744018,52.05499371127027,52.06642145858566,52.0321382166395,12.43753247303448,19.638367572921428,0.0,9.598716025022712,0.08518471077042034,0.0,9.236100170605994,-2268.7985657309223,-2941.8300870813546,-250.82338567005328,-3173.3641983523526,-0.0,-0.0,947.7658239886325,0.0,2.0,0.12311976755769317,0.0,0,1.1522792115177771,131.99922844444444,-43.20019136720222,0.20289291828269979,9.145495778237805,0.0028227118041349933,-23.01535139273272,1.2199126771050004,0.23907305204487073,-3011.83042127379,70.00033419243513,0.04496519897103261,-5.027185596279849,-245.79620007377343
2025-01-01 20:53:00,0.885114944511252,0.25278788362889204,0.0,0.0147519157418542,0.004213131393814867,0.0,0.1606203694804026,0.6744945750308494,0.0,0.05,0.0,0.0,0.0,0.2382045502955587,0,0.01458333333333334,1,0,0,Off,0,0,Off,0,0,Off,0.04120108181697179,0.030900811362728833,On,0,0,Off,0.007036810124269006,0.0,On,0.15358355935613358,0,On,0.3568885079701044,0,On,0.27640498524377327,0.20730373893282988,On,Off,0.0,20.000000000000057,0.0,0.0,0.0,0.0,0,0.0,21116.65276888889,Off,0.0,23.888888888888914,0,0.0,0.05,0.0,0.0,0,0,0,11489.55984,Off,0.0,0,87.22134387491192,51.666666666666686,46.10666666666668,0.0,52.012990957768395,0.0,0.0,0.0,136.28334980454989,52.03692488906537,52.048891854713865,52.012990957768395,12.43753247303448,19.52920016718835,0.0,9.547225822249338,0.07558583726297116,0.0,9.236100170605994,-2234.348936447687,-2917.9032086237544,-249.51987222661407,-3144.366873916523,-0.0,-0.0,947.7658239886325,0.0,2.0,0.12267667858716154,0.0,0,1.1481323371390777,131.99922844444444,-37.747886519796026,0.20426828063283067,9.09516231140315,0.0028226318572148806,-22.511504133746875,1.2203677553357706,0.23853856596573914,-2988.9768097903752,71.07360116662069,0.044482658178317744,-4.412837206447225,-245.10703502016685
2025-01-01 20:54:00,0.885114944511252,0.25278788362889204,0.0,0.0147519157418542,0.004213131393814867,0.0,0.1606203694804026,0.6744945750308494,0.0,0.05,0.0,0.0,0.0,0.2382045502955587,0,0.01458333333333334,1,0,0,Off,0,0,Off,0,0,Off,0.04120108181697179,0.030900811362728833,On,0,0,Off,0.007036810124269006,0.0,On,0.15358355935613358,0,On,0.3568885079701044,0,On,0.27640498524377327,0.20730373893282988,On,Off,0.0,20.000000000000057,0.0,0.0,0.0,0.0,0,0.0,21116.65276888889,Off,0.0,23.888888888888914,0,0.0,0.05,0.0,0.0,0,0,0,11489.55984,Off,0.0,0,87.45713910011175,51.666666666666686,46.10666666666668,0.0,51.993790546361865,0.0,0.0,0.0,136.6517798439246,52.018805306182216,52.0313126860924,51.993790546361865,12.43753247303448,19.42316808431149,-0.07683191568856529,9.498380951122048,0.0661727784713264,0.0,9.236100170605994,-2201.1236342703073,-2895.264107903585,-247.90933307254622,-3116.302935213997,-0.0,-0.0,947.7658239886325,0.0,2.0,0.12224549231428528,0.0,0,1.1440968602340849,131.99922844444444,-32.58652304494265,0.20561415763305077,9.046449746369895,0.002822553689635784,-22.02126535289019,1.2208100890697609,0.23803043008610536,-2967.3502525884314,72.08614468484612,0.04400431992549616,-3.8217425713731035,-244.0875905011731
2025-01-01 20:55:00,0.885114944511252,0.25278788362889204,0.0,0.0147519157418542,0.004213131393814867,0.0,0.1606203694804026,0.6744945750308494,0.0,0.05,0.0,0.0,0.0,0.2382045502955587,0,0.01458333333333334,1,0,0,Off,0,0,Off,0,0,Off,0.04120108181697179,0.030900811362728833,On,0,0,Off,0.007036810124269006,0.0,On,0.15358355935613358,0,On,0.3568885079701044,0,On,0.27640498524377327,0.20730373893282988,On,Off,0.0,20.000000000000057,0.0,0.0,0.0,0.0,0,0.0,21116.65276888889,Off,0.0,23.888888888888914,0,0.0,0.05,0.0,0.0,0,0,0,11489.55984,Off,0.0,0,87.68476678128914,51.666666666666686,46.10666666666668,0.0,51.97453886731699,0.0,0.0,0.0,137.0074480957643,52.000636738601784,52.01368567424418,51.97453886731699,12.43753247303448,19.32013095445937,-0.17986904554068772,9.45201980002892,0.056953256408154636,0.0,9.236100170605994,-2169.0691289252422,-2873.836612220959,-246.42418902418322,-3089.126812058524,-0.0,-0.0,947.7658239886325,0.0,2.0,0.1218257026092598,0.0,0,1.1401680439285848,131.99922844444444,-27.708140855350564,0.20693155251624737,8.99859490052799,0.002822477252037566,-21.54406020747202,1.22124023638547,0.23754712703428582,-2946.871179522841,73.0345673018819,0.04353072158547088,-3.253877308985703,-243.17031171519753
2025-01-01 20:56:00,0.885114944511252,0.25278788362889204,0.0,0.0147519157418542,0.004213131393814867,0.0,0.1606203694804026,0.6744945750308494,0.0,0.05,0.0,0.0,0.0,0.2382045502955587,0,0.01458333333333334,1,0,0,Off,0,0,Off,0,0,Off,0.04120108181697179,0.030900811362728833,On,0,0,Off,0.007036810124269006,0.0,On,0.15358355935613358,0,On,0.3568885079701044,0,On,0.27640498524377327,0.20730373893282988,On,Off,0.0,20.000000000000057,0.0,0.0,0.0,0.0,0,0.0,21116.65276888889,Off,0.0,23.888888888888914,0,0.0,0.05,0.0,0.0,0,0,0,11489.55984,Off,0.0,0,87.90458151479318,51.666666666666686,46.10666666666668,0.0,51.955237721435516,0.0,0.0,0.0,137.35090861686433,51.98242088307033,51.99601246388775,51.955237721435516,12.43753247303448,19.21995832108648,-0.2800416789135767,9.40799431572895,0.04791819946566626,0.0,9.236100170605994,-2138.132173252263,-2853.546340143032,-245.0715538133818,-3062.7962618973424,-0.0,-0.0,947.7658239886325,0.0,2.0,0.12141683852984018,0.0,0,1.1363414806691081,131.99922844444444,-23.101735343553102,0.20822140346726248,8.952914234628551,0.0028224024971966696,-21.07935331843526,1.221658716322929,0.237087260696061,-2927.467022753687,73.92068261065523,0.043061545910571646,-2.7081758084220415,-242.36337800495974
2025-01-01 20:57:00,1.935887861177919,0.25278788362889204,0.9006625,0.03226479768629865,0.004213131393814867,0.015011041666666667,0.1606203694804026,0.6744945750308494,1.0507729166666668,0.05,0.0,0.9006625,0.0,0.2382045502955587,0,0.01458333333333334,1,0,0,Off,0,0,Off,0,0,Off,0.04120108181697179,0.030900811362728833,On,0,0,Off,0.007036810124269006,0.0,On,0.15358355935613358,0,On,0.3568885079701044,0,On,0.27640498524377327,0.20730373893282988,On,On,17415.9303113141,20.000000000000057,0.8,4751.49537424146,26.39581596111111,1.0507729166666668,1,21116.65276888889,21116.65276888889,Off,0.0,23.888888888888914,0,0.0,0.05,0.0,0.0,0,0,0,11489.55984,Off,0.0,0,88.11691537406199,51.666666666666686,46.10666666666668,0.0,51.93588883133375,0.0,0.0,0.0,137.68268027197186,51.96415936266943,51.978294628337274,51.93588883133375,12.43753247303448,19.12252804802217,-0.3774719519778884,9.366167903418798,0.03905835045931209,0.0,9.236100170605994,15307.669360721384,1917.1720681611123,-243.7627448951142,-3037.2718781955487,-0.0,-0.0,947.7658239886325,0.0,2.0,0.12101845833552835,0.0,0,1.1326130362016442,131.99922844444444,-18.754896385799753,0.20948459812323114,8.907282017424613,0.0028223293798778967,-20.626642237774455,1.222066015296975,0.23664953688364018,-2909.071155703426,74.74784962307851,0.04259645043511972,-2.183604874306025,-241.57914002080818
2025-01-01 20:58:00,1.935887861177919,0.25278788362889204,0.9006625,0.03226479768629865,0.004213131393814867,0.015011041666666667,0.1606203694804026,0.6744945750308494,1.0507729166666668,0.05,0.0,0.9006625,0.0,0.2382045502955587,0,0.01458333333333334,1,0,0,Off,0,0,Off,0,0,Off,0.04120108181697179,0.030900811362728833,On,0,0,Off,0.007036810124269006,0.0,On,0.15358355935613358,0,On,0.3568885079701044,0,On,0.27640498524377327,0.20730373893282988,On,On,17415.9303113141,20.000000000000057,0.8,4751.49537424146,26.39581596111111,1.0507729166666668,1,21116.65276888889,21116.65276888889,Off,0.0,23.888888888888914,0,0.0,0.05,0.0,0.0,0,0,0,11489.55984,Off,0.0,0,87.473593463127,51.666666666666686,46.10666666666668,0.0,51.91649384640734,0.0,0.0,0.0,136.67748978613594,51.945853731494815,51.96053367403856,51.91649384640734,12.43753247303448,19.343952645429333,-0.15604735457072394,9.497907210463934,0.030367919910449688,0.0,9.236100170605994,15236.622310894796,1856.1132410024356,-242.47656090164057,-3095.4014591005844,-0.0,-0.0,947.7658239886325,0.0,2.0,0.12192282482517298,0.0,0,1.1410770117782916,131.99922844444444,-31.672365307352564,0.20660885845889626,9.009748583229172,0.002822257856710136,-21.561904863512915,1.2211409361352512,0.23802549642446252,-2967.1407519492027,71.75861871017852,0.0421352613520451,-1.6793742267002552,-240.79718667494032
2025-01-01 20:59:00,1.935887861177919,0.25278788362889204,0.9006625,0.03226479768629865,0.004213131393814867,0.015011041666666667,0.1606203694804026,0.6744945750308494,1.0507729166666668,0.05,0.0,0.9006625,0.0,0.2382045502955587,0,0.01458333333333334,1,0,0,Off,0,0,Off,0,0,Off,0.04120108181697179,0.030900811362728833,On,0,0,Off,0.007036810124269006,0.0,On,0.15358355935613358,0,On,0.3568885079701044,0,On,0.27640498524377327,0.20730373893282988,On,On,17415.9303113141,20.000000000000057,0.8,4751.49537424146,26.39581596111111,1.0507729166666668,1,21116.65276888889,21116.65276888889,Off,0.0,23.888888888888914,0,0.0,0.05,0.0,0.0,0,0,0,11489.55984,Off,0.0,0,86.85006735204266,51.666666666666686,46.10666666666668,0.0,51.897241274756674,0.0,0.0,0.0,135.70323023756666,51.92768174564333,51.94290198108666,51.897241274756674,12.43753247303448,19.55813334810768,0.0,9.622419108210861,0.02184195657990637,0.0,9.236100170605994,15168.50309600105,1798.3731087938068,-241.22593847917054,-3152.0419553873016,-0.0,-0.0,947.7658239886325,0.0,2.0,0.12279419613041045,0.0,0,1.1492321850738207,131.99922844444444,-43.15108391438039,0.20386894293421043,9.107923888621224,0.0028221830338668883,-22.460330205588285,1.2202474566999573,0.23931869699406516,-3022.370104378353,69.24783893069998,0.041677841248018516,-1.1947677790518394,-240.0311707001187
2025-01-01 21:00:00,1.934508613121265,0.25213041955734466,0.9006625,0.03224181021868775,0.004202173659289077,0.015011041666666667,0.16011774018581193,0.6736179562687863,1.0507729166666668,0.05,0.0,0.9006625,0.0,0.2375470862240113,0,0.01458333333333334,1,0,0,Off,0,0,Off,0,0,Off,0.040324463054908555,0.030243347291181406,On,0,0,Off,0.006534180829678363,0.0,On,0.15358355935613358,0,On,0.3568885079701044,0,On,0.27640498524377327,0.20730373893282988,On,On,17415.9303113141,20.000000000000057,0.8,4751.49537424146,26.39581596111111,1.0507729166666668,1,21116.65276888889,21116.65276888889,Off,0.0,23.888888888888914,0,0.0,0.05,0.0,0.0,0,0,0,11489.55984,Off,0.0,0,86.24507015512492,51.666666666666686,46.10666666666668,0.0,51.87812674971719,0.0,0.0,0.0,134.7579221173827,51.90963929268537,51.92539556416947,51.87812674971719,12.43753247303448,19.76553819849968,0.0,9.740268451090987,0.013475052532130986,0.0,9.236100170605994,15100.625831031071,1743.379260268306,-240.0172327215349,-3207.2757867520127,-0.0,-0.0,946.3865759319785,0.0,2.0,0.12363485246470425,0.0,0,1.1570998966302413,131.99922844444444,-54.4152694629922,0.2012541786712182,9.203487362956913,0.002822105036292363,-23.32439068316787,1.219383492867788,0.24053629471667992,-3074.9516378017966,66.83552382864275,0.04122402064390494,-0.7290672000638185,-239.2881655214711
2025-01-01 21:01:00,1.934508613121265,0.25213041955734466,0.9006625,0.03224181021868775,0.004202173659289077,0.015011041666666667,0.16011774018581193,0.6736179562687863,1.0507729166666668,0.05,0.0,0.9006625,0.0,0.2375470862240113,0,0.01458333333333334,1,0,0,Off,0,0,Off,0,0,Off,0.040324463054908555,0.030243347291181406,On,0,0,Off,0.006534180829678363,0.0,On,0.15358355935613358,0,On,0.3568885079701044,0,On,0.27640498524377327,0.20730373893282988,On,On,17415.9303113141,20.000000000000057,0.8,4751.49537424146,26.39581596111111,1.0507729166666668,1,21116.65276888889,21116.65276888889,Off,0.0,23.888888888888914,0,0.0,0.05,0.0,0.0,0,0,0,11489.55984,Off,0.0,0,85.6576755770055,51.666666666666686,46.10666666666668,0.0,51.85914618388783,0.0,0.0,0.0,133.8401180890711,51.89172252337738,51.90801069312217,51.85914618388783,12.43753247303448,19.96650856628311,0.0,9.85192072366927,0.00526162270217634,0.0,9.236100170605994,15035.918020753119,1691.0125175539442,-165.12493095719,-3261.1562997146652,-0.0,-0.0,946.3865759319785,0.0,2.0,0.12444651492293744,0.0,0,1.1646962541928338,131.99922844444444,-65.24256677829226,0.1987560589505929,9.295256480491311,0.0028220239807217047,-24.155961524329648,1.2185475028348813,0.24168420666318616,-3125.0424878567314,64.55963116921555,0.04077361176418086,73.44176595477299,-238.566696911963
2025-01-01 21:02:00,1.934508613121265,0.25213041955734466,0.9006625,0.03224181021868775,0.004202173659289077,0.015011041666666667,0.16011774018581193,0.6736179562687863,1.0507729166666668,0.05,0.0,0.9006625,0.0,0.2375470862240113,0,0.01458333333333334,1,0,0,Off,0,0,Off,0,0,Off,0.040324463054908555,0.030243347291181406,On,0,0,Off,0.006534180829678363,0.0,On,0.15358355935613358,0,On,0.3568885079701044,0,On,0.27640498524377327,0.20730373893282988,On,On,17415.9303113141,20.000000000000057,0.8,4751.49537424146,26.39581596111111,1.0507729166666668,1,21116.65276888889,21116.65276888889,Off,0.0,23.888888888888914,0,0.0,0.05,0.0,0.0,0,0,0,11489.55984,Off,0.0,0,85.08695158396851,51.666666666666686,46.10666666666668,0.0,51.84029569408654,0.0,0.0,0.0,132.9483618499508,51.87392778090676,51.89074382431688,51.84029569408654,12.43753247303448,20.161388152517524,0.0,9.957781396690338,4.26994464092223e-12,0.0,9.236100170605994,14972.981475613233,1641.1326519815975,-28.238142546794563,-3313.7412797827847,-0.0,-0.0,946.3865759319785,0.0,2.0,0.12523087661957408,0.0,0,1.1720371036378403,131.99922844444444,-75.59413185006018,0.1963665176419955,9.384147636363217,0.002821939977733136,-24.956886910083846,1.2177379470586007,0.24276756164320765,-3172.7802292151773,62.41750695531486,0.04048244105370216,209.75800460024644,-237.99614714704103
2025-01-01 21:03:00,0.8837356964545982,0.25213041955734466,0.0,0.014728928274243302,0.004202173659289077,0.0,0.16011774018581193,0.6736179562687863,0.0,0.05,0.0,0.0,0.0,0.2375470862240113,0,0.01458333333333334,1,0,0,Off,0,0,Off,0,0,Off,0.040324463054908555,0.030243347291181406,On,0,0,Off,0.006534180829678363,0.0,On,0.15358355935613358,0,On,0.3568885079701044,0,On,0.27640498524377327,0.20730373893282988,On,Off,0.0,20.000000000000057,0.0,0.0,0.0,0.0,0,0.0,21116.65276888889,Off,0.0,23.888888888888914,0,0.0,0.05,0.0,0.0,0,0,0,11489.55984,Off,0.0,0,84.53213172254905,51.666666666666686,46.10666666666668,0.0,51.821571602607065,0.0,0.0,0.0,132.0814558164829,51.85625160208393,51.87359160182237,51.821571602607065,12.43753247303448,20.350459141311706,0.0,10.05821010769048,4.269945725124402e-12,0.0,9.236100170605994,-2504.141120017273,-3157.8809593639817,-27.504434203503905,-3365.0753501456984,-0.0,-0.0,946.3865759319785,0.0,2.0,0.12598934985792892,0.0,0,1.1791356627269751,131.99922844444444,-85.45234580355283,0.1940786580578496,9.469622120550925,0.0028218531318085016,-25.72871080457832,1.2169535523729529,0.24379087715660938,-3218.2879543858803,60.40699502189842,0.04048244105370216,210.20639742841482,-237.71083163191872
2025-01-01 21:04:00,0.8837356964545982,0.25213041955734466,0.0,0.014728928274243302,0.004202173659289077,0.0,0.16011774018581193,0.6736179562687863,0.0,0.05,0.0,0.0,0.0,0.2375470862240113,0,0.01458333333333334,1,0,0,Off,0,0,Off,0,0,Off,0.040324463054908555,0.030243347291181406,On,0,0,Off,0.006534180829678363,0.0,On,0.15358355935613358,0,On,0.3568885079701044,0,On,0.27640498524377327,0.20730373893282988,On,Off,0.0,20.000000000000057,0.0,0.0,0.0,0.0,0,0.0,21116.65276888889,Off,0.0,23.888888888888914,0,0.0,0.05,0.0,0.0,0,0,0,11489.55984,Off,0.0,0,84.841007000388,51.666666666666686,46.10666666666668,0.0,51.802970400733,0.0,0.0,0.0,132.56407343810625,51.83869068294431,51.85655082404997,51.802970400733,12.43753247303448,20.217750342703212,0.0,9.982037969306958,1.9074173664146432e-13,0.0,9.236100170605994,-2460.380172061223,-3121.479740477005,-26.772269869153433,-3329.011443432682,-0.0,-0.0,946.3865759319785,0.0,2.0,0.12545723516431445,0.0,0,1.1741555956609147,131.99922844444444,-77.75530456051959,0.19567095634177162,9.409263194547705,0.0028217635423534904,-25.126817211758144,1.2175041232941506,0.2430151180035481,-3183.7521833460487,62.27244286904363,0.040482441053475614,210.6909958094543,-237.46326567860777
2025-01-01 21:05:00,0.8837356964545982,0.25213041955734466,0.0,0.014728928274243302,0.004202173659289077,0.0,0.16011774018581193,0.6736179562687863,0.0,0.05,0.0,0.0,0.0,0.2375470862240113,0,0.01458333333333334,1,0,0,Off,0,0,Off,0,0,Off,0.040324463054908555,0.030243347291181406,On,0,0,Off,0.006534180829678363,0.0,On,0.15358355935613358,0,On,0.3568885079701044,0,On,0.27640498524377327,0.20730373893282988,On,Off,0.0,20.000000000000057,0.0,0.0,0.0,0.0,0,0.0,21116.65276888889,Off,0.0,23.888888888888914,0,0.0,0.05,0.0,0.0,0,0,0,11489.55984,Off,0.0,0,85.13761518746358,51.666666666666686,46.10666666666668,0.0,51.78430180568529,0.0,0.0,0.0,133.02752373041184,51.82106559727218,51.83944749306563,51.78430180568529,12.43753247303448,20.089549169324993,0.0,9.910323041456529,1.9074086927972633e-13,0.0,9.236100170605994,-2419.187568771043,-3087.550262572434,-26.039643909645747,-3294.3181493837133,-0.0,-0.0,946.3865759319785,0.0,2.0,0.12494204261760336,0.0,0,1.1693339031473553,131.99922844444444,-71.25599531930814,0.19722308616761897,9.351218029524686,0.0028216760883064515,-24.54407021271927,1.2180364672636923,0.2422824822637415,-3151.3495059711163,63.79924339868254,0.040482441053475614,211.13364360691418,-237.17328751655992
2025-01-01 21:06:00,0.8837356964545982,0.25213041955734466,0.0,0.014728928274243302,0.004202173659289077,0.0,0.16011774018581193,0.6736179562687863,0.0,0.05,0.0,0.0,0.0,0.2375470862240113,0,0.01458333333333334,1,0,0,Off,0,0,Off,0,0,Off,0.040324463054908555,0.030243347291181406,On,0,0,Off,0.006534180829678363,0.0,On,0.15358355935613358,0,On,0.3568885079701044,0,On,0.27640498524377327,0.20730373893282988,On,Off,0.0,20.000000000000057,0.0,0.0,0.0,0.0,0,0.0,21116.65276888889,Off,0.0,23.888888888888914,0,0.0,0.05,0.0,0.0,0,0,0,11489.55984,Off,0.0,0,85.4229231583787,51.666666666666686,46.10666666666668,0.0,51.76556852201746,0.0,0.0,0.0,133.4733174349667,51.80337889346404,51.822284079187334,51.76556852201746,12.43753247303448,19.965497824486967,0.0,9.842648002631389,1.9074076085950908e-13,0.0,9.236100170605994,-2379.2336512677357,-3055.6805921482555,-25.304611863497655,-3260.884433032701,-0.0,-0.0,946.3865759319785,0.0,2.0,0.12444243993219138,0.0,0,1.1646581163111847,131.99922844444444,-64.73579416701307,0.19873812645324312,9.293878754958577,0.0028215906998494693,-23.979001431117034,1.2185520233028677,0.24158908025839324,-3120.8723157129048,65.19172356464937,0.040482441053475614,211.5686694606886,-236.87328132418622
2025-01-01 21:07:00,0.8837356964545982,0.25213041955734466,0.0,0.014728928274243302,0.004202173659289077,0.0,0.16011774018581193,0.6736179562687863,0.0,0.05,0.0,0.0,0.0,0.2375470862240113,0,0.01458333333333334,1,0,0,Off,0,0,Off,0,0,Off,0.040324463054908555,0.030243347291181406,On,0,0,Off,0.006534180829678363,0.0,On,0.15358355935613358,0,On,0.3568885079701044,0,On,0.27640498524377327,0.20730373893282988,On,Off,0.0,20.000000000000057,0.0,0.0,0.0,0.0,0,0.0,21116.65276888889,Off,0.0,23.888888888888914,0,0.0,0.05,0.0,0.0,0,0,0,11489.55984,Off,0.0,0,85.69764406338598,51.666666666666686,46.10666666666668,0.0,51.746773041175736,0.0,0.0,0.0,133.9025688490406,51.785632919055416,51.80506285799527,51.746773041175736,12.43753247303448,19.84533287219773,0.0,9.778679254494493,1.9074054401907459e-13,0.0,9.236100170605994,-2340.6635349097605,-3025.5928375446338,-24.565926360905337,-3228.6265104923423,-0.0,-0.0,946.3865759319785,0.0,2.0,0.12395746161898945,0.0,0,1.1601191991297686,131.99922844444444,-58.42360034939662,0.20021815698364287,9.239250334690766,0.0028215073125536006,-23.430536862090626,1.2190518442940994,0.2409318184423619,-3092.1539357915917,66.56109824695773,0.040482441053475614,212.02041457401282,-236.58634093491816
2025-01-01 21:08:00,0.8837356964545982,0.25213041955734466,0.0,0.014728928274243302,0.004202173659289077,0.0,0.16011774018581193,0.6736179562687863,0.0,0.05,0.0,0.0,0.0,0.2375470862240113,0,0.01458333333333334,1,0,0,Off,0,0,Off,0,0,Off,0.040324463054908555,0.030243347291181406,On,0,0,Off,0.006534180829678363,0.0,On,0.15358355935613358,0,On,0.3568885079701044,0,On,0.27640498524377327,0.20730373893282988,On,Off,0.0,20.000000000000057,0.0,0.0,0.0,0.0,0,0.0,21116.65276888889,Off,0.0,23.888888888888914,0,0.0,0.05,0.0,0.0,0,0,0,11489.55984,Off,0.0,0,85.96237646302635,51.666666666666686,46.10666666666668,0.0,51.72791769740392,0.0,0.0,0.0,134.31621322347866,51.76782987343021,51.787785961443355,51.72791769740392,12.43753247303448,19.72883343510186,0.0,9.718140983026215,1.9074076085950908e-13,0.0,9.236100170605994,-2303.456053634358,-2997.2148938773557,-23.822732242219615,-3197.4734281775322,-0.0,-0.0,946.3865759319785,0.0,2.0,0.1234863038051512,0.0,0,1.1557096281486052,131.99922844444444,-52.369201388804115,0.20166485211310778,9.185801038494692,0.002821425865958005,-22.89777774106897,1.2195368107414268,0.24030814822222066,-3065.056174209503,67.84128033214708,0.040482441053475614,212.48830706687494,-236.31103930909458
2025-01-01 21:09:00,0.8837356964545982,0.25213041955734466,0.0,0.014728928274243302,0.004202173659289077,0.0,0.16011774018581193,0.6736179562687863,0.0,0.05,0.0,0.0,0.0,0.2375470862240113,0,0.01458333333333334,1,0,0,Off,0,0,Off,0,0,Off,0.040324463054908555,0.030243347291181406,On,0,0,Off,0.006534180829678363,0.0,On,0.15358355935613358,0,On,0.3568885079701044,0,On,0.27640498524377327,0.20730373893282988,On,Off,0.0,20.000000000000057,0.0,0.0,0.0,0.0,0,0.0,21116.65276888889,Off,0.0,23.888888888888914,0,0.0,0.05,0.0,0.0,0,0,0,11489.55984,Off,0.0,0,86.21763661868847,51.666666666666686,46.10666666666668,0.0,51.70900469299401,0.0,0.0,0.0,134.71505721670073,51.7499718316258,51.7704554009417,51.70900469299401,12.43753247303448,19.61580918381432,0.0,9.660793599775308,1.9074173664146432e-13,0.0,9.236100170605994,-2267.5769415390478,-2970.3874678988004,-23.074336506647626,-3167.3635800103843,-0.0,-0.0,946.3865759319785,0.0,2.0,0.12302827766132549,0.0,0,1.151422956606485,131.99922844444444,-46.59993746064197,0.2030796065663825,9.13344277481779,0.0028213463029316895,-22.379950512378535,1.220007679874279,0.23971585422532804,-3039.459130829369,69.07166293056821,0.040482441053475614,212.96818598626248,-236.0425224929101
2025-01-01 21:10:00,0.8837356964545982,0.25213041955734466,0.0,0.014728928274243302,0.004202173659289077,0.0,0.16011774018581193,0.6736179562687863,0.0,0.05,0.0,0.0,0.0,0.2375470862240113,0,0.01458333333333334,1,0,0,Off,0,0,Off,0,0,Off,0.040324463054908555,0.030243347291181406,On,0,0,Off,0.006534180829678363,0.0,On,0.15358355935613358,0,On,0.3568885079701044,0,On,0.27640498524377327,0.20730373893282988,On,Off,0.0,20.000000000000057,0.0,0.0,0.0,0.0,0,0.0,21116.65276888889,Off,0.0,23.888888888888914,0,0.0,0.05,0.0,0.0,0,0,0,11489.55984,Off,0.0,0,86.46388294786644,51.666666666666686,46.10666666666668,0.0,51.69003611642205,0.0,0.0,0.0,135.09981710604131,51.73206076143015,51.75307308393421,51.69003611642205,12.43753247303448,19.506091239637453,0.0,9.606428092359518,1.9074162822124707e-13,0.0,9.236100170605994,-2232.9794108918604,-2945.059771369273,-22.320189163297016,-3138.242088097086,-0.0,-0.0,946.3865759319785,0.0,2.0,0.12258277397028007,0.0,0,1.1472534828328644,131.99922844444444,-41.123898726753055,0.20446363264779208,9.083490764615608,0.002821268569215682,-21.876368792203913,1.220465122900461,0.23915300311068288,-3015.258298619429,70.19852725015564,0.040482441053475614,213.45987183109762,-235.78006099439463
2025-01-01 21:11:00,0.8837356964545982,0.25213041955734466,0.0,0.014728928274243302,0.004202173659289077,0.0,0.16011774018581193,0.6736179562687863,0.0,0.05,0.0,0.0,0.0,0.2375470862240113,0,0.01458333333333334,1,0,0,Off,0,0,Off,0,0,Off,0.040324463054908555,0.030243347291181406,On,0,0,Off,0.006534180829678363,0.0,On,0.15358355935613358,0,On,0.3568885079701044,0,On,0.27640498524377327,0.20730373893282988,On,Off,0.0,20.000000000000057,0.0,0.0,0.0,0.0,0,0.0,21116.65276888889,Off,0.0,23.888888888888914,0,0.0,0.05,0.0,0.0,0,0,0,11489.55984,Off,0.0,0,86.70153108463877,51.666666666666686,46.10666666666668,0.0,51.67101395509567,0.0,0.0,0.0,135.47114231974808,51.71409853539841,51.735640825549794,51.67101395509567,12.43753247303448,19.3995265736494,-0.10047342635065704,9.554855552155187,1.907394598169021e-13,0.0,9.236100170605994,-2199.611516713468,-2921.0519916662233,-21.559898155998695,-3110.0591729413572,-0.0,-0.0,946.3865759319785,0.0,2.0,0.1221492414220574,0.0,0,1.1431960471119984,131.99922844444444,-35.93891970408944,0.20581801884441192,9.033776747717194,0.0028211926131021443,-21.386410024644952,1.2209097478843893,0.23861784075267647,-2992.359607121051,71.30761545482773,0.040482441053475614,213.9645503660705,-235.52444852206918
2025-01-01 21:12:00,0.8837356964545982,0.25213041955734466,0.0,0.014728928274243302,0.004202173659289077,0.0,0.16011774018581193,0.6736179562687863,0.0,0.05,0.0,0.0,0.0,0.2375470862240113,0,0.01458333333333334,1,0,0,Off,0,0,Off,0,0,Off,0.040324463054908555,0.030243347291181406,On,0,0,Off,0.006534180829678363,0.0,On,0.15358355935613358,0,On,0.3568885079701044,0,On,0.27640498524377327,0.20730373893282988,On,Off,0.0,20.000000000000057,0.0,0.0,0.0,0.0,0,0.0,21116.65276888889,Off,0.0,23.888888888888914,0,0.0,0.05,0.0,0.0,0,0,0,11489.55984,Off,0.0,0,86.93096355964319,51.666666666666686,46.10666666666668,0.0,51.65194010478321,0.0,0.0,0.0,135.82963056194248,51.696086939740844,51.71816035721967,51.65194010478321,12.43753247303448,19.29597440793181,-0.20402559206824833,9.505907717267865,1.9073891771581586e-13,0.0,9.236100170605994,-2167.4195689309595,-2898.3757486636464,-20.793212474177835,-3082.7690915929074,-0.0,-0.0,946.3865759319785,0.0,2.0,0.12172717276256628,0.0,0,1.1392459020474628,131.99922844444444,-31.0370532700303,0.20714376639286886,8.986316703508862,0.002821118385197737,-20.90950054854749,1.2213421143982635,0.2381088021230153,-2970.679439474029,72.30369081038285,0.040482441053475614,214.48273456744826,-235.27594704162613
2025-01-01 21:13:00,1.934508613121265,0.25213041955734466,0.9006625,0.03224181021868775,0.004202173659289077,0.015011041666666667,0.16011774018581193,0.6736179562687863,1.0507729166666668,0.05,0.0,0.9006625,0.0,0.2375470862240113,0,0.01458333333333334,1,0,0,Off,0,0,Off,0,0,Off,0.040324463054908555,0.030243347291181406,On,0,0,Off,0.006534180829678363,0.0,On,0.15358355935613358,0,On,0.3568885079701044,0,On,0.27640498524377327,0.20730373893282988,On,On,17415.9303113141,20.000000000000057,0.8,4751.49537424146,26.39581596111111,1.0507729166666668,1,21116.65276888889,21116.65276888889,Off,0.0,23.888888888888914,0,0.0,0.05,0.0,0.0,0,0,0,11489.55984,Off,0.0,0,87.15253613369426,51.666666666666686,46.10666666666668,0.0,51.632816376909986,0.0,0.0,0.0,136.17583770889726,51.678027681199836,51.70063333334477,51.632816376909986,12.43753247303448,19.195303861947323,-0.30469613805273355,9.459427061560582,1.9074021875842284e-13,0.0,9.236100170605994,15279.580142204324,1874.595770188505,-20.019994618314456,-3056.329429108496,-0.0,-0.0,946.3865759319785,0.0,2.0,0.12131609582802369,0.0,0,1.1353986286534001,131.99922844444444,-26.407315933256882,0.20844181211114016,8.93965972478715,0.0028210458382410754,-20.44510589813776,1.2217627430572389,0.2376244118076234,-2950.1400543672867,73.24045031433167,0.040482441053475614,215.01438280481122,-235.03437742312568
2025-01-01 21:14:00,1.934508613121265,0.25213041955734466,0.9006625,0.03224181021868775,0.004202173659289077,0.015011041666666667,0.16011774018581193,0.6736179562687863,1.0507729166666668,0.05,0.0,0.9006625,0.0,0.2375470862240113,0,0.01458333333333334,1,0,0,Off,0,0,Off,0,0,Off,0.040324463054908555,0.030243347291181406,On,0,0,Off,0.006534180829678363,0.0,On,0.15358355935613358,0,On,0.3568885079701044,0,On,0.27640498524377327,0.20730373893282988,On,On,17415.9303113141,20.000000000000057,0.8,4751.49537424146,26.39581596111111,1.0507729166666668,1,21116.65276888889,21116.65276888889,Off,0.0,23.888888888888914,0,0.0,0.05,0.0,0.0,0,0,0,11489.55984,Off,0.0,0,86.51809462291097,51.666666666666686,46.10666666666668,0.0,51.61364450445895,0.0,0.0,0.0,135.18452284829837,51.659922392611115,51.6830613366872,51.61364450445895,12.43753247303448,19.413619805484824,-0.08638019451523249,9.586763249971083,4.269944857762664e-12,0.0,9.236100170605994,15209.478411629121,1815.3278311095842,-19.240203264327448,-3113.780624526872,-0.0,-0.0,946.3865759319785,0.0,2.0,0.12220662361851917,0.0,0,1.1437330876978096,131.99922844444444,-39.05785109008309,0.20562179810518838,9.040328377561694,0.002820974926955491,-21.36214475797467,1.2208510951801057,0.23894908466670445,-3006.520157504958,70.35261437308219,0.04048244105370216,215.5593511137369,-234.79955437806439
2025-01-01 21:15:00,1.934508613121265,0.25213041955734466,0.9006625,0.03224181021868775,0.004202173659289077,0.015011041666666667,0.16011774018581193,0.6736179562687863,1.0507729166666668,0.05,0.0,0.9006625,0.0,0.2375470862240113,0,0.01458333333333334,1,0,0,Off,0,0,Off,0,0,Off,0.040324463054908555,0.030243347291181406,On,0,0,Off,0.006534180829678363,0.0,On,0.15358355935613358,0,On,0.3568885079701044,0,On,0.27640498524377327,0.20730373893282988,On,On,17415.9303113141,20.000000000000057,0.8,4751.49537424146,26.39581596111111,1.0507729166666668,1,21116.65276888889,21116.65276888889,Off,0.0,23.888888888888914,0,0.0,0.05,0.0,0.0,0,0,0,11489.55984,Off,0.0,0,85.90311879798705,51.666666666666686,46.10666666666668,0.0,51.59461307455171,0.0,0.0,0.0,134.22362312185476,51.641948904508695,51.6656168194872,51.59461307455171,12.43753247303448,19.624813037626854,0.0,9.707095634378964,4.269946484065923e-12,0.0,9.236100170605994,15142.276673006558,1759.313950169052,-18.453885001338335,-3169.7581027878277,-0.0,-0.0,946.3865759319785,0.0,2.0,0.1230647988992924,0.0,0,1.1517647592602989,131.99922844444444,-50.28211145169112,0.20293413449687714,9.137478114031566,0.0028209007797088716,-22.24319540314655,1.2199704883220885,0.24019418345486426,-3060.1205896605707,67.93916558816258,0.04048244105370216,216.1174799850538,-234.57136498639213
2025-01-01 21:16:00,1.934508613121265,0.25213041955734466,0.9006625,0.03224181021868775,0.004202173659289077,0.015011041666666667,0.16011774018581193,0.6736179562687863,1.0507729166666668,0.05,0.0,0.9006625,0.0,0.2375470862240113,0,0.01458333333333334,1,0,0,Off,0,0,Off,0,0,Off,0.040324463054908555,0.030243347291181406,On,0,0,Off,0.006534180829678363,0.0,On,0.15358355935613358,0,On,0.3568885079701044,0,On,0.27640498524377327,0.20730373893282988,On,On,17415.9303113141,20.000000000000057,0.8,4751.49537424146,26.39581596111111,1.0507729166666668,1,21116.65276888889,21116.65276888889,Off,0.0,23.888888888888914,0,0.0,0.05,0.0,0.0,0,0,0,11489.55984,Off,0.0,0,85.30635722308486,51.666666666666686,46.10666666666668,0.0,51.57571779332926,0.0,0.0,0.0,133.29118316107008,51.62410317304171,51.64829586289794,51.57571779332926,12.43753247303448,19.8293459114684,0.0,9.82097739789229,4.269945725124402e-12,0.0,9.236100170605994,15076.668402585492,1705.9805361749131,-17.66116550013217,-3224.3443931876272,-0.0,-0.0,946.3865759319785,0.0,2.0,0.12389286256970795,0.0,0,1.159514615941809,131.99922844444444,-61.304091472957936,0.20036842899986723,9.230689191866126,0.0028208235186378675,-23.090678477284023,1.2191188671350945,0.241366621037237,-3111.133652650698,65.61881458415111,0.04048244105370216,216.68853693064983,-234.34970243078203
2025-01-01 21:17:00,1.934508613121265,0.25213041955734466,0.9006625,0.03224181021868775,0.004202173659289077,0.015011041666666667,0.16011774018581193,0.6736179562687863,1.0507729166666668,0.05,0.0,0.9006625,0.0,0.2375470862240113,0,0.01458333333333334,1,0,0,Off,0,0,Off,0,0,Off,0.040324463054908555,0.030243347291181406,On,0,0,Off,0.006534180829678363,0.0,On,0.15358355935613358,0,On,0.3568885079701044,0,On,0.27640498524377327,0.20730373893282988,On,On,17415.9303113141,20.000000000000057,0.8,4751.49537424146,26.39581596111111,1.0507729166666668,1,21116.65276888889,21116.65276888889,Off,0.0,23.888888888888914,0,0.0,0.05,0.0,0.0,0,0,0,11489.55984,Off,0.0,0,84.72683068977801,51.666666666666686,46.10666666666668,0.0,51.556954642789734,0.0,0.0,0.0,132.38567295277815,51.606381414335715,51.63109480010871,51.556954642789734,12.43753247303448,20.02757958259366,0.0,9.928863058399575,4.2699458335446194e-12,0.0,9.236100170605994,15012.815021432678,1655.2092229534,-16.862236678702885,-3277.5995985339114,-0.0,-0.0,946.3865759319785,0.0,2.0,0.12469260132600593,0.0,0,1.166999379451417,131.99922844444444,-71.90226727948738,0.1979161133302469,9.321597085191696,0.0028207432578324426,-23.906530925332554,1.2182946120513833,0.2424720982214981,-3159.71591616521,63.42976487714997,0.04048244105370216,217.27220204705006,-234.13443872575294
2025-01-01 21:18:00,0.8837356964545982,0.25213041955734466,0.0,0.014728928274243302,0.004202173659289077,0.0,0.16011774018581193,0.6736179562687863,0.0,0.05,0.0,0.0,0.0,0.2375470862240113,0,0.01458333333333334,1,0,0,Off,0,0,Off,0,0,Off,0.040324463054908555,0.030243347291181406,On,0,0,Off,0.006534180829678363,0.0,On,0.15358355935613358,0,On,0.3568885079701044,0,On,0.27640498524377327,0.20730373893282988,On,Off,0.0,20.000000000000057,0.0,0.0,0.0,0.0,0,0.0,21116.65276888889,Off,0.0,23.888888888888914,0,0.0,0.05,0.0,0.0,0,0,0,11489.55984,Off,0.0,0,84.1636897983164,51.666666666666686,46.10666666666668,0.0,51.53831982080484,0.0,0.0,0.0,131.50576530986936,51.58878004793952,51.614010161506876,51.53831982080484,12.43753247303448,20.219827031316072,0.0,10.031147779640687,4.269946050385054e-12,0.0,9.236100170605994,-2465.2237646753806,-3144.6344832050468,-16.0573457568737,-3329.57460768281,-0.0,-0.0,946.3865759319785,0.0,2.0,0.1254655712557624,0.0,0,1.1742336132292657,131.99922844444444,-82.03573292454908,0.19556966858537062,9.408984492027766,0.002820660104988218,-24.692443770535412,1.2174963155399456,0.24351554959152222,-3206.004097063152,61.36961385810551,0.04048244105370216,217.86808854810923,-233.92543430498293
2025-01-01 21:19:00,0.8837356964545982,0.25213041955734466,0.0,0.014728928274243302,0.004202173659289077,0.0,0.16011774018581193,0.6736179562687863,0.0,0.05,0.0,0.0,0.0,0.2375470862240113,0,0.01458333333333334,1,0,0,Off,0,0,Off,0,0,Off,0.040324463054908555,0.030243347291181406,On,0,0,Off,0.006534180829678363,0.0,On,0.15358355935613358,0,On,0.3568885079701044,0,On,0.27640498524377327,0.20730373893282988,On,Off,0.0,20.000000000000057,0.0,0.0,0.0,0.0,0,0.0,21116.65276888889,Off,0.0,23.888888888888914,0,0.0,0.05,0.0,0.0,0,0,0,11489.55984,Off,0.0,0,84.46466791922654,51.666666666666686,46.10666666666668,0.0,51.51980971251429,0.0,0.0,0.0,131.97604362379147,51.5712956698584,51.597038648530464,51.51980971251429,12.43753247303448,20.09013844856117,0.0,9.95668807659468,1.9074119454037808e-13,0.0,9.236100170605994,-2422.7182197912925,-3109.1014114161017,-15.24678236775813,-3294.4772898469582,-0.0,-0.0,946.3865759319785,0.0,2.0,0.12494441331473373,0.0,0,1.169356090526964,131.99922844444444,-74.62750587631258,0.1971392227619364,9.350136707211462,0.002820574162229559,-24.105799221092234,1.218034829453103,0.24275639755283224,-3172.28598224049,63.1845708243886,0.040482441053475614,218.47576476950863,-233.72254713726676
2025-01-01 21:20:00,0.8837356964545982,0.25213041955734466,0.0,0.014728928274243302,0.004202173659289077,0.0,0.16011774018581193,0.6736179562687863,0.0,0.05,0.0,0.0,0.0,0.2375470862240113,0,0.01458333333333334,1,0,0,Off,0,0,Off,0,0,Off,0.040324463054908555,0.030243347291181406,On,0,0,Off,0.006534180829678363,0.0,On,0.15358355935613358,0,On,0.3568885079701044,0,On,0.27640498524377327,0.20730373893282988,On,Off,0.0,20.000000000000057,0.0,0.0,0.0,0.0,0,0.0,21116.65276888889,Off,0.0,23.888888888888914,0,0.0,0.05,0.0,0.0,0,0,0,11489.55984,Off,0.0,0,84.753778069674,51.666666666666686,46.10666666666668,0.0,51.50123394169682,0.0,0.0,0.0,132.4277782338656,51.553748765820146,51.58000617788182,51.50123394169682,12.43753247303448,19.964810383997563,0.0,9.886557366259632,1.9074151980102982e-13,0.0,9.236100170605994,-2382.7278167181635,-3075.9754342318224,-14.430863900969086,-3260.6995321957174,-0.0,-0.0,946.3865759319785,0.0,2.0,0.12443966834901865,0.0,0,1.1646321770348498,131.99922844444444,-68.41486045442429,0.19866943184962343,9.292817774843261,0.0028204902983981033,-23.53765335030632,1.2185556902798569,0.24203920421698707,-3140.6356302147965,64.66019598297429,0.040482441053475614,219.09476874313037,-233.52563264409946
2025-01-01 21:21:00,0.8837356964545982,0.25213041955734466,0.0,0.014728928274243302,0.004202173659289077,0.0,0.16011774018581193,0.6736179562687863,0.0,0.05,0.0,0.0,0.0,0.2375470862240113,0,0.01458333333333334,1,0,0,Off,0,0,Off,0,0,Off,0.040324463054908555,0.030243347291181406,On,0,0,Off,0.006534180829678363,0.0,On,0.15358355935613358,0,On,0.3568885079701044,0,On,0.27640498524377327,0.20730373893282988,On,Off,0.0,20.000000000000057,0.0,0.0,0.0,0.0,0,0.0,21116.65276888889,Off,0.0,23.888888888888914,0,0.0,0.05,0.0,0.0,0,0,0,11489.55984,Off,0.0,0,85.03195315294154,51.666666666666686,46.10666666666668,0.0,51.48259512492039,0.0,0.0,0.0,132.86242680147114,51.53614180130701,51.562915139500326,51.48259512492039,12.43753247303448,19.843497618833442,0.0,9.82035315674225,1.9074054401907459e-13,0.0,9.236100170605994,-2343.921029446507,-3044.848096580763,-13.609924504898771,-3228.1348228971287,-0.0,-0.0,946.3865759319785,0.0,2.0,0.12395004676633714,0.0,0,1.1600498034450852,131.99922844444444,-62.17278248135659,0.20016331319310401,9.23685788397675,0.002820408446142363,-22.98659060251898,1.21906028851388,0.24136020986219586,-3110.8532701018553,66.0051735210923,0.040482441053475614,219.72461692747083,-233.3345414323696
2025-01-01 21:22:00,0.8837356964545982,0.25213041955734466,0.0,0.014728928274243302,0.004202173659289077,0.0,0.16011774018581193,0.6736179562687863,0.0,0.05,0.0,0.0,0.0,0.2375470862240113,0,0.01458333333333334,1,0,0,Off,0,0,Off,0,0,Off,0.040324463054908555,0.030243347291181406,On,0,0,Off,0.006534180829678363,0.0,On,0.15358355935613358,0,On,0.3568885079701044,0,On,0.27640498524377327,0.20730373893282988,On,Off,0.0,20.000000000000057,0.0,0.0,0.0,0.0,0,0.0,21116.65276888889,Off,0.0,23.888888888888914,0,0.0,0.05,0.0,0.0,0,0,0,11489.55984,Off,0.0,0,85.2998789963611,51.666666666666686,46.10666666666668,0.0,51.46389567313293,0.0,0.0,0.0,133.2810609318142,51.518477047997536,51.54576773542984,51.46389567313293,12.43753247303448,19.72594682419332,0.0,9.757753547496685,1.9074162822124707e-13,0.0,9.236100170605994,-2306.4435904958827,-3015.4508786480887,-12.784310086083195,-3196.703032937021,-0.0,-0.0,946.3865759319785,0.0,2.0,0.12347461727491307,0.0,0,1.1556002537880512,131.99922844444444,-56.12713349084049,0.20162289846214398,9.182838859685742,0.0028203285432962747,-22.45157916120825,1.2195496381112985,0.24071642283615904,-3082.778434345788,67.32755569769937,0.040482441053475614,220.36480979340723,-233.14911987949043
2025-01-01 21:23:00,0.8837356964545982,0.25213041955734466,0.0,0.014728928274243302,0.004202173659289077,0.0,0.16011774018581193,0.6736179562687863,0.0,0.05,0.0,0.0,0.0,0.2375470862240113,0,0.01458333333333334,1,0,0,Off,0,0,Off,0,0,Off,0.040324463054908555,0.030243347291181406,On,0,0,Off,0.006534180829678363,0.0,On,0.15358355935613358,0,On,0.3568885079701044,0,On,0.27640498524377327,0.20730373893282988,On,Off,0.0,20.000000000000057,0.0,0.0,0.0,0.0,0,0.0,21116.65276888889,Off,0.0,23.888888888888914,0,0.0,0.05,0.0,0.0,0,0,0,11489.55984,Off,0.0,0,85.55813134293763,51.666666666666686,46.10666666666668,0.0,51.445137846102305,0.0,0.0,0.0,133.68458022334005,51.50075663509477,51.528566029591005,51.445137846102305,12.43753247303448,19.611945556451573,0.0,9.698492011050659,1.9074173664146432e-13,0.0,9.236100170605994,-2270.2759827421287,-2987.714606155793,-11.954373674677981,-3166.3362894728925,-0.0,-0.0,946.3865759319785,0.0,2.0,0.12301260431682512,0.0,0,1.1512762696089298,131.99922844444444,-50.32626920121449,0.20304982452956655,9.130650081026673,0.00282025053149901,-21.93175541442252,1.2200245871967534,0.24010537467974813,-3056.277895782963,68.56328962717004,0.040482441053475614,221.01483814734024,-232.96921182201825
2025-01-01 21:24:00,0.8837356964545982,0.25213041955734466,0.0,0.014728928274243302,0.004202173659289077,0.0,0.16011774018581193,0.6736179562687863,0.0,0.05,0.0,0.0,0.0,0.2375470862240113,0,0.01458333333333334,1,0,0,Off,0,0,Off,0,0,Off,0.040324463054908555,0.030243347291181406,On,0,0,Off,0.006534180829678363,0.0,On,0.15358355935613358,0,On,0.3568885079701044,0,On,0.27640498524377327,0.20730373893282988,On,Off,0.0,20.000000000000057,0.0,0.0,0.0,0.0,0,0.0,21116.65276888889,Off,0.0,23.888888888888914,0,0.0,0.05,0.0,0.0,0,0,0,11489.55984,Off,0.0,0,85.8072067869665,51.666666666666686,46.10666666666668,0.0,51.42632377667415,0.0,0.0,0.0,134.07376060463517,51.482982572195446,51.5113119699561,51.42632377667415,12.43753247303448,19.501310750428903,0.0,9.6423367081784,1.9074157401113845e-13,0.0,9.236100170605994,-2235.38619125733,-2961.4858380668265,-11.120471610472777,-3136.97565597001,-0.0,-0.0,946.3865759319785,0.0,2.0,0.12256334332977223,0.0,0,1.1470716312620908,131.99922844444444,-44.7971112192988,0.2044454553495936,9.079500234578155,0.002820174355583427,-21.426376073906987,1.2204858651626938,0.23952491661528355,-3031.2359075419918,69.75006947516519,0.040482441053475614,221.67418815302312,-232.7946597634959
2025-01-01 21:25:00,0.8837356964545982,0.25213041955734466,0.0,0.014728928274243302,0.004202173659289077,0.0,0.16011774018581193,0.6736179562687863,0.0,0.05,0.0,0.0,0.0,0.2375470862240113,0,0.01458333333333334,1,0,0,Off,0,0,Off,0,0,Off,0.040324463054908555,0.030243347291181406,On,0,0,Off,0.006534180829678363,0.0,On,0.15358355935613358,0,On,0.3568885079701044,0,On,0.27640498524377327,0.20730373893282988,On,Off,0.0,20.000000000000057,0.0,0.0,0.0,0.0,0,0.0,21116.65276888889,Off,0.0,23.888888888888914,0,0.0,0.05,0.0,0.0,0,0,0,11489.55984,Off,0.0,0,86.04754637789742,51.666666666666686,46.10666666666668,0.0,51.40745548821344,0.0,0.0,0.0,134.4492912154647,51.465156765732544,51.4940074044921,51.40745548821344,12.43753247303448,19.393879938985748,-0.10612006101430893,9.589085130947039,1.9074076085950908e-13,0.0,9.236100170605994,-2201.7299382241154,-2936.714666731935,-10.282960343817166,-3108.5686179003824,-0.0,-0.0,946.3865759319785,0.0,2.0,0.12212624645129684,0.0,0,1.1429808369365533,131.99922844444444,-39.547896255711635,0.20581097690496333,9.030008028645392,0.0028200999631369317,-20.934781496894594,1.2209341186701812,0.23897317092709217,-3007.5514593677276,70.8367926357926,0.040482441053475614,222.34234528156523,-232.6253056253824
2025-01-01 21:26:00,0.8837356964545982,0.25213041955734466,0.0,0.014728928274243302,0.004202173659289077,0.0,0.16011774018581193,0.6736179562687863,0.0,0.05,0.0,0.0,0.0,0.2375470862240113,0,0.01458333333333334,1,0,0,Off,0,0,Off,0,0,Off,0.040324463054908555,0.030243347291181406,On,0,0,Off,0.006534180829678363,0.0,On,0.15358355935613358,0,On,0.3568885079701044,0,On,0.27640498524377327,0.20730373893282988,On,Off,0.0,20.000000000000057,0.0,0.0,0.0,0.0,0,0.0,21116.65276888889,Off,0.0,23.888888888888914,0,0.0,0.05,0.0,0.0,0,0,0,11489.55984,Off,0.0,0,86.27955013147819,51.666666666666686,46.10666666666668,0.0,51.38853490684538,0.0,0.0,0.0,134.81179708043467,51.44728103051431,51.47665409234878,51.38853490684538,12.43753247303448,19.289505856236946,-0.2104941437631105,9.538554105304673,1.9074092348983496e-13,0.0,9.236100170605994,-2169.2578578435428,-2913.2279128961795,-9.442193764250646,-3081.0675211984308,-0.0,-0.0,946.3865759319785,0.0,2.0,0.12170078154282774,0.0,0,1.1389989063417807,131.99922844444444,-34.57691257709047,0.20714745437901494,8.982097056842154,0.002820027304194173,-20.456373212459788,1.2213699337225195,0.23844843267427893,-2985.13355322663,71.90564033045035,0.040482441053475614,223.01879761427165,-232.46099137852232
2025-01-01 21:27:00,1.934508613121265,0.25213041955734466,0.9006625,0.03224181021868775,0.004202173659289077,0.015011041666666667,0.16011774018581193,0.6736179562687863,1.0507729166666668,0.05,0.0,0.9006625,0.0,0.2375470862240113,0,0.01458333333333334,1,0,0,Off,0,0,Off,0,0,Off,0.040324463054908555,0.030243347291181406,On,0,0,Off,0.006534180829678363,0.0,On,0.15358355935613358,0,On,0.3568885079701044,0,On,0.27640498524377327,0.20730373893282988,On,On,17415.9303113141,20.000000000000057,0.8,4751.49537424146,26.39581596111111,1.0507729166666668,1,21116.65276888889,21116.65276888889,Off,0.0,23.888888888888914,0,0.0,0.05,0.0,0.0,0,0,0,11489.55984,Off,0.0,0,86.50358634786159,51.666666666666686,46.10666666666668,0.0,51.369563870498986,0.0,0.0,0.0,135.16185366853372,51.42935709824871,51.45925371212358,51.369563870498986,12.43753247303448,19.188052973288556,-0.31194702671150054,9.490580310738851,1.9074076085950908e-13,0.0,9.236100170605994,15278.011510988863,1860.459147106983,-8.598520984594813,-3054.428556116778,-0.0,-0.0,946.3865759319785,0.0,2.0,0.12128645881449586,0.0,0,1.1351212555291892,131.99922844444444,-29.876820140435214,0.20845586782336822,8.935010309496937,0.0028199563310107112,-19.99059955768106,1.2217938497887308,0.2379491791098853,-2963.901222213475,72.86499507899836,0.040482441053475614,223.70303865206765,-232.30155963666243
2025-01-01 21:28:00,1.934508613121265,0.25213041955734466,0.9006625,0.03224181021868775,0.004202173659289077,0.015011041666666667,0.16011774018581193,0.6736179562687863,1.0507729166666668,0.05,0.0,0.9006625,0.0,0.2375470862240113,0,0.01458333333333334,1,0,0,Off,0,0,Off,0,0,Off,0.040324463054908555,0.030243347291181406,On,0,0,Off,0.006534180829678363,0.0,On,0.15358355935613358,0,On,0.3568885079701044,0,On,0.27640498524377327,0.20730373893282988,On,On,17415.9303113141,20.000000000000057,0.8,4751.49537424146,26.39581596111111,1.0507729166666668,1,21116.65276888889,21116.65276888889,Off,0.0,23.888888888888914,0,0.0,0.05,0.0,0.0,0,0,0,11489.55984,Off,0.0,0,85.87151025235612,51.666666666666686,46.10666666666668,0.0,51.350544135897394,0.0,0.0,0.0,134.17423476930642,51.4113866241321,51.441807868249455,51.350544135897394,12.43753247303448,19.40562267556397,-0.09437732443608837,9.616504170341884,4.269945725124402e-12,0.0,9.236100170605994,15208.19049832844,1801.7595634957947,-7.752287866546055,-3111.668691137357,-0.0,-0.0,946.3865759319785,0.0,2.0,0.12217406416767536,0.0,0,1.1434283634517362,131.99922844444444,-42.45769778027807,0.20564516883358347,9.035291755746254,0.002819886997888623,-20.90206653162962,1.220885269127445,0.2392574216381146,-3019.7388674649387,70.00305671927364,0.04048244105370216,224.39456644386945,-232.1468543104155
2025-01-01 21:29:00,1.934508613121265,0.25213041955734466,0.9006625,0.03224181021868775,0.004202173659289077,0.015011041666666667,0.16011774018581193,0.6736179562687863,1.0507729166666668,0.05,0.0,0.9006625,0.0,0.2375470862240113,0,0.01458333333333334,1,0,0,Off,0,0,Off,0,0,Off,0.040324463054908555,0.030243347291181406,On,0,0,Off,0.006534180829678363,0.0,On,0.15358355935613358,0,On,0.3568885079701044,0,On,0.27640498524377327,0.20730373893282988,On,On,17415.9303113141,20.000000000000057,0.8,4751.49537424146,26.39581596111111,1.0507729166666668,1,21116.65276888889,21116.65276888889,Off,0.0,23.888888888888914,0,0.0,0.05,0.0,0.0,0,0,0,11489.55984,Off,0.0,0,85.25880790923252,51.666666666666686,46.10666666666668,0.0,51.33166431182865,0.0,0.0,0.0,133.2168873581758,51.39354745910444,51.42448903274233,51.33166431182865,12.43753247303448,19.616103437025938,0.0,9.735495017886155,4.269944288556524e-12,0.0,9.236100170605994,15141.260961614786,1746.294604564147,-6.903841937225906,-3167.4418236698057,-0.0,-0.0,946.3865759319785,0.0,2.0,0.12302947129674024,0.0,0,1.1514341278530025,131.99922844444444,-53.61410196148614,0.2029661313553051,9.13207328755363,0.002819814449587971,-21.777839741076654,1.2200075813688391,0.24048709627658993,-3072.816058518052,67.61528884073905,0.04048244105370216,225.0928806648754,-231.9967226021013
2025-01-01 21:30:00,1.934508613121265,0.25213041955734466,0.9006625,0.03224181021868775,0.004202173659289077,0.015011041666666667,0.16011774018581193,0.6736179562687863,1.0507729166666668,0.05,0.0,0.9006625,0.0,0.2375470862240113,0,0.01458333333333334,1,0,0,Off,0,0,Off,0,0,Off,0.040324463054908555,0.030243347291181406,On,0,0,Off,0.006534180829678363,0.0,On,0.15358355935613358,0,On,0.3568885079701044,0,On,0.27640498524377327,0.20730373893282988,On,On,17415.9303113141,20.000000000000057,0.8,4751.49537424146,26.39581596111111,1.0507729166666668,1,21116.65276888889,21116.65276888889,Off,0.0,23.888888888888914,0,0.0,0.05,0.0,0.0,0,0,0,11489.55984,Off,0.0,0,84.66423380778359,51.666666666666686,46.10666666666668,0.0,51.31292012471287,0.0,0.0,0.0,132.28786532466185,51.37583557841333,51.407293305263565,51.31292012471287,12.43753247303448,19.81995542160102,0.0,9.848101582669297,4.2699461045951626e-12,-0.6,9.236100170605994,14820.741539268101,126.96125480601404,-324.47467816745325,-3477.865740346419,-0.0,-0.0,946.3865759319785,0.0,2.0,0.12949581713675443,0.0,0,1.2119527272114792,131.99922844444444,-63.70960763155651,0.20040842660911432,9.225640083219332,0.0028197388072157756,-5.283682542447954,1.2191587412088825,0.3412868785744757,-4689.853322209947,65.31920277450126,0.11737305520089367,-92.62366087046786,-231.85101729698536
2025-01-01 21:31:00,1.934508613121265,0.25213041955734466,0.9006625,0.03224181021868775,0.004202173659289077,0.015011041666666667,0.16011774018581193,0.6736179562687863,1.0507729166666668,0.05,0.0,0.9006625,0.0,0.2375470862240113,0,0.01458333333333334,1,0,0,Off,0,0,Off,0,0,Off,0.040324463054908555,0.030243347291181406,On,0,0,Off,0.006534180829678363,0.0,On,0.15358355935613358,0,On,0.3568885079701044,0,On,0.27640498524377327,0.20730373893282988,On,On,17415.9303113141,20.000000000000057,0.8,4751.49537424146,26.39581596111111,1.0507729166666668,1,21116.65276888889,21116.65276888889,Off,0.0,23.888888888888914,0,0.0,0.05,0.0,0.0,0,0,0,11489.55984,Off,0.0,0,84.0995577983362,51.666666666666686,46.10666666666668,0.0,51.294307575521195,0.0,0.0,0.0,131.40555905990033,51.35824721605194,51.390217036317324,51.294307575521195,12.43753247303448,20.012788286173695,0.0,9.898234343834096,-0.012112384417113193,-0.6,9.236100170605994,14758.388797957992,98.51415866017305,-321.7595864053858,-3531.070027156065,-0.0,-0.0,946.3865759319785,0.0,2.0,0.13024687299247914,0.0,0,1.2189818669378414,131.99922844444444,-72.85806213201884,0.19802599892278214,9.31376426215689,0.00281972044228349,-5.934556782254651,1.218356832086294,0.3416508164195994,-4717.381593938919,64.40037835763204,0.1171408110286468,-90.57426540146481,-231.185321003921
2025-01-01 21:32:00,1.934508613121265,0.25213041955734466,0.9006625,0.03224181021868775,0.004202173659289077,0.015011041666666667,0.16011774018581193,0.6736179562687863,1.0507729166666668,0.05,0.0,0.9006625,0.0,0.2375470862240113,0,0.01458333333333334,1,0,0,Off,0,0,Off,0,0,Off,0.040324463054908555,0.030243347291181406,On,0,0,Off,0.006534180829678363,0.0,On,0.15358355935613358,0,On,0.3568885079701044,0,On,0.27640498524377327,0.20730373893282988,On,On,17415.9303113141,20.000000000000057,0.8,4751.49537424146,26.39581596111111,1.0507729166666668,1,21116.65276888889,21116.65276888889,Off,0.0,23.888888888888914,0,0.0,0.05,0.0,0.0,0,0,0,11489.55984,Off,0.0,0,83.55080717641097,51.666666666666686,46.10666666666668,0.0,51.27582007239232,0.0,0.0,0.0,130.54813621314213,51.34077616091492,51.37325420517623,51.27582007239232,12.43753247303448,20.199803372001714,0.0,9.945695395124797,-0.0239804218926137,-0.6,9.236100170605994,14696.887822946697,71.41875136514136,-319.09298852384796,-3582.9751908967864,-0.0,-0.0,946.3865759319785,0.0,2.0,0.13097315497201778,0.0,0,1.2257791476939979,131.99922844444444,-82.45387340259323,0.1957456366976461,9.399185288064157,0.0028196998014771765,-6.5626666187584615,1.2175801257231462,0.3419950021578188,-4743.482084965333,63.40546208901514,0.11691280451169671,-88.57305119187149,-230.51993733197648
2025-01-01 21:33:00,0.8837356964545982,0.25213041955734466,0.0,0.014728928274243302,0.004202173659289077,0.0,0.16011774018581193,0.6736179562687863,0.0,0.05,0.0,0.0,0.0,0.2375470862240113,0,0.01458333333333334,1,0,0,Off,0,0,Off,0,0,Off,0.040324463054908555,0.030243347291181406,On,0,0,Off,0.006534180829678363,0.0,On,0.15358355935613358,0,On,0.3568885079701044,0,On,0.27640498524377327,0.20730373893282988,On,Off,0.0,20.000000000000057,0.0,0.0,0.0,0.0,0,0.0,21116.65276888889,Off,0.0,23.888888888888914,0,0.0,0.05,0.0,0.0,0,0,0,11489.55984,Off,0.0,0,83.01729464526746,51.666666666666686,46.10666666666668,0.0,51.25745410198731,0.0,0.0,0.0,129.7145228832304,51.323419104621934,51.35640160593925,51.25745410198731,12.43753247303448,20.38125351686862,0.0,9.990626676170507,-0.03562766576052108,-0.6,9.236100170605994,-2779.0594329713867,-4705.707620191071,-316.6703585090164,-3633.6229933279023,-0.0,-0.0,946.3865759319785,0.0,2.0,0.13167585630128806,0.0,0,1.2323557368939786,131.99922844444444,-91.82301557546295,0.19356112977352952,9.481345477457456,0.002819676961500071,-7.169079487841776,1.2168274795740193,0.3423205232145438,-4768.22652033405,62.518900142978666,0.1166886066778096,-86.61566675480125,-230.05469175421516
2025-01-01 21:34:00,0.8837356964545982,0.25213041955734466,0.0,0.014728928274243302,0.004202173659289077,0.0,0.16011774018581193,0.6736179562687863,0.0,0.05,0.0,0.0,0.0,0.2375470862240113,0,0.01458333333333334,1,0,0,Off,0,0,Off,0,0,Off,0.040324463054908555,0.030243347291181406,On,0,0,Off,0.006534180829678363,0.0,On,0.15358355935613358,0,On,0.3568885079701044,0,On,0.27640498524377327,0.20730373893282988,On,Off,0.0,20.000000000000057,0.0,0.0,0.0,0.0,0,0.0,21116.65276888889,Off,0.0,23.888888888888914,0,0.0,0.05,0.0,0.0,0,0,0,11489.55984,Off,0.0,0,83.35228615825008,51.666666666666686,46.10666666666668,0.0,51.30617288157339,0.0,0.0,0.0,130.23794712226575,51.30617288157339,51.306172881573396,51.30617288157339,12.43753247303448,20.241152263958917,0.0,9.861677870071965,-0.047081930975157636,-0.6,9.236100170605994,-2731.786440449115,-4631.8391861906985,-314.4107840406393,-3594.491970681084,-0.0,-0.0,946.3865759319785,0.0,2.0,0.13113345654270334,0.0,0,1.227279411795683,131.99922844444444,-83.68104570000983,0.19524246550296606,9.417857152530248,0.0028196519955982153,-6.683090969015629,1.2174085619752106,0.34138547368708866,-4697.303950974207,65.46476478350809,0.11646770258204259,-84.6971064933705,-229.71367754726884
2025-01-01 21:35:00,0.8837356964545982,0.25213041955734466,0.0,0.014728928274243302,0.004202173659289077,0.0,0.16011774018581193,0.6736179562687863,0.0,0.05,0.0,0.0,0.0,0.2375470862240113,0,0.01458333333333334,1,0,0,Off,0,0,Off,0,0,Off,0.040324463054908555,0.030243347291181406,On,0,0,Off,0.006534180829678363,0.0,On,0.15358355935613358,0,On,0.3568885079701044,0,On,0.27640498524377327,0.20730373893282988,On,Off,0.0,20.000000000000057,0.0,0.0,0.0,0.0,0,0.0,21116.65276888889,Off,0.0,23.888888888888914,0,0.0,0.05,0.0,0.0,0,0,0,11489.55984,Off,0.0,0,83.66885765916486,51.666666666666686,46.10666666666668,0.0,51.28780979950333,0.0,0.0,0.0,130.7325900924451,51.28885706653951,51.2893807000576,51.28780979950333,12.43753247303448,20.105820010666946,0.0,9.740340342418174,-0.05836512965835696,-0.6,9.236100170605994,-2687.212480274701,-4562.905417474275,-312.2417512454531,-3556.852937340608,-0.0,-0.0,946.3865759319785,0.0,2.0,0.130608424956027,0.0,0,1.222365635602645,131.99922844444444,-76.7461188660715,0.19688224583720962,9.356092490294213,0.0028196287332317607,-6.213125891588538,1.2179703910890913,0.34050327115837065,-4630.825373395398,67.91995592112292,0.11624968721618052,-82.81341455332469,-229.4283366921284
2025-01-01 21:36:00,0.8837356964545982,0.25213041955734466,0.0,0.014728928274243302,0.004202173659289077,0.0,0.16011774018581193,0.6736179562687863,0.0,0.05,0.0,0.0,0.0,0.2375470862240113,0,0.01458333333333334,1,0,0,Off,0,0,Off,0,0,Off,0.040324463054908555,0.030243347291181406,On,0,0,Off,0.006534180829678363,0.0,On,0.15358355935613358,0,On,0.3568885079701044,0,On,0.27640498524377327,0.20730373893282988,On,Off,0.0,20.000000000000057,0.0,0.0,0.0,0.0,0,0.0,21116.65276888889,Off,0.0,23.888888888888914,0,0.0,0.05,0.0,0.0,0,0,0,11489.55984,Off,0.0,0,83.97344926541693,51.666666666666686,46.10666666666668,0.0,51.26937763312075,0.0,0.0,0.0,131.20851447721395,51.27147548614023,51.272524412649986,51.26937763312075,12.43753247303448,19.9748867442901,0.0,9.625971942515244,-0.0694940432025222,-0.6,9.236100170605994,-2644.004526626568,-4498.123627494424,-310.15009149266547,-3520.587327142255,-0.0,-0.0,946.3865759319785,0.0,2.0,0.13009942755995596,0.0,0,1.217601923569689,131.99922844444444,-69.8037754162913,0.19848354764960893,9.295870367698424,0.0028196071166860905,-5.757978556193924,1.2185144510027317,0.3396696410502223,-4568.394620598081,70.27099310365713,0.11603425170464608,-80.96153861116578,-229.1885528814997
2025-01-01 21:37:00,0.8837356964545982,0.25213041955734466,0.0,0.014728928274243302,0.004202173659289077,0.0,0.16011774018581193,0.6736179562687863,0.0,0.05,0.0,0.0,0.0,0.2375470862240113,0,0.01458333333333334,1,0,0,Off,0,0,Off,0,0,Off,0.040324463054908555,0.030243347291181406,On,0,0,Off,0.006534180829678363,0.0,On,0.15358355935613358,0,On,0.3568885079701044,0,On,0.27640498524377327,0.20730373893282988,On,Off,0.0,20.000000000000057,0.0,0.0,0.0,0.0,0,0.0,21116.65276888889,Off,0.0,23.888888888888914,0,0.0,0.05,0.0,0.0,0,0,0,11489.55984,Off,0.0,0,84.26680540276345,51.666666666666686,46.10666666666668,0.0,51.25087902376597,0.0,0.0,0.0,131.6668834418179,51.25403062910924,51.25560643178088,51.25087902376597,12.43753247303448,19.848077514059604,0.0,9.518042538668862,-0.08048293805333069,-0.6,9.236100170605994,-2602.306417754295,-4437.202919929332,-308.13545942465305,-3485.604878409435,-0.0,-0.0,946.3865759319785,0.0,2.0,0.12960548738629776,0.0,0,1.2129791322411307,131.99922844444444,-63.08811527683834,0.20004845602144486,9.238473591584537,0.002819587092621794,-5.3167592244351365,1.2190418373820555,0.3388810639687888,-4509.683729933398,72.48081000406607,0.11582113350642402,-79.1388816068553,-228.99657781779774
2025-01-01 21:38:00,0.8837356964545982,0.25213041955734466,0.0,0.014728928274243302,0.004202173659289077,0.0,0.16011774018581193,0.6736179562687863,0.0,0.05,0.0,0.0,0.0,0.2375470862240113,0,0.01458333333333334,1,0,0,Off,0,0,Off,0,0,Off,0.040324463054908555,0.030243347291181406,On,0,0,Off,0.006534180829678363,0.0,On,0.15358355935613358,0,On,0.3568885079701044,0,On,0.27640498524377327,0.20730373893282988,On,Off,0.0,20.000000000000057,0.0,0.0,0.0,0.0,0,0.0,21116.65276888889,Off,0.0,23.888888888888914,0,0.0,0.05,0.0,0.0,0,0,0,11489.55984,Off,0.0,0,84.54955437789481,51.666666666666686,46.10666666666668,0.0,51.23231644868122,0.0,0.0,0.0,132.10867871546063,51.23652482953129,51.23862901995633,51.23231644868122,12.43753247303448,19.725160491295885,0.0,9.416092073417184,-0.09134431743548783,-0.6,9.236100170605994,-2562.092189600468,-4379.855186182365,-306.1899831213574,-3451.82876217298,-0.0,-0.0,946.3865759319785,0.0,2.0,0.12912578573248149,0.0,0,1.2084895993709182,131.99922844444444,-56.650003359466155,0.2015786559786183,9.181661108222555,0.0028195686109499627,-4.888719256409535,1.2195534716780208,0.33813448242551103,-4454.408601666613,74.55341548424812,0.11561010228391837,-77.34317005680755,-228.84681306454985
2025-01-01 21:39:00,0.8837356964545982,0.25213041955734466,0.0,0.014728928274243302,0.004202173659289077,0.0,0.16011774018581193,0.6736179562687863,0.0,0.05,0.0,0.0,0.0,0.2375470862240113,0,0.01458333333333334,1,0,0,Off,0,0,Off,0,0,Off,0.040324463054908555,0.030243347291181406,On,0,0,Off,0.006534180829678363,0.0,On,0.15358355935613358,0,On,0.3568885079701044,0,On,0.27640498524377327,0.20730373893282988,On,Off,0.0,20.000000000000057,0.0,0.0,0.0,0.0,0,0.0,21116.65276888889,Off,0.0,23.888888888888914,0,0.0,0.05,0.0,0.0,0,0,0,11489.55984,Off,0.0,0,84.82224068184313,51.666666666666686,46.10666666666668,0.0,51.213692246598406,0.0,0.0,0.0,132.53475106537988,51.21896029096512,51.22159431314848,51.213692246598406,12.43753247303448,19.60593495431476,0.0,9.319714662373956,-0.1020888600169797,-0.6,9.236100170605994,-2523.321399758552,-4325.827127200536,-304.3130606088498,-3419.19199183659,-0.0,-0.0,946.3865759319785,0.0,2.0,0.12865961712654453,0.0,0,1.2041267224394645,131.99922844444444,-50.51598385394058,0.20307555659291948,9.127450053473549,0.0028195516243240356,-4.473211298461555,1.2200501501778398,0.3374271933825076,-4402.319333111459,76.49220591092292,0.11540096143956119,-75.57245879862427,-228.74060181022554
2025-01-01 21:40:00,0.8837356964545982,0.25213041955734466,0.0,0.014728928274243302,0.004202173659289077,0.0,0.16011774018581193,0.6736179562687863,0.0,0.05,0.0,0.0,0.0,0.2375470862240113,0,0.01458333333333334,1,0,0,Off,0,0,Off,0,0,Off,0.040324463054908555,0.030243347291181406,On,0,0,Off,0.006534180829678363,0.0,On,0.15358355935613358,0,On,0.3568885079701044,0,On,0.27640498524377327,0.20730373893282988,On,Off,0.0,20.000000000000057,0.0,0.0,0.0,0.0,0,0.0,21116.65276888889,Off,0.0,23.888888888888914,0,0.0,0.05,0.0,0.0,0,0,0,11489.55984,Off,0.0,0,85.08534951504836,51.666666666666686,46.10666666666668,0.0,51.19500863620933,0.0,0.0,0.0,132.94585861726307,51.20133910385553,51.204504337678635,51.19500863620933,12.43753247303448,19.490222165434393,-0.009777834565664278,9.228546541935591,-0.1127259018925692,-0.6,9.236100170605994,-2485.941080326491,-4274.890572762428,-302.4928768533496,-3387.6347159212683,-0.0,-0.0,946.3865759319785,0.0,2.0,0.12820635499625635,0.0,0,1.1998846373506133,131.99922844444444,-44.692940337201264,0.20454038720759332,9.073649253599582,0.002819536087773483,-4.069658942226814,1.2205325813109449,0.33675676674056687,-4353.19289898606,78.30232622363245,0.11519353905195143,-73.82504661682565,-228.66783023652397
2025-01-01 21:41:00,0.8837356964545982,0.25213041955734466,0.0,0.014728928274243302,0.004202173659289077,0.0,0.16011774018581193,0.6736179562687863,0.0,0.05,0.0,0.0,0.0,0.2375470862240113,0,0.01458333333333334,1,0,0,Off,0,0,Off,0,0,Off,0.040324463054908555,0.030243347291181406,On,0,0,Off,0.006534180829678363,0.0,On,0.15358355935613358,0,On,0.3568885079701044,0,On,0.27640498524377327,0.20730373893282988,On,Off,0.0,20.000000000000057,0.0,0.0,0.0,0.0,0,0.0,21116.65276888889,Off,0.0,23.888888888888914,0,0.0,0.05,0.0,0.0,0,0,0,11489.55984,Off,0.0,0,85.33932195141537,51.666666666666686,46.10666666666668,0.0,51.176267729232144,0.0,0.0,0.0,133.3426905490865,51.183663257850554,51.18736102215976,51.176267729232144,12.43753247303448,19.377859731745332,-0.12214026825472502,9.142257756899093,-0.12326317831782582,-0.6,9.236100170605994,-2449.8934946373834,-4226.838342540839,-300.6762689985378,-3357.102525496639,-0.0,-0.0,946.3865759319785,0.0,2.0,0.12776543055647624,0.0,0,1.1957580208381944,131.99922844444444,-39.17754507272278,0.20597425553766274,9.022273530930285,0.0028195219584453983,-3.6775380331684513,1.2210014086444752,0.3361209896699565,-4306.828038680262,79.98969613942236,0.11498769317717046,-72.09951455755507,-228.57675444098277
2025-01-01 21:42:00,0.8837356964545982,0.25213041955734466,0.0,0.014728928274243302,0.004202173659289077,0.0,0.16011774018581193,0.6736179562687863,0.0,0.05,0.0,0.0,0.0,0.2375470862240113,0,0.01458333333333334,1,0,0,Off,0,0,Off,0,0,Off,0.040324463054908555,0.030243347291181406,On,0,0,Off,0.006534180829678363,0.0,On,0.15358355935613358,0,On,0.3568885079701044,0,On,0.27640498524377327,0.20730373893282988,On,Off,0.0,20.000000000000057,0.0,0.0,0.0,0.0,0,0.0,21116.65276888889,Off,0.0,23.888888888888914,0,0.0,0.05,0.0,0.0,0,0,0,11489.55984,Off,0.0,0,85.58456471780843,51.666666666666686,46.10666666666668,0.0,51.157471540136626,0.0,0.0,0.0,133.72588237157566,51.16593465096841,51.1701662063843,51.157471540136626,12.43753247303448,19.268697969500323,-0.23130203049973375,9.060546253080803,-0.13370542669189495,-0.6,9.236100170605994,-2415.1195648795174,-4181.480974841795,-298.91335183367596,-3327.5453466230115,-0.0,-0.0,946.3865759319785,0.0,2.0,0.12733631929186498,0.0,0,1.1917419639575806,131.99922844444444,-33.96079418848453,0.20737818391820076,8.97185679421785,0.0028195091954127567,-3.296364676551269,1.221457225653285,0.3355178275013574,-4263.0415702519695,81.56059541017477,0.11478333950401509,-70.39494914748526,-228.5184026861907
2025-01-01 21:43:00,1.934508613121265,0.25213041955734466,0.9006625,0.03224181021868775,0.004202173659289077,0.015011041666666667,0.16011774018581193,0.6736179562687863,1.0507729166666668,0.05,0.0,0.9006625,0.0,0.2375470862240113,0,0.01458333333333334,1,0,0,Off,0,0,Off,0,0,Off,0.040324463054908555,0.030243347291181406,On,0,0,Off,0.006534180829678363,0.0,On,0.15358355935613358,0,On,0.3568885079701044,0,On,0.27640498524377327,0.20730373893282988,On,On,17415.9303113141,20.000000000000057,0.8,4751.49537424146,26.39581596111111,1.0507729166666668,1,21116.65276888889,21116.65276888889,Off,0.0,23.888888888888914,0,0.0,0.05,0.0,0.0,0,0,0,11489.55984,Off,0.0,0,85.82145661235532,51.666666666666686,46.10666666666668,0.0,51.13862199371459,0.0,0.0,0.0,134.0960259568052,51.148155096732836,51.15292164824197,51.13862199371459,12.43753247303448,19.16259751924431,-0.3374024807557454,8.983133598743745,-0.14405848363841692,-0.6,9.236100170605994,15034.369453105683,612.8510824242012,-297.19590622029887,-3298.91669815133,-0.0,-0.0,946.3865759319785,0.0,2.0,0.12691853218198546,0.0,0,1.1878318899613096,131.99922844444444,-29.030735989065164,0.20875313187917321,8.9230229279724,0.002819497759525616,-2.925687426646169,1.221900585355994,0.33494539580003435,-4221.66567498445,83.02138316719052,0.11458037149025815,-68.71026881372829,-228.4856374065706
2025-01-01 21:44:00,1.934508613121265,0.25213041955734466,0.9006625,0.03224181021868775,0.004202173659289077,0.015011041666666667,0.16011774018581193,0.6736179562687863,1.0507729166666668,0.05,0.0,0.9006625,0.0,0.2375470862240113,0,0.01458333333333334,1,0,0,Off,0,0,Off,0,0,Off,0.040324463054908555,0.030243347291181406,On,0,0,Off,0.006534180829678363,0.0,On,0.15358355935613358,0,On,0.3568885079701044,0,On,0.27640498524377327,0.20730373893282988,On,On,17415.9303113141,20.000000000000057,0.8,4751.49537424146,26.39581596111111,1.0507729166666668,1,21116.65276888889,21116.65276888889,Off,0.0,23.888888888888914,0,0.0,0.05,0.0,0.0,0,0,0,11489.55984,Off,0.0,0,85.20186540084289,51.666666666666686,46.10666666666668,0.0,51.119720931236046,0.0,0.0,0.0,133.12791468881701,51.13032632997512,51.13562902934466,51.119720931236046,12.43753247303448,19.37565517241175,-0.12434482758830612,9.081255204495713,-0.15432713435262435,-0.6,9.236100170605994,14964.420456698712,558.0033145317593,-295.5130547741724,-3356.5045807290276,-0.0,-0.0,946.3865759319785,0.0,2.0,0.12775677180382086,0.0,0,1.195676983480178,131.99922844444444,-41.39184981833782,0.20600002311165438,9.021009321144433,0.0028194876132904396,-3.655874212526177,1.2210106357746646,0.3356707953651313,-4274.127847117549,80.63578740784835,0.1143787024518997,-67.0445748531779,-228.46847992099453
2025-01-01 21:45:00,1.7479704576816244,0.23326263468364486,0.9006625,0.029132840961360405,0.0038877105780607477,0.015011041666666667,0.13996308704771468,0.5072344539672429,1.0507729166666668,0.05,0.0,0.9006625,0.0,0.21867930135031152,0,0.01458333333333334,1,0,0,Off,0,0,Off,0,0,Off,0.040324463054908555,0.030243347291181406,On,0,0,Off,0.006534180829678363,0.0,On,0.13342890621803633,0,On,0.2156620521668275,0,On,0.2512479387455069,0.1884359540591301,On,On,17415.9303113141,20.000000000000057,0.8,4751.49537424146,26.39581596111111,1.0507729166666668,1,21116.65276888889,21116.65276888889,Off,0.0,23.888888888888914,0,0.0,0.05,0.0,0.0,0,0,0,11489.55984,Off,0.0,0,84.60140133408113,51.666666666666686,46.10666666666668,0.0,51.10095704327008,0.0,0.0,0.0,132.18968958450176,51.112626278664926,51.11846089636236,51.10095704327008,12.43753247303448,19.58171319636056,0.0,9.173417005879694,-0.16451512249437267,-0.6,9.236100170605994,14712.626386159318,506.6228234903065,-293.8492109531112,-3412.576596508379,-0.0,-0.0,761.6094137472166,0.0,2.0,0.12856480503881515,0.0,0,1.2032393751039527,131.99922844444444,-52.33674239361898,0.20337593153729536,9.116250101678592,0.002819474925538775,-4.8867955350640475,1.2201511583318267,0.3363507101144892,-4323.555723267872,78.68317251671883,0.11417826555513248,-65.39714700219024,-228.45206395092097
2025-01-01 21:46:00,1.7479704576816244,0.23326263468364486,0.9006625,0.029132840961360405,0.0038877105780607477,0.015011041666666667,0.13996308704771468,0.5072344539672429,1.0507729166666668,0.05,0.0,0.9006625,0.0,0.21867930135031152,0,0.01458333333333334,1,0,0,Off,0,0,Off,0,0,Off,0.040324463054908555,0.030243347291181406,On,0,0,Off,0.006534180829678363,0.0,On,0.13342890621803633,0,On,0.2156620521668275,0,On,0.2512479387455069,0.1884359540591301,On,On,17415.9303113141,20.000000000000057,0.8,4751.49537424146,26.39581596111111,1.0507729166666668,1,21116.65276888889,21116.65276888889,Off,0.0,23.888888888888914,0,0.0,0.05,0.0,0.0,0,0,0,11489.55984,Off,0.0,0,84.02782665502774,51.666666666666686,46.10666666666668,0.0,51.08232611065568,0.0,0.0,0.0,131.29347914848083,51.09505096928077,51.101413398593316,51.08232611065568,12.43753247303448,19.777874657245963,0.0,9.260143028680442,-0.1746250656588501,-0.6,9.236100170605994,14648.333122980217,458.09098400396397,-292.20012024715663,-3466.2979754786015,-0.0,-0.0,761.6094137472166,0.0,2.0,0.129331622074098,0.0,0,1.2104160238771084,131.99922844444444,-62.908626602497066,0.20091239618236834,9.205814331527542,0.0028194579539146843,-5.551472515913256,1.2193340869753246,0.3369892701098308,-4370.202590156328,76.79819991883198,0.11397901566681651,-63.76745428599778,-228.43266596115888
2025-01-01 21:47:00,1.7479704576816244,0.23326263468364486,0.9006625,0.029132840961360405,0.0038877105780607477,0.015011041666666667,0.13996308704771468,0.5072344539672429,1.0507729166666668,0.05,0.0,0.9006625,0.0,0.21867930135031152,0,0.01458333333333334,1,0,0,Off,0,0,Off,0,0,Off,0.040324463054908555,0.030243347291181406,On,0,0,Off,0.006534180829678363,0.0,On,0.13342890621803633,0,On,0.2156620521668275,0,On,0.2512479387455069,0.1884359540591301,On,On,17415.9303113141,20.000000000000057,0.8,4751.49537424146,26.39581596111111,1.0507729166666668,1,21116.65276888889,21116.65276888889,Off,0.0,23.888888888888914,0,0.0,0.05,0.0,0.0,0,0,0,11489.55984,Off,0.0,0,83.47088627733714,51.666666666666686,46.10666666666668,0.0,51.063822204310796,0.0,0.0,0.0,130.42325980833928,51.07759481575313,51.084481121474305,51.063822204310796,12.43753247303448,19.96795598300415,0.0,9.341857717085322,-0.18465897701215886,-0.6,9.236100170605994,14585.78411776691,412.2424178709043,-290.57737114543716,-3518.671776277436,-0.0,-0.0,761.6094137472166,0.0,2.0,0.13007245609386617,0.0,0,1.2173494973322463,131.99922844444444,-73.08383101696913,0.19855698801323313,9.292504780288095,0.0028194386609774573,-6.192339404012154,1.2185433865868107,0.3375898266877955,-4414.272877300269,75.01992092971369,0.11378091924300461,-62.15506840562048,-228.4223027398167
2025-01-01 21:48:00,1.7479704576816244,0.23326263468364486,0.9006625,0.029132840961360405,0.0038877105780607477,0.015011041666666667,0.13996308704771468,0.5072344539672429,1.0507729166666668,0.05,0.0,0.9006625,0.0,0.21867930135031152,0,0.01458333333333334,1,0,0,Off,0,0,Off,0,0,Off,0.040324463054908555,0.030243347291181406,On,0,0,Off,0.006534180829678363,0.0,On,0.13342890621803633,0,On,0.2156620521668275,0,On,0.2512479387455069,0.1884359540591301,On,On,17415.9303113141,20.000000000000057,0.8,4751.49537424146,26.39581596111111,1.0507729166666668,1,21116.65276888889,21116.65276888889,Off,0.0,23.888888888888914,0,0.0,0.05,0.0,0.0,0,0,0,11489.55984,Off,0.0,0,82.92975799865474,51.666666666666686,46.10666666666668,0.0,51.045441654635134,0.0,0.0,0.0,129.57774687289802,51.06025436243013,51.06766071632763,51.045441654635134,12.43753247303448,20.15226014260634,0.0,9.418925354651543,-0.19461893899263225,-0.6,9.236100170605994,14524.980621683295,368.89999324370456,-288.9765532848907,-3569.7512733873973,-0.0,-0.0,761.6094137472166,0.0,2.0,0.1307887147063002,0.0,0,1.2240529692892703,131.99922844444444,-82.80782999062461,0.1963025848897341,9.377231921656334,0.0028194171268823313,-6.810650886606789,1.2177776987480962,0.33815525276371655,-4455.942328325343,73.34694732758734,0.11358394109872318,-60.559554412447994,-228.41699887244272
2025-01-01 21:49:00,0.6971975410149577,0.23326263468364486,0.0,0.01161995901691596,0.0038877105780607477,0.0,0.13996308704771468,0.5072344539672429,0.0,0.05,0.0,0.0,0.0,0.21867930135031152,0,0.01458333333333334,1,0,0,Off,0,0,Off,0,0,Off,0.040324463054908555,0.030243347291181406,On,0,0,Off,0.006534180829678363,0.0,On,0.13342890621803633,0,On,0.2156620521668275,0,On,0.2512479387455069,0.1884359540591301,On,Off,0.0,20.000000000000057,0.0,0.0,0.0,0.0,0,0.0,21116.65276888889,Off,0.0,23.888888888888914,0,0.0,0.05,0.0,0.0,0,0,0,11489.55984,Off,0.0,0,82.40371161702738,51.666666666666686,46.10666666666668,0.0,51.02718097329979,0.0,0.0,0.0,128.7557994016053,51.04302632446626,51.0509490000495,51.02718097329979,12.43753247303448,20.33105598802821,0.0,9.491664644049973,-0.2045065389319386,-0.6,9.236100170605994,-2950.0380960505217,-4423.586760236214,-287.3959509895888,-3619.583211850057,-0.0,-0.0,761.6094137472166,0.0,2.0,0.131481649373168,0.0,0,1.2305381521921506,131.99922844444444,-92.06429794768147,0.19414284063154455,9.458020870589788,0.0028193934276938763,-7.407524626108932,1.217035816159891,0.33868805690575104,-4495.365155010904,71.7783947746901,0.11338805558785771,-58.980560823083245,-228.41539016650557
2025-01-01 21:50:00,0.6971975410149577,0.23326263468364486,0.0,0.01161995901691596,0.0038877105780607477,0.0,0.13996308704771468,0.5072344539672429,0.0,0.05,0.0,0.0,0.0,0.21867930135031152,0,0.01458333333333334,1,0,0,Off,0,0,Off,0,0,Off,0.040324463054908555,0.030243347291181406,On,0,0,Off,0.006534180829678363,0.0,On,0.13342890621803633,0,On,0.2156620521668275,0,On,0.2512479387455069,0.1884359540591301,On,Off,0.0,20.000000000000057,0.0,0.0,0.0,0.0,0,0.0,21116.65276888889,Off,0.0,23.888888888888914,0,0.0,0.05,0.0,0.0,0,0,0,11489.55984,Off,0.0,0,82.74057188597247,51.666666666666686,46.10666666666668,0.0,51.00903683297233,0.0,0.0,0.0,129.282143571832,51.02590756871003,51.034342936578895,51.00903683297233,12.43753247303448,20.1883599235286,0.0,9.3888662838728,-0.21432302638177844,-0.6,9.236100170605994,-2901.9739807572137,-4365.617525781163,-285.8253555122789,-3579.7904766401125,-0.0,-0.0,761.6094137472166,0.0,2.0,0.13092877318040264,0.0,0,1.2253637780351485,131.99922844444444,-83.79291786431759,0.19586126191461994,9.393076732640399,0.0028193676358366105,-6.912524508455244,1.217627868901197,0.33793482938013325,-4439.677630199098,74.0601044179351,0.11319324356376914,-57.41779334147602,-228.4075621708029
2025-01-01 21:51:00,0.6971975410149577,0.23326263468364486,0.0,0.01161995901691596,0.0038877105780607477,0.0,0.13996308704771468,0.5072344539672429,0.0,0.05,0.0,0.0,0.0,0.21867930135031152,0,0.01458333333333334,1,0,0,Off,0,0,Off,0,0,Off,0.040324463054908555,0.030243347291181406,On,0,0,Off,0.006534180829678363,0.0,On,0.13342890621803633,0,On,0.2156620521668275,0,On,0.2512479387455069,0.1884359540591301,On,Off,0.0,20.000000000000057,0.0,0.0,0.0,0.0,0,0.0,21116.65276888889,Off,0.0,23.888888888888914,0,0.0,0.05,0.0,0.0,0,0,0,11489.55984,Off,0.0,0,83.06429961812499,51.666666666666686,46.10666666666668,0.0,50.99081912481653,0.0,0.0,0.0,129.7879681533203,51.00871883274837,51.017668686714295,50.99081912481653,12.43753247303448,20.05048820748674,0.0,9.29209277092015,-0.22406903161111455,-0.6,9.236100170605994,-2856.646623631186,-4311.513596598947,-284.2664321792377,-3541.5092426317437,-0.0,-0.0,761.6094137472166,0.0,2.0,0.13039344924919197,0.0,0,1.2203536756803581,131.99922844444444,-76.74679474665862,0.1975379168073579,9.330599274363502,0.0028193435791962025,-6.433709809069763,1.2182004519471221,0.3372242099160015,-4387.419982044494,75.90638544554727,0.11299949803839553,-55.87105860038481,-228.3953735788529
2025-01-01 21:52:00,0.6971975410149577,0.23326263468364486,0.0,0.01161995901691596,0.0038877105780607477,0.0,0.13996308704771468,0.5072344539672429,0.0,0.05,0.0,0.0,0.0,0.21867930135031152,0,0.01458333333333334,1,0,0,Off,0,0,Off,0,0,Off,0.040324463054908555,0.030243347291181406,On,0,0,Off,0.006534180829678363,0.0,On,0.13342890621803633,0,On,0.2156620521668275,0,On,0.2512479387455069,0.1884359540591301,On,Off,0.0,20.000000000000057,0.0,0.0,0.0,0.0,0,0.0,21116.65276888889,Off,0.0,23.888888888888914,0,0.0,0.05,0.0,0.0,0,0,0,11489.55984,Off,0.0,0,83.37590110716644,51.666666666666686,46.10666666666668,0.0,50.97253074427666,0.0,0.0,0.0,130.27484547994757,50.99146284476772,51.00092889501325,50.97253074427666,12.43753247303448,19.91706853204806,0.0,9.200819623431398,-0.2337450639499375,-0.6,9.236100170605994,-2812.7158806697685,-4260.5952852704095,-282.7237696860362,-3504.6199920498916,-0.0,-0.0,761.6094137472166,0.0,2.0,0.1298743367133377,0.0,0,1.2154952959467964,131.99922844444444,-69.70530236709345,0.19917588169046138,9.269685074370457,0.002819321199428001,-5.96986929636328,1.218755057871093,0.33655260534530446,-4338.280569415617,77.6852841452069,0.11280681435566092,-54.340183896259035,-228.38358578977716
2025-01-01 21:53:00,0.6971975410149577,0.23326263468364486,0.0,0.01161995901691596,0.0038877105780607477,0.0,0.13996308704771468,0.5072344539672429,0.0,0.05,0.0,0.0,0.0,0.21867930135031152,0,0.01458333333333334,1,0,0,Off,0,0,Off,0,0,Off,0.040324463054908555,0.030243347291181406,On,0,0,Off,0.006534180829678363,0.0,On,0.13342890621803633,0,On,0.2156620521668275,0,On,0.2512479387455069,0.1884359540591301,On,Off,0.0,20.000000000000057,0.0,0.0,0.0,0.0,0,0.0,21116.65276888889,Off,0.0,23.888888888888914,0,0.0,0.05,0.0,0.0,0,0,0,11489.55984,Off,0.0,0,83.67612656566733,51.666666666666686,46.10666666666668,0.0,50.95417436499836,0.0,0.0,0.0,130.7439477588552,50.974142123904535,50.98412600335763,50.95417436499836,12.43753247303448,19.787823820165624,0.0,9.114620231114234,-0.24335165835056088,-0.6,9.236100170605994,-2770.318354210141,-4212.646169988659,-281.1951306813537,-3469.0315620291613,-0.0,-0.0,761.6094137472166,0.0,2.0,0.12937045237742673,0.0,0,1.2107794370981546,131.99922844444444,-62.89620592819634,0.20077723897319094,9.210202510042752,0.0028193004425867505,-5.520107996383581,1.219292790137566,0.33591710153654675,-4292.005050344882,79.35888035622303,0.1126151872859643,-52.82499380340951,-228.3701368779442
2025-01-01 21:54:00,0.6971975410149577,0.23326263468364486,0.0,0.01161995901691596,0.0038877105780607477,0.0,0.13996308704771468,0.5072344539672429,0.0,0.05,0.0,0.0,0.0,0.21867930135031152,0,0.01458333333333334,1,0,0,Off,0,0,Off,0,0,Off,0.040324463054908555,0.030243347291181406,On,0,0,Off,0.006534180829678363,0.0,On,0.13342890621803633,0,On,0.2156620521668275,0,On,0.2512479387455069,0.1884359540591301,On,Off,0.0,20.000000000000057,0.0,0.0,0.0,0.0,0,0.0,21116.65276888889,Off,0.0,23.888888888888914,0,0.0,0.05,0.0,0.0,0,0,0,11489.55984,Off,0.0,0,83.96560957138361,51.666666666666686,46.10666666666668,0.0,50.93575249525314,0.0,0.0,0.0,131.1962649552869,50.95675903344422,50.967262302539766,50.93575249525314,12.43753247303448,19.66252030793713,0.0,9.033127406011642,-0.2528891369419307,-0.6,9.236100170605994,-2729.4249287985385,-4167.4452521819285,-279.6780095523544,-3434.666293818102,-0.0,-0.0,761.6094137472166,0.0,2.0,0.1288809719521794,0.0,0,1.206198384602315,131.99922844444444,-56.368048727653246,0.2023436699926761,9.15274351151648,0.00281928125800035,-5.083672491374211,1.2198145772648596,0.3353151892455343,-4248.374694884173,80.92944270224427,0.11242461579025737,-51.32534766330829,-228.3526618890461
2025-01-01 21:55:00,0.6971975410149577,0.23326263468364486,0.0,0.01161995901691596,0.0038877105780607477,0.0,0.13996308704771468,0.5072344539672429,0.0,0.05,0.0,0.0,0.0,0.21867930135031152,0,0.01458333333333334,1,0,0,Off,0,0,Off,0,0,Off,0.040324463054908555,0.030243347291181406,On,0,0,Off,0.006534180829678363,0.0,On,0.13342890621803633,0,On,0.2156620521668275,0,On,0.2512479387455069,0.1884359540591301,On,Off,0.0,20.000000000000057,0.0,0.0,0.0,0.0,0,0.0,21116.65276888889,Off,0.0,23.888888888888914,0,0.0,0.05,0.0,0.0,0,0,0,11489.55984,Off,0.0,0,84.244899545135,51.666666666666686,46.10666666666668,0.0,50.91726750363979,0.0,0.0,0.0,131.63265553927343,50.93931580505112,50.95033995575679,50.91726750363979,12.43753247303448,19.540955464542456,0.0,8.956019416709536,-0.2623576246073369,-0.6,9.236100170605994,-2689.9939694369964,-4124.799735842268,-278.17469385611093,-3401.4564243431337,-0.0,-0.0,761.6094137472166,0.0,2.0,0.12840518476518684,0.0,0,1.2017454872686586,131.99922844444444,-50.1469588410792,0.20387657994188288,9.097203388762015,0.002819263597759713,-4.659910921789782,1.2203212221458164,0.33474466716499873,-4207.198208437808,82.3984725955398,0.11223510274386335,-49.841136624075034,-228.33355723203587
2025-01-01 21:56:00,0.6971975410149577,0.23326263468364486,0.0,0.01161995901691596,0.0038877105780607477,0.0,0.13996308704771468,0.5072344539672429,0.0,0.05,0.0,0.0,0.0,0.21867930135031152,0,0.01458333333333334,1,0,0,Off,0,0,Off,0,0,Off,0.040324463054908555,0.030243347291181406,On,0,0,Off,0.006534180829678363,0.0,On,0.13342890621803633,0,On,0.2156620521668275,0,On,0.2512479387455069,0.1884359540591301,On,Off,0.0,20.000000000000057,0.0,0.0,0.0,0.0,0,0.0,21116.65276888889,Off,0.0,23.888888888888914,0,0.0,0.05,0.0,0.0,0,0,0,11489.55984,Off,0.0,0,84.51448635777601,51.666666666666686,46.10666666666668,0.0,50.898721637629805,0.0,0.0,0.0,132.053884934025,50.92181455625151,50.93336101556237,50.898721637629805,12.43753247303448,19.422948838753797,-0.07705116124625988,8.883009363725051,-0.2717572563327838,-0.6,9.236100170605994,-2651.9718159654994,-4084.536323299894,-276.6826234285657,-3369.3413708038647,-0.0,-0.0,761.6094137472166,0.0,2.0,0.1279424593068752,0.0,0,1.1974148347923803,131.99922844444444,-44.23985890885152,0.20537719454491296,9.0427950652627,0.002819247416351172,-4.248242565707239,1.2208134394812953,0.3342035680419691,-4168.305524809162,83.76920150926827,0.11204665080889854,-48.37225081033781,-228.31037261822792
2025-01-01 21:57:00,0.6971975410149577,0.23326263468364486,0.0,0.01161995901691596,0.0038877105780607477,0.0,0.13996308704771468,0.5072344539672429,0.0,0.05,0.0,0.0,0.0,0.21867930135031152,0,0.01458333333333334,1,0,0,Off,0,0,Off,0,0,Off,0.040324463054908555,0.030243347291181406,On,0,0,Off,0.006534180829678363,0.0,On,0.13342890621803633,0,On,0.2156620521668275,0,On,0.2512479387455069,0.1884359540591301,On,Off,0.0,20.000000000000057,0.0,0.0,0.0,0.0,0,0.0,21116.65276888889,Off,0.0,23.888888888888914,0,0.0,0.05,0.0,0.0,0,0,0,11489.55984,Off,0.0,0,84.77481551458082,51.666666666666686,46.10666666666668,0.0,50.88011703669105,0.0,0.0,0.0,132.46064924153254,50.90425730280466,50.91632743586147,50.88011703669105,12.43753247303448,19.30833641226858,-0.19166358773147607,8.813837924129707,-0.2810880034881817,-0.6,9.236100170605994,-2615.3000978972605,-4046.4978617453785,-275.19220125107745,-3338.2660356547703,-0.0,-0.0,761.6094137472166,0.0,2.0,0.12749222208912683,0.0,0,1.1932010598920992,131.99922844444444,-38.6434759897065,0.20684661825938186,8.98944458922164,0.0028192326703971138,-3.8481391389170003,1.2212918788051015,0.33369010858005144,-4131.543526946395,85.04566520101665,0.1118592659238471,-46.91860637096874,-228.2735948801087
2025-01-01 21:58:00,1.7479704576816244,0.23326263468364486,0.9006625,0.029132840961360405,0.0038877105780607477,0.015011041666666667,0.13996308704771468,0.5072344539672429,1.0507729166666668,0.05,0.0,0.9006625,0.0,0.21867930135031152,0,0.01458333333333334,1,0,0,Off,0,0,Off,0,0,Off,0.040324463054908555,0.030243347291181406,On,0,0,Off,0.006534180829678363,0.0,On,0.13342890621803633,0,On,0.2156620521668275,0,On,0.2512479387455069,0.1884359540591301,On,On,17415.9303113141,20.000000000000057,0.8,4751.49537424146,26.39581596111111,1.0507729166666668,1,21116.65276888889,21116.65276888889,Off,0.0,23.888888888888914,0,0.0,0.05,0.0,0.0,0,0,0,11489.55984,Off,0.0,0,85.02629794042723,51.666666666666686,46.10666666666668,0.0,50.8614557420657,0.0,0.0,0.0,132.85359053191755,50.886645967919435,50.8992410808463,50.8614557420657,12.43753247303448,19.19696696203653,-0.30303303796352665,8.748268247031783,-0.2903494273783638,-0.6,9.236100170605994,14836.011208205204,740.954696621849,-273.71603858470183,-3308.1796977064114,-0.0,-0.0,761.6094137472166,0.0,2.0,0.12705394412291582,0.0,0,1.1890992117539065,131.99922844444444,-33.3488191497011,0.20828587052203423,8.938458347119468,0.0028192193184633425,-3.459112806551156,1.2217571392598683,0.333202654489561,-4096.773002759507,86.2323251398962,0.11167296229236434,-45.480183308726694,-228.23585527597513
2025-01-01 21:59:00,1.7479704576816244,0.23326263468364486,0.9006625,0.029132840961360405,0.0038877105780607477,0.015011041666666667,0.13996308704771468,0.5072344539672429,1.0507729166666668,0.05,0.0,0.9006625,0.0,0.21867930135031152,0,0.01458333333333334,1,0,0,Off,0,0,Off,0,0,Off,0.040324463054908555,0.030243347291181406,On,0,0,Off,0.006534180829678363,0.0,On,0.13342890621803633,0,On,0.2156620521668275,0,On,0.2512479387455069,0.1884359540591301,On,On,17415.9303113141,20.000000000000057,0.8,4751.49537424146,26.39581596111111,1.0507729166666668,1,21116.65276888889,21116.65276888889,Off,0.0,23.888888888888914,0,0.0,0.05,0.0,0.0,0,0,0,11489.55984,Off,0.0,0,84.42082895797155,51.666666666666686,46.10666666666668,0.0,50.84273970439216,0.0,0.0,0.0,131.90754524683055,50.86898238943813,50.88210373196112,50.84273970439216,12.43753247303448,19.404927112340843,-0.09507288765921373,8.857575695870896,-0.2995415479892347,-0.6,9.236100170605994,14767.729456821715,680.310716620736,-272.2530993281845,-3364.4474869225437,-0.0,-0.0,761.6094137472166,0.0,2.0,0.12787171748661622,0.0,0,1.1967527613456352,131.99922844444444,-45.36278131705788,0.2056047252216149,9.034309499784001,0.002819207320909386,-4.169876190817925,1.2208886725584391,0.3340148657295928,-4154.778775424613,83.59411780388903,0.11148774493195386,-44.05689020447964,-228.19620912370485
2025-01-01 22:00:00,1.745312487427235,0.23194770654055002,0.9006625,0.029088541457120583,0.003865795109009167,0.015011041666666667,0.13905835431745153,0.5054812164431165,1.0507729166666668,0.05,0.0,0.9006625,0.0,0.2173643732072167,0,0.01458333333333334,1,0,0,Off,0,0,Off,0,0,Off,0.0385712255307821,0.028928419148086568,On,0,0,Off,0.005629448099415205,0.0,On,0.13342890621803633,0,On,0.2156620521668275,0,On,0.2512479387455069,0.1884359540591301,On,On,17415.9303113141,20.000000000000057,0.8,4751.49537424146,26.39581596111111,1.0507729166666668,1,21116.65276888889,21116.65276888889,Off,0.0,23.888888888888914,0,0.0,0.05,0.0,0.0,0,0,0,11489.55984,Off,0.0,0,83.83404710133182,51.666666666666686,46.10666666666668,0.0,50.8241577175329,0.0,0.0,0.0,130.99069859583096,50.851444592616716,50.86508803015863,50.8241577175329,12.43753247303448,19.606048686978617,0.0,8.96032855267036,-0.3086643215508869,-0.6,9.236100170605994,14699.68199885807,623.4036204210424,-270.8000340553531,-3419.2230662681386,-0.0,-0.0,758.9514434928271,0.0,2.0,0.12866006222998028,0.0,0,1.2041308881672446,131.99922844444444,-55.9766896807173,0.2030483977975302,9.126825734667005,0.0028191928478625322,-4.853802186043518,1.2200499403304566,0.33477657611507533,-4209.496602648807,81.40484882839006,0.11130362014965724,-42.64864583648526,-228.15138821886782
2025-01-01 22:01:00,1.745312487427235,0.23194770654055002,0.9006625,0.029088541457120583,0.003865795109009167,0.015011041666666667,0.13905835431745153,0.5054812164431165,1.0507729166666668,0.05,0.0,0.9006625,0.0,0.2173643732072167,0,0.01458333333333334,1,0,0,Off,0,0,Off,0,0,Off,0.0385712255307821,0.028928419148086568,On,0,0,Off,0.005629448099415205,0.0,On,0.13342890621803633,0,On,0.2156620521668275,0,On,0.2512479387455069,0.1884359540591301,On,On,17415.9303113141,20.000000000000057,0.8,4751.49537424146,26.39581596111111,1.0507729166666668,1,21116.65276888889,21116.65276888889,Off,0.0,23.888888888888914,0,0.0,0.05,0.0,0.0,0,0,0,11489.55984,Off,0.0,0,83.2648622115169,51.666666666666686,46.10666666666668,0.0,50.80570565938555,0.0,0.0,0.0,130.10134720549516,50.83402869534435,50.84819021332376,50.80570565938555,12.43753247303448,19.800734093900303,0.0,9.057081902498597,-0.3177175624576609,-0.6,9.236100170605994,14635.889846524527,569.6061757032458,-269.3562379196516,-3472.5800060414144,-0.0,-0.0,758.9514434928271,0.0,2.0,0.12942083061812185,0.0,0,1.2112509275875973,131.99922844444444,-66.4119022409851,0.20060766705002475,9.216258828245461,0.002819175989424382,-5.51253429742969,1.2192391477362419,0.3354922310662915,-4261.187700799708,79.29850226149436,0.11112059713196976,-41.25539103277915,-228.1008468868725
2025-01-01 22:02:00,1.745312487427235,0.23194770654055002,0.9006625,0.029088541457120583,0.003865795109009167,0.015011041666666667,0.13905835431745153,0.5054812164431165,1.0507729166666668,0.05,0.0,0.9006625,0.0,0.2173643732072167,0,0.01458333333333334,1,0,0,Off,0,0,Off,0,0,Off,0.0385712255307821,0.028928419148086568,On,0,0,Off,0.005629448099415205,0.0,On,0.13342890621803633,0,On,0.2156620521668275,0,On,0.2512479387455069,0.1884359540591301,On,On,17415.9303113141,20.000000000000057,0.8,4751.49537424146,26.39581596111111,1.0507729166666668,1,21116.65276888889,21116.65276888889,Off,0.0,23.888888888888914,0,0.0,0.05,0.0,0.0,0,0,0,11489.55984,Off,0.0,0,82.71219135408539,51.666666666666686,46.10666666666668,0.0,50.78737964816817,0.0,0.0,0.0,129.23779899075842,50.816731041982585,50.8314067388898,50.78737964816817,12.43753247303448,19.989383275406496,0.0,9.14829003665063,-0.32670105839184554,-0.6,9.236100170605994,14573.837816691474,518.7432814644435,-267.92230158998393,-3524.595274014104,-0.0,-0.0,758.9514434928271,0.0,2.0,0.13015583240185574,0.0,0,1.2181298170837798,131.99922844444444,-76.44866410135035,0.19827384341787416,9.302145560825267,0.00281915683031672,-6.147678375795531,1.2184545232499908,0.33616547468947705,-4310.065124812893,77.3130320358768,0.11093868563471461,-39.87707070968247,-228.0452308803015
2025-01-01 22:03:00,1.745312487427235,0.23194770654055002,0.9006625,0.029088541457120583,0.003865795109009167,0.015011041666666667,0.13905835431745153,0.5054812164431165,1.0507729166666668,0.05,0.0,0.9006625,0.0,0.2173643732072167,0,0.01458333333333334,1,0,0,Off,0,0,Off,0,0,Off,0.0385712255307821,0.028928419148086568,On,0,0,Off,0.005629448099415205,0.0,On,0.13342890621803633,0,On,0.2156620521668275,0,On,0.2512479387455069,0.1884359540591301,On,On,17415.9303113141,20.000000000000057,0.8,4751.49537424146,26.39581596111111,1.0507729166666668,1,21116.65276888889,21116.65276888889,Off,0.0,23.888888888888914,0,0.0,0.05,0.0,0.0,0,0,0,11489.55984,Off,0.0,0,82.17521356422871,51.666666666666686,46.10666666666668,0.0,50.769176040818934,0.0,0.0,0.0,128.39877119410735,50.799548201864496,50.81473428238728,50.769176040818934,12.43753247303448,20.17229876428663,0.0,9.234345766917532,-0.33561462259855923,-0.6,9.236100170605994,14513.514421150023,470.6279232734478,-266.4985111929297,-3575.3225501750135,-0.0,-0.0,758.9514434928271,0.0,2.0,0.13086646923507567,0.0,0,1.2247806747494623,131.99922844444444,-86.04478348188997,0.19603987589182695,9.386096192057042,0.0028191354499728333,-6.760482546794245,1.217694711951206,0.33679945247772924,-4356.313568486258,75.44611751824621,0.11075789492563336,-38.51362583509142,-227.98488535783827
2025-01-01 22:04:00,0.694539570760568,0.23194770654055002,0.0,0.011575659512676134,0.003865795109009167,0.0,0.13905835431745153,0.5054812164431165,0.0,0.05,0.0,0.0,0.0,0.2173643732072167,0,0.01458333333333334,1,0,0,Off,0,0,Off,0,0,Off,0.0385712255307821,0.028928419148086568,On,0,0,Off,0.005629448099415205,0.0,On,0.13342890621803633,0,On,0.2156620521668275,0,On,0.2512479387455069,0.1884359540591301,On,Off,0.0,20.000000000000057,0.0,0.0,0.0,0.0,0,0.0,21116.65276888889,Off,0.0,23.888888888888914,0,0.0,0.05,0.0,0.0,0,0,0,11489.55984,Off,0.0,0,81.65320170376579,51.666666666666686,46.10666666666668,0.0,50.751091375273774,0.0,0.0,0.0,127.58312766213403,50.782476914872476,50.798169684671834,50.751091375273774,12.43753247303448,20.349748295434196,0.0,9.315594978750742,-0.3444580868919164,-0.6,9.236100170605994,-2961.0383718044027,-4326.400310814147,-265.08483291094933,-3624.8087532444383,-0.0,-0.0,758.9514434928271,0.0,2.0,0.1315539843780327,0.0,0,1.2312151362705324,131.99922844444444,-95.18106205279156,0.193899491339193,9.466133058680695,0.0028191119237531573,-7.3520560660456145,1.2169585127330869,0.33739692703971325,-4400.096325682693,73.6960148685456,0.11057823392163596,-37.1649945624284,-227.91983834852093
2025-01-01 22:05:00,0.694539570760568,0.23194770654055002,0.0,0.011575659512676134,0.003865795109009167,0.0,0.13905835431745153,0.5054812164431165,0.0,0.05,0.0,0.0,0.0,0.2173643732072167,0,0.01458333333333334,1,0,0,Off,0,0,Off,0,0,Off,0.0385712255307821,0.028928419148086568,On,0,0,Off,0.005629448099415205,0.0,On,0.13342890621803633,0,On,0.2156620521668275,0,On,0.2512479387455069,0.1884359540591301,On,Off,0.0,20.000000000000057,0.0,0.0,0.0,0.0,0,0.0,21116.65276888889,Off,0.0,23.888888888888914,0,0.0,0.05,0.0,0.0,0,0,0,11489.55984,Off,0.0,0,81.99398407741359,51.666666666666686,46.10666666666668,0.0,50.73312234978918,0.0,0.0,0.0,128.11560012095873,50.765514071946455,50.781709933025105,50.73312234978918,12.43753247303448,20.205746973729422,0.0,9.220854212875139,-0.3532312934168169,-0.6,9.236100170605994,-2912.4739216071644,-4273.248735025098,-263.6812354079768,-3584.629740441746,-0.0,-0.0,758.9514434928271,0.0,2.0,0.13099620334488904,0.0,0,1.2259948576603639,131.99922844444444,-86.79562465824546,0.19563131432088807,9.401220481903891,0.0028190863234027774,-6.853339341546311,1.2175559073763944,0.33670013828428186,-4349.054412248781,75.80567722368313,0.11039971135279109,-35.83111353340515,-227.85012187457167
2025-01-01 22:06:00,0.694539570760568,0.23194770654055002,0.0,0.011575659512676134,0.003865795109009167,0.0,0.13905835431745153,0.5054812164431165,0.0,0.05,0.0,0.0,0.0,0.2173643732072167,0,0.01458333333333334,1,0,0,Off,0,0,Off,0,0,Off,0.0385712255307821,0.028928419148086568,On,0,0,Off,0.005629448099415205,0.0,On,0.13342890621803633,0,On,0.2156620521668275,0,On,0.2512479387455069,0.1884359540591301,On,Off,0.0,20.000000000000057,0.0,0.0,0.0,0.0,0,0.0,21116.65276888889,Off,0.0,23.888888888888914,0,0.0,0.05,0.0,0.0,0,0,0,11489.55984,Off,0.0,0,82.32152296299721,51.666666666666686,46.10666666666668,0.0,50.71507888033453,0.0,0.0,0.0,128.62737962968313,50.74848043402704,50.765181210873294,50.71507888033453,12.43753247303448,20.06661053487548,0.0,9.131692526978863,-0.3619340982568062,-0.6,9.236100170605994,-2866.6674593636467,-4223.668252521167,-262.2877698221648,-3545.9772974675275,-0.0,-0.0,758.9514434928271,0.0,2.0,0.13045610663389937,0.0,0,1.2209400868089577,131.99922844444444,-79.64160538894615,0.19732123878650093,9.337359033610523,0.002819062471326132,-6.370913651905022,1.2181336766012816,0.3360430622407677,-4301.159966832267,77.49171431109967,0.1102223356863126,-34.51191736468117,-227.77585245748367
2025-01-01 22:07:00,0.694539570760568,0.23194770654055002,0.0,0.011575659512676134,0.003865795109009167,0.0,0.13905835431745153,0.5054812164431165,0.0,0.05,0.0,0.0,0.0,0.2173643732072167,0,0.01458333333333334,1,0,0,Off,0,0,Off,0,0,Off,0.0385712255307821,0.028928419148086568,On,0,0,Off,0.005629448099415205,0.0,On,0.13342890621803633,0,On,0.2156620521668275,0,On,0.2512479387455069,0.1884359540591301,On,Off,0.0,20.000000000000057,0.0,0.0,0.0,0.0,0,0.0,21116.65276888889,Off,0.0,23.888888888888914,0,0.0,0.05,0.0,0.0,0,0,0,11489.55984,Off,0.0,0,82.63682897455587,51.666666666666686,46.10666666666668,0.0,50.696963886836016,0.0,0.0,0.0,129.12004527274354,50.731378752349954,50.74858618510694,50.696963886836016,12.43753247303448,19.931965083932614,0.0,9.047612324574793,-0.37056637767556144,-0.6,9.236100170605994,-2822.2773651564175,-4177.000292352536,-260.90451705130266,-3508.731132330622,-0.0,-0.0,758.9514434928271,0.0,2.0,0.1299323492686952,0.0,0,1.2160382360682043,131.99922844444444,-72.49767631862262,0.1989723324961533,9.275797824870082,0.0028190403087805893,-5.90356505908394,1.2186933184569158,0.33542225490219796,-4256.121332466733,79.12104011419679,0.11004611499603183,-33.20733774663034,-227.69717930467235
2025-01-01 22:08:00,0.694539570760568,0.23194770654055002,0.0,0.011575659512676134,0.003865795109009167,0.0,0.13905835431745153,0.5054812164431165,0.0,0.05,0.0,0.0,0.0,0.2173643732072167,0,0.01458333333333334,1,0,0,Off,0,0,Off,0,0,Off,0.0385712255307821,0.028928419148086568,On,0,0,Off,0.005629448099415205,0.0,On,0.13342890621803633,0,On,0.2156620521668275,0,On,0.2512479387455069,0.1884359540591301,On,Off,0.0,20.000000000000057,0.0,0.0,0.0,0.0,0,0.0,21116.65276888889,Off,0.0,23.888888888888914,0,0.0,0.05,0.0,0.0,0,0,0,11489.55984,Off,0.0,0,82.94065653174871,51.666666666666686,46.10666666666668,0.0,50.67878006646849,0.0,0.0,0.0,129.59477583085737,50.71421156820347,50.731927319070955,50.67878006646849,12.43753247303448,19.801531998090827,0.0,8.968212082445076,-0.37912803179706833,-0.6,9.236100170605994,-2779.439106227492,-4133.047275621823,-259.53155441010256,-3472.7993607161693,-0.0,-0.0,758.9514434928271,0.0,2.0,0.12942394385606912,0.0,0,1.2112800644145936,131.99922844444444,-65.59118900414995,0.20058667211472103,9.21639225327435,0.002819019781434923,-5.450395501673137,1.2192359418503058,0.3348349454135078,-4213.7023335756585,80.65505795383523,0.10987105688306888,-31.917302943895784,-227.61425146620675
2025-01-01 22:09:00,0.694539570760568,0.23194770654055002,0.0,0.011575659512676134,0.003865795109009167,0.0,0.13905835431745153,0.5054812164431165,0.0,0.05,0.0,0.0,0.0,0.2173643732072167,0,0.01458333333333334,1,0,0,Off,0,0,Off,0,0,Off,0.0385712255307821,0.028928419148086568,On,0,0,Off,0.005629448099415205,0.0,On,0.13342890621803633,0,On,0.2156620521668275,0,On,0.2512479387455069,0.1884359540591301,On,Off,0.0,20.000000000000057,0.0,0.0,0.0,0.0,0,0.0,21116.65276888889,Off,0.0,23.888888888888914,0,0.0,0.05,0.0,0.0,0,0,0,11489.55984,Off,0.0,0,83.23364326228015,51.666666666666686,46.10666666666668,0.0,50.66052995010494,0.0,0.0,0.0,130.05256759731273,50.69698126615073,50.71520692417363,50.66052995010494,12.43753247303448,19.67507602536769,0.0,8.893148056017049,-0.3876189864587107,-0.6,9.236100170605994,-2738.1225446584085,-4091.6055188873097,-258.16895507593233,-3438.1036476933004,-0.0,-0.0,758.9514434928271,0.0,2.0,0.12893006196161955,0.0,0,1.2066578185217673,131.99922844444444,-58.97034045793504,0.20216593479995454,9.158318966672518,0.0028190008382441584,-5.010648395044251,1.2197624806011642,0.33427876126312034,-4173.700878361454,82.09535947414409,0.10969716843325292,-30.641737579198924,-227.52721749673339
2025-01-01 22:10:00,0.694539570760568,0.23194770654055002,0.0,0.011575659512676134,0.003865795109009167,0.0,0.13905835431745153,0.5054812164431165,0.0,0.05,0.0,0.0,0.0,0.2173643732072167,0,0.01458333333333334,1,0,0,Off,0,0,Off,0,0,Off,0.0385712255307821,0.028928419148086568,On,0,0,Off,0.005629448099415205,0.0,On,0.13342890621803633,0,On,0.2156620521668275,0,On,0.2512479387455069,0.1884359540591301,On,Off,0.0,20.000000000000057,0.0,0.0,0.0,0.0,0,0.0,21116.65276888889,Off,0.0,23.888888888888914,0,0.0,0.05,0.0,0.0,0,0,0,11489.55984,Off,0.0,0,83.51634245487834,51.666666666666686,46.10666666666668,0.0,50.642215928052565,0.0,0.0,0.0,130.4942850857474,50.67969009829254,50.698427183412534,50.642215928052565,12.43753247303448,19.55239321385335,0.0,8.822120434873845,-0.39603919457758796,-0.6,9.236100170605994,-2698.2851222196714,-4052.498138558029,-256.8167923345694,-3404.5755971088456,-0.0,-0.0,758.9514434928271,0.0,2.0,0.12844998888494405,0.0,0,1.2021648095010726,131.99922844444444,-52.660968603653046,0.2037115226331146,9.102182141264848,0.002818983430939503,-4.583668729704508,1.2202737427079704,0.3337516312711654,-4135.940959716148,83.44282115811946,0.1095244561842024,-29.38056249402569,-227.43622984054375
2025-01-01 22:11:00,0.694539570760568,0.23194770654055002,0.0,0.011575659512676134,0.003865795109009167,0.0,0.13905835431745153,0.5054812164431165,0.0,0.05,0.0,0.0,0.0,0.2173643732072167,0,0.01458333333333334,1,0,0,Off,0,0,Off,0,0,Off,0.0385712255307821,0.028928419148086568,On,0,0,Off,0.005629448099415205,0.0,On,0.13342890621803633,0,On,0.2156620521668275,0,On,0.2512479387455069,0.1884359540591301,On,Off,0.0,20.000000000000057,0.0,0.0,0.0,0.0,0,0.0,21116.65276888889,Off,0.0,23.888888888888914,0,0.0,0.05,0.0,0.0,0,0,0,11489.55984,Off,0.0,0,83.78924765836528,51.666666666666686,46.10666666666668,0.0,50.62384026863838,0.0,0.0,0.0,130.92069946619574,50.66234020178808,50.681590168362945,50.62384026863838,12.43753247303448,19.433301761232624,-0.06669823876743308,8.754862829752852,-0.40438863727693714,-0.6,9.236100170605994,-2659.8723344610544,-4015.566503550086,-255.47513898047652,-3372.154033407512,-0.0,-0.0,758.9514434928271,0.0,2.0,0.12798308923865795,0.0,0,1.1977950907552313,131.99922844444444,-46.66974454636926,0.20522465896913056,9.047193666580942,0.0028189675136605133,-4.168872709693867,1.2207704477568317,0.3332517117827338,-4100.2665959136375,84.70009236355166,0.10935292609710603,-28.133694647742658,-227.34144433273386
2025-01-01 22:12:00,0.694539570760568,0.23194770654055002,0.0,0.011575659512676134,0.003865795109009167,0.0,0.13905835431745153,0.5054812164431165,0.0,0.05,0.0,0.0,0.0,0.2173643732072167,0,0.01458333333333334,1,0,0,Off,0,0,Off,0,0,Off,0.0385712255307821,0.028928419148086568,On,0,0,Off,0.005629448099415205,0.0,On,0.13342890621803633,0,On,0.2156620521668275,0,On,0.2512479387455069,0.1884359540591301,On,Off,0.0,20.000000000000057,0.0,0.0,0.0,0.0,0,0.0,21116.65276888889,Off,0.0,23.888888888888914,0,0.0,0.05,0.0,0.0,0,0,0,11489.55984,Off,0.0,0,84.05280786712494,51.666666666666686,46.10666666666668,0.0,50.60540513137469,0.0,0.0,0.0,131.33251229238272,50.64493361126547,50.66469785121087,50.60540513137469,12.43753247303448,19.317636367730724,-0.1823636322693325,8.691135118481037,-0.41266732464240347,-0.6,9.236100170605994,-2622.8250320414213,-3980.6670058040118,-254.14406495897566,-3340.7833038551985,-0.0,-0.0,758.9514434928271,0.0,2.0,0.12752878582087487,0.0,0,1.1935432602456617,131.99922844444444,-40.99317167905001,0.20670644644018424,8.993969886605058,0.002818953042695303,-3.7657290828348184,1.221253249939099,0.3327773367435695,-4066.537673204156,85.87066740014394,0.10918258353594679,-26.90104707367091,-227.24301788530477
2025-01-01 22:13:00,0.694539570760568,0.23194770654055002,0.0,0.011575659512676134,0.003865795109009167,0.0,0.13905835431745153,0.5054812164431165,0.0,0.05,0.0,0.0,0.0,0.2173643732072167,0,0.01458333333333334,1,0,0,Off,0,0,Off,0,0,Off,0.0385712255307821,0.028928419148086568,On,0,0,Off,0.005629448099415205,0.0,On,0.13342890621803633,0,On,0.2156620521668275,0,On,0.2512479387455069,0.1884359540591301,On,Off,0.0,20.000000000000057,0.0,0.0,0.0,0.0,0,0.0,21116.65276888889,Off,0.0,23.888888888888914,0,0.0,0.05,0.0,0.0,0,0,0,11489.55984,Off,0.0,0,84.30743731247765,51.666666666666686,46.10666666666668,0.0,50.5869125767787,0.0,0.0,0.0,131.73037080074633,50.62747226807756,50.647752113727,50.5869125767787,12.43753247303448,19.20524459618374,-0.2947554038163176,8.630718434106756,-0.4208752960925946,-0.6,9.236100170605994,-2587.0827797414686,-3947.668500835408,-252.82363578872307,-3310.4121669574965,-0.0,-0.0,758.9514434928271,0.0,2.0,0.12708654609579356,0.0,0,1.189404333964147,131.99922844444444,-35.622056276799185,0.20815790307629342,8.941744702033873,0.0028189399762873915,-3.373747166128405,1.2217227528296841,0.3323269829783026,-4034.6270048921206,86.9585040567131,0.10901343325457817,-25.682528893206783,-227.1411068955163
2025-01-01 22:14:00,1.745312487427235,0.23194770654055002,0.9006625,0.029088541457120583,0.003865795109009167,0.015011041666666667,0.13905835431745153,0.5054812164431165,1.0507729166666668,0.05,0.0,0.9006625,0.0,0.2173643732072167,0,0.01458333333333334,1,0,0,Off,0,0,Off,0,0,Off,0.0385712255307821,0.028928419148086568,On,0,0,Off,0.005629448099415205,0.0,On,0.13342890621803633,0,On,0.2156620521668275,0,On,0.2512479387455069,0.1884359540591301,On,On,17415.9303113141,20.000000000000057,0.8,4751.49537424146,26.39581596111111,1.0507729166666668,1,21116.65276888889,21116.65276888889,Off,0.0,23.888888888888914,0,0.0,0.05,0.0,0.0,0,0,0,11489.55984,Off,0.0,0,84.55352189671765,51.666666666666686,46.10666666666668,0.0,50.568364574034696,0.0,0.0,0.0,132.11487796362132,50.609958027523774,50.630754754268324,50.568364574034696,12.43753247303448,19.095984481291136,-0.4040155187089205,8.573411597725608,-0.4290126204395961,-0.6,9.236100170605994,14863.344460604894,835.0449213332308,-251.51391171862443,-3280.9930459870625,-0.0,-0.0,758.9514434928271,0.0,2.0,0.12665587340990428,0.0,0,1.1853736637252172,131.99922844444444,-30.544248214970708,0.20957998478001522,8.89113896446094,0.0028189282744854626,-2.992469040110331,1.2221795190385263,0.3318992457096611,-4004.4182123457235,87.96775943749445,0.10884547939018059,-24.4780453755675,-227.03586634305694
2025-01-01 22:15:00,1.5450809786788928,0.2055811866529439,0.9006625,0.025751349644648213,0.0034263531108823984,0.015011041666666667,0.07859439490315973,0.36571366710906605,1.0507729166666668,0.05,0.0,0.9006625,0.0,0.19099785331961056,0,0.01458333333333334,1,0,0,Off,0,0,Off,0,0,Off,0.0385712255307821,0.028928419148086568,On,0,0,Off,0.005629448099415205,0.0,On,0.07296494680374452,0,On,0.11104986268291862,0,On,0.21609257889536534,0.16206943417152397,On,On,17415.9303113141,20.000000000000057,0.8,4751.49537424146,26.39581596111111,1.0507729166666668,1,21116.65276888889,21116.65276888889,Off,0.0,23.888888888888914,0,0.0,0.05,0.0,0.0,0,0,0,11489.55984,Off,0.0,0,83.94293610988215,51.666666666666686,46.10666666666668,0.0,50.54976300723842,0.0,0.0,0.0,131.16083767169087,50.5923926647352,50.613707493483595,50.54976300723842,12.43753247303448,19.305950348736946,-0.1940496512631107,8.690521918482194,-0.4370793957027907,-0.6,9.236100170605994,14596.729852773746,770.4469205230944,-250.2149472380455,-3337.620308755114,-0.0,-0.0,561.1808099339946,0.0,2.0,0.1274828401704353,0.0,0,1.1931132544154737,131.99922844444444,-42.760959719233554,0.20685436337819274,8.98823659221226,0.002818917899021261,-4.4494469291011365,1.2213020749434291,0.33277276893318597,-4066.2134733074718,85.16501958910617,0.10867872546185921,-23.287498032849733,-226.92744920519578
2025-01-01 22:16:00,1.5450809786788928,0.2055811866529439,0.9006625,0.025751349644648213,0.0034263531108823984,0.015011041666666667,0.07859439490315973,0.36571366710906605,1.0507729166666668,0.05,0.0,0.9006625,0.0,0.19099785331961056,0,0.01458333333333334,1,0,0,Off,0,0,Off,0,0,Off,0.0385712255307821,0.028928419148086568,On,0,0,Off,0.005629448099415205,0.0,On,0.07296494680374452,0,On,0.11104986268291862,0,On,0.21609257889536534,0.16206943417152397,On,On,17415.9303113141,20.000000000000057,0.8,4751.49537424146,26.39581596111111,1.0507729166666668,1,21116.65276888889,21116.65276888889,Off,0.0,23.888888888888914,0,0.0,0.05,0.0,0.0,0,0,0,11489.55984,Off,0.0,0,83.3609222286364,51.666666666666686,46.10666666666668,0.0,50.531296608301666,0.0,0.0,0.0,130.25144098224436,50.57495414658442,50.5967829157258,50.531296608301666,12.43753247303448,19.505394692332146,0.0,8.800664868430161,-0.4450757486205535,-0.6,9.236100170605994,14531.971199912266,709.763900234308,-248.92679211753295,-3391.765953724058,-0.0,-0.0,561.1808099339946,0.0,2.0,0.1282658344443759,0.0,0,1.2004413061369523,131.99922844444444,-53.37396761176862,0.20430177776914676,9.079985090826963,0.0028189024608516436,-5.127584676267824,1.2204697702336489,0.3335922354284582,-4124.552029766472,82.82055575931975,0.10851317437558969,-22.110784757784753,-226.8160073597482
2025-01-01 22:17:00,1.5450809786788928,0.2055811866529439,0.9006625,0.025751349644648213,0.0034263531108823984,0.015011041666666667,0.07859439490315973,0.36571366710906605,1.0507729166666668,0.05,0.0,0.9006625,0.0,0.19099785331961056,0,0.01458333333333334,1,0,0,Off,0,0,Off,0,0,Off,0.0385712255307821,0.028928419148086568,On,0,0,Off,0.005629448099415205,0.0,On,0.07296494680374452,0,On,0.11104986268291862,0,On,0.21609257889536534,0.16206943417152397,On,On,17415.9303113141,20.000000000000057,0.8,4751.49537424146,26.39581596111111,1.0507729166666668,1,21116.65276888889,21116.65276888889,Off,0.0,23.888888888888914,0,0.0,0.05,0.0,0.0,0,0,0,11489.55984,Off,0.0,0,82.79630629249512,51.666666666666686,46.10666666666668,0.0,50.51295907740307,0.0,0.0,0.0,129.36922858202362,50.557636537471396,50.57997526750557,50.51295907740307,12.43753247303448,19.698476050091084,0.0,8.904418359875187,-0.45300183377336667,-0.6,9.236100170605994,14468.777769810353,652.3631132672044,-247.64949297716538,-3444.513471079222,-0.0,-0.0,561.1808099339946,0.0,2.0,0.12902152522696267,0.0,0,1.2075138241930177,131.99922844444444,-63.81988035851816,0.20186411674027527,9.168687203847934,0.002818884657626414,-5.7807999479639784,1.2196651011212654,0.3343623271916642,-4179.7005299189495,80.56826894469394,0.10834882843737358,-20.947800015951454,-226.70169296121392
2025-01-01 22:18:00,1.5450809786788928,0.2055811866529439,0.9006625,0.025751349644648213,0.0034263531108823984,0.015011041666666667,0.07859439490315973,0.36571366710906605,1.0507729166666668,0.05,0.0,0.9006625,0.0,0.19099785331961056,0,0.01458333333333334,1,0,0,Off,0,0,Off,0,0,Off,0.0385712255307821,0.028928419148086568,On,0,0,Off,0.005629448099415205,0.0,On,0.07296494680374452,0,On,0.11104986268291862,0,On,0.21609257889536534,0.16206943417152397,On,On,17415.9303113141,20.000000000000057,0.8,4751.49537424146,26.39581596111111,1.0507729166666668,1,21116.65276888889,21116.65276888889,Off,0.0,23.888888888888914,0,0.0,0.05,0.0,0.0,0,0,0,11489.55984,Off,0.0,0,82.24814323454652,51.666666666666686,46.10666666666668,0.0,50.49474657665066,0.0,0.0,0.0,128.51272380397893,50.54043622310296,50.56328104632912,50.49474657665066,12.43753247303448,19.88554302311043,0.0,9.002258001736964,-0.46085783254887025,-0.6,9.236100170605994,14407.322943346324,598.0632846654898,-246.38309314353663,-3495.9259190273187,-0.0,-0.0,561.1808099339946,0.0,2.0,0.12975152118107183,0.0,0,1.2143458640766043,131.99922844444444,-73.86225887445045,0.1995333378500167,9.254563055422041,0.0028188645731638496,-6.4105211246615506,1.218886510485159,0.33508690309433253,-4231.877687010835,78.44559743486455,0.10818568936989947,-19.798435057634688,-226.58465808590194
2025-01-01 22:19:00,1.5450809786788928,0.2055811866529439,0.9006625,0.025751349644648213,0.0034263531108823984,0.015011041666666667,0.07859439490315973,0.36571366710906605,1.0507729166666668,0.05,0.0,0.9006625,0.0,0.19099785331961056,0,0.01458333333333334,1,0,0,Off,0,0,Off,0,0,Off,0.0385712255307821,0.028928419148086568,On,0,0,Off,0.005629448099415205,0.0,On,0.07296494680374452,0,On,0.11104986268291862,0,On,0.21609257889536534,0.16206943417152397,On,On,17415.9303113141,20.000000000000057,0.8,4751.49537424146,26.39581596111111,1.0507729166666668,1,21116.65276888889,21116.65276888889,Off,0.0,23.888888888888914,0,0.0,0.05,0.0,0.0,0,0,0,11489.55984,Off,0.0,0,81.71561403086798,51.666666666666686,46.10666666666668,0.0,50.47665547649785,0.0,0.0,0.0,127.68064692323122,50.52334978551652,50.54669694002587,50.47665547649785,12.43753247303448,20.066897433547844,0.0,9.094596588885539,-0.46864395203598236,-0.6,9.236100170605994,14347.5923485739,546.6711982682045,-245.12763193790713,-3546.0568272836376,-0.0,-0.0,561.1808099339946,0.0,2.0,0.13045722148955116,0.0,0,1.2209505207548375,131.99922844444444,-83.46194539055472,0.19730239179292952,9.337091659462914,0.0028188422866090813,-7.01799309218496,1.2181326465601738,0.33576930536096455,-4281.273932289219,76.44975631596355,0.10802375833093006,-18.662578136210822,-226.4650538016963
2025-01-01 22:20:00,0.4943080620122258,0.2055811866529439,0.0,0.008238467700203764,0.0034263531108823984,0.0,0.07859439490315973,0.36571366710906605,0.0,0.05,0.0,0.0,0.0,0.19099785331961056,0,0.01458333333333334,1,0,0,Off,0,0,Off,0,0,Off,0.0385712255307821,0.028928419148086568,On,0,0,Off,0.005629448099415205,0.0,On,0.07296494680374452,0,On,0.11104986268291862,0,On,0.21609257889536534,0.16206943417152397,On,Off,0.0,20.000000000000057,0.0,0.0,0.0,0.0,0,0.0,21116.65276888889,Off,0.0,23.888888888888914,0,0.0,0.05,0.0,0.0,0,0,0,11489.55984,Off,0.0,0,81.19799284691611,51.666666666666686,46.10666666666668,0.0,50.45868232796766,0.0,0.0,0.0,126.87186382330643,50.5063739768956,50.53021980135958,50.45868232796766,12.43753247303448,20.242806542775494,0.0,9.181798800653318,-0.4763604238497235,-0.6,9.236100170605994,-3126.3727868045794,-4253.479776259362,-243.88314427759923,-3594.953037274458,-0.0,-0.0,561.1808099339946,0.0,2.0,0.1311398677668567,0.0,0,1.2273394145105911,131.99922844444444,-92.60055946411609,0.19516500573022372,9.417148211662132,0.0028188178730427483,-7.604322710406472,1.217402310429755,0.33641247782186307,-4328.058316437831,74.5785401784693,0.10786303593339581,-17.540114732667334,-226.34302954493188
2025-01-01 22:21:00,0.4943080620122258,0.2055811866529439,0.0,0.008238467700203764,0.0034263531108823984,0.0,0.07859439490315973,0.36571366710906605,0.0,0.05,0.0,0.0,0.0,0.19099785331961056,0,0.01458333333333334,1,0,0,Off,0,0,Off,0,0,Off,0.0385712255307821,0.028928419148086568,On,0,0,Off,0.005629448099415205,0.0,On,0.07296494680374452,0,On,0.11104986268291862,0,On,0.21609257889536534,0.16206943417152397,On,Off,0.0,20.000000000000057,0.0,0.0,0.0,0.0,0,0.0,21116.65276888889,Off,0.0,23.888888888888914,0,0.0,0.05,0.0,0.0,0,0,0,11489.55984,Off,0.0,0,81.54310888397238,51.666666666666686,46.10666666666668,0.0,50.440823842116,0.0,0.0,0.0,127.41110763120683,50.48950570021042,50.513846629257635,50.440823842116,12.43753247303448,20.097285133570345,0.0,9.09269889221015,-0.48400750291807176,-0.6,9.236100170605994,-3077.525031588291,-4203.694676495454,-242.64966040196694,-3554.484468596094,-0.0,-0.0,561.1808099339946,0.0,2.0,0.13057527699969157,0.0,0,1.2220554035274285,131.99922844444444,-84.22137292619166,0.19692804667083294,9.351296252735679,0.0028187914039357544,-7.099851968306731,1.218006455168826,0.3357552949282577,-4280.257274985826,76.56259849037275,0.10770352226655476,-16.43092778157561,-226.21873262039134
2025-01-01 22:22:00,0.4943080620122258,0.2055811866529439,0.0,0.008238467700203764,0.0034263531108823984,0.0,0.07859439490315973,0.36571366710906605,0.0,0.05,0.0,0.0,0.0,0.19099785331961056,0,0.01458333333333334,1,0,0,Off,0,0,Off,0,0,Off,0.0385712255307821,0.028928419148086568,On,0,0,Off,0.005629448099415205,0.0,On,0.07296494680374452,0,On,0.11104986268291862,0,On,0.21609257889536534,0.16206943417152397,On,Off,0.0,20.000000000000057,0.0,0.0,0.0,0.0,0,0.0,21116.65276888889,Off,0.0,23.888888888888914,0,0.0,0.05,0.0,0.0,0,0,0,11489.55984,Off,0.0,0,81.87493965709068,51.666666666666686,46.10666666666668,0.0,50.42288994751367,0.0,0.0,0.0,127.92959321420419,50.47256572824561,50.4974036186116,50.42288994751367,12.43753247303448,19.956643274658838,0.0,9.00886849931958,-0.4915854663511501,-0.6,9.236100170605994,-3031.4386506358096,-4157.256033337127,-241.4272042174491,-3515.5460155953424,-0.0,-0.0,561.1808099339946,0.0,2.0,0.13002842586380958,0.0,0,1.2169374179417554,131.99922844444444,-77.07344497446206,0.1986490758278059,9.28722067459392,0.0028187667030472215,-6.611713990284351,1.2185909114397169,0.3351358022874628,-4235.409027793508,78.15299445638193,0.10754521691570965,-15.334897881096174,-226.09230633635292
2025-01-01 22:23:00,0.4943080620122258,0.2055811866529439,0.0,0.008238467700203764,0.0034263531108823984,0.0,0.07859439490315973,0.36571366710906605,0.0,0.05,0.0,0.0,0.0,0.19099785331961056,0,0.01458333333333334,1,0,0,Off,0,0,Off,0,0,Off,0.0385712255307821,0.028928419148086568,On,0,0,Off,0.005629448099415205,0.0,On,0.07296494680374452,0,On,0.11104986268291862,0,On,0.21609257889536534,0.16206943417152397,On,Off,0.0,20.000000000000057,0.0,0.0,0.0,0.0,0,0.0,21116.65276888889,Off,0.0,23.888888888888914,0,0.0,0.05,0.0,0.0,0,0,0,11489.55984,Off,0.0,0,82.19449585925094,51.666666666666686,46.10666666666668,0.0,50.4048835733309,0.0,0.0,0.0,128.42889978007958,50.455556820915575,50.480893444707924,50.4048835733309,12.43753247303448,19.82050705037124,0.0,8.929829348494792,-0.49909461252592474,-0.6,9.236100170605994,-2986.771947665101,-4113.556336459375,-240.21579124910994,-3478.0174816505732,-0.0,-0.0,561.1808099339946,0.0,2.0,0.1294979688304442,0.0,0,1.2119728649355626,131.99922844444444,-69.93527594852245,0.20033116586620253,9.224739103404595,0.00281874371145777,-6.13869526772971,1.219157177725657,0.334550665475565,-4193.235986200667,79.67964974129164,0.10738811897767471,-14.25190346813928,-225.96388778097065
2025-01-01 22:24:00,0.4943080620122258,0.2055811866529439,0.0,0.008238467700203764,0.0034263531108823984,0.0,0.07859439490315973,0.36571366710906605,0.0,0.05,0.0,0.0,0.0,0.19099785331961056,0,0.01458333333333334,1,0,0,Off,0,0,Off,0,0,Off,0.0385712255307821,0.028928419148086568,On,0,0,Off,0.005629448099415205,0.0,On,0.07296494680374452,0,On,0.11104986268291862,0,On,0.21609257889536534,0.16206943417152397,On,Off,0.0,20.000000000000057,0.0,0.0,0.0,0.0,0,0.0,21116.65276888889,Off,0.0,23.888888888888914,0,0.0,0.05,0.0,0.0,0,0,0,11489.55984,Off,0.0,0,82.50253194967378,51.666666666666686,46.10666666666668,0.0,50.386807425968875,0.0,0.0,0.0,128.91020617136527,50.43848152817076,50.464318579271705,50.386807425968875,12.43753247303448,19.688597831841232,0.0,8.855196610286216,-0.506535260197135,-0.6,9.236100170605994,-2943.660665698201,-4072.394426068296,-239.0154284794226,-3441.807013549508,-0.0,-0.0,561.1808099339946,0.0,2.0,0.12898291845954651,0.0,0,1.20715250304695,131.99922844444444,-63.03446208268721,0.20197639202918793,9.164421495770739,0.0028187223746596974,-5.67989829193531,1.219706363080328,0.3339972089119509,-4153.514050375395,81.1196243070985,0.10723222707591246,-13.181820986540556,-225.83360749288207
2025-01-01 22:25:00,0.4943080620122258,0.2055811866529439,0.0,0.008238467700203764,0.0034263531108823984,0.0,0.07859439490315973,0.36571366710906605,0.0,0.05,0.0,0.0,0.0,0.19099785331961056,0,0.01458333333333334,1,0,0,Off,0,0,Off,0,0,Off,0.0385712255307821,0.028928419148086568,On,0,0,Off,0.005629448099415205,0.0,On,0.07296494680374452,0,On,0.11104986268291862,0,On,0.21609257889536534,0.16206943417152397,On,Off,0.0,20.000000000000057,0.0,0.0,0.0,0.0,0,0.0,21116.65276888889,Off,0.0,23.888888888888914,0,0.0,0.05,0.0,0.0,0,0,0,11489.55984,Off,0.0,0,82.79968560857668,51.666666666666686,46.10666666666668,0.0,50.36866404551785,0.0,0.0,0.0,129.37450876340105,50.421342243228345,50.4476813420836,50.36866404551785,12.43753247303448,19.56068035618623,0.0,8.784642680099015,-0.513907747581102,-0.6,9.236100170605994,-2902.0747780849065,-4033.5808031266515,-237.82611493561012,-3406.8362818926234,-0.0,-0.0,561.1808099339946,0.0,2.0,0.12848244640421647,0.0,0,1.2024685797684873,131.99922844444444,-56.41930612627765,0.20358642807447402,9.105447867186518,0.0028187026414313453,-5.234567015206431,1.2202394014096363,0.3334731550784617,-4116.052470675492,82.47166754884059,0.10707753937645353,-12.124525056018651,-225.70158987959147
2025-01-01 22:26:00,0.4943080620122258,0.2055811866529439,0.0,0.008238467700203764,0.0034263531108823984,0.0,0.07859439490315973,0.36571366710906605,0.0,0.05,0.0,0.0,0.0,0.19099785331961056,0,0.01458333333333334,1,0,0,Off,0,0,Off,0,0,Off,0.0385712255307821,0.028928419148086568,On,0,0,Off,0.005629448099415205,0.0,On,0.07296494680374452,0,On,0.11104986268291862,0,On,0.21609257889536534,0.16206943417152397,On,Off,0.0,20.000000000000057,0.0,0.0,0.0,0.0,0,0.0,21116.65276888889,Off,0.0,23.888888888888914,0,0.0,0.05,0.0,0.0,0,0,0,11489.55984,Off,0.0,0,83.0865102015193,51.666666666666686,46.10666666666668,0.0,50.350455831490365,0.0,0.0,0.0,129.8226721898739,50.40414122683222,50.43098392450317,50.350455831490365,12.43753247303448,19.436550651502255,-0.0634493484978016,8.717882745868069,-0.5212124314409813,-0.6,9.236100170605994,-2861.971804655564,-3996.949053453487,-236.64784209524237,-3373.036878083622,-0.0,-0.0,561.1808099339946,0.0,2.0,0.12799583811291157,0.0,0,1.1979144076047032,131.99922844444444,-50.115736505936724,0.20516267152386106,9.048418952009897,0.0028186844633269993,-4.802046926428084,1.220757100784595,0.3329765224869096,-4080.685612668665,83.73655921517758,0.10692405360400328,-11.07988863781138,-225.56795345743097
2025-01-01 22:27:00,0.4943080620122258,0.2055811866529439,0.0,0.008238467700203764,0.0034263531108823984,0.0,0.07859439490315973,0.36571366710906605,0.0,0.05,0.0,0.0,0.0,0.19099785331961056,0,0.01458333333333334,1,0,0,Off,0,0,Off,0,0,Off,0.0385712255307821,0.028928419148086568,On,0,0,Off,0.005629448099415205,0.0,On,0.07296494680374452,0,On,0.11104986268291862,0,On,0.21609257889536534,0.16206943417152397,On,Off,0.0,20.000000000000057,0.0,0.0,0.0,0.0,0,0.0,21116.65276888889,Off,0.0,23.888888888888914,0,0.0,0.05,0.0,0.0,0,0,0,11489.55984,Off,0.0,0,83.36349938704694,51.666666666666686,46.10666666666668,0.0,50.332185061401454,0.0,0.0,0.0,130.25546779226084,50.386880624768736,50.414228406452374,50.332185061401454,12.43753247303448,19.31602688325609,-0.18397311674396732,8.654664461052812,-0.528449686172282,-0.6,9.236100170605994,-2823.2972865513652,-3962.3505155224652,-235.48059412801857,-3340.3476022127356,-0.0,-0.0,561.1808099339946,0.0,2.0,0.12752245835071294,0.0,0,1.1934840413852486,131.99922844444444,-44.13049427262456,0.2067063406785913,8.99255010493486,0.002818667794309111,-4.381754670333216,1.2212601808861496,0.33250555272425963,-4047.26705794509,84.91654242262494,0.10677176705825732,-10.047783197216496,-225.43281093080208
2025-01-01 22:28:00,1.5450809786788928,0.2055811866529439,0.9006625,0.025751349644648213,0.0034263531108823984,0.015011041666666667,0.07859439490315973,0.36571366710906605,1.0507729166666668,0.05,0.0,0.9006625,0.0,0.19099785331961056,0,0.01458333333333334,1,0,0,Off,0,0,Off,0,0,Off,0.0385712255307821,0.028928419148086568,On,0,0,Off,0.005629448099415205,0.0,On,0.07296494680374452,0,On,0.11104986268291862,0,On,0.21609257889536534,0.16206943417152397,On,On,17415.9303113141,20.000000000000057,0.8,4751.49537424146,26.39581596111111,1.0507729166666668,1,21116.65276888889,21116.65276888889,Off,0.0,23.888888888888914,0,0.0,0.05,0.0,0.0,0,0,0,11489.55984,Off,0.0,0,83.63110230463293,51.666666666666686,46.10666666666668,0.0,50.313853903926955,0.0,0.0,0.0,130.67359735098896,50.36956248027029,50.39741676844197,50.313853903926955,12.43753247303448,19.19894370621289,-0.30105629378716614,8.59476085178526,-0.5356199028876107,-0.6,9.236100170605994,14629.938213634441,821.8446159784412,-234.3243481561558,-3308.7127691391042,-0.0,-0.0,561.1808099339946,0.0,2.0,0.1270617300404818,0.0,0,1.189172080239056,131.99922844444444,-38.460138474547705,0.2082185330122433,8.938454139887682,0.0028186525904886285,-3.9731593694268605,1.22174929604073,0.3320586605826348,-4015.6655257076245,86.01476744460565,0.10662067663044644,-9.02807886324127,-225.29626929291453
2025-01-01 22:29:00,1.5450809786788928,0.2055811866529439,0.9006625,0.025751349644648213,0.0034263531108823984,0.015011041666666667,0.07859439490315973,0.36571366710906605,1.0507729166666668,0.05,0.0,0.9006625,0.0,0.19099785331961056,0,0.01458333333333334,1,0,0,Off,0,0,Off,0,0,Off,0.0385712255307821,0.028928419148086568,On,0,0,Off,0.005629448099415205,0.0,On,0.07296494680374452,0,On,0.11104986268291862,0,On,0.21609257889536534,0.16206943417152397,On,On,17415.9303113141,20.000000000000057,0.8,4751.49537424146,26.39581596111111,1.0507729166666668,1,21116.65276888889,21116.65276888889,Off,0.0,23.888888888888914,0,0.0,0.05,0.0,0.0,0,0,0,11489.55984,Off,0.0,0,83.04124591892376,51.666666666666686,46.10666666666668,0.0,50.29546442871529,0.0,0.0,0.0,129.75194674831837,50.352188743264,50.38055090053836,50.29546442871529,12.43753247303448,19.401376064145754,-0.0986239358543024,8.709458766840209,-0.542723488501979,-0.6,9.236100170605994,14563.513908810626,758.5638325068676,-233.17907469880328,-3363.4835166061166,-0.0,-0.0,561.1808099339946,0.0,2.0,0.12785777597191922,0.0,0,1.1966222825615935,131.99922844444444,-50.11369583134973,0.20560888212120842,9.031986963119904,0.002818638809931997,-4.662729418361999,1.2209039107820452,0.3329138031800044,-4076.228463210129,83.29692147553692,0.10647077882008023,-8.020644585224735,-225.15843011357853
2025-01-01 22:30:00,1.5450809786788928,0.2055811866529439,0.9006625,0.025751349644648213,0.0034263531108823984,0.015011041666666667,0.07859439490315973,0.36571366710906605,1.0507729166666668,0.05,0.0,0.9006625,0.0,0.19099785331961056,0,0.01458333333333334,1,0,0,Off,0,0,Off,0,0,Off,0.0385712255307821,0.028928419148086568,On,0,0,Off,0.005629448099415205,0.0,On,0.07296494680374452,0,On,0.11104986268291862,0,On,0.21609257889536534,0.16206943417152397,On,On,17415.9303113141,20.000000000000057,0.8,4751.49537424146,26.39581596111111,1.0507729166666668,1,21116.65276888889,21116.65276888889,Off,0.0,23.888888888888914,0,0.0,0.05,0.0,0.0,0,0,0,11489.55984,Off,0.0,0,82.46959539859905,51.666666666666686,46.10666666666668,0.0,50.27720554166369,0.0,0.0,0.0,128.858742810311,50.33493754451721,50.36380354594397,50.27720554166369,12.43753247303448,19.59714595996017,0.0,8.817354902924208,-0.5497608647269056,-3.3,9.236100170605994,13686.79082926478,-853.4111395510035,-784.4768918320945,-4227.756015544197,-0.0,-0.0,561.1808099339946,0.0,2.0,0.1389820688524687,0.0,0,1.3007346577176448,131.99922844444444,-62.5642764391163,0.20311984312115067,9.122300789283102,0.002818622626463717,-43.92756318261602,1.2200874630497485,0.3532032181421299,-5685.939983923141,81.03347013067786,0.15311821291232983,-559.4575005586312,-225.01939127346324
2025-01-01 22:31:00,1.5450809786788928,0.2055811866529439,0.9006625,0.025751349644648213,0.0034263531108823984,0.015011041666666667,0.07859439490315973,0.36571366710906605,1.0507729166666668,0.05,0.0,0.9006625,0.0,0.19099785331961056,0,0.01458333333333334,1,0,0,Off,0,0,Off,0,0,Off,0.0385712255307821,0.028928419148086568,On,0,0,Off,0.005629448099415205,0.0,On,0.07296494680374452,0,On,0.11104986268291862,0,On,0.21609257889536534,0.16206943417152397,On,On,17415.9303113141,20.000000000000057,0.8,4751.49537424146,26.39581596111111,1.0507729166666668,1,21116.65276888889,21116.65276888889,Off,0.0,23.888888888888914,0,0.0,0.05,0.0,0.0,0,0,0,11489.55984,Off,0.0,0,81.95597080029003,51.666666666666686,46.10666666666668,0.0,50.259073226832626,0.0,0.0,0.0,128.05620437545318,50.317805101897335,50.347171039429696,50.259073226832626,12.43753247303448,19.771408849192554,0.0,8.862978465818443,-0.5777547277698579,-3.3,9.236100170605994,13633.33938472316,-880.9337131089451,-776.2191497750862,-4279.998642394543,-0.0,-0.0,561.1808099339946,0.0,2.0,0.13963674752062125,0.0,0,1.3068618023224527,131.99922844444444,-63.77309413039123,0.2009229148405753,9.20182576879813,0.0028184700600212367,-44.56945002100827,1.219361728849499,0.3535232730606134,-5712.520066687129,80.09097933672342,0.15270661439664243,-552.2743742725427,-223.94477550254354
2025-01-01 22:32:00,1.5450809786788928,0.2055811866529439,0.9006625,0.025751349644648213,0.0034263531108823984,0.015011041666666667,0.07859439490315973,0.36571366710906605,1.0507729166666668,0.05,0.0,0.9006625,0.0,0.19099785331961056,0,0.01458333333333334,1,0,0,Off,0,0,Off,0,0,Off,0.0385712255307821,0.028928419148086568,On,0,0,Off,0.005629448099415205,0.0,On,0.07296494680374452,0,On,0.11104986268291862,0,On,0.21609257889536534,0.16206943417152397,On,On,17415.9303113141,20.000000000000057,0.8,4751.49537424146,26.39581596111111,1.0507729166666668,1,21116.65276888889,21116.65276888889,Off,0.0,23.888888888888914,0,0.0,0.05,0.0,0.0,0,0,0,11489.55984,Off,0.0,0,81.45697088772377,51.666666666666686,46.10666666666668,0.0,50.241054695797196,0.0,0.0,0.0,127.27651701206838,50.300779360952376,50.33064169352998,50.241054695797196,12.43753247303448,19.940328099919174,0.0,8.905926547765445,-0.6051651191852655,-3.3,9.236100170605994,13576.172112467899,-907.0122502423301,-768.8928031515134,-4330.882044914583,-0.0,-0.0,561.1808099339946,0.0,2.0,0.14026984243951818,0.0,0,1.3127869443888607,131.99922844444444,-70.05696386560973,0.19881830860506758,9.278937536583495,0.0028183151720871987,-45.1862173241847,1.218659077593353,0.35382429461043596,-5737.572588755126,79.06496427133568,0.15230251695457456,-545.2667706619823,-223.62603248953113
2025-01-01 22:33:00,1.5450809786788928,0.2055811866529439,0.9006625,0.025751349644648213,0.0034263531108823984,0.015011041666666667,0.07859439490315973,0.36571366710906605,1.0507729166666668,0.05,0.0,0.9006625,0.0,0.19099785331961056,0,0.01458333333333334,1,0,0,Off,0,0,Off,0,0,Off,0.0385712255307821,0.028928419148086568,On,0,0,Off,0.005629448099415205,0.0,On,0.07296494680374452,0,On,0.11104986268291862,0,On,0.21609257889536534,0.16206943417152397,On,On,17415.9303113141,20.000000000000057,0.8,4751.49537424146,26.39581596111111,1.0507729166666668,1,21116.65276888889,21116.65276888889,Off,0.0,23.888888888888914,0,0.0,0.05,0.0,0.0,0,0,0,11489.55984,Off,0.0,0,80.97212933407722,51.666666666666686,46.10666666666668,0.0,50.223146722184964,0.0,0.0,0.0,126.51895208449567,50.283857283513086,50.31421256417715,50.223146722184964,12.43753247303448,20.104074466216822,0.0,8.946367360514179,-0.632115999340024,-3.3,9.236100170605994,13518.483003858317,-931.5545386894046,-762.0442959011581,-4380.434765590612,-0.0,-0.0,561.1808099339946,0.0,2.0,0.14088214471489754,0.0,0,1.3185174878838692,131.99922844444444,-78.19335179916392,0.1968012787628349,9.3537539499805,0.002818158050220209,-45.77878116628538,1.2179787217204172,0.3541075088796528,-5761.190163596655,78.14025066579093,0.1519041457519422,-538.4016233653253,-223.64267253583276
2025-01-01 22:34:00,0.4943080620122258,0.2055811866529439,0.0,0.008238467700203764,0.0034263531108823984,0.0,0.07859439490315973,0.36571366710906605,0.0,0.05,0.0,0.0,0.0,0.19099785331961056,0,0.01458333333333334,1,0,0,Off,0,0,Off,0,0,Off,0.0385712255307821,0.028928419148086568,On,0,0,Off,0.005629448099415205,0.0,On,0.07296494680374452,0,On,0.11104986268291862,0,On,0.21609257889536534,0.16206943417152397,On,Off,0.0,20.000000000000057,0.0,0.0,0.0,0.0,0,0.0,21116.65276888889,Off,0.0,23.888888888888914,0,0.0,0.05,0.0,0.0,0,0,0,11489.55984,Off,0.0,0,80.50089340923775,51.666666666666686,46.10666666666668,0.0,50.205346182476866,0.0,0.0,0.0,125.78264595193399,50.267035928286106,50.29788080119073,50.205346182476866,12.43753247303448,20.262851001277454,0.0,8.984460880852316,-0.6586986915254911,-3.3,9.236100170605994,-3953.94041015805,-5706.186692043247,-755.6390985183302,-4428.696917123875,-0.0,-0.0,561.1808099339946,0.0,2.0,0.14147455334645326,0.0,0,1.3240618465551564,131.99922844444444,-86.42430296816963,0.1948669183430404,9.425689155399029,0.002817998778967278,-46.348173197130684,1.2173197454233673,0.35437407762039325,-5783.46136695279,77.27467490954292,0.15151019079415087,-531.6546087217322,-223.98448979659804
2025-01-01 22:35:00,0.4943080620122258,0.2055811866529439,0.0,0.008238467700203764,0.0034263531108823984,0.0,0.07859439490315973,0.36571366710906605,0.0,0.05,0.0,0.0,0.0,0.19099785331961056,0,0.01458333333333334,1,0,0,Off,0,0,Off,0,0,Off,0.0385712255307821,0.028928419148086568,On,0,0,Off,0.005629448099415205,0.0,On,0.07296494680374452,0,On,0.11104986268291862,0,On,0.21609257889536534,0.16206943417152397,On,Off,0.0,20.000000000000057,0.0,0.0,0.0,0.0,0,0.0,21116.65276888889,Off,0.0,23.888888888888914,0,0.0,0.05,0.0,0.0,0,0,0,11489.55984,Off,0.0,0,80.89116985476396,51.666666666666686,46.10666666666668,0.0,50.187650075038675,0.0,0.0,0.0,126.39245289806868,50.250312468803656,50.281643665686154,50.187650075038675,12.43753247303448,20.10064386003904,0.0,8.848859618597793,-0.6849907663657979,-3.3,9.236100170605994,-3895.409878032748,-5624.072129471783,-749.5053132370845,-4379.394306184507,-0.0,-0.0,561.1808099339946,0.0,2.0,0.14086933064043122,0.0,0,1.3183975608249143,131.99922844444444,-77.19638178223659,0.19682077858391364,9.351281841100993,0.002817837439422692,-45.61851916510364,1.217993205935578,0.3534242585751166,-5704.290844033646,80.21871456186273,0.15111953255827087,-525.0052177278907,-224.5000955091938
2025-01-01 22:36:00,0.4943080620122258,0.2055811866529439,0.0,0.008238467700203764,0.0034263531108823984,0.0,0.07859439490315973,0.36571366710906605,0.0,0.05,0.0,0.0,0.0,0.19099785331961056,0,0.01458333333333334,1,0,0,Off,0,0,Off,0,0,Off,0.0385712255307821,0.028928419148086568,On,0,0,Off,0.005629448099415205,0.0,On,0.07296494680374452,0,On,0.11104986268291862,0,On,0.21609257889536534,0.16206943417152397,On,Off,0.0,20.000000000000057,0.0,0.0,0.0,0.0,0,0.0,21116.65276888889,Off,0.0,23.888888888888914,0,0.0,0.05,0.0,0.0,0,0,0,11489.55984,Off,0.0,0,81.26658797782844,51.666666666666686,46.10666666666668,0.0,50.16986859865789,0.0,0.0,0.0,126.97904371535694,50.23350793230396,50.265327599127,50.16986859865789,12.43753247303448,19.943893141674433,0.0,8.721263437070062,-0.7110526365454154,-3.3,9.236100170605994,-3839.982683187664,-5547.401694719471,-743.7362723350739,-4331.958510031261,-0.0,-0.0,561.1808099339946,0.0,2.0,0.14028318800592693,0.0,0,1.3129118456865467,131.99922844444444,-69.20498309039814,0.19872970235485513,9.27964798460522,0.002817678727632727,-44.91135353933604,1.2186447224668697,0.3525281741737191,-5630.069260727359,82.66756600788713,0.15073129556845705,-518.4375435198383,-225.2987288152355
2025-01-01 22:37:00,0.4943080620122258,0.2055811866529439,0.0,0.008238467700203764,0.0034263531108823984,0.0,0.07859439490315973,0.36571366710906605,0.0,0.05,0.0,0.0,0.0,0.19099785331961056,0,0.01458333333333334,1,0,0,Off,0,0,Off,0,0,Off,0.0385712255307821,0.028928419148086568,On,0,0,Off,0.005629448099415205,0.0,On,0.07296494680374452,0,On,0.11104986268291862,0,On,0.21609257889536534,0.16206943417152397,On,Off,0.0,20.000000000000057,0.0,0.0,0.0,0.0,0,0.0,21116.65276888889,Off,0.0,23.888888888888914,0,0.0,0.05,0.0,0.0,0,0,0,11489.55984,Off,0.0,0,81.62823079238326,51.666666666666686,46.10666666666668,0.0,50.152005029424124,0.0,0.0,0.0,127.54411061309884,50.21662540549255,50.24893559352677,50.152005029424124,12.43753247303448,19.7921983042212,0.0,8.601002530587659,-0.7369391513748488,-3.3,9.236100170605994,-3786.318508707583,-5475.356518123904,-738.2055576620552,-4286.24814881978,-0.0,-0.0,561.1808099339946,0.0,2.0,0.13971474448741777,0.0,0,1.3075917767626577,131.99922844444444,-61.251169821797674,0.2005967453821649,9.210579691567151,0.0028175225596846604,-44.2250992277638,1.2192758905693772,0.35168151395136665,-5560.359600393566,85.0030822696628,0.15034467835187537,-511.93729382624815,-226.26826383580706
2025-01-01 22:38:00,0.4943080620122258,0.2055811866529439,0.0,0.008238467700203764,0.0034263531108823984,0.0,0.07859439490315973,0.36571366710906605,0.0,0.05,0.0,0.0,0.0,0.19099785331961056,0,0.01458333333333334,1,0,0,Off,0,0,Off,0,0,Off,0.0385712255307821,0.028928419148086568,On,0,0,Off,0.005629448099415205,0.0,On,0.07296494680374452,0,On,0.11104986268291862,0,On,0.21609257889536534,0.16206943417152397,On,Off,0.0,20.000000000000057,0.0,0.0,0.0,0.0,0,0.0,21116.65276888889,Off,0.0,23.888888888888914,0,0.0,0.05,0.0,0.0,0,0,0,11489.55984,Off,0.0,0,81.97692167541824,51.666666666666686,46.10666666666668,0.0,50.13406240471246,0.0,0.0,0.0,128.088940117841,50.1996677500869,50.232470422774135,50.13406240471246,12.43753247303448,19.645255345800244,0.0,8.487520057879772,-0.762692389607676,-3.3,9.236100170605994,-3734.5496699692762,-5407.607701675752,-732.8724499310047,-4242.153373974818,-0.0,-0.0,561.1808099339946,0.0,2.0,0.1391629671069863,0.0,0,1.3024276864019528,131.99922844444444,-53.57710592845237,0.20242398223094957,9.142518464580538,0.002817368857619878,-43.558562607493435,1.219887912554477,0.3508807017536038,-5494.79784223484,87.1901405590883,0.14995906256207633,-505.49356380863793,-227.37888612236674
2025-01-01 22:39:00,0.4943080620122258,0.2055811866529439,0.0,0.008238467700203764,0.0034263531108823984,0.0,0.07859439490315973,0.36571366710906605,0.0,0.05,0.0,0.0,0.0,0.19099785331961056,0,0.01458333333333334,1,0,0,Off,0,0,Off,0,0,Off,0.0385712255307821,0.028928419148086568,On,0,0,Off,0.005629448099415205,0.0,On,0.07296494680374452,0,On,0.11104986268291862,0,On,0.21609257889536534,0.16206943417152397,On,Off,0.0,20.000000000000057,0.0,0.0,0.0,0.0,0,0.0,21116.65276888889,Off,0.0,23.888888888888914,0,0.0,0.05,0.0,0.0,0,0,0,11489.55984,Off,0.0,0,82.31336400014274,51.666666666666686,46.10666666666668,0.0,50.11604358039192,0.0,0.0,0.0,128.61463125022303,50.18263765675409,50.21593469493518,50.11604358039192,12.43753247303448,19.5028048180543,0.0,8.380330695480238,-0.7883460938957368,-3.3,9.236100170605994,-3684.6325917533227,-5343.833865490901,-727.696276530509,-4199.579638378301,-0.0,-0.0,561.1808099339946,0.0,2.0,0.13862697933420834,0.0,0,1.2974113711468873,131.99922844444444,-46.23376330901684,0.20421309791483655,9.076750822784444,0.002817217548019598,-42.910724712306894,1.2204818118281608,0.3501226160738287,-5433.067427841267,89.23356235036573,0.14957394874787933,-499.09767416194256,-228.59860236856642
2025-01-01 22:40:00,0.4943080620122258,0.2055811866529439,0.0,0.008238467700203764,0.0034263531108823984,0.0,0.07859439490315973,0.36571366710906605,0.0,0.05,0.0,0.0,0.0,0.19099785331961056,0,0.01458333333333334,1,0,0,Off,0,0,Off,0,0,Off,0.0385712255307821,0.028928419148086568,On,0,0,Off,0.005629448099415205,0.0,On,0.07296494680374452,0,On,0.11104986268291862,0,On,0.21609257889536534,0.16206943417152397,On,Off,0.0,20.000000000000057,0.0,0.0,0.0,0.0,0,0.0,21116.65276888889,Off,0.0,23.888888888888914,0,0.0,0.05,0.0,0.0,0,0,0,11489.55984,Off,0.0,0,82.64365732919455,51.666666666666686,46.10666666666668,0.0,50.16553767004062,0.0,0.0,0.0,129.1307145768665,50.16553767004062,50.16553767004062,50.16553767004062,12.43753247303448,19.364619816717077,-0.13538018328297952,8.27900483114539,-0.8139266428514548,-3.3,9.236100170605994,-3636.508169055009,-5283.751554058132,-722.6431471054839,-4158.443764873431,-0.0,-0.0,561.1808099339946,0.0,2.0,0.1381060178540091,0.0,0,1.292535687123574,131.99922844444444,-39.245214115573106,0.2059655090431369,9.013160211253869,0.0028170685613508805,-42.2806936730182,1.221058481779068,0.34940448709881183,-5374.889057442416,91.13750338428387,0.14918894326799198,-492.7428923760585,-229.90025472942543
2025-01-01 22:41:00,0.4943080620122258,0.2055811866529439,0.0,0.008238467700203764,0.0034263531108823984,0.0,0.07859439490315973,0.36571366710906605,0.0,0.05,0.0,0.0,0.0,0.19099785331961056,0,0.01458333333333334,1,0,0,Off,0,0,Off,0,0,Off,0.0385712255307821,0.028928419148086568,On,0,0,Off,0.005629448099415205,0.0,On,0.07296494680374452,0,On,0.11104986268291862,0,On,0.21609257889536534,0.16206943417152397,On,Off,0.0,20.000000000000057,0.0,0.0,0.0,0.0,0,0.0,21116.65276888889,Off,0.0,23.888888888888914,0,0.0,0.05,0.0,0.0,0,0,0,11489.55984,Off,0.0,0,82.95738001053036,51.666666666666686,46.10666666666668,0.0,50.147330703776674,0.0,0.0,0.0,129.6209062664537,50.14836906735444,50.14888824914332,50.147330703776674,12.43753247303448,19.230496787225146,-0.26950321277491085,8.183156547066542,-0.839454160585135,-3.3,9.236100170605994,-3590.1056889882498,-5227.105198566802,-717.6848004178777,-4118.670956609347,-0.0,-0.0,561.1808099339946,0.0,2.0,0.137599399335239,0.0,0,1.2877942390285295,131.99922844444444,-32.615542312897944,0.2076824588648056,8.9509538750719,0.002816921831488152,-41.667668196116615,1.2216187232754234,0.3487238184082581,-5320.012935533275,92.90773696647241,0.14880374290553902,-486.4241256328284,-231.26067478504936
2025-01-01 22:42:00,1.5450809786788928,0.2055811866529439,0.9006625,0.025751349644648213,0.0034263531108823984,0.015011041666666667,0.07859439490315973,0.36571366710906605,1.0507729166666668,0.05,0.0,0.9006625,0.0,0.19099785331961056,0,0.01458333333333334,1,0,0,Off,0,0,Off,0,0,Off,0.0385712255307821,0.028928419148086568,On,0,0,Off,0.005629448099415205,0.0,On,0.07296494680374452,0,On,0.11104986268291862,0,On,0.21609257889536534,0.16206943417152397,On,On,17415.9303113141,20.000000000000057,0.8,4751.49537424146,26.39581596111111,1.0507729166666668,1,21116.65276888889,21116.65276888889,Off,0.0,23.888888888888914,0,0.0,0.05,0.0,0.0,0,0,0,11489.55984,Off,0.0,0,83.26052755209295,51.666666666666686,46.10666666666668,0.0,50.12905527521589,0.0,0.0,0.0,130.09457430014524,50.13113529112386,50.13217529907785,50.12905527521589,12.43753247303448,19.10024979155667,-0.39975020844338616,8.09243528209159,-0.8649434713063672,-3.3,9.236100170605994,13870.579383550654,-422.1672248289433,-712.7977985790243,-4080.192907893439,-0.0,-0.0,561.1808099339946,0.0,2.0,0.13710649983510667,0.0,0,1.283181187374547,131.99922844444444,-26.33882980399946,0.2093650747669851,8.890733048360408,0.0028167772953692424,-41.07091486484118,1.2221632679597756,0.34807833320239817,-5268.213320977499,94.55072190709596,0.14841812158024956,-480.1376579659203,-232.660140613104
2025-01-01 22:43:00,1.5450809786788928,0.2055811866529439,0.9006625,0.025751349644648213,0.0034263531108823984,0.015011041666666667,0.07859439490315973,0.36571366710906605,1.0507729166666668,0.05,0.0,0.9006625,0.0,0.19099785331961056,0,0.01458333333333334,1,0,0,Off,0,0,Off,0,0,Off,0.0385712255307821,0.028928419148086568,On,0,0,Off,0.005629448099415205,0.0,On,0.07296494680374452,0,On,0.11104986268291862,0,On,0.21609257889536534,0.16206943417152397,On,On,17415.9303113141,20.000000000000057,0.8,4751.49537424146,26.39581596111111,1.0507729166666668,1,21116.65276888889,21116.65276888889,Off,0.0,23.888888888888914,0,0.0,0.05,0.0,0.0,0,0,0,11489.55984,Off,0.0,0,82.70508003968972,51.666666666666686,46.10666666666668,0.0,50.11071371620242,0.0,0.0,0.0,129.22668756201517,50.11383853825522,50.11540094928162,50.11071371620242,12.43753247303448,19.289934222920923,-0.21006577707913365,8.178013260622146,-0.8904049260631322,-3.3,9.236100170605994,13803.42368831973,-473.2165569713661,-707.9628556475509,-4136.27779642637,-0.0,-0.0,561.1808099339946,0.0,2.0,0.1378240288487548,0.0,0,1.2898965490300192,131.99922844444444,-37.40963650199427,0.20689386520421985,8.978618046336512,0.0028166348927353498,-41.782196995973756,1.2213706448405095,0.34868725568362086,-5317.072571954283,92.3606407414572,0.14803191879149832,-473.8809239416178,-234.0819317059331
2025-01-01 22:44:00,1.5450809786788928,0.2055811866529439,0.9006625,0.025751349644648213,0.0034263531108823984,0.015011041666666667,0.07859439490315973,0.36571366710906605,1.0507729166666668,0.05,0.0,0.9006625,0.0,0.19099785331961056,0,0.01458333333333334,1,0,0,Off,0,0,Off,0,0,Off,0.0385712255307821,0.028928419148086568,On,0,0,Off,0.005629448099415205,0.0,On,0.07296494680374452,0,On,0.11104986268291862,0,On,0.21609257889536534,0.16206943417152397,On,On,17415.9303113141,20.000000000000057,0.8,4751.49537424146,26.39581596111111,1.0507729166666668,1,21116.65276888889,21116.65276888889,Off,0.0,23.888888888888914,0,0.0,0.05,0.0,0.0,0,0,0,11489.55984,Off,0.0,0,82.16713882480117,51.666666666666686,46.10666666666668,0.0,50.09249518311668,0.0,0.0,0.0,128.38615441375183,50.09665717545959,50.09873817163105,50.09249518311668,12.43753247303448,19.47320975725385,-0.02679024274620545,8.25811737854518,-0.9158451188739675,-3.3,9.236100170605994,13739.232974899696,-520.8713080638236,-703.1642498954543,-4190.756051767358,-0.0,-0.0,561.1808099339946,0.0,2.0,0.13851549015002398,0.0,0,1.2963679426886219,131.99922844444444,-47.12209458103743,0.20453669890246448,9.06275957586966,0.002816489929902716,-42.4635401455897,1.2206057837268787,0.3492562674405635,-5362.917305341462,90.55062303617915,0.14764502956456285,-467.652313772421,-235.51193612303322
2025-01-01 22:45:00,1.3452082973677004,0.1794565614432057,0.9006625,0.022420138289461673,0.002990942690720095,0.015011041666666667,0.018206972146354382,0.22622840855467916,1.0507729166666668,0.05,0.0,0.9006625,0.0,0.16487322810987237,0,0.01458333333333334,1,0,0,Off,0,0,Off,0,0,Off,0.0385712255307821,0.028928419148086568,On,0,0,Off,0.005629448099415205,0.0,On,0.012577524046939178,0,On,0.006397437741515965,0,On,0.1812597452823811,0.1359448089617858,On,On,17415.9303113141,20.000000000000057,0.8,4751.49537424146,26.39581596111111,1.0507729166666668,1,21116.65276888889,21116.65276888889,Off,0.0,23.888888888888914,0,0.0,0.05,0.0,0.0,0,0,0,11489.55984,Off,0.0,0,81.64552691024345,51.666666666666686,46.10666666666668,0.0,50.074395814399146,0.0,0.0,0.0,127.5711357972554,50.07958756593439,50.08218344170202,50.074395814399146,12.43753247303448,19.6505114124834,0.0,8.333247817861286,-0.9412675059803244,-3.3,9.236100170605994,13479.248822912326,-565.6950971881242,-698.3893133022334,-4243.727497196482,-0.0,-0.0,363.7464269757113,0.0,2.0,0.1391827233263553,0.0,0,1.3026125850687442,131.99922844444444,-56.70041818100057,0.20228452240991726,9.144108188955578,0.002816342510839674,-43.848484290833234,1.2198667698094123,0.34978910795653606,-5406.012593224157,88.82212179457322,0.14725739571980004,-461.4510057970897,-236.93830750514365
2025-01-01 22:46:00,1.3452082973677004,0.1794565614432057,0.9006625,0.022420138289461673,0.002990942690720095,0.015011041666666667,0.018206972146354382,0.22622840855467916,1.0507729166666668,0.05,0.0,0.9006625,0.0,0.16487322810987237,0,0.01458333333333334,1,0,0,Off,0,0,Off,0,0,Off,0.0385712255307821,0.028928419148086568,On,0,0,Off,0.005629448099415205,0.0,On,0.012577524046939178,0,On,0.006397437741515965,0,On,0.1812597452823811,0.1359448089617858,On,On,17415.9303113141,20.000000000000057,0.8,4751.49537424146,26.39581596111111,1.0507729166666668,1,21116.65276888889,21116.65276888889,Off,0.0,23.888888888888914,0,0.0,0.05,0.0,0.0,0,0,0,11489.55984,Off,0.0,0,81.14895418778285,51.666666666666686,46.10666666666668,0.0,50.05641200793219,0.0,0.0,0.0,126.7952409184107,50.062626317389416,50.06573347211804,50.05641200793219,12.43753247303448,19.818589652637773,0.0,8.403809082298809,-0.9666729407176433,-3.3,9.236100170605994,13419.762555458019,-607.8918717491642,-693.6279862745926,-4294.186849641401,-0.0,-0.0,363.7464269757113,0.0,2.0,0.1398137260317555,0.0,0,1.3085181460868267,131.99922844444444,-65.72733319039042,0.20017430929494462,9.220924987312484,0.002816190191497014,-44.4600227589304,1.2191670353050676,0.3502888048590341,-5446.572359325414,87.18511333478965,0.14686899829835057,-455.2768226812257,-238.35116359336683
2025-01-01 22:47:00,1.3452082973677004,0.1794565614432057,0.9006625,0.022420138289461673,0.002990942690720095,0.015011041666666667,0.018206972146354382,0.22622840855467916,1.0507729166666668,0.05,0.0,0.9006625,0.0,0.16487322810987237,0,0.01458333333333334,1,0,0,Off,0,0,Off,0,0,Off,0.0385712255307821,0.028928419148086568,On,0,0,Off,0.005629448099415205,0.0,On,0.012577524046939178,0,On,0.006397437741515965,0,On,0.1812597452823811,0.1359448089617858,On,On,17415.9303113141,20.000000000000057,0.8,4751.49537424146,26.39581596111111,1.0507729166666668,1,21116.65276888889,21116.65276888889,Off,0.0,23.888888888888914,0,0.0,0.05,0.0,0.0,0,0,0,11489.55984,Off,0.0,0,80.66670996340548,51.666666666666686,46.10666666666668,0.0,50.03853824288106,0.0,0.0,0.0,126.04173431782105,50.045768228119485,50.049383220738704,50.03853824288106,12.43753247303448,19.98143109367344,0.0,8.470145638329706,-0.992060134825887,-3.3,9.236100170605994,13362.00587072739,-647.6405142790445,-688.8724307252184,-4343.299546076206,-0.0,-0.0,363.7464269757113,0.0,2.0,0.1404236698018827,0.0,0,1.3142266163061442,131.99922844444444,-74.37132148621477,0.1981529135180298,9.295406740893046,0.0028160356591711124,-45.04723930036295,1.2184898728112572,0.350757934232246,-5484.7789819528725,85.64309343236833,0.1464798509995581,-449.130108201453,-239.74232252376538
2025-01-01 22:48:00,1.3452082973677004,0.1794565614432057,0.9006625,0.022420138289461673,0.002990942690720095,0.015011041666666667,0.018206972146354382,0.22622840855467916,1.0507729166666668,0.05,0.0,0.9006625,0.0,0.16487322810987237,0,0.01458333333333334,1,0,0,Off,0,0,Off,0,0,Off,0.0385712255307821,0.028928419148086568,On,0,0,Off,0.005629448099415205,0.0,On,0.012577524046939178,0,On,0.006397437741515965,0,On,0.1812597452823811,0.1359448089617858,On,On,17415.9303113141,20.000000000000057,0.8,4751.49537424146,26.39581596111111,1.0507729166666668,1,21116.65276888889,21116.65276888889,Off,0.0,23.888888888888914,0,0.0,0.05,0.0,0.0,0,0,0,11489.55984,Off,0.0,0,80.19812128642802,51.666666666666686,46.10666666666668,0.0,50.020771358251274,0.0,0.0,0.0,125.30956451004377,50.02901032148611,50.033129803103535,50.020771358251274,12.43753247303448,20.139283559034617,0.0,8.53255754195711,-1.017426055613821,-3.3,9.236100170605994,13305.960378791031,-685.0839823053939,-684.1166943108044,-4391.1189057577,-0.0,-0.0,363.7464269757113,0.0,2.0,0.14101362370589127,0.0,0,1.31974800115626,131.99922844444444,-82.59745374107993,0.1962148337455285,9.366995454651159,0.002815878998808074,-45.61134266657107,1.2178341793490182,0.35119873648210376,-5520.791697219369,84.21234067251504,0.14608999450350943,-443.0116218995313,-241.1050724112732
2025-01-01 22:49:00,0.29443538070103353,0.1794565614432057,0.0,0.004907256345017225,0.002990942690720095,0.0,0.018206972146354382,0.22622840855467916,0.0,0.05,0.0,0.0,0.0,0.16487322810987237,0,0.01458333333333334,1,0,0,Off,0,0,Off,0,0,Off,0.0385712255307821,0.028928419148086568,On,0,0,Off,0.005629448099415205,0.0,On,0.012577524046939178,0,On,0.006397437741515965,0,On,0.1812597452823811,0.1359448089617858,On,Off,0.0,20.000000000000057,0.0,0.0,0.0,0.0,0,0.0,21116.65276888889,Off,0.0,23.888888888888914,0,0.0,0.05,0.0,0.0,0,0,0,11489.55984,Off,0.0,0,79.74257841171982,51.666666666666686,46.10666666666668,0.0,50.00310834141993,0.0,0.0,0.0,124.59777876831222,50.01234976065129,50.016970470266976,50.00310834141993,12.43753247303448,20.29237145582966,0.0,8.59131184629478,-1.0427662672149858,-3.3,9.236100170605994,-4164.353297150814,-5471.91743073222,-679.3564193719571,-4437.693159363777,-0.0,-0.0,363.7464269757113,0.0,2.0,0.14158455533226408,0.0,0,1.3250913563080566,131.99922844444444,-90.406564762748,0.19435510452376661,9.436542240411939,0.0028157202912643684,-46.15342981935891,1.2171989559273664,0.351613200886532,-5554.75273723983,82.83530650761006,0.14569949156740652,-436.9224492450761,-242.43397012688098
2025-01-01 22:50:00,0.29443538070103353,0.1794565614432057,0.0,0.004907256345017225,0.002990942690720095,0.0,0.018206972146354382,0.22622840855467916,0.0,0.05,0.0,0.0,0.0,0.16487322810987237,0,0.01458333333333334,1,0,0,Off,0,0,Off,0,0,Off,0.0385712255307821,0.028928419148086568,On,0,0,Off,0.005629448099415205,0.0,On,0.012577524046939178,0,On,0.006397437741515965,0,On,0.1812597452823811,0.1359448089617858,On,Off,0.0,20.000000000000057,0.0,0.0,0.0,0.0,0,0.0,21116.65276888889,Off,0.0,23.888888888888914,0,0.0,0.05,0.0,0.0,0,0,0,11489.55984,Off,0.0,0,80.148007942571,51.666666666666686,46.10666666666668,0.0,49.98554631420573,0.0,0.0,0.0,125.23126241026718,49.99578383544702,50.000902596067675,49.98554631420573,12.43753247303448,20.12467365315435,0.0,8.475153602388037,-1.0680752231508932,-3.3,9.236100170605994,-4103.6951463374935,-5402.358300762393,-674.5885907522756,-4386.684300586313,-0.0,-0.0,363.7464269757113,0.0,2.0,0.140959074588255,0.0,0,1.3192374753852503,131.99922844444444,-80.75727272689139,0.1963701323216574,9.359908502988919,0.002815559613684651,-45.406692205697176,1.21789508225259,0.35079332487691184,-5487.666283543267,85.30798278087423,0.14530842279789682,-430.8639252488817,-243.72466550339402
2025-01-01 22:51:00,0.29443538070103353,0.1794565614432057,0.0,0.004907256345017225,0.002990942690720095,0.0,0.018206972146354382,0.22622840855467916,0.0,0.05,0.0,0.0,0.0,0.16487322810987237,0,0.01458333333333334,1,0,0,Off,0,0,Off,0,0,Off,0.0385712255307821,0.028928419148086568,On,0,0,Off,0.005629448099415205,0.0,On,0.012577524046939178,0,On,0.006397437741515965,0,On,0.1812597452823811,0.1359448089617858,On,Off,0.0,20.000000000000057,0.0,0.0,0.0,0.0,0,0.0,21116.65276888889,Off,0.0,23.888888888888914,0,0.0,0.05,0.0,0.0,0,0,0,11489.55984,Off,0.0,0,80.53807239369749,51.666666666666686,46.10666666666668,0.0,49.967895594468914,0.0,0.0,0.0,125.84073811515233,49.97913368528518,49.984752730693316,49.967895594468914,12.43753247303448,19.96261798624239,0.0,8.36582839487259,-1.0933465166102894,-3.3,9.236100170605994,-4046.272653242101,-5337.405539634255,-669.8113161654601,-4337.614224006858,-0.0,-0.0,363.7464269757113,0.0,2.0,0.14035327282210064,0.0,0,1.3135677702250832,131.99922844444444,-72.4048562109542,0.1983395531691698,9.286132555333765,0.002815401626135962,-44.68299372289082,1.2185685464381413,0.3500199239546745,-5424.730172307622,87.32463267336719,0.14491688301195654,-424.8375697109902,-244.97374645446988
2025-01-01 22:52:00,0.29443538070103353,0.1794565614432057,0.0,0.004907256345017225,0.002990942690720095,0.0,0.018206972146354382,0.22622840855467916,0.0,0.05,0.0,0.0,0.0,0.16487322810987237,0,0.01458333333333334,1,0,0,Off,0,0,Off,0,0,Off,0.0385712255307821,0.028928419148086568,On,0,0,Off,0.005629448099415205,0.0,On,0.012577524046939178,0,On,0.006397437741515965,0,On,0.1812597452823811,0.1359448089617858,On,Off,0.0,20.000000000000057,0.0,0.0,0.0,0.0,0,0.0,21116.65276888889,Off,0.0,23.888888888888914,0,0.0,0.05,0.0,0.0,0,0,0,11489.55984,Off,0.0,0,80.91388905533726,51.666666666666686,46.10666666666668,0.0,49.95015957005166,0.0,0.0,0.0,126.42795164896447,49.96240250214633,49.96852396819368,49.95015957005166,12.43753247303448,19.805791243974067,0.0,8.262749867562457,-1.1185730940839504,-3.3,9.236100170605994,-3990.717002735192,-5276.31429707676,-665.0236362108071,-4290.336271343461,-0.0,-0.0,363.7464269757113,0.0,2.0,0.13976572973450496,0.0,0,1.308068948231367,131.99922844444444,-64.12715836744258,0.20026645212962194,9.213588006484674,0.0028152462425389386,-43.980722522679834,1.2192209917238708,0.3492891455193603,-5365.571814006874,89.25751693011333,0.144524978109102,-418.84503251365174,-246.1786036971554
2025-01-01 22:53:00,0.29443538070103353,0.1794565614432057,0.0,0.004907256345017225,0.002990942690720095,0.0,0.018206972146354382,0.22622840855467916,0.0,0.05,0.0,0.0,0.0,0.16487322810987237,0,0.01458333333333334,1,0,0,Off,0,0,Off,0,0,Off,0.0385712255307821,0.028928419148086568,On,0,0,Off,0.005629448099415205,0.0,On,0.012577524046939178,0,On,0.006397437741515965,0,On,0.1812597452823811,0.1359448089617858,On,Off,0.0,20.000000000000057,0.0,0.0,0.0,0.0,0,0.0,21116.65276888889,Off,0.0,23.888888888888914,0,0.0,0.05,0.0,0.0,0,0,0,11489.55984,Off,0.0,0,81.27630978240346,51.666666666666686,46.10666666666668,0.0,49.932341382526246,0.0,0.0,0.0,126.9942340350054,49.94559324590237,49.952219177590436,49.932341382526246,12.43753247303448,19.653878909247705,0.0,8.165436158977693,-1.143747436998818,-3.3,9.236100170605994,-3937.1401624831187,-5218.815007722088,-660.2253620910143,-4244.736140254005,-0.0,-0.0,363.7464269757113,0.0,2.0,0.13919538013075955,0.0,0,1.3027310402355183,131.99922844444444,-56.15044920482549,0.2021529213160772,9.144245992313024,0.0028150933829102407,-43.29865553565353,1.2198536597529819,0.3485978311111033,-5309.88423201849,91.06922429640262,0.14413282239167816,-412.8880476422612,-247.33731444875306
2025-01-01 22:54:00,0.29443538070103353,0.1794565614432057,0.0,0.004907256345017225,0.002990942690720095,0.0,0.018206972146354382,0.22622840855467916,0.0,0.05,0.0,0.0,0.0,0.16487322810987237,0,0.01458333333333334,1,0,0,Off,0,0,Off,0,0,Off,0.0385712255307821,0.028928419148086568,On,0,0,Off,0.005629448099415205,0.0,On,0.012577524046939178,0,On,0.006397437741515965,0,On,0.1812597452823811,0.1359448089617858,On,Off,0.0,20.000000000000057,0.0,0.0,0.0,0.0,0,0.0,21116.65276888889,Off,0.0,23.888888888888914,0,0.0,0.05,0.0,0.0,0,0,0,11489.55984,Off,0.0,0,81.62606236035843,51.666666666666686,46.10666666666668,0.0,49.91444398568119,0.0,0.0,0.0,127.54072243806004,49.92870869945865,49.93584105634739,49.91444398568119,12.43753247303448,19.506612527755376,0.0,8.073470142090795,-1.168861715509685,-3.3,9.236100170605994,-3885.4897695307545,-5164.639051373922,-655.4169360840722,-4200.7154185734935,-0.0,-0.0,363.7464269757113,0.0,2.0,0.13864132020935957,0.0,0,1.2975455875496593,131.99922844444444,-48.52077793297249,0.20400065537221945,9.076560900791977,0.0028149429719271403,-42.63574869442488,1.2204676074465555,0.3479432441894636,-5257.402068432245,92.76301705832367,0.14374053627631384,-406.96839476222203,-248.44854132185014
2025-01-01 22:55:00,0.29443538070103353,0.1794565614432057,0.0,0.004907256345017225,0.002990942690720095,0.0,0.018206972146354382,0.22622840855467916,0.0,0.05,0.0,0.0,0.0,0.16487322810987237,0,0.01458333333333334,1,0,0,Off,0,0,Off,0,0,Off,0.0385712255307821,0.028928419148086568,On,0,0,Off,0.005629448099415205,0.0,On,0.012577524046939178,0,On,0.006397437741515965,0,On,0.1812597452823811,0.1359448089617858,On,Off,0.0,20.000000000000057,0.0,0.0,0.0,0.0,0,0.0,21116.65276888889,Off,0.0,23.888888888888914,0,0.0,0.05,0.0,0.0,0,0,0,11489.55984,Off,0.0,0,81.96378418879506,51.666666666666686,46.10666666666668,0.0,49.896470172861406,0.0,0.0,0.0,128.06841279499227,49.91175149452857,49.91939215536216,49.896470172861406,12.43753247303448,19.363757180153232,-0.1362428198468244,7.986484615131304,-1.1939079181401206,-3.3,9.236100170605994,-3835.7023813069786,-5113.550941579919,-650.5993116904002,-4158.187474210061,-0.0,-0.0,363.7464269757113,0.0,2.0,0.1381027625082788,0.0,0,1.2925052203083278,131.99922844444444,-41.26133407262901,0.205811077126832,9.010425881011045,0.0028147949382563444,-41.991087710666854,1.2210637579711165,0.3473229716555196,-5207.89228859971,94.3413470197908,0.1433482443458218,-401.08786731638975,-249.51144437401044
2025-01-01 22:56:00,0.29443538070103353,0.1794565614432057,0.0,0.004907256345017225,0.002990942690720095,0.0,0.018206972146354382,0.22622840855467916,0.0,0.05,0.0,0.0,0.0,0.16487322810987237,0,0.01458333333333334,1,0,0,Off,0,0,Off,0,0,Off,0.0385712255307821,0.028928419148086568,On,0,0,Off,0.005629448099415205,0.0,On,0.012577524046939178,0,On,0.006397437741515965,0,On,0.1812597452823811,0.1359448089617858,On,Off,0.0,20.000000000000057,0.0,0.0,0.0,0.0,0,0.0,21116.65276888889,Off,0.0,23.888888888888914,0,0.0,0.05,0.0,0.0,0,0,0,11489.55984,Off,0.0,0,82.29004773422614,51.666666666666686,46.10666666666668,0.0,49.878422596886644,0.0,0.0,0.0,128.57819958472834,49.894724130410495,49.90287489717243,49.878422596886644,12.43753247303448,19.22510201471855,-0.27489798528150544,7.90415103742809,-1.2188779604992288,-3.3,9.236100170605994,-3787.703864215796,-5065.338745021196,-645.7738509208444,-4117.074367569769,-0.0,-0.0,363.7464269757113,0.0,2.0,0.137579001733474,0.0,0,1.2876033376570857,131.99922844444444,-34.37592362173831,0.20758543472652252,8.946434457089648,0.002814649214064585,-41.363850771601086,1.221642939317074,0.3467348488582306,-5161.147120964167,95.80837594297077,0.14295607369712723,-395.2482462406671,-250.52560468017734
2025-01-01 22:57:00,1.3452082973677004,0.1794565614432057,0.9006625,0.022420138289461673,0.002990942690720095,0.015011041666666667,0.018206972146354382,0.22622840855467916,1.0507729166666668,0.05,0.0,0.9006625,0.0,0.16487322810987237,0,0.01458333333333334,1,0,0,Off,0,0,Off,0,0,Off,0.0385712255307821,0.028928419148086568,On,0,0,Off,0.005629448099415205,0.0,On,0.012577524046939178,0,On,0.006397437741515965,0,On,0.1812597452823811,0.1359448089617858,On,On,17415.9303113141,20.000000000000057,0.8,4751.49537424146,26.39581596111111,1.0507729166666668,1,21116.65276888889,21116.65276888889,Off,0.0,23.888888888888914,0,0.0,0.05,0.0,0.0,0,0,0,11489.55984,Off,0.0,0,82.60537632794674,51.666666666666686,46.10666666666668,0.0,49.86030378436181,0.0,0.0,0.0,129.07090051241678,49.877628987477166,49.88629158903485,49.86030378436181,12.43753247303448,19.09045437302391,-0.40954562697614705,7.826171786935674,-1.243763775893285,-3.3,9.236100170605994,13674.513675706225,-268.31474741272723,-640.942236493052,-4077.304908182346,-0.0,-0.0,363.7464269757113,0.0,2.0,0.1370693936948277,0.0,0,1.2828339106137856,131.99922844444444,-27.858154401239318,0.20932485996610645,8.883803554020593,0.0028145057346667165,-40.75328547623136,1.2222059081403434,0.3461769084641062,-5116.97915298057,97.16903132638284,0.1425641525463482,-389.4512785114514,-251.49095798160062
2025-01-01 22:58:00,1.3452082973677004,0.1794565614432057,0.9006625,0.022420138289461673,0.002990942690720095,0.015011041666666667,0.018206972146354382,0.22622840855467916,1.0507729166666668,0.05,0.0,0.9006625,0.0,0.16487322810987237,0,0.01458333333333334,1,0,0,Off,0,0,Off,0,0,Off,0.0385712255307821,0.028928419148086568,On,0,0,Off,0.005629448099415205,0.0,On,0.012577524046939178,0,On,0.006397437741515965,0,On,0.1812597452823811,0.1359448089617858,On,On,17415.9303113141,20.000000000000057,0.8,4751.49537424146,26.39581596111111,1.0507729166666668,1,21116.65276888889,21116.65276888889,Off,0.0,23.888888888888914,0,0.0,0.05,0.0,0.0,0,0,0,11489.55984,Off,0.0,0,82.06176697094892,51.666666666666686,46.10666666666668,0.0,49.84211614650637,0.0,0.0,0.0,128.2215108921077,49.86046833738314,49.869644432821524,49.84211614650637,12.43753247303448,19.275863418942574,-0.2241365810574827,7.923768068104397,-1.2685573902896428,-3.3,9.236100170605994,13608.86891666595,-326.055152470095,-636.1063971309286,-4132.106982555273,-0.0,-0.0,363.7464269757113,0.0,2.0,0.13777086868251454,0.0,0,1.2893990224698688,131.99922844444444,-38.70083906858781,0.206909108393442,8.969386934045433,0.002814364438259193,-41.44258473716301,1.221431087557648,0.34687506714508126,-5172.274430343519,94.72390363196386,0.14217260905708617,-383.69865984120366,-252.407737289725
2025-01-01 22:59:00,1.3452082973677004,0.1794565614432057,0.9006625,0.022420138289461673,0.002990942690720095,0.015011041666666667,0.018206972146354382,0.22622840855467916,1.0507729166666668,0.05,0.0,0.9006625,0.0,0.16487322810987237,0,0.01458333333333334,1,0,0,Off,0,0,Off,0,0,Off,0.0385712255307821,0.028928419148086568,On,0,0,Off,0.005629448099415205,0.0,On,0.012577524046939178,0,On,0.006397437741515965,0,On,0.1812597452823811,0.1359448089617858,On,On,17415.9303113141,20.000000000000057,0.8,4751.49537424146,26.39581596111111,1.0507729166666668,1,21116.65276888889,21116.65276888889,Off,0.0,23.888888888888914,0,0.0,0.05,0.0,0.0,0,0,0,11489.55984,Off,0.0,0,81.5353348760676,51.666666666666686,46.10666666666668,0.0,49.824048915346616,0.0,0.0,0.0,127.39896074385561,49.843420618073736,49.8531064694373,49.824048915346616,12.43753247303448,19.454983733703244,-0.045016266296812546,8.015238898713436,-1.2932509836838177,-3.3,9.236100170605994,13546.152916534069,-380.08365504964604,-631.2684456331724,-4185.325740005481,-0.0,-0.0,363.7464269757113,0.0,2.0,0.1384468068609905,0.0,0,1.2957251350574686,131.99922844444444,-48.198081750260954,0.20460446979209898,9.05199292340971,0.0028142206608224307,-42.10276161533219,1.220683485347091,0.3475281339169424,-5224.244418534012,92.6653892429058,0.1417815703637392,-377.9920209487087,-253.27642468446373
2025-01-01 23:00:00,1.3416737083512476,0.17748416922856342,0.9006625,0.022361228472520794,0.0029580694871427235,0.015011041666666667,0.017302239416091224,0.22359855226848946,1.0507729166666668,0.05,0.0,0.9006625,0.0,0.16290083589523008,0,0.01458333333333334,1,0,0,Off,0,0,Off,0,0,Off,0.03594136924459241,0.0269560269334443,On,0,0,Off,0.004724715369152047,0.0,On,0.012577524046939178,0,On,0.006397437741515965,0,On,0.1812597452823811,0.1359448089617858,On,On,17415.9303113141,20.000000000000057,0.8,4751.49537424146,26.39581596111111,1.0507729166666668,1,21116.65276888889,21116.65276888889,Off,0.0,23.888888888888914,0,0.0,0.05,0.0,0.0,0,0,0,11489.55984,Off,0.0,0,81.02491678698726,51.666666666666686,46.10666666666668,0.0,49.80609830191236,0.0,0.0,0.0,126.6014324796676,49.82648226110103,49.836674240695366,49.80609830191236,12.43753247303448,19.628245282568532,0.0,8.101120855290729,-1.3178369396260348,-3.3,9.236100170605994,13481.507853548032,-430.96031915126514,-626.4306267779406,-4237.060671605304,-0.0,-0.0,360.21183795925845,0.0,2.0,0.13909902067845084,0.0,0,1.3018292110984828,131.99922844444444,-57.57362412001932,0.2024021064252329,9.131182768425294,0.0028140745035646533,-42.73582258166815,1.2199612117027365,0.3481401831867467,-5273.166619499122,90.71092610639694,0.14139116176575425,-372.33291691220694,-254.09770986573363
2025-01-01 23:01:00,1.3416737083512476,0.17748416922856342,0.9006625,0.022361228472520794,0.0029580694871427235,0.015011041666666667,0.017302239416091224,0.22359855226848946,1.0507729166666668,0.05,0.0,0.9006625,0.0,0.16290083589523008,0,0.01458333333333334,1,0,0,Off,0,0,Off,0,0,Off,0.03594136924459241,0.0269560269334443,On,0,0,Off,0.004724715369152047,0.0,On,0.012577524046939178,0,On,0.006397437741515965,0,On,0.1812597452823811,0.1359448089617858,On,On,17415.9303113141,20.000000000000057,0.8,4751.49537424146,26.39581596111111,1.0507729166666668,1,21116.65276888889,21116.65276888889,Off,0.0,23.888888888888914,0,0.0,0.05,0.0,0.0,0,0,0,11489.55984,Off,0.0,0,80.52978891988793,51.666666666666686,46.10666666666668,0.0,49.78826077364543,0.0,0.0,0.0,125.8277951873249,49.809649939674884,49.820344522689616,49.78826077364543,12.43753247303448,19.795914483482377,0.0,8.181853367698679,-1.3423078847266605,-3.3,9.236100170605994,13422.177354785134,-478.9106363007613,-621.702182945454,-4287.365648642958,-0.0,-0.0,360.21183795925845,0.0,2.0,0.13972868431831126,0.0,0,1.3077222397879644,131.99922844444444,-66.59914584526332,0.20029565582649733,9.207818469119566,0.0028139260608400288,-43.343086178949086,1.2192630694257378,0.3487145546964517,-5319.2678796577375,88.8618691155158,0.14100150606722656,-366.722819111197,-254.97936383425693
2025-01-01 23:02:00,1.3416737083512476,0.17748416922856342,0.9006625,0.022361228472520794,0.0029580694871427235,0.015011041666666667,0.017302239416091224,0.22359855226848946,1.0507729166666668,0.05,0.0,0.9006625,0.0,0.16290083589523008,0,0.01458333333333334,1,0,0,Off,0,0,Off,0,0,Off,0.03594136924459241,0.0269560269334443,On,0,0,Off,0.004724715369152047,0.0,On,0.012577524046939178,0,On,0.006397437741515965,0,On,0.1812597452823811,0.1359448089617858,On,On,17415.9303113141,20.000000000000057,0.8,4751.49537424146,26.39581596111111,1.0507729166666668,1,21116.65276888889,21116.65276888889,Off,0.0,23.888888888888914,0,0.0,0.05,0.0,0.0,0,0,0,11489.55984,Off,0.0,0,80.0490029731503,51.666666666666686,46.10666666666668,0.0,49.77053295757165,0.0,0.0,0.0,125.07656714554733,49.792920477365875,49.804114237262986,49.77053295757165,12.43753247303448,19.958341581805797,0.0,8.257813582370572,-1.3666607579767984,-3.3,9.236100170605994,13364.585647529088,-524.1259077576296,-616.7490524110896,-4336.32230663556,-0.0,-0.0,360.21183795925845,0.0,2.0,0.14033726835275506,0.0,0,1.3134179842265867,131.99922844444444,-75.23419510870866,0.19827803890997345,9.282115588159805,0.0028137754225823555,-43.92618568243922,1.218587520942753,0.3492541112054387,-5362.7432365493605,87.12195455027121,0.14061265847068113,-361.1621891088917,-255.58686330219786
2025-01-01 23:03:00,1.3416737083512476,0.17748416922856342,0.9006625,0.022361228472520794,0.0029580694871427235,0.015011041666666667,0.017302239416091224,0.22359855226848946,1.0507729166666668,0.05,0.0,0.9006625,0.0,0.16290083589523008,0,0.01458333333333334,1,0,0,Off,0,0,Off,0,0,Off,0.03594136924459241,0.0269560269334443,On,0,0,Off,0.004724715369152047,0.0,On,0.012577524046939178,0,On,0.006397437741515965,0,On,0.1812597452823811,0.1359448089617858,On,On,17415.9303113141,20.000000000000057,0.8,4751.49537424146,26.39581596111111,1.0507729166666668,1,21116.65276888889,21116.65276888889,Off,0.0,23.888888888888914,0,0.0,0.05,0.0,0.0,0,0,0,11489.55984,Off,0.0,0,79.58188015954646,51.666666666666686,46.10666666666668,0.0,49.75291168975778,0.0,0.0,0.0,124.34668774929135,49.77629089474712,49.787980497241804,49.75291168975778,12.43753247303448,20.115776573449452,0.0,8.329332399551808,-1.390879971299314,-3.3,9.236100170605994,13308.700501755808,-566.7798861166057,-612.0370476609016,-4383.984604396724,-0.0,-0.0,360.21183795925845,0.0,2.0,0.1409258501509141,0.0,0,1.3189265275234916,131.99922844444444,-83.45704312082425,0.1963437288180425,9.35351774193129,0.0028136226731381394,-44.486329972436074,1.2179334541899758,0.34976135905503775,-5403.764367417905,85.48910705983931,0.14022487563063596,-355.6543203747222,-256.3827272861795
2025-01-01 23:04:00,0.29090079168458066,0.17748416922856342,0.0,0.004848346528076345,0.0029580694871427235,0.0,0.017302239416091224,0.22359855226848946,0.0,0.05,0.0,0.0,0.0,0.16290083589523008,0,0.01458333333333334,1,0,0,Off,0,0,Off,0,0,Off,0.03594136924459241,0.0269560269334443,On,0,0,Off,0.004724715369152047,0.0,On,0.012577524046939178,0,On,0.006397437741515965,0,On,0.1812597452823811,0.1359448089617858,On,Off,0.0,20.000000000000057,0.0,0.0,0.0,0.0,0,0.0,21116.65276888889,Off,0.0,23.888888888888914,0,0.0,0.05,0.0,0.0,0,0,0,11489.55984,Off,0.0,0,79.12780747099806,51.666666666666686,46.10666666666668,0.0,49.735393955928096,0.0,0.0,0.0,123.63719917343447,49.75975835340476,49.77194055214311,49.735393955928096,12.43753247303448,20.26844508005808,0.0,8.396705205236907,-1.4149680116728858,-3.3,9.236100170605994,-4161.4549157219435,-5358.524994938671,-607.1124799456803,-4430.4011342408885,-0.0,-0.0,360.21183795925845,0.0,2.0,0.14149540193953172,0.0,0,1.3242569687590902,131.99922844444444,-91.26561944031354,0.1944877472222538,9.422876295434271,0.0028134678927643772,-45.02461299200332,1.2172998651127278,0.35023852928592636,-5442.485195221829,83.96020028315807,0.1398381264197883,-350.198363574234,-256.9141163714463
2025-01-01 23:05:00,0.29090079168458066,0.17748416922856342,0.0,0.004848346528076345,0.0029580694871427235,0.0,0.017302239416091224,0.22359855226848946,0.0,0.05,0.0,0.0,0.0,0.16290083589523008,0,0.01458333333333334,1,0,0,Off,0,0,Off,0,0,Off,0.03594136924459241,0.0269560269334443,On,0,0,Off,0.004724715369152047,0.0,On,0.012577524046939178,0,On,0.006397437741515965,0,On,0.1812597452823811,0.1359448089617858,On,Off,0.0,20.000000000000057,0.0,0.0,0.0,0.0,0,0.0,21116.65276888889,Off,0.0,23.888888888888914,0,0.0,0.05,0.0,0.0,0,0,0,11489.55984,Off,0.0,0,79.53470926370068,51.666666666666686,46.10666666666668,0.0,49.717976876967384,0.0,0.0,0.0,124.27298322453231,49.743320142272765,49.755991774925455,49.717976876967384,12.43753247303448,20.100326807286766,0.0,8.288705955505838,-1.4389102049937896,-3.3,9.236100170605994,-4100.705525126807,-5294.185891605546,-602.4084905434232,-4379.298153051577,-0.0,-0.0,360.21183795925845,0.0,2.0,0.140868146347735,0.0,0,1.318386477016999,131.99922844444444,-81.61921003448833,0.19650990611478933,9.346703446806416,0.0028133111580175645,-44.28239069601805,1.2179978494388555,0.3494733059644561,-5380.451775695912,86.26588409036621,0.13945265601841975,-344.79734210426284,-257.6111484391604
2025-01-01 23:06:00,0.29090079168458066,0.17748416922856342,0.0,0.004848346528076345,0.0029580694871427235,0.0,0.017302239416091224,0.22359855226848946,0.0,0.05,0.0,0.0,0.0,0.16290083589523008,0,0.01458333333333334,1,0,0,Off,0,0,Off,0,0,Off,0.03594136924459241,0.0269560269334443,On,0,0,Off,0.004724715369152047,0.0,On,0.012577524046939178,0,On,0.006397437741515965,0,On,0.1812597452823811,0.1359448089617858,On,Off,0.0,20.000000000000057,0.0,0.0,0.0,0.0,0,0.0,21116.65276888889,Off,0.0,23.888888888888914,0,0.0,0.05,0.0,0.0,0,0,0,11489.55984,Off,0.0,0,79.92624966423436,51.666666666666686,46.10666666666668,0.0,49.70047077029705,0.0,0.0,0.0,124.8847651003662,49.726797400331776,49.73996071534914,49.70047077029705,12.43753247303448,19.937848989188836,0.0,8.187086076945524,-1.4627087319254912,-3.3,9.236100170605994,-4043.192809356863,-5234.128262495166,-597.5242280628987,-4330.133539491072,-0.0,-0.0,360.21183795925845,0.0,2.0,0.1402605616184431,0.0,0,1.3127000850859012,131.99922844444444,-73.27110782504994,0.19848656296945236,9.271956866478975,0.0028131570953512223,-43.563032569682925,1.2186731788282765,0.3487517501665086,-5322.25970434364,88.13144184847393,0.1390684398059223,-339.45044688177944,-258.0737811811193
2025-01-01 23:07:00,0.29090079168458066,0.17748416922856342,0.0,0.004848346528076345,0.0029580694871427235,0.0,0.017302239416091224,0.22359855226848946,0.0,0.05,0.0,0.0,0.0,0.16290083589523008,0,0.01458333333333334,1,0,0,Off,0,0,Off,0,0,Off,0.03594136924459241,0.0269560269334443,On,0,0,Off,0.004724715369152047,0.0,On,0.012577524046939178,0,On,0.006397437741515965,0,On,0.1812597452823811,0.1359448089617858,On,Off,0.0,20.000000000000057,0.0,0.0,0.0,0.0,0,0.0,21116.65276888889,Off,0.0,23.888888888888914,0,0.0,0.05,0.0,0.0,0,0,0,11489.55984,Off,0.0,0,80.30354469829352,51.666666666666686,46.10666666666668,0.0,49.68287902296532,0.0,0.0,0.0,125.47428859108362,49.71019331879632,49.72385046671183,49.68287902296532,12.43753247303448,19.780598885187715,0.0,8.091287455515875,-1.4863506513542384,-3.3,9.236100170605994,-3987.547488149845,-5177.635510452829,-592.837957294068,-4282.76080764837,-0.0,-0.0,360.21183795925845,0.0,2.0,0.13967122906738605,0.0,0,1.3071845154846544,131.99922844444444,-64.998518460733,0.2004207963704111,9.199863414186684,0.0028130056193876544,-42.86493996881891,1.2193274946711015,0.3480701587048498,-5267.558820903294,89.9233104504644,0.13868569800062375,-334.1602539210473,-258.67770337302073
2025-01-01 23:08:00,0.29090079168458066,0.17748416922856342,0.0,0.004848346528076345,0.0029580694871427235,0.0,0.017302239416091224,0.22359855226848946,0.0,0.05,0.0,0.0,0.0,0.16290083589523008,0,0.01458333333333334,1,0,0,Off,0,0,Off,0,0,Off,0.03594136924459241,0.0269560269334443,On,0,0,Off,0.004724715369152047,0.0,On,0.012577524046939178,0,On,0.006397437741515965,0,On,0.1812597452823811,0.1359448089617858,On,Off,0.0,20.000000000000057,0.0,0.0,0.0,0.0,0,0.0,21116.65276888889,Off,0.0,23.888888888888914,0,0.0,0.05,0.0,0.0,0,0,0,11489.55984,Off,0.0,0,80.66744518972904,51.666666666666686,46.10666666666668,0.0,49.665204776029114,0.0,0.0,0.0,126.04288310895163,49.693510857034916,49.70766389753782,49.665204776029114,12.43753247303448,19.62826236193906,0.0,8.000854352154658,-1.509837783225086,-3.3,9.236100170605994,-3933.8814744929896,-5124.458427554087,-588.0020970161916,-4237.065783840008,-0.0,-0.0,360.21183795925845,0.0,2.0,0.13909908489303455,0.0,0,1.3018298120834535,131.99922844444444,-57.02752861224013,0.20231469216913067,9.129560319591398,0.002812856650791518,-42.18690010597991,1.2199620370614026,0.3474255150971869,-5216.062410612217,91.60398305812933,0.13830441325799217,-328.92600974880366,-259.07608726738783
2025-01-01 23:09:00,0.29090079168458066,0.17748416922856342,0.0,0.004848346528076345,0.0029580694871427235,0.0,0.017302239416091224,0.22359855226848946,0.0,0.05,0.0,0.0,0.0,0.16290083589523008,0,0.01458333333333334,1,0,0,Off,0,0,Off,0,0,Off,0.03594136924459241,0.0269560269334443,On,0,0,Off,0.004724715369152047,0.0,On,0.012577524046939178,0,On,0.006397437741515965,0,On,0.1812597452823811,0.1359448089617858,On,Off,0.0,20.000000000000057,0.0,0.0,0.0,0.0,0,0.0,21116.65276888889,Off,0.0,23.888888888888914,0,0.0,0.05,0.0,0.0,0,0,0,11489.55984,Off,0.0,0,81.018678046946,51.666666666666686,46.10666666666668,0.0,49.64745098298878,0.0,0.0,0.0,126.5916844483531,49.67675279766377,49.69140370500126,49.64745098298878,12.43753247303448,19.48057129173475,-0.019428708265305517,7.915393991870329,-1.5331588732987607,-3.3,9.236100170605994,-3882.142362925065,-5074.34766798292,-583.3430407501053,-4192.950160000805,-0.0,-0.0,360.21183795925845,0.0,2.0,0.13854322651524378,0.0,0,1.296627527625142,131.99922844444444,-49.40404088351798,0.2041699391117882,9.06162029069562,0.0028127101148462588,-41.527877758949394,1.2205778615836334,0.346815217996487,-5167.523637522005,93.1759695390844,0.1379247811162062,-323.7498639189447,-259.59317683116063
2025-01-01 23:10:00,0.29090079168458066,0.17748416922856342,0.0,0.004848346528076345,0.0029580694871427235,0.0,0.017302239416091224,0.22359855226848946,0.0,0.05,0.0,0.0,0.0,0.16290083589523008,0,0.01458333333333334,1,0,0,Off,0,0,Off,0,0,Off,0.03594136924459241,0.0269560269334443,On,0,0,Off,0.004724715369152047,0.0,On,0.012577524046939178,0,On,0.006397437741515965,0,On,0.1812597452823811,0.1359448089617858,On,Off,0.0,20.000000000000057,0.0,0.0,0.0,0.0,0,0.0,21116.65276888889,Off,0.0,23.888888888888914,0,0.0,0.05,0.0,0.0,0,0,0,11489.55984,Off,0.0,0,81.3578798874162,51.666666666666686,46.10666666666668,0.0,49.62962043709426,0.0,0.0,0.0,127.12168732408782,49.65992177228927,49.67507243988679,49.62962043709426,12.43753247303448,19.33729104662994,-0.16270895337011737,7.834561878030553,-1.5563154408097273,-3.3,9.236100170605994,-3832.266709488811,-5027.085350341784,-578.6217776298546,-4150.32739249305,-0.0,-0.0,360.21183795925845,0.0,2.0,0.13800286759062735,0.0,0,1.2915703027136198,131.99922844444444,-42.15115495501993,0.2059879543283018,8.995230904669254,0.00281256594078879,-40.886966461505786,1.2211758901967795,0.34623698260695945,-5121.726445165185,94.64109482340191,0.1375467904259744,-318.63110815157427,-259.9906694782803
2025-01-01 23:11:00,1.3416737083512476,0.17748416922856342,0.9006625,0.022361228472520794,0.0029580694871427235,0.015011041666666667,0.017302239416091224,0.22359855226848946,1.0507729166666668,0.05,0.0,0.9006625,0.0,0.16290083589523008,0,0.01458333333333334,1,0,0,Off,0,0,Off,0,0,Off,0.03594136924459241,0.0269560269334443,On,0,0,Off,0.004724715369152047,0.0,On,0.012577524046939178,0,On,0.006397437741515965,0,On,0.1812597452823811,0.1359448089617858,On,On,17415.9303113141,20.000000000000057,0.8,4751.49537424146,26.39581596111111,1.0507729166666668,1,21116.65276888889,21116.65276888889,Off,0.0,23.888888888888914,0,0.0,0.05,0.0,0.0,0,0,0,11489.55984,Off,0.0,0,81.6856224569943,51.666666666666686,46.10666666666668,0.0,49.61171579124266,0.0,0.0,0.0,127.63378508905357,49.643020280265354,49.658672524776705,49.61171579124266,12.43753247303448,19.198211043507463,-0.30178895649259374,7.75805066008952,-1.5793000573418365,-3.3,9.236100170605994,13631.749911865923,-230.98036560636683,-573.8806037586561,-4109.119620026002,-0.0,-0.0,360.21183795925845,0.0,2.0,0.13747730387729648,0.0,0,1.2866515463415735,131.99922844444444,-35.27261738143096,0.2077699803972306,8.930985304759966,0.0028124240613242816,-40.26335149552586,1.2217569497672343,0.34568876585539826,-5078.4786701310095,96.00293028318244,0.13717057651264644,-313.5710061641587,-260.3095975944974
2025-01-01 23:12:00,1.3416737083512476,0.17748416922856342,0.9006625,0.022361228472520794,0.0029580694871427235,0.015011041666666667,0.017302239416091224,0.22359855226848946,1.0507729166666668,0.05,0.0,0.9006625,0.0,0.16290083589523008,0,0.01458333333333334,1,0,0,Off,0,0,Off,0,0,Off,0.03594136924459241,0.0269560269334443,On,0,0,Off,0.004724715369152047,0.0,On,0.012577524046939178,0,On,0.006397437741515965,0,On,0.1812597452823811,0.1359448089617858,On,On,17415.9303113141,20.000000000000057,0.8,4751.49537424146,26.39581596111111,1.0507729166666668,1,21116.65276888889,21116.65276888889,Off,0.0,23.888888888888914,0,0.0,0.05,0.0,0.0,0,0,0,11489.55984,Off,0.0,0,81.15394096108679,51.666666666666686,46.10666666666668,0.0,49.59373957227496,0.0,0.0,0.0,126.8030327516981,49.62605070216995,49.642206267117444,49.59373957227496,12.43753247303448,19.379366316752968,-0.1206336832470889,7.857075901254907,-1.602107240611816,-3.3,9.236100170605994,13567.545860366114,-289.43702733807095,-569.2767410566823,-4162.825942636883,-0.0,-0.0,360.21183795925845,0.0,2.0,0.1381616608455523,0.0,0,1.2930564504720898,131.99922844444444,-45.7703462703594,0.20542864708656383,9.014810836331122,0.0028122844122772652,-40.93023222240752,1.2210004526734233,0.34639813445184997,-5134.471214207823,93.53881262829199,0.13679624413898098,-308.5703700103519,-260.7063710463305
2025-01-01 23:13:00,1.3416737083512476,0.17748416922856342,0.9006625,0.022361228472520794,0.0029580694871427235,0.015011041666666667,0.017302239416091224,0.22359855226848946,1.0507729166666668,0.05,0.0,0.9006625,0.0,0.16290083589523008,0,0.01458333333333334,1,0,0,Off,0,0,Off,0,0,Off,0.03594136924459241,0.0269560269334443,On,0,0,Off,0.004724715369152047,0.0,On,0.012577524046939178,0,On,0.006397437741515965,0,On,0.1812597452823811,0.1359448089617858,On,On,17415.9303113141,20.000000000000057,0.8,4751.49537424146,26.39581596111111,1.0507729166666668,1,21116.65276888889,21116.65276888889,Off,0.0,23.888888888888914,0,0.0,0.05,0.0,0.0,0,0,0,11489.55984,Off,0.0,0,80.63899570088752,51.666666666666686,46.10666666666668,0.0,49.57588111941808,0.0,0.0,0.0,125.99843078263675,49.6091915769351,49.62584680569361,49.57588111941808,12.43753247303448,19.554394744563986,0.0,7.949939730394222,-1.6247377425241396,-3.3,9.236100170605994,13506.22656886716,-344.1216637172929,-564.637204215563,-4214.978466894866,-0.0,-0.0,360.21183795925845,0.0,2.0,0.13882121610650605,0.0,0,1.2992292351606907,131.99922844444444,-54.93711351133064,0.20319410227629525,9.095069978049832,0.002812142362271478,-41.569001394878406,1.2202704357097918,0.3470620483137862,-5187.129765117532,91.51272715877887,0.13642379640164418,-303.62863455568805,-261.0085696598749
2025-01-01 23:14:00,1.3416737083512476,0.17748416922856342,0.9006625,0.022361228472520794,0.0029580694871427235,0.015011041666666667,0.017302239416091224,0.22359855226848946,1.0507729166666668,0.05,0.0,0.9006625,0.0,0.16290083589523008,0,0.01458333333333334,1,0,0,Off,0,0,Off,0,0,Off,0.03594136924459241,0.0269560269334443,On,0,0,Off,0.004724715369152047,0.0,On,0.012577524046939178,0,On,0.006397437741515965,0,On,0.1812597452823811,0.1359448089617858,On,On,17415.9303113141,20.000000000000057,0.8,4751.49537424146,26.39581596111111,1.0507729166666668,1,21116.65276888889,21116.65276888889,Off,0.0,23.888888888888914,0,0.0,0.05,0.0,0.0,0,0,0,11489.55984,Off,0.0,0,80.13964829021013,51.666666666666686,46.10666666666668,0.0,49.55813674096527,0.0,0.0,0.0,125.21820045345333,49.59243942773281,49.609590771116586,49.55813674096527,12.43753247303448,19.72371711497625,0.0,8.03717828376268,-1.6471858980153244,-3.3,9.236100170605994,13446.468492616837,-395.6749874329689,-560.0325304601271,-4265.67573500349,-0.0,-0.0,360.21183795925845,0.0,2.0,0.13945773474092557,0.0,0,1.3051864198170182,131.99922844444444,-63.99792165302739,0.2010578629579364,9.172707157921469,0.0028119980090852647,-42.181600899010654,1.219565053293647,0.3476845903471208,-5236.730333950747,89.5599722763179,0.1360533423941531,-298.7466310543802,-261.2858994057469
2025-01-01 23:15:00,1.3416737083512476,0.17748416922856342,0.9006625,0.022361228472520794,0.0029580694871427235,0.015011041666666667,0.017302239416091224,0.22359855226848946,1.0507729166666668,0.05,0.0,0.9006625,0.0,0.16290083589523008,0,0.01458333333333334,1,0,0,Off,0,0,Off,0,0,Off,0.03594136924459241,0.0269560269334443,On,0,0,Off,0.004724715369152047,0.0,On,0.012577524046939178,0,On,0.006397437741515965,0,On,0.1812597452823811,0.1359448089617858,On,On,17415.9303113141,20.000000000000057,0.8,4751.49537424146,26.39581596111111,1.0507729166666668,1,21116.65276888889,21116.65276888889,Off,0.0,23.888888888888914,0,0.0,0.05,0.0,0.0,0,0,0,11489.55984,Off,0.0,0,79.65502452002262,51.666666666666686,46.10666666666668,0.0,49.5405029961392,0.0,0.0,0.0,124.46097581253534,49.575791014226326,49.59343502326988,49.5405029961392,12.43753247303448,19.887655995361833,0.0,8.119228750857623,-1.6694490140619702,-3.3,9.236100170605994,13388.423918661107,-444.28373068531073,-555.4601744235446,-4314.99006767805,-0.0,-0.0,360.21183795925845,0.0,2.0,0.14007259042460501,0.0,0,1.310940860687412,131.99922844444444,-72.72816293420026,0.19901307508236726,9.247923411316023,0.0028118514438534668,-42.76955173781193,1.2188828797367268,0.34826909422666913,-5283.497431580366,87.71832665359517,0.13568494307002366,-293.92452938603026,-261.5356450375143
2025-01-01 23:16:00,1.3416737083512476,0.17748416922856342,0.9006625,0.022361228472520794,0.0029580694871427235,0.015011041666666667,0.017302239416091224,0.22359855226848946,1.0507729166666668,0.05,0.0,0.9006625,0.0,0.16290083589523008,0,0.01458333333333334,1,0,0,Off,0,0,Off,0,0,Off,0.03594136924459241,0.0269560269334443,On,0,0,Off,0.004724715369152047,0.0,On,0.012577524046939178,0,On,0.006397437741515965,0,On,0.1812597452823811,0.1359448089617858,On,On,17415.9303113141,20.000000000000057,0.8,4751.49537424146,26.39581596111111,1.0507729166666668,1,21116.65276888889,21116.65276888889,Off,0.0,23.888888888888914,0,0.0,0.05,0.0,0.0,0,0,0,11489.55984,Off,0.0,0,79.18437332543743,51.666666666666686,46.10666666666668,0.0,49.522976636882866,0.0,0.0,0.0,123.72558332099598,49.55924327768926,49.577376598092464,49.522976636882866,12.43753247303448,20.046488239772906,0.0,8.196468167777725,-1.6915245240047259,-3.3,9.236100170605994,13332.076260011923,-490.14405276277193,-550.9199754818794,-4362.982591647239,-0.0,-0.0,360.21183795925845,0.0,2.0,0.14066696755336763,0.0,0,1.3165036425449546,131.99922844444444,-81.08329761419344,0.19705377064365193,9.320179239051479,0.0028117027525414845,-43.334170341417895,1.2182226881461597,0.34881843059847684,-5327.6250995174605,85.98567251322895,0.1353186578552558,-289.1624639519888,-261.7575115298906
2025-01-01 23:17:00,0.29090079168458066,0.17748416922856342,0.0,0.004848346528076345,0.0029580694871427235,0.0,0.017302239416091224,0.22359855226848946,0.0,0.05,0.0,0.0,0.0,0.16290083589523008,0,0.01458333333333334,1,0,0,Off,0,0,Off,0,0,Off,0.03594136924459241,0.0269560269334443,On,0,0,Off,0.004724715369152047,0.0,On,0.012577524046939178,0,On,0.006397437741515965,0,On,0.1812597452823811,0.1359448089617858,On,Off,0.0,20.000000000000057,0.0,0.0,0.0,0.0,0,0.0,21116.65276888889,Off,0.0,23.888888888888914,0,0.0,0.05,0.0,0.0,0,0,0,11489.55984,Off,0.0,0,78.72703335840202,51.666666666666686,46.10666666666668,0.0,49.50555458072308,0.0,0.0,0.0,123.01098962250316,49.54279331542339,49.56141268277355,49.50555458072308,12.43753247303448,20.20045742148504,0.0,8.26922766352202,-1.7134100745541654,-3.3,9.236100170605994,-4138.536009195509,-5284.923803166889,-546.4139182856663,-4409.706565250479,-0.0,-0.0,360.21183795925845,0.0,2.0,0.1412419107700513,0.0,0,1.3218845422130545,131.99922844444444,-89.04128190428901,0.19517466155356816,9.390334164974735,0.002811552016649702,-43.87662179261958,1.217583397299787,0.34933511507228987,-5369.2843192294185,84.36051606252897,0.1349545431688208,-284.46051571070103,-261.9534025749653
2025-01-01 23:18:00,0.29090079168458066,0.17748416922856342,0.0,0.004848346528076345,0.0029580694871427235,0.0,0.017302239416091224,0.22359855226848946,0.0,0.05,0.0,0.0,0.0,0.16290083589523008,0,0.01458333333333334,1,0,0,Off,0,0,Off,0,0,Off,0.03594136924459241,0.0269560269334443,On,0,0,Off,0.004724715369152047,0.0,On,0.012577524046939178,0,On,0.006397437741515965,0,On,0.1812597452823811,0.1359448089617858,On,Off,0.0,20.000000000000057,0.0,0.0,0.0,0.0,0,0.0,21116.65276888889,Off,0.0,23.888888888888914,0,0.0,0.05,0.0,0.0,0,0,0,11489.55984,Off,0.0,0,79.13089515907372,51.666666666666686,46.10666666666668,0.0,49.48823389099922,0.0,0.0,0.0,123.64202368605268,49.52643836212059,49.54554059768127,49.48823389099922,12.43753247303448,20.03355579492598,0.0,8.166309832888848,-1.7351036010918988,-3.3,9.236100170605994,-4078.4089217212513,-5223.810685165762,-541.9429999474655,-4359.067066830041,-0.0,-0.0,360.21183795925845,0.0,2.0,0.14061862069976155,0.0,0,1.316051163828842,131.99922844444444,-79.55369285046933,0.19719045561131976,9.314019565687419,0.0028113993137314024,-43.14447351298845,1.2182766475099795,0.3486040437698619,-5310.383487930782,86.57280276502001,0.13459265111490623,-279.81869716275605,-262.1243027847094
2025-01-01 23:19:00,0.29090079168458066,0.17748416922856342,0.0,0.004848346528076345,0.0029580694871427235,0.0,0.017302239416091224,0.22359855226848946,0.0,0.05,0.0,0.0,0.0,0.16290083589523008,0,0.01458333333333334,1,0,0,Off,0,0,Off,0,0,Off,0.03594136924459241,0.0269560269334443,On,0,0,Off,0.004724715369152047,0.0,On,0.012577524046939178,0,On,0.006397437741515965,0,On,0.1812597452823811,0.1359448089617858,On,Off,0.0,20.000000000000057,0.0,0.0,0.0,0.0,0,0.0,21116.65276888889,Off,0.0,23.888888888888914,0,0.0,0.05,0.0,0.0,0,0,0,11489.55984,Off,0.0,0,79.51960691908435,51.666666666666686,46.10666666666668,0.0,49.470824835039295,0.0,0.0,0.0,124.2493858110693,49.509999509544436,49.52958684679701,49.470824835039295,12.43753247303448,19.87221648574859,0.0,8.069477106063951,-1.7566032819899524,-3.3,9.236100170605994,-4021.488511535639,-5166.776142446582,-537.5083402245357,-4310.336127397243,-0.0,-0.0,360.21183795925845,0.0,2.0,0.14001474375151954,0.0,0,1.3103994730599489,131.99922844444444,-71.36422209765473,0.19916120631198747,9.23981430267068,0.002811249244338297,-42.43475411901151,1.2189475463232595,0.3479147950418707,-5255.126568051009,88.35042560442679,0.13423303018099156,-275.23696344633805,-262.2713767781976
2025-01-01 23:20:00,0.29090079168458066,0.17748416922856342,0.0,0.004848346528076345,0.0029580694871427235,0.0,0.017302239416091224,0.22359855226848946,0.0,0.05,0.0,0.0,0.0,0.16290083589523008,0,0.01458333333333334,1,0,0,Off,0,0,Off,0,0,Off,0.03594136924459241,0.0269560269334443,On,0,0,Off,0.004724715369152047,0.0,On,0.012577524046939178,0,On,0.006397437741515965,0,On,0.1812597452823811,0.1359448089617858,On,Off,0.0,20.000000000000057,0.0,0.0,0.0,0.0,0,0.0,21116.65276888889,Off,0.0,23.888888888888914,0,0.0,0.05,0.0,0.0,0,0,0,11489.55984,Off,0.0,0,79.8942650276467,51.666666666666686,46.10666666666668,0.0,49.45333075331051,0.0,0.0,0.0,124.83478910569796,49.49347990500277,49.5135544808489,49.45333075331051,12.43753247303448,19.716034027804362,0.0,7.978193882644416,-1.7779075360471654,-3.3,9.236100170605994,-3966.404519174758,-5113.1204147672015,-533.1109272266992,-4263.370112476572,-0.0,-0.0,360.21183795925845,0.0,2.0,0.13942888488434446,0.0,0,1.3049164137030276,131.99922844444444,-63.24624465744455,0.2010899548341991,9.168226531978913,0.002811101724799948,-41.74590111921351,1.2195977071367967,0.34726379463757145,-5203.180047335373,90.05963256817171,0.1338757252238867,-270.7152140487891,-262.3957131779101
2025-01-01 23:21:00,0.29090079168458066,0.17748416922856342,0.0,0.004848346528076345,0.0029580694871427235,0.0,0.017302239416091224,0.22359855226848946,0.0,0.05,0.0,0.0,0.0,0.16290083589523008,0,0.01458333333333334,1,0,0,Off,0,0,Off,0,0,Off,0.03594136924459241,0.0269560269334443,On,0,0,Off,0.004724715369152047,0.0,On,0.012577524046939178,0,On,0.006397437741515965,0,On,0.1812597452823811,0.1359448089617858,On,Off,0.0,20.000000000000057,0.0,0.0,0.0,0.0,0,0.0,21116.65276888889,Off,0.0,23.888888888888914,0,0.0,0.05,0.0,0.0,0,0,0,11489.55984,Off,0.0,0,80.25570454930747,51.666666666666686,46.10666666666668,0.0,49.435754744616524,0.0,0.0,0.0,125.39953835829292,49.47688246803673,49.497446329746836,49.435754744616524,12.43753247303448,19.56470012124138,0.0,7.892023944364296,-1.7990150101434934,-3.3,9.236100170605994,-3913.269327186419,-5062.60864509393,-528.7516641052258,-4218.0571493203815,-0.0,-0.0,360.21183795925845,0.0,2.0,0.13885999919058595,0.0,0,1.2995922064562861,131.99922844444444,-55.42401582529618,0.2029787581091562,9.098398133615785,0.002810956677345005,-41.07673042452749,1.220228347646599,0.3466481386543581,-5154.271540202605,91.66289510867473,0.13352077762102277,-266.25329655515793,-262.4983675500679
2025-01-01 23:22:00,0.29090079168458066,0.17748416922856342,0.0,0.004848346528076345,0.0029580694871427235,0.0,0.017302239416091224,0.22359855226848946,0.0,0.05,0.0,0.0,0.0,0.16290083589523008,0,0.01458333333333334,1,0,0,Off,0,0,Off,0,0,Off,0.03594136924459241,0.0269560269334443,On,0,0,Off,0.004724715369152047,0.0,On,0.012577524046939178,0,On,0.006397437741515965,0,On,0.1812597452823811,0.1359448089617858,On,Off,0.0,20.000000000000057,0.0,0.0,0.0,0.0,0,0.0,21116.65276888889,Off,0.0,23.888888888888914,0,0.0,0.05,0.0,0.0,0,0,0,11489.55984,Off,0.0,0,80.6046392598133,51.666666666666686,46.10666666666668,0.0,49.418099723677784,0.0,0.0,0.0,125.94474884345827,49.460209944709035,49.48126505522467,49.418099723677784,12.43753247303448,19.417951496246157,-0.08204850375389938,7.81059176265871,-1.8199245686898085,-3.3,9.236100170605994,-3862.0315794865483,-5015.004228164956,-524.4313673957145,-4174.300863365184,-0.0,-0.0,360.21183795925845,0.0,2.0,0.13830719972801966,0.0,0,1.2944185504180317,131.99922844444444,-47.94255408062254,0.204829282283762,9.03090251282542,0.00281081402870686,-40.42623088502041,1.2208405048447142,0.34606532580252736,-5108.166787651954,93.16255948699856,0.1331682253946398,-261.8510099423428,-262.5803574533717
2025-01-01 23:23:00,0.29090079168458066,0.17748416922856342,0.0,0.004848346528076345,0.0029580694871427235,0.0,0.017302239416091224,0.22359855226848946,0.0,0.05,0.0,0.0,0.0,0.16290083589523008,0,0.01458333333333334,1,0,0,Off,0,0,Off,0,0,Off,0.03594136924459241,0.0269560269334443,On,0,0,Off,0.004724715369152047,0.0,On,0.012577524046939178,0,On,0.006397437741515965,0,On,0.1812597452823811,0.1359448089617858,On,Off,0.0,20.000000000000057,0.0,0.0,0.0,0.0,0,0.0,21116.65276888889,Off,0.0,23.888888888888914,0,0.0,0.05,0.0,0.0,0,0,0,11489.55984,Off,0.0,0,80.94169447905072,51.666666666666686,46.10666666666668,0.0,49.40036844785898,0.0,0.0,0.0,126.47139762351675,49.443464932800836,49.465013175271764,49.40036844785898,12.43753247303448,19.275557701518238,-0.22444229848181863,7.733568299250961,-1.8406352830370278,-3.3,9.236100170605994,-3812.629213726124,-4970.100684189873,-520.1507705193081,-4132.016381506775,-0.0,-0.0,360.21183795925845,0.0,2.0,0.13776971355019885,0.0,0,1.2893882115742643,131.99922844444444,-40.82467017860705,0.20664292583904895,8.964930994417259,0.0028106737094763974,-39.79351686384931,1.2214350847330506,0.34551316160123763,-5064.660920642774,94.56023645290033,0.13281810333943456,-257.5081078141353,-262.6426627051728
2025-01-01 23:24:00,1.3416737083512476,0.17748416922856342,0.9006625,0.022361228472520794,0.0029580694871427235,0.015011041666666667,0.017302239416091224,0.22359855226848946,1.0507729166666668,0.05,0.0,0.9006625,0.0,0.16290083589523008,0,0.01458333333333334,1,0,0,Off,0,0,Off,0,0,Off,0.03594136924459241,0.0269560269334443,On,0,0,Off,0.004724715369152047,0.0,On,0.012577524046939178,0,On,0.006397437741515965,0,On,0.1812597452823811,0.1359448089617858,On,On,17415.9303113141,20.000000000000057,0.8,4751.49537424146,26.39581596111111,1.0507729166666668,1,21116.65276888889,21116.65276888889,Off,0.0,23.888888888888914,0,0.0,0.05,0.0,0.0,0,0,0,11489.55984,Off,0.0,0,81.26743199318686,51.666666666666686,46.10666666666668,0.0,49.38256353666218,0.0,0.0,0.0,126.98036248935448,49.42664990018772,49.448693081950495,49.38256353666218,12.43753247303448,19.13731183437131,-0.3626881656287466,7.660660217100885,-1.8611464210842752,-3.3,9.236100170605994,13650.940678264402,-176.2172066033254,-515.9105274814995,-4091.127317175295,-0.0,-0.0,360.21183795925845,0.0,2.0,0.13724684820114377,0.0,0,1.284494709222119,131.99922844444444,-34.074153833659636,0.20842091527442652,8.901076881708128,0.002810535653629561,-39.17779212844548,1.2220129001256455,0.34498968547560577,-5023.571834204895,95.85925336010988,0.13247044314964987,-253.22430152733818,-262.6862259541612
2025-01-01 23:25:00,1.3416737083512476,0.17748416922856342,0.9006625,0.022361228472520794,0.0029580694871427235,0.015011041666666667,0.017302239416091224,0.22359855226848946,1.0507729166666668,0.05,0.0,0.9006625,0.0,0.16290083589523008,0,0.01458333333333334,1,0,0,Off,0,0,Off,0,0,Off,0.03594136924459241,0.0269560269334443,On,0,0,Off,0.004724715369152047,0.0,On,0.012577524046939178,0,On,0.006397437741515965,0,On,0.1812597452823811,0.1359448089617858,On,On,17415.9303113141,20.000000000000057,0.8,4751.49537424146,26.39581596111111,1.0507729166666668,1,21116.65276888889,21116.65276888889,Off,0.0,23.888888888888914,0,0.0,0.05,0.0,0.0,0,0,0,11489.55984,Off,0.0,0,80.73387806517356,51.666666666666686,46.10666666666668,0.0,49.36468748572876,0.0,0.0,0.0,126.14668447683367,49.40976719803842,49.43230705419326,49.36468748572876,12.43753247303448,19.31925223251019,-0.18074776748986565,7.763095893600235,-1.8814574371216348,-3.3,9.236100170605994,13586.478445243081,-236.49421950372835,-511.7112165330073,-4144.973493581534,-0.0,-0.0,360.21183795925845,0.0,2.0,0.137934759743059,0.0,0,1.2909328806452467,131.99922844444444,-44.6902104487404,0.206061345313642,8.984734245172646,0.002810399798187768,-39.84604997773648,1.2212528057542162,0.3457249426400365,-5081.327437022784,93.33784327759555,0.1321252735449709,-248.99926320321745,-262.7119533297898
2025-01-01 23:26:00,1.3416737083512476,0.17748416922856342,0.9006625,0.022361228472520794,0.0029580694871427235,0.015011041666666667,0.017302239416091224,0.22359855226848946,1.0507729166666668,0.05,0.0,0.9006625,0.0,0.16290083589523008,0,0.01458333333333334,1,0,0,Off,0,0,Off,0,0,Off,0.03594136924459241,0.0269560269334443,On,0,0,Off,0.004724715369152047,0.0,On,0.012577524046939178,0,On,0.006397437741515965,0,On,0.1812597452823811,0.1359448089617858,On,On,17415.9303113141,20.000000000000057,0.8,4751.49537424146,26.39581596111111,1.0507729166666668,1,21116.65276888889,21116.65276888889,Off,0.0,23.888888888888914,0,0.0,0.05,0.0,0.0,0,0,0,11489.55984,Off,0.0,0,80.21717688660424,51.666666666666686,46.10666666666668,0.0,49.346929605057184,0.0,0.0,0.0,125.33933888531911,49.39299533773347,49.416028204071615,49.346929605057184,12.43753247303448,19.495022750496435,-0.00497724950362155,7.85919911517053,-1.9015679618295995,-3.3,9.236100170605994,13524.914476331942,-292.9201420333793,-507.55334560457106,-4197.258748655191,-0.0,-0.0,360.21183795925845,0.0,2.0,0.13859766756117925,0.0,0,1.2971370419519568,131.99922844444444,-53.96892428622347,0.2038097470457126,9.065485572083979,0.0028102615394547084,-40.4861479338467,1.2205193901057887,0.3464133282154932,-5135.673566130784,91.25804985594483,0.1317826203965114,-244.83262864231062,-262.72071696226044
2025-01-01 23:27:00,1.3416737083512476,0.17748416922856342,0.9006625,0.022361228472520794,0.0029580694871427235,0.015011041666666667,0.017302239416091224,0.22359855226848946,1.0507729166666668,0.05,0.0,0.9006625,0.0,0.16290083589523008,0,0.01458333333333334,1,0,0,Off,0,0,Off,0,0,Off,0.03594136924459241,0.0269560269334443,On,0,0,Off,0.004724715369152047,0.0,On,0.012577524046939178,0,On,0.006397437741515965,0,On,0.1812597452823811,0.1359448089617858,On,On,17415.9303113141,20.000000000000057,0.8,4751.49537424146,26.39581596111111,1.0507729166666668,1,21116.65276888889,21116.65276888889,Off,0.0,23.888888888888914,0,0.0,0.05,0.0,0.0,0,0,0,11489.55984,Off,0.0,0,79.71618328099606,51.666666666666686,46.10666666666668,0.0,49.3292861772624,0.0,0.0,0.0,124.55653637655635,49.37633081824001,49.399853138728815,49.3292861772624,12.43753247303448,19.665046682866436,0.0,7.949515112068875,-1.9214777923489377,-3.3,9.236100170605994,13464.924374210044,-346.1380812910784,-503.43735754565864,-4248.081827289938,-0.0,-0.0,360.21183795925845,0.0,2.0,0.13923735018364372,0.0,0,1.3031238384059833,131.99922844444444,-63.13594777337403,0.20165753828189947,9.143588879822287,0.0028101209752802348,-41.10003060459287,1.2198107953373811,0.3470590154689751,-5186.8886551481855,89.2551996156473,0.13144250685433986,-240.72400016187518,-262.71335738378343
2025-01-01 23:28:00,1.3416737083512476,0.17748416922856342,0.9006625,0.022361228472520794,0.0029580694871427235,0.015011041666666667,0.017302239416091224,0.22359855226848946,1.0507729166666668,0.05,0.0,0.9006625,0.0,0.16290083589523008,0,0.01458333333333334,1,0,0,Off,0,0,Off,0,0,Off,0.03594136924459241,0.0269560269334443,On,0,0,Off,0.004724715369152047,0.0,On,0.012577524046939178,0,On,0.006397437741515965,0,On,0.1812597452823811,0.1359448089617858,On,On,17415.9303113141,20.000000000000057,0.8,4751.49537424146,26.39581596111111,1.0507729166666668,1,21116.65276888889,21116.65276888889,Off,0.0,23.888888888888914,0,0.0,0.05,0.0,0.0,0,0,0,11489.55984,Off,0.0,0,79.23001676239689,51.666666666666686,46.10666666666668,0.0,49.31175373738562,0.0,0.0,0.0,123.79690119124513,49.35977037642705,49.38377869594776,49.31175373738562,12.43753247303448,19.829648913524714,0.0,8.034489662175128,-1.9411868826135787,-3.3,9.236100170605994,13406.659882433767,-396.3375683800941,-499.3636333424159,-4297.515285370491,-0.0,-0.0,360.21183795925845,0.0,2.0,0.13985519336846525,0.0,0,1.308906239331279,131.99922844444444,-71.96698146909674,0.19959777890143998,9.219246685993937,0.002809978196869095,-41.68922272722691,1.2191255845886602,0.3476654207540331,-5235.199780141715,87.3668375201606,0.1311049534732395,-236.67294931755004,-262.69068402486585
2025-01-01 23:29:00,1.3416737083512476,0.17748416922856342,0.9006625,0.022361228472520794,0.0029580694871427235,0.015011041666666667,0.017302239416091224,0.22359855226848946,1.0507729166666668,0.05,0.0,0.9006625,0.0,0.16290083589523008,0,0.01458333333333334,1,0,0,Off,0,0,Off,0,0,Off,0.03594136924459241,0.0269560269334443,On,0,0,Off,0.004724715369152047,0.0,On,0.012577524046939178,0,On,0.006397437741515965,0,On,0.1812597452823811,0.1359448089617858,On,On,17415.9303113141,20.000000000000057,0.8,4751.49537424146,26.39581596111111,1.0507729166666668,1,21116.65276888889,21116.65276888889,Off,0.0,23.888888888888914,0,0.0,0.05,0.0,0.0,0,0,0,11489.55984,Off,0.0,0,78.75792042092645,51.666666666666686,46.10666666666668,0.0,49.29432901457215,0.0,0.0,0.0,123.05925065769758,49.34331093207798,49.3678018908309,49.29432901457215,12.43753247303448,19.989108453357733,0.0,8.114507914388705,-1.960695334015667,-3.3,9.236100170605994,13350.103816061835,-443.7175676433544,-495.332495378823,-4345.620493630325,-0.0,-0.0,360.21183795925845,0.0,2.0,0.14045239256565403,0.0,0,1.3144954329571787,131.99922844444444,-80.41783958119598,0.19762442412795622,9.29192237380082,0.0028098332902497334,-42.25504458426634,1.2184625206470043,0.3482354909478391,-5280.803599222101,85.59065733728714,0.13076997833544604,-232.6790194973339,-262.6534758814891
2025-01-01 23:30:00,1.3416737083512476,0.17748416922856342,0.9006625,0.022361228472520794,0.0029580694871427235,0.015011041666666667,0.017302239416091224,0.22359855226848946,1.0507729166666668,0.05,0.0,0.9006625,0.0,0.16290083589523008,0,0.01458333333333334,1,0,0,Off,0,0,Off,0,0,Off,0.03594136924459241,0.0269560269334443,On,0,0,Off,0.004724715369152047,0.0,On,0.012577524046939178,0,On,0.006397437741515965,0,On,0.1812597452823811,0.1359448089617858,On,On,17415.9303113141,20.000000000000057,0.8,4751.49537424146,26.39581596111111,1.0507729166666668,1,21116.65276888889,21116.65276888889,Off,0.0,23.888888888888914,0,0.0,0.05,0.0,0.0,0,0,0,11489.55984,Off,0.0,0,78.29922744882545,51.666666666666686,46.10666666666668,0.0,49.27700890483957,0.0,0.0,0.0,122.34254288878975,49.32694956221857,49.35191989090808,49.27700890483957,12.43753247303448,20.143670890191967,0.0,8.189908670183438,-1.9800033864205273,-2.8,9.236100170605994,13530.889933339342,817.603542411558,-355.97796856175194,-4158.125348782183,-0.0,-0.0,360.21183795925845,0.0,2.0,0.13667269855402409,0.0,0,1.2791212365799922,131.99922844444444,-87.12686715183199,0.1957321168583236,9.361757952869244,0.002809686336977412,-29.698636663516172,1.217820512714599,0.27570404956295463,-4017.8168125004145,83.92498067051251,0.08587523027020504,-93.37548632825914,-262.6024822334928
2025-01-01 23:31:00,0.29090079168458066,0.17748416922856342,0.0,0.004848346528076345,0.0029580694871427235,0.0,0.017302239416091224,0.22359855226848946,0.0,0.05,0.0,0.0,0.0,0.16290083589523008,0,0.01458333333333334,1,0,0,Off,0,0,Off,0,0,Off,0.03594136924459241,0.0269560269334443,On,0,0,Off,0.004724715369152047,0.0,On,0.012577524046939178,0,On,0.006397437741515965,0,On,0.1812597452823811,0.1359448089617858,On,Off,0.0,20.000000000000057,0.0,0.0,0.0,0.0,0,0.0,21116.65276888889,Off,0.0,23.888888888888914,0,0.0,0.05,0.0,0.0,0,0,0,11489.55984,Off,0.0,0,77.84159361504659,51.666666666666686,46.10666666666668,0.0,49.259790451221654,0.0,0.0,0.0,121.62749002351029,49.31068348239893,49.33612999798757,49.259790451221654,12.43753247303448,20.29793407350159,0.0,8.308134225356527,-1.9939591960303742,-2.8,9.236100170605994,-3940.2148299526852,-3995.3262313182818,-354.1422672874253,-4204.145401523814,-0.0,-0.0,360.21183795925845,0.0,2.0,0.13726243125543475,0.0,0,1.284640551192646,131.99922844444444,-96.28126638812948,0.19386672245710307,9.432057801753613,0.0028095829975382414,-30.23942347580868,1.2171803903139784,0.2767649877889688,-4076.6663725600656,81.34014124178373,0.08550907296903525,-91.39493514132562,-262.74733214609967
2025-01-01 23:32:00,0.29090079168458066,0.17748416922856342,0.0,0.004848346528076345,0.0029580694871427235,0.0,0.017302239416091224,0.22359855226848946,0.0,0.05,0.0,0.0,0.0,0.16290083589523008,0,0.01458333333333334,1,0,0,Off,0,0,Off,0,0,Off,0.03594136924459241,0.0269560269334443,On,0,0,Off,0.004724715369152047,0.0,On,0.012577524046939178,0,On,0.006397437741515965,0,On,0.1812597452823811,0.1359448089617858,On,Off,0.0,20.000000000000057,0.0,0.0,0.0,0.0,0,0.0,21116.65276888889,Off,0.0,23.888888888888914,0,0.0,0.05,0.0,0.0,0,0,0,11489.55984,Off,0.0,0,78.24508614628542,51.666666666666686,46.10666666666668,0.0,49.24267341637969,0.0,0.0,0.0,122.25794710357096,49.29451247259097,49.32043200069661,49.24267341637969,12.43753247303448,20.131354611573485,0.0,8.248398509905172,-2.0078498905368045,-2.8,9.236100170605994,-3881.223823206059,-3964.6090456380944,-352.11422041773335,-4154.459758785293,-0.0,-0.0,360.21183795925845,0.0,2.0,0.1366255562040818,0.0,0,1.2786800308264552,131.99922844444444,-86.97590238002411,0.1958668650364955,9.356123978608288,0.002809477721039696,-29.5595438678229,1.217871808100279,0.2762294378244345,-4046.897395652934,82.28835001483945,0.08514306044704806,-89.43543972413235,-262.67878069360097
2025-01-01 23:33:00,0.29090079168458066,0.17748416922856342,0.0,0.004848346528076345,0.0029580694871427235,0.0,0.017302239416091224,0.22359855226848946,0.0,0.05,0.0,0.0,0.0,0.16290083589523008,0,0.01458333333333334,1,0,0,Off,0,0,Off,0,0,Off,0.03594136924459241,0.0269560269334443,On,0,0,Off,0.004724715369152047,0.0,On,0.012577524046939178,0,On,0.006397437741515965,0,On,0.1812597452823811,0.1359448089617858,On,Off,0.0,20.000000000000057,0.0,0.0,0.0,0.0,0,0.0,21116.65276888889,Off,0.0,23.888888888888914,0,0.0,0.05,0.0,0.0,0,0,0,11489.55984,Off,0.0,0,78.63339761802975,51.666666666666686,46.10666666666668,0.0,49.22546808425887,0.0,0.0,0.0,122.86468377817148,49.278257640222634,49.304652418204526,49.22546808425887,12.43753247303448,19.970349104068386,0.0,8.19214996340252,-2.0216399852356766,-2.8,9.236100170605994,-3825.134616329827,-3935.075677975,-349.953289838307,-4106.658531162924,-0.0,-0.0,360.21183795925845,0.0,2.0,0.13600848416619588,0.0,0,1.2729048470735158,131.99922844444444,-78.68792312616145,0.1978221052945972,9.282300630509031,0.002809374869920268,-28.90084508167465,1.2185408378584643,0.2757242005509542,-4018.9299290717627,83.85425109676265,0.08477813563105036,-87.50185957123355,-262.4514302670734
2025-01-01 23:34:00,0.29090079168458066,0.17748416922856342,0.0,0.004848346528076345,0.0029580694871427235,0.0,0.017302239416091224,0.22359855226848946,0.0,0.05,0.0,0.0,0.0,0.16290083589523008,0,0.01458333333333334,1,0,0,Off,0,0,Off,0,0,Off,0.03594136924459241,0.0269560269334443,On,0,0,Off,0.004724715369152047,0.0,On,0.012577524046939178,0,On,0.006397437741515965,0,On,0.1812597452823811,0.1359448089617858,On,Off,0.0,20.000000000000057,0.0,0.0,0.0,0.0,0,0.0,21116.65276888889,Off,0.0,23.888888888888914,0,0.0,0.05,0.0,0.0,0,0,0,11489.55984,Off,0.0,0,79.00761872947365,51.666666666666686,46.10666666666668,0.0,49.208177802164954,0.0,0.0,0.0,123.44940426480258,49.26192213904569,49.28879430748606,49.208177802164954,12.43753247303448,19.81451421194825,0.0,8.139081977042967,-2.0353013916520695,-2.8,9.236100170605994,-3770.833896141953,-3907.8583061293693,-347.7921131402175,-4060.600631285812,-0.0,-0.0,360.21183795925845,0.0,2.0,0.13540980463046398,0.0,0,1.2673017989434767,131.99922844444444,-70.44510281539962,0.1997354323963683,9.211100449626752,0.002809274365925197,-28.261857248145507,1.219189083064507,0.27524668156910864,-3992.6006394018455,84.74233327247651,0.08441506073480769,-85.59790597145751,-262.19420716876
2025-01-01 23:35:00,0.29090079168458066,0.17748416922856342,0.0,0.004848346528076345,0.0029580694871427235,0.0,0.017302239416091224,0.22359855226848946,0.0,0.05,0.0,0.0,0.0,0.16290083589523008,0,0.01458333333333334,1,0,0,Off,0,0,Off,0,0,Off,0.03594136924459241,0.0269560269334443,On,0,0,Off,0.004724715369152047,0.0,On,0.012577524046939178,0,On,0.006397437741515965,0,On,0.1812597452823811,0.1359448089617858,On,Off,0.0,20.000000000000057,0.0,0.0,0.0,0.0,0,0.0,21116.65276888889,Off,0.0,23.888888888888914,0,0.0,0.05,0.0,0.0,0,0,0,11489.55984,Off,0.0,0,79.36858923030852,51.666666666666686,46.10666666666668,0.0,49.19080567699343,0.0,0.0,0.0,124.01342067235704,49.24550889622725,49.272860505844164,49.19080567699343,12.43753247303448,19.66353989689425,0.0,8.088902734903863,-2.048815058201765,-2.8,9.236100170605994,-3718.4799653772725,-3882.079992945048,-345.44870554311615,-4016.175104225118,-0.0,-0.0,360.21183795925845,0.0,2.0,0.13482844977376704,0.0,0,1.2618608926684314,131.99922844444444,-62.51669911141309,0.201608905927271,9.141661256182491,0.0028091761362958687,-27.641456547226884,1.219817767818893,0.27479439295516095,-3967.755375734257,85.67538278920928,0.08405436932657442,-83.72594744957166,-261.7227580935445
2025-01-01 23:36:00,0.29090079168458066,0.17748416922856342,0.0,0.004848346528076345,0.0029580694871427235,0.0,0.017302239416091224,0.22359855226848946,0.0,0.05,0.0,0.0,0.0,0.16290083589523008,0,0.01458333333333334,1,0,0,Off,0,0,Off,0,0,Off,0.03594136924459241,0.0269560269334443,On,0,0,Off,0.004724715369152047,0.0,On,0.012577524046939178,0,On,0.006397437741515965,0,On,0.1812597452823811,0.1359448089617858,On,Off,0.0,20.000000000000057,0.0,0.0,0.0,0.0,0,0.0,21116.65276888889,Off,0.0,23.888888888888914,0,0.0,0.05,0.0,0.0,0,0,0,11489.55984,Off,0.0,0,79.7170280038559,51.666666666666686,46.10666666666668,0.0,49.17335463052413,0.0,0.0,0.0,124.55785625602485,49.22902066448273,49.25685368146204,49.17335463052413,12.43753247303448,19.517160992173274,0.0,8.041393346510171,-2.0621583462231476,-2.8,9.236100170605994,-3668.0173578831154,-3857.7167252461886,-343.2313996238096,-3973.2862376280236,-0.0,-0.0,360.21183795925845,0.0,2.0,0.13426351207295334,0.0,0,1.256573634729569,131.99922844444444,-54.942958214349744,0.20344420060138407,9.074558769242863,0.002809080112506335,-27.0386828436389,1.2204279363272337,0.27436548182021925,-3944.277630469114,86.5609052229251,0.08369670035332491,-81.88878154677867,-261.3426180770309
2025-01-01 23:37:00,0.29090079168458066,0.17748416922856342,0.0,0.004848346528076345,0.0029580694871427235,0.0,0.017302239416091224,0.22359855226848946,0.0,0.05,0.0,0.0,0.0,0.16290083589523008,0,0.01458333333333334,1,0,0,Off,0,0,Off,0,0,Off,0.03594136924459241,0.0269560269334443,On,0,0,Off,0.004724715369152047,0.0,On,0.012577524046939178,0,On,0.006397437741515965,0,On,0.1812597452823811,0.1359448089617858,On,Off,0.0,20.000000000000057,0.0,0.0,0.0,0.0,0,0.0,21116.65276888889,Off,0.0,23.888888888888914,0,0.0,0.05,0.0,0.0,0,0,0,11489.55984,Off,0.0,0,80.05356396842505,51.666666666666686,46.10666666666668,0.0,49.15582742605565,0.0,0.0,0.0,125.08369370066414,49.212460047184905,49.24077635774954,49.15582742605565,12.43753247303448,19.375145710950054,-0.12485428905000262,7.996363223658813,-2.0753233131952653,-2.8,9.236100170605994,-3619.378143987167,-3834.679948462202,-340.7849534089686,-3931.849835758543,-0.0,-0.0,360.21183795925845,0.0,2.0,0.13371420219627014,0.0,0,1.2514326377626375,131.99922844444444,-47.74014618788229,0.20524271933305516,9.008980428192224,0.0028089862296566907,-26.452697232117945,1.2210204995784484,0.2739583334490979,-3922.0660765534785,87.38612809127603,0.08334230699107115,-80.08712645578365,-260.697826953185
2025-01-01 23:38:00,0.29090079168458066,0.17748416922856342,0.0,0.004848346528076345,0.0029580694871427235,0.0,0.017302239416091224,0.22359855226848946,0.0,0.05,0.0,0.0,0.0,0.16290083589523008,0,0.01458333333333334,1,0,0,Off,0,0,Off,0,0,Off,0.03594136924459241,0.0269560269334443,On,0,0,Off,0.004724715369152047,0.0,On,0.012577524046939178,0,On,0.006397437741515965,0,On,0.1812597452823811,0.1359448089617858,On,Off,0.0,20.000000000000057,0.0,0.0,0.0,0.0,0,0.0,21116.65276888889,Off,0.0,23.888888888888914,0,0.0,0.05,0.0,0.0,0,0,0,11489.55984,Off,0.0,0,80.37876130596963,51.666666666666686,46.10666666666668,0.0,49.13822668823096,0.0,0.0,0.0,125.59181454057756,49.195829517053454,49.2246309314647,49.13822668823096,12.43753247303448,19.237286262500117,-0.26271373749994,7.953645009172089,-2.0882909382289743,-2.8,9.236100170605994,-3572.48792815527,-3812.8744611228913,-338.55877191933337,-3891.790213932066,-0.0,-0.0,360.21183795925845,0.0,2.0,0.13317981436643675,0.0,0,1.2464312963905742,131.99922844444444,-40.909552182462576,0.20700568928911817,8.944832701988679,0.0028088944260216287,-25.882747168673237,1.2215962735850807,0.27357152855499933,-3901.0318500066364,88.15738888374463,0.08299174649197921,-78.32317835888219,-260.23559356045115
2025-01-01 23:39:00,1.3416737083512476,0.17748416922856342,0.9006625,0.022361228472520794,0.0029580694871427235,0.015011041666666667,0.017302239416091224,0.22359855226848946,1.0507729166666668,0.05,0.0,0.9006625,0.0,0.16290083589523008,0,0.01458333333333334,1,0,0,Off,0,0,Off,0,0,Off,0.03594136924459241,0.0269560269334443,On,0,0,Off,0.004724715369152047,0.0,On,0.012577524046939178,0,On,0.006397437741515965,0,On,0.1812597452823811,0.1359448089617858,On,On,17415.9303113141,20.000000000000057,0.8,4751.49537424146,26.39581596111111,1.0507729166666668,1,21116.65276888889,21116.65276888889,Off,0.0,23.888888888888914,0,0.0,0.05,0.0,0.0,0,0,0,11489.55984,Off,0.0,0,80.69313537422248,51.666666666666686,46.10666666666668,0.0,49.12055491730434,0.0,0.0,0.0,126.08302402222262,49.17913142960346,49.20841968575303,49.12055491730434,12.43753247303448,19.10339293520553,-0.39660706479452656,7.913089640545875,-2.10106157639852,-2.8,9.236100170605994,13888.659453636621,959.2747632621113,-336.07362553842125,-3853.0382788542533,-0.0,-0.0,360.21183795925845,0.0,2.0,0.13265970465091867,0.0,0,1.2415635840419532,131.99922844444444,-34.444416782482136,0.2087342207915376,8.883401953969628,0.0028088046427259964,-25.328144562464363,1.222156003411572,0.27320380104502257,-3881.095948320964,88.87533734161467,0.08264505797078504,-76.59646166716776,-259.4771638712535
2025-01-01 23:40:00,1.3416737083512476,0.17748416922856342,0.9006625,0.022361228472520794,0.0029580694871427235,0.015011041666666667,0.017302239416091224,0.22359855226848946,1.0507729166666668,0.05,0.0,0.9006625,0.0,0.16290083589523008,0,0.01458333333333334,1,0,0,Off,0,0,Off,0,0,Off,0.03594136924459241,0.0269560269334443,On,0,0,Off,0.004724715369152047,0.0,On,0.012577524046939178,0,On,0.006397437741515965,0,On,0.1812597452823811,0.1359448089617858,On,On,17415.9303113141,20.000000000000057,0.8,4751.49537424146,26.39581596111111,1.0507729166666668,1,21116.65276888889,21116.65276888889,Off,0.0,23.888888888888914,0,0.0,0.05,0.0,0.0,0,0,0,11489.55984,Off,0.0,0,80.1486755490512,51.666666666666686,46.10666666666668,0.0,49.1028144999022,0.0,0.0,0.0,125.2323055453925,49.16236803328832,49.19214479998138,49.1028144999022,12.43753247303448,19.28951771155453,-0.21048228844552597,8.046055619552138,-2.1136190936118857,-2.8,9.236100170605994,13823.85505614625,890.7172297532147,-333.87182939536297,-3906.9487307229892,-0.0,-0.0,360.21183795925845,0.0,2.0,0.13338241456673758,0.0,0,1.2483274338158383,131.99922844444444,-45.33836240411556,0.20632021638576878,8.968789108160648,0.0028087168235004416,-26.007149806169966,1.2213782200714263,0.2744076021323367,-3946.5796241893395,85.8014797010942,0.0823027311009578,-74.9087144757476,-258.96311491961535
2025-01-01 23:41:00,1.3416737083512476,0.17748416922856342,0.9006625,0.022361228472520794,0.0029580694871427235,0.015011041666666667,0.017302239416091224,0.22359855226848946,1.0507729166666668,0.05,0.0,0.9006625,0.0,0.16290083589523008,0,0.01458333333333334,1,0,0,Off,0,0,Off,0,0,Off,0.03594136924459241,0.0269560269334443,On,0,0,Off,0.004724715369152047,0.0,On,0.012577524046939178,0,On,0.006397437741515965,0,On,0.1812597452823811,0.1359448089617858,On,On,17415.9303113141,20.000000000000057,0.8,4751.49537424146,26.39581596111111,1.0507729166666668,1,21116.65276888889,21116.65276888889,Off,0.0,23.888888888888914,0,0.0,0.05,0.0,0.0,0,0,0,11489.55984,Off,0.0,0,79.62139841178518,51.666666666666686,46.10666666666668,0.0,49.08519464513852,0.0,0.0,0.0,124.40843501841434,49.14571774443621,49.17597929408506,49.08519464513852,12.43753247303448,19.469351910625043,-0.0306480893750134,8.171425032078997,-2.1259697275300558,-2.8,9.236100170605994,13761.937938414027,826.0660561278573,-331.45284962362496,-3959.317632927785,-0.0,-0.0,360.21183795925845,0.0,2.0,0.13407872223263942,0.0,0,1.2548441846524836,131.99922844444444,-54.886577931543826,0.20401716966515515,9.051883333004726,0.0028086265925649488,-26.65852369247887,1.2206276677760828,0.2755378109350269,-4008.640842156213,83.2115240426099,0.0819646494325728,-73.25864663192453,-258.1942029917004
2025-01-01 23:42:00,1.3416737083512476,0.17748416922856342,0.9006625,0.022361228472520794,0.0029580694871427235,0.015011041666666667,0.017302239416091224,0.22359855226848946,1.0507729166666668,0.05,0.0,0.9006625,0.0,0.16290083589523008,0,0.01458333333333334,1,0,0,Off,0,0,Off,0,0,Off,0.03594136924459241,0.0269560269334443,On,0,0,Off,0.004724715369152047,0.0,On,0.012577524046939178,0,On,0.006397437741515965,0,On,0.1812597452823811,0.1359448089617858,On,On,17415.9303113141,20.000000000000057,0.8,4751.49537424146,26.39581596111111,1.0507729166666668,1,21116.65276888889,21116.65276888889,Off,0.0,23.888888888888914,0,0.0,0.05,0.0,0.0,0,0,0,11489.55984,Off,0.0,0,79.11013971769792,51.666666666666686,46.10666666666668,0.0,49.06769156286081,0.0,0.0,0.0,123.60959330890299,49.12917699347204,49.159919708777664,49.06769156286081,12.43753247303448,19.64332586493847,0.0,8.289794916926917,-2.13810186020656,-2.8,9.236100170605994,13701.587173260308,764.7039937208024,-329.0908022679931,-4010.241598752516,-0.0,-0.0,360.21183795925845,0.0,2.0,0.13475051048099632,0.0,0,1.2611314580000461,131.99922844444444,-64.31337726053312,0.20181625301813735,9.131559388499067,0.0028085340448378224,-27.28418044926605,1.2199024549509636,0.2766006802759435,-4067.5196722074897,80.72829168683222,0.08163118569499195,-71.64735604517765,-257.44344622281545
2025-01-01 23:43:00,1.3416737083512476,0.17748416922856342,0.9006625,0.022361228472520794,0.0029580694871427235,0.015011041666666667,0.017302239416091224,0.22359855226848946,1.0507729166666668,0.05,0.0,0.9006625,0.0,0.16290083589523008,0,0.01458333333333334,1,0,0,Off,0,0,Off,0,0,Off,0.03594136924459241,0.0269560269334443,On,0,0,Off,0.004724715369152047,0.0,On,0.012577524046939178,0,On,0.006397437741515965,0,On,0.1812597452823811,0.1359448089617858,On,On,17415.9303113141,20.000000000000057,0.8,4751.49537424146,26.39581596111111,1.0507729166666668,1,21116.65276888889,21116.65276888889,Off,0.0,23.888888888888914,0,0.0,0.05,0.0,0.0,0,0,0,11489.55984,Off,0.0,0,78.61400234998248,51.666666666666686,46.10666666666668,0.0,49.050301719546404,0.0,0.0,0.0,122.83437867184763,49.112742452683854,49.143962819252586,49.050301719546404,12.43753247303448,19.81177059192218,0.0,8.401660756430331,-2.1500156772628416,-2.8,9.236100170605994,13642.95671349801,706.4692194758454,-326.97087397054713,-4059.7915763157653,-0.0,-0.0,360.21183795925845,0.0,2.0,0.135399251683863,0.0,0,1.267203033804216,131.99922844444444,-73.39385945958259,0.199710312274681,9.208715528935208,0.002808439268771381,-27.885624517414588,1.2192011152908826,0.27760140817354206,-4123.414407093536,78.38825232792146,0.0813023915768125,-70.07435452818584,-256.8965194423613
2025-01-01 23:44:00,1.3416737083512476,0.17748416922856342,0.9006625,0.022361228472520794,0.0029580694871427235,0.015011041666666667,0.017302239416091224,0.22359855226848946,1.0507729166666668,0.05,0.0,0.9006625,0.0,0.16290083589523008,0,0.01458333333333334,1,0,0,Off,0,0,Off,0,0,Off,0.03594136924459241,0.0269560269334443,On,0,0,Off,0.004724715369152047,0.0,On,0.012577524046939178,0,On,0.006397437741515965,0,On,0.1812597452823811,0.1359448089617858,On,On,17415.9303113141,20.000000000000057,0.8,4751.49537424146,26.39581596111111,1.0507729166666668,1,21116.65276888889,21116.65276888889,Off,0.0,23.888888888888914,0,0.0,0.05,0.0,0.0,0,0,0,11489.55984,Off,0.0,0,78.1322144944622,51.666666666666686,46.10666666666668,0.0,49.03302177944306,0.0,0.0,0.0,122.08158514759718,49.09641098072901,49.12810558137199,49.03302177944306,12.43753247303448,19.974970596028946,0.0,8.50745576850582,-2.161719289547776,-2.8,9.236100170605994,13586.030770550238,651.1838670967873,-324.6100534077191,-4108.027569337478,-0.0,-0.0,360.21183795925845,0.0,2.0,0.13602621734965362,0.0,0,1.2730708121257388,131.99922844444444,-82.08380938564005,0.19769311247308233,9.283531656972166,0.0028083423477692354,-28.46415913825476,1.2185223852020075,0.27854451982333933,-4176.499361382431,76.1878542377582,0.08097809876642587,-68.53812182334266,-256.0719315843764
2025-01-01 23:45:00,1.3416737083512476,0.17748416922856342,0.9006625,0.022361228472520794,0.0029580694871427235,0.015011041666666667,0.017302239416091224,0.22359855226848946,1.0507729166666668,0.05,0.0,0.9006625,0.0,0.16290083589523008,0,0.01458333333333334,1,0,0,Off,0,0,Off,0,0,Off,0.03594136924459241,0.0269560269334443,On,0,0,Off,0.004724715369152047,0.0,On,0.012577524046939178,0,On,0.006397437741515965,0,On,0.1812597452823811,0.1359448089617858,On,On,17415.9303113141,20.000000000000057,0.8,4751.49537424146,26.39581596111111,1.0507729166666668,1,21116.65276888889,21116.65276888889,Off,0.0,23.888888888888914,0,0.0,0.05,0.0,0.0,0,0,0,11489.55984,Off,0.0,0,77.66409572039582,51.666666666666686,46.10666666666668,0.0,49.015848576956785,0.0,0.0,0.0,121.35014956311846,49.0801795966035,49.112345106426865,49.015848576956785,12.43753247303448,20.133176484126967,0.0,8.607565209952066,-2.1732031475960922,-2.8,9.236100170605994,13530.77849105479,598.6887196499711,-322.3362691013972,-4155.001906902464,-0.0,-0.0,360.21183795925845,0.0,2.0,0.13663253023300323,0.0,0,1.2787453008371616,131.99922844444444,-90.36175131610217,0.1957591256391194,9.355450576020864,0.0028082433608702883,-29.020938355964862,1.217865149817847,0.2794340162830795,-4226.9307832842715,74.1241286927824,0.08065862774178821,-67.03946491177201,-255.29680418962516
2025-01-01 23:46:00,0.29090079168458066,0.17748416922856342,0.0,0.004848346528076345,0.0029580694871427235,0.0,0.017302239416091224,0.22359855226848946,0.0,0.05,0.0,0.0,0.0,0.16290083589523008,0,0.01458333333333334,1,0,0,Off,0,0,Off,0,0,Off,0.03594136924459241,0.0269560269334443,On,0,0,Off,0.004724715369152047,0.0,On,0.012577524046939178,0,On,0.006397437741515965,0,On,0.1812597452823811,0.1359448089617858,On,Off,0.0,20.000000000000057,0.0,0.0,0.0,0.0,0,0.0,21116.65276888889,Off,0.0,23.888888888888914,0,0.0,0.05,0.0,0.0,0,0,0,11489.55984,Off,0.0,0,77.20903137877964,51.666666666666686,46.10666666666668,0.0,48.99877909651321,0.0,0.0,0.0,120.63911152934318,49.064045460657724,49.09667864272999,48.99877909651321,12.43753247303448,20.28661448814473,0.0,8.702337197945468,-2.1844711197280033,-2.8,9.236100170605994,-3938.7754482236396,-4202.658968359152,-320.32313734222254,-4200.761728396694,-0.0,-0.0,360.21183795925845,0.0,2.0,0.13721920357590411,0.0,0,1.284235982881047,131.99922844444444,-98.22555778620404,0.19390337184484396,9.42532523939115,0.002808142383252747,-29.557006140551696,1.2172284023074857,0.2802734869791764,-4274.851326314472,72.19235795532055,0.08034392777262489,-65.57743070292805,-254.7457066392945
2025-01-01 23:47:00,0.29090079168458066,0.17748416922856342,0.0,0.004848346528076345,0.0029580694871427235,0.0,0.017302239416091224,0.22359855226848946,0.0,0.05,0.0,0.0,0.0,0.16290083589523008,0,0.01458333333333334,1,0,0,Off,0,0,Off,0,0,Off,0.03594136924459241,0.0269560269334443,On,0,0,Off,0.004724715369152047,0.0,On,0.012577524046939178,0,On,0.006397437741515965,0,On,0.1812597452823811,0.1359448089617858,On,Off,0.0,20.000000000000057,0.0,0.0,0.0,0.0,0,0.0,21116.65276888889,Off,0.0,23.888888888888914,0,0.0,0.05,0.0,0.0,0,0,0,11489.55984,Off,0.0,0,77.61494417748466,51.666666666666686,46.10666666666668,0.0,48.981810458060004,0.0,0.0,0.0,121.27335027731978,49.04800586093083,49.081103562366245,48.981810458060004,12.43753247303448,20.119264927217024,0.0,8.620596688348336,-2.195534138967697,-2.8,9.236100170605994,-3879.284566941208,-4159.396218550688,-318.0683323512971,-4150.862849377058,-0.0,-0.0,360.21183795925845,0.0,2.0,0.1365792727418776,0.0,0,1.278246863412376,131.99922844444444,-88.63355552340826,0.19591356727807693,9.348960545875327,0.00280803948660258,-28.87813681287756,1.2179230704527293,0.2795495959108248,-4233.509777117641,74.11355856695279,0.08003374801097336,-64.15017370850968,-253.91815864278743
2025-01-01 23:48:00,0.29090079168458066,0.17748416922856342,0.0,0.004848346528076345,0.0029580694871427235,0.0,0.017302239416091224,0.22359855226848946,0.0,0.05,0.0,0.0,0.0,0.16290083589523008,0,0.01458333333333334,1,0,0,Off,0,0,Off,0,0,Off,0.03594136924459241,0.0269560269334443,On,0,0,Off,0.004724715369152047,0.0,On,0.012577524046939178,0,On,0.006397437741515965,0,On,0.1812597452823811,0.1359448089617858,On,Off,0.0,20.000000000000057,0.0,0.0,0.0,0.0,0,0.0,21116.65276888889,Off,0.0,23.888888888888914,0,0.0,0.05,0.0,0.0,0,0,0,11489.55984,Off,0.0,0,78.01103254510215,51.666666666666686,46.10666666666668,0.0,49.03188193585107,0.0,0.0,0.0,121.89223835172211,49.03188193585106,49.03188193585107,49.03188193585107,12.43753247303448,19.95752241781781,0.0,8.543721373358768,-2.2063843891243264,-2.8,9.236100170605994,-3822.986429202535,-4119.089556836272,-315.9065379881909,-4102.8597879575345,-0.0,-0.0,360.21183795925845,0.0,2.0,0.1359592602728107,0.0,0,1.2724441601328007,131.99922844444444,-80.33847920425913,0.19787865736129054,9.275435807824417,0.0028079390106379304,-28.22046020962839,1.2185952182978714,0.2788670761798094,-4194.746277798579,75.65672096230696,0.07972836162672114,-62.75828346721618,-253.14825452097472
2025-01-01 23:49:00,0.29090079168458066,0.17748416922856342,0.0,0.004848346528076345,0.0029580694871427235,0.0,0.017302239416091224,0.22359855226848946,0.0,0.05,0.0,0.0,0.0,0.16290083589523008,0,0.01458333333333334,1,0,0,Off,0,0,Off,0,0,Off,0.03594136924459241,0.0269560269334443,On,0,0,Off,0.004724715369152047,0.0,On,0.012577524046939178,0,On,0.006397437741515965,0,On,0.1812597452823811,0.1359448089617858,On,Off,0.0,20.000000000000057,0.0,0.0,0.0,0.0,0,0.0,21116.65276888889,Off,0.0,23.888888888888914,0,0.0,0.05,0.0,0.0,0,0,0,11489.55984,Off,0.0,0,78.38750501213383,51.666666666666686,46.10666666666668,0.0,49.01469556869761,0.0,0.0,0.0,122.48047658145911,49.01567572637063,49.01616580520715,49.01469556869761,12.43753247303448,19.80097697993358,0.0,8.471255035758212,-2.2170274236578194,-2.8,9.236100170605994,-3768.5145672925473,-4081.1700251798597,-313.8561009583409,-4056.6093096133427,-0.0,-0.0,360.21183795925845,0.0,2.0,0.13535773132571216,0.0,0,1.2668144443315341,131.99922844444444,-72.11709563846304,0.19980169445906634,9.203124624351243,0.0028078408770914605,-27.582489252547564,1.2192464763174706,0.27822216750531636,-4158.310450785047,77.1404256051869,0.07942766671172097,-61.40063090947513,-252.45547004886578
2025-01-01 23:50:00,0.29090079168458066,0.17748416922856342,0.0,0.004848346528076345,0.0029580694871427235,0.0,0.017302239416091224,0.22359855226848946,0.0,0.05,0.0,0.0,0.0,0.16290083589523008,0,0.01458333333333334,1,0,0,Off,0,0,Off,0,0,Off,0.03594136924459241,0.0269560269334443,On,0,0,Off,0.004724715369152047,0.0,On,0.012577524046939178,0,On,0.006397437741515965,0,On,0.1812597452823811,0.1359448089617858,On,Off,0.0,20.000000000000057,0.0,0.0,0.0,0.0,0,0.0,21116.65276888889,Off,0.0,23.888888888888914,0,0.0,0.05,0.0,0.0,0,0,0,11489.55984,Off,0.0,0,78.75065862548801,51.666666666666686,46.10666666666668,0.0,48.99742687843543,0.0,0.0,0.0,123.04790410232502,48.999391307546404,49.0003735221019,48.99742687843543,12.43753247303448,19.64931708492913,0.0,8.402834196450453,-2.2274697500712506,-2.8,9.236100170605994,-3715.983677840131,-4045.457153584711,-311.8529960722736,-4011.999864352051,-0.0,-0.0,360.21183795925845,0.0,2.0,0.13477361334714977,0.0,0,1.2613476779696187,131.99922844444444,-64.19565144733886,0.20168474102475886,9.134002026667908,0.002807745013251665,-26.963100721177486,1.2198780742880135,0.2776118863984915,-4124.002016023007,78.5448624382961,0.07913153185578915,-60.07598693097845,-251.7770091412951
2025-01-01 23:51:00,0.29090079168458066,0.17748416922856342,0.0,0.004848346528076345,0.0029580694871427235,0.0,0.017302239416091224,0.22359855226848946,0.0,0.05,0.0,0.0,0.0,0.16290083589523008,0,0.01458333333333334,1,0,0,Off,0,0,Off,0,0,Off,0.03594136924459241,0.0269560269334443,On,0,0,Off,0.004724715369152047,0.0,On,0.012577524046939178,0,On,0.006397437741515965,0,On,0.1812597452823811,0.1359448089617858,On,Off,0.0,20.000000000000057,0.0,0.0,0.0,0.0,0,0.0,21116.65276888889,Off,0.0,23.888888888888914,0,0.0,0.05,0.0,0.0,0,0,0,11489.55984,Off,0.0,0,79.10121365223893,51.666666666666686,46.10666666666668,0.0,48.98007880188652,0.0,0.0,0.0,123.59564633162331,48.98303144627078,48.98450776846291,48.98007880188652,12.43753247303448,19.50227706452123,0.0,8.338152089951016,-2.2377156350435046,-2.8,9.236100170605994,-3665.343730505119,-4011.784511672556,-309.87914629814077,-3968.9354485119848,-0.0,-0.0,360.21183795925845,0.0,2.0,0.13420599781858264,0.0,0,1.2560353582123864,131.99922844444444,-56.62011995239271,0.2035294634993864,9.065824280207206,0.002807651350636293,-26.361338005356973,1.2204910580179567,0.2770337167898781,-4091.6518731243964,79.86736145184014,0.07883988676985723,-58.78342719679717,-251.09571910134358
2025-01-01 23:52:00,0.29090079168458066,0.17748416922856342,0.0,0.004848346528076345,0.0029580694871427235,0.0,0.017302239416091224,0.22359855226848946,0.0,0.05,0.0,0.0,0.0,0.16290083589523008,0,0.01458333333333334,1,0,0,Off,0,0,Off,0,0,Off,0.03594136924459241,0.0269560269334443,On,0,0,Off,0.004724715369152047,0.0,On,0.012577524046939178,0,On,0.006397437741515965,0,On,0.1812597452823811,0.1359448089617858,On,Off,0.0,20.000000000000057,0.0,0.0,0.0,0.0,0,0.0,21116.65276888889,Off,0.0,23.888888888888914,0,0.0,0.05,0.0,0.0,0,0,0,11489.55984,Off,0.0,0,79.43980042401122,51.666666666666686,46.10666666666668,0.0,48.96265411708625,0.0,0.0,0.0,124.12468816251753,48.96659875980603,48.96857108116593,48.96265411708625,12.43753247303448,19.359624619122513,-0.14037538087754342,8.276943836972617,-2.247768860162201,-2.8,9.236100170605994,-3616.5334335209964,-3980.006011191647,-307.943719854921,-3927.3315809662163,-0.0,-0.0,360.21183795925845,0.0,2.0,0.13365409432016043,0.0,0,1.2508700875120675,131.99922844444444,-49.413690514039274,0.20533725744706002,8.999886062535381,0.002807559824375554,-25.77636505917366,1.2210863401773833,0.2764854853078376,-4061.114124259957,81.10811306831029,0.07855267322709839,-57.52210425893926,-250.42161559598176
2025-01-01 23:53:00,0.29090079168458066,0.17748416922856342,0.0,0.004848346528076345,0.0029580694871427235,0.0,0.017302239416091224,0.22359855226848946,0.0,0.05,0.0,0.0,0.0,0.16290083589523008,0,0.01458333333333334,1,0,0,Off,0,0,Off,0,0,Off,0.03594136924459241,0.0269560269334443,On,0,0,Off,0.004724715369152047,0.0,On,0.012577524046939178,0,On,0.006397437741515965,0,On,0.1812597452823811,0.1359448089617858,On,Off,0.0,20.000000000000057,0.0,0.0,0.0,0.0,0,0.0,21116.65276888889,Off,0.0,23.888888888888914,0,0.0,0.05,0.0,0.0,0,0,0,11489.55984,Off,0.0,0,79.76698473237671,51.666666666666686,46.10666666666668,0.0,48.94515546310249,0.0,0.0,0.0,124.6359136443386,48.95009573446778,48.95256587015044,48.94515546310249,12.43753247303448,19.221151371692095,-0.2788486283079621,8.218976037655793,-2.2576337251344842,-2.8,9.236100170605994,-3569.4806440307752,-3950.0046792581047,-306.0525506474963,-3887.1122793200634,-0.0,-0.0,360.21183795925845,0.0,2.0,0.13311719565125793,0.0,0,1.245845247170503,131.99922844444444,-42.580202669970035,0.20710934438195144,8.936080569377555,0.002807470372763239,-25.20743145792773,1.2216647387983,0.2759652738454371,-4032.2604667614414,82.25578750333635,0.07826981650370281,-56.29112076366453,-249.76142988383174
2025-01-01 23:54:00,1.3416737083512476,0.17748416922856342,0.9006625,0.022361228472520794,0.0029580694871427235,0.015011041666666667,0.017302239416091224,0.22359855226848946,1.0507729166666668,0.05,0.0,0.9006625,0.0,0.16290083589523008,0,0.01458333333333334,1,0,0,Off,0,0,Off,0,0,Off,0.03594136924459241,0.0269560269334443,On,0,0,Off,0.004724715369152047,0.0,On,0.012577524046939178,0,On,0.006397437741515965,0,On,0.1812597452823811,0.1359448089617858,On,On,17415.9303113141,20.000000000000057,0.8,4751.49537424146,26.39581596111111,1.0507729166666668,1,21116.65276888889,21116.65276888889,Off,0.0,23.888888888888914,0,0.0,0.05,0.0,0.0,0,0,0,11489.55984,Off,0.0,0,80.08328358834083,51.666666666666686,46.10666666666668,0.0,48.92758535425926,0.0,0.0,0.0,125.13013060678256,48.93352473903265,48.93649443141935,48.92758535425926,12.43753247303448,19.08666700771598,-0.41333299228407583,8.16403907734659,-2.2673148710211124,-2.8,9.236100170605994,13891.820680412877,829.873842821994,-304.20489684365435,-3848.208156798025,-0.0,-0.0,360.21183795925845,0.0,2.0,0.13259465634015533,0.0,0,1.240954796211016,131.99922844444444,-36.113312062454284,0.20884682994312248,8.873625139800502,0.0028073829369350363,-24.653850811227446,1.2222270010648384,0.27547135488916946,-4004.9760484346675,83.35451701520202,0.07799123021286809,-55.08955279454014,-249.1153440491142
2025-01-01 23:55:00,1.3416737083512476,0.17748416922856342,0.9006625,0.022361228472520794,0.0029580694871427235,0.015011041666666667,0.017302239416091224,0.22359855226848946,1.0507729166666668,0.05,0.0,0.9006625,0.0,0.16290083589523008,0,0.01458333333333334,1,0,0,Off,0,0,Off,0,0,Off,0.03594136924459241,0.0269560269334443,On,0,0,Off,0.004724715369152047,0.0,On,0.012577524046939178,0,On,0.006397437741515965,0,On,0.1812597452823811,0.1359448089617858,On,On,17415.9303113141,20.000000000000057,0.8,4751.49537424146,26.39581596111111,1.0507729166666668,1,21116.65276888889,21116.65276888889,Off,0.0,23.888888888888914,0,0.0,0.05,0.0,0.0,0,0,0,11489.55984,Off,0.0,0,79.54068800008879,51.666666666666686,46.10666666666668,0.0,48.90994619088798,0.0,0.0,0.0,124.28232500013874,48.91688803487208,48.920358956864135,48.90994619088798,12.43753247303448,19.272222914278405,-0.22777708572165167,8.283437801680824,-2.2768169904943156,-2.8,9.236100170605994,13827.20983090842,767.7727319687638,-302.3989763151779,-3901.9268898029322,-0.0,-0.0,360.21183795925845,0.0,2.0,0.1333153480667815,0.0,0,1.2476997577308226,131.99922844444444,-47.005428562004624,0.20643869667138845,8.959422536267182,0.002807297460625751,-25.328569217120535,1.2214515024932284,0.2765437021373451,-4064.350601595895,80.62795932319898,0.07771682452249283,-53.91648635777481,-248.4824899574031
2025-01-01 23:56:00,1.3416737083512476,0.17748416922856342,0.9006625,0.022361228472520794,0.0029580694871427235,0.015011041666666667,0.017302239416091224,0.22359855226848946,1.0507729166666668,0.05,0.0,0.9006625,0.0,0.16290083589523008,0,0.01458333333333334,1,0,0,Off,0,0,Off,0,0,Off,0.03594136924459241,0.0269560269334443,On,0,0,Off,0.004724715369152047,0.0,On,0.012577524046939178,0,On,0.006397437741515965,0,On,0.1812597452823811,0.1359448089617858,On,On,17415.9303113141,20.000000000000057,0.8,4751.49537424146,26.39581596111111,1.0507729166666668,1,21116.65276888889,21116.65276888889,Off,0.0,23.888888888888914,0,0.0,0.05,0.0,0.0,0,0,0,11489.55984,Off,0.0,0,79.01521382499688,51.666666666666686,46.10666666666668,0.0,48.89242719544753,0.0,0.0,0.0,123.46127160155763,48.90036405089325,48.90433247861612,48.89242719544753,12.43753247303448,19.45151069289732,-0.04848930710273791,8.395974687881134,-2.286144759488024,-2.8,9.236100170605994,13765.47974063534,709.284946669557,-300.63397018848605,-3954.1098573218237,-0.0,-0.0,360.21183795925845,0.0,2.0,0.13400972826135932,0.0,0,1.254198469342886,131.99922844444444,-56.55255131619357,0.20414112794509812,9.042253283200125,0.002807209589275153,-25.97588663705932,1.220703138662823,0.2775506288592328,-4120.567444091212,78.35701651930879,0.07744650812641916,-52.77102558228882,-247.8629446061972
2025-01-01 23:57:00,1.3416737083512476,0.17748416922856342,0.9006625,0.022361228472520794,0.0029580694871427235,0.015011041666666667,0.017302239416091224,0.22359855226848946,1.0507729166666668,0.05,0.0,0.9006625,0.0,0.16290083589523008,0,0.01458333333333334,1,0,0,Off,0,0,Off,0,0,Off,0.03594136924459241,0.0269560269334443,On,0,0,Off,0.004724715369152047,0.0,On,0.012577524046939178,0,On,0.006397437741515965,0,On,0.1812597452823811,0.1359448089617858,On,On,17415.9303113141,20.000000000000057,0.8,4751.49537424146,26.39581596111111,1.0507729166666668,1,21116.65276888889,21116.65276888889,Off,0.0,23.888888888888914,0,0.0,0.05,0.0,0.0,0,0,0,11489.55984,Off,0.0,0,78.5056984084952,51.666666666666686,46.10666666666668,0.0,48.87502459128935,0.0,0.0,0.0,122.66515376327376,48.88394923025044,48.88841154973098,48.87502459128935,12.43753247303448,19.62496009615924,0.0,8.50220621267243,-2.295302849724419,-2.8,9.236100170605994,13705.309398470754,653.8086567518849,-298.9094002466609,-4004.853624436593,-0.0,-0.0,360.21183795925845,0.0,2.0,0.13467967670610162,0.0,0,1.2604685239488895,131.99922844444444,-65.9791263660097,0.20194532011481536,9.121677768111152,0.0028071194169660483,-26.59770476417882,1.2199800208261635,0.27849779786381923,-4173.8601715846635,76.17345409508874,0.07718018790223284,-51.652290800832574,-247.25710944582832
2025-01-01 23:58:00,1.3416737083512476,0.17748416922856342,0.9006625,0.022361228472520794,0.0029580694871427235,0.015011041666666667,0.017302239416091224,0.22359855226848946,1.0507729166666668,0.05,0.0,0.9006625,0.0,0.16290083589523008,0,0.01458333333333334,1,0,0,Off,0,0,Off,0,0,Off,0.03594136924459241,0.0269560269334443,On,0,0,Off,0.004724715369152047,0.0,On,0.012577524046939178,0,On,0.006397437741515965,0,On,0.1812597452823811,0.1359448089617858,On,On,17415.9303113141,20.000000000000057,0.8,4751.49537424146,26.39581596111111,1.0507729166666668,1,21116.65276888889,21116.65276888889,Off,0.0,23.888888888888914,0,0.0,0.05,0.0,0.0,0,0,0,11489.55984,Off,0.0,0,78.01124624181027,51.666666666666686,46.10666666666668,0.0,48.857734858043884,0.0,0.0,0.0,121.89257225282854,48.8676402576307,48.87259295742411,48.857734858043884,12.43753247303448,19.79290155464377,0.0,8.60258997828328,-2.3042959203018034,-2.8,9.236100170605994,13646.852951142391,601.1905988457156,-297.2245957088046,-4054.2290866387807,-0.0,-0.0,360.21183795925845,0.0,2.0,0.13532666272055657,0.0,0,1.2665236729260823,131.99922844444444,-75.06011149218368,0.1998441417688233,9.198593529023288,0.0028070270313594716,-27.195517438250338,1.2192806855266982,0.27938987702588414,-4224.41988067223,74.1151052764849,0.07691776917416702,-50.559419222775276,-246.66517648602934
2025-01-01 23:59:00,1.3416737083512476,0.17748416922856342,0.9006625,0.022361228472520794,0.0029580694871427235,0.015011041666666667,0.017302239416091224,0.22359855226848946,1.0507729166666668,0.05,0.0,0.9006625,0.0,0.16290083589523008,0,0.01458333333333334,1,0,0,Off,0,0,Off,0,0,Off,0.03594136924459241,0.0269560269334443,On,0,0,Off,0.004724715369152047,0.0,On,0.012577524046939178,0,On,0.006397437741515965,0,On,0.1812597452823811,0.1359448089617858,On,On,17415.9303113141,20.000000000000057,0.8,4751.49537424146,26.39581596111111,1.0507729166666668,1,21116.65276888889,21116.65276888889,Off,0.0,23.888888888888914,0,0.0,0.05,0.0,0.0,0,0,0,11489.55984,Off,0.0,0,77.5310871232565,51.666666666666686,46.10666666666668,0.0,48.840554672757264,0.0,0.0,0.0,121.14232363008828,48.851434003756374,48.85687366925593,48.840554672757264,12.43753247303448,19.955618983903133,0.0,8.697523468507562,-2.3131285920776685,-2.8,9.236100170605994,13590.09476196291,551.2615976458565,-295.5787087691544,-4102.296186440675,-0.0,-0.0,360.21183795925845,0.0,2.0,0.135951954815413,0.0,0,1.2723757882794666,131.99922844444444,-83.75120086977127,0.19783137925386868,9.273180096872586,0.0028069325151047265,-27.770618316811213,1.2186038720015449,0.28023090857967076,-4272.413148332663,72.17937173705906,0.0766591564861855,-49.49156765524114,-246.08714111391325
