Time,Total Electric Power (kW),Total Reactive Power (kVAR),Total Gas Power (therms/hour),Total Electric Energy (kWh),Total Reactive Energy (kVARh),Total Gas Energy (therms),Lighting Electric Power (kW),Water Heating Electric Power (kW),Other Electric Power (kW),HVAC Heating Electric Power (kW),Lighting Reactive Power (kVAR),Water Heating Reactive Power (kVAR),Other Reactive Power (kVAR),HVAC Heating Reactive Power (kVAR),Grid Voltage (-),Clothes Washer Electric Power (kW),Clothes Washer Reactive Power (kVAR),Clothes Washer Mode,Clothes Dryer Electric Power (kW),Clothes Dryer Reactive Power (kVAR),Clothes Dryer Mode,Dishwasher Electric Power (kW),Dishwasher Reactive Power (kVAR),Dishwasher Mode,Refrigerator Electric Power (kW),Refrigerator Reactive Power (kVAR),Refrigerator Mode,Cooking Range Electric Power (kW),Cooking Range Reactive Power (kVAR),Cooking Range Mode,Exterior Lighting Electric Power (kW),Exterior Lighting Reactive Power (kVAR),Exterior Lighting Mode,Indoor Lighting Electric Power (kW),Indoor Lighting Reactive Power (kVAR),Indoor Lighting Mode,TV Electric Power (kW),TV Reactive Power (kVAR),TV Mode,MELs Electric Power (kW),MELs Reactive Power (kVAR),MELs Mode,Ceiling Fan Electric Power (kW),Ceiling Fan Reactive Power (kVAR),Ceiling Fan Mode,HVAC Heating Mode,HVAC Heating Delivered (W),HVAC Heating Setpoint (C),HVAC Heating COP (-),HVAC Heating Duct Losses (W),HVAC Heating Main Power (kW),HVAC Heating Fan Power (kW),HVAC Heating Speed (-),HVAC Heating Capacity (W),HVAC Heating Max Capacity (W),Water Heating Mode,Water Heating Delivered (W),Water Heating COP (-),Water Heating Total Sensible Heat Gain (W),Water Heating Deadband Upper Limit (C),Water Heating Deadband Lower Limit (C),Hot Water Unmet Demand (kW),Hot Water Outlet Temperature (C),Hot Water Delivered (L/min),Hot Water Delivered (W),Hot Water Heat Injected (W),Hot Water Heat Loss (W),Hot Water Average Temperature (C),Hot Water Maximum Temperature (C),Hot Water Minimum Temperature (C),Hot Water Mains Temperature (C),Temperature - Indoor (C),Unmet HVAC Load (C),Temperature - Outdoor (C),Net Sensible Heat Gain - Indoor (W),Infiltration Heat Gain - Indoor (W),Forced Ventilation Heat Gain - Indoor (W),Natural Ventilation Heat Gain - Indoor (W),Internal Heat Gain - Indoor (W),Window Transmitted Solar Gain (W),Occupancy (Persons),Infiltration Flow Rate - Indoor (m^3/s),Forced Ventilation Flow Rate - Indoor (m^3/s),Natural Ventilation Flow Rate - Indoor (m^3/s),Air Changes per Hour - Indoor (1/hour),Occupancy Heat Gain - Indoor (W),Radiation Heat Gain - Indoor (W),Relative Humidity - Indoor (-),Wet Bulb - Indoor (C),Humidity Ratio - Indoor (-),Net Latent Heat Gain - Indoor (W),Air Density - Indoor (kg/m^3)
2025-01-01 00:00:00,1.7725914158965377,0.06790446861207904,0.0,0.029543190264942294,0.0011317411435346507,0.0,0.011833160917469084,0.0,0.0934767038679573,1.6672815511111112,0.0,0.0,0.06790446861207904,0.0,1,0,0,Off,0,0,Off,0,0,Off,0.03766027444122292,0.02824520583091718,On,0.0,0,Off,0.003103307748538012,0.0,On,0.008729853168931071,0,On,0.002937412385185223,0,On,0.05287901704154915,0.03965926278116185,On,0,0,Off,On,1667.2815511111112,23.888888888888914,1.0,0.0,1.6672815511111112,0.0,1,1667.2815511111112,1667.2815511111112,Off,0.0,0.0,30.70095526979707,51.666666666666686,46.10666666666668,0.0,50.86639269294944,0.0,0.0,0.0,30.70095526979707,50.00597580125632,50.86639269294944,49.575767355409766,12.43753247303448,23.644049396163457,0.0,2.8,1352.135799521765,-542.6249223873976,-0.0,-54.785719201067856,233.60756203696238,0.0,2.0,0.019975607276076456,0.0,0.002016822239352693,0.40924460588986444,131.99922844444444,48.6573279621568,0.17770520111912205,11.290097302381994,0.003160436143635086,47.292087563924575,1.2032030087727572
2025-01-01 00:01:00,1.7725914158965377,0.06790446861207904,0.0,0.029543190264942294,0.0011317411435346507,0.0,0.011833160917469084,0.0,0.0934767038679573,1.6672815511111112,0.0,0.0,0.06790446861207904,0.0,1,0,0,Off,0,0,Off,0,0,Off,0.03766027444122292,0.02824520583091718,On,0.0,0,Off,0.003103307748538012,0.0,On,0.008729853168931071,0,On,0.002937412385185223,0,On,0.05287901704154915,0.03965926278116185,On,0,0,Off,On,1667.2815511111112,23.888888888888914,1.0,0.0,1.6672815511111112,0.0,1,1667.2815511111112,1667.2815511111112,Off,0.0,0.0,30.66436766722833,51.666666666666686,46.10666666666668,0.0,50.861637305633984,0.0,0.0,0.0,30.66436766722833,50.00166717939377,50.861637305633984,49.571682116273664,12.43753247303448,23.67117446584092,0.0,2.8,1343.1656993208414,-543.669489856334,-0.0,-56.51505573061986,233.60756203696238,0.0,2.0,0.01998804972540266,0.0,0.0020777802787425837,0.41061047381526433,131.99922844444444,42.46113175972176,0.17795192706044663,11.327831721226723,0.0031607673069819014,47.08103396994828,1.2066072035094852
2025-01-01 00:02:00,1.7725914158965377,0.06790446861207904,0.0,0.029543190264942294,0.0011317411435346507,0.0,0.011833160917469084,0.0,0.0934767038679573,1.6672815511111112,0.0,0.0,0.06790446861207904,0.0,1,0,0,Off,0,0,Off,0,0,Off,0.03766027444122292,0.02824520583091718,On,0.0,0,Off,0.003103307748538012,0.0,On,0.008729853168931071,0,On,0.002937412385185223,0,On,0.05287901704154915,0.03965926278116185,On,0,0,Off,On,1667.2815511111112,23.888888888888914,1.0,0.0,1.6672815511111112,0.0,1,1667.2815511111112,1667.2815511111112,Off,0.0,0.0,30.628854942374407,51.666666666666686,46.10666666666668,0.0,50.856887456219205,0.0,0.0,0.0,30.628854942374407,49.997363692294705,50.856887456219205,49.56760181033246,12.43753247303448,23.69738082942986,0.0,2.8,1334.31218785604,-544.6794392611724,-0.0,-58.186617081929064,233.60756203696238,0.0,2.0,0.020000068010558397,0.0,0.002136552649245296,0.41192777684244025,131.99922844444444,36.28913105106796,0.1776897214566298,11.339653625443404,0.003161096062283825,46.876679038390776,1.206500442346643
2025-01-01 00:03:00,1.7725914158965377,0.06790446861207904,0.0,0.029543190264942294,0.0011317411435346507,0.0,0.011833160917469084,0.0,0.0934767038679573,1.6672815511111112,0.0,0.0,0.06790446861207904,0.0,1,0,0,Off,0,0,Off,0,0,Off,0.03766027444122292,0.02824520583091718,On,0.0,0,Off,0.003103307748538012,0.0,On,0.008729853168931071,0,On,0.002937412385185223,0,On,0.05287901704154915,0.03965926278116185,On,0,0,Off,On,1667.2815511111112,23.888888888888914,1.0,0.0,1.6672815511111112,0.0,1,1667.2815511111112,1667.2815511111112,Off,0.0,0.0,30.59436838546269,51.666666666666686,46.10666666666668,0.0,50.852142984854254,0.0,0.0,0.0,30.59436838546269,49.99306518910906,50.852142984854254,49.563526291236464,12.43753247303448,23.722710201671354,0.0,2.8,1325.5740225048771,-545.6563011016068,-0.0,-59.80298328269914,233.60756203696238,0.0,2.0,0.020011681540535082,0.0,0.0021932455544107607,0.41319885242369325,131.99922844444444,30.144193741109447,0.17743724543371467,11.350231635773085,0.0031614234195901565,46.67863945683327,1.2063972648557078
2025-01-01 00:04:00,1.7725914158965377,0.06790446861207904,0.0,0.029543190264942294,0.0011317411435346507,0.0,0.011833160917469084,0.0,0.0934767038679573,1.6672815511111112,0.0,0.0,0.06790446861207904,0.0,1,0,0,Off,0,0,Off,0,0,Off,0.03766027444122292,0.02824520583091718,On,0.0,0,Off,0.003103307748538012,0.0,On,0.008729853168931071,0,On,0.002937412385185223,0,On,0.05287901704154915,0.03965926278116185,On,0,0,Off,On,1667.2815511111112,23.888888888888914,1.0,0.0,1.6672815511111112,0.0,1,1667.2815511111112,1667.2815511111112,Off,0.0,0.0,30.560861938339823,51.666666666666686,46.10666666666668,0.0,50.84740373893009,0.0,0.0,0.0,30.560861938339823,49.98877152582275,50.84740373893009,49.55945541926908,12.43753247303448,23.74720202502271,0.0,2.8,1319.1078513952323,-546.6015253922685,-0.0,-61.36659684205658,233.60756203696238,0.0,2.0,0.020022908656667556,0.0,0.002247958898865566,0.4144259009308309,131.99922844444444,26.186860481483674,0.17719403492427088,11.361151266792653,0.0031617494217913936,46.486617784058666,1.2062975089186816
2025-01-01 00:05:00,1.7725914158965377,0.06790446861207904,0.0,0.029543190264942294,0.0011317411435346507,0.0,0.011833160917469084,0.0,0.0934767038679573,1.6672815511111112,0.0,0.0,0.06790446861207904,0.0,1,0,0,Off,0,0,Off,0,0,Off,0.03766027444122292,0.02824520583091718,On,0.0,0,Off,0.003103307748538012,0.0,On,0.008729853168931071,0,On,0.002937412385185223,0,On,0.05287901704154915,0.03965926278116185,On,0,0,Off,On,1667.2815511111112,23.888888888888914,1.0,0.0,1.6672815511111112,0.0,1,1667.2815511111112,1667.2815511111112,Off,0.0,0.0,30.528202048530446,51.666666666666686,46.10666666666668,0.0,50.84266957268531,0.0,0.0,0.0,30.528202048530446,49.98448256488557,50.84266957268531,49.55538906098571,12.43753247303448,23.77097094955184,0.0,2.8,1315.2101577900348,-547.5194742221636,-0.0,-62.8847116935272,233.60756203696238,0.0,2.0,0.02003380214115941,0.0,0.002300959018054558,0.4156148606425766,131.99922844444444,24.725230557652186,0.17695882920470704,11.37169013585087,0.003162074109767261,46.299801079705475,1.2062007070646232
2025-01-01 00:06:00,1.7725914158965377,0.06790446861207904,0.0,0.029543190264942294,0.0011317411435346507,0.0,0.011833160917469084,0.0,0.0934767038679573,1.6672815511111112,0.0,0.0,0.06790446861207904,0.0,1,0,0,Off,0,0,Off,0,0,Off,0.03766027444122292,0.02824520583091718,On,0.0,0,Off,0.003103307748538012,0.0,On,0.008729853168931071,0,On,0.002937412385185223,0,On,0.05287901704154915,0.03965926278116185,On,0,0,Off,On,1667.2815511111112,23.888888888888914,1.0,0.0,1.6672815511111112,0.0,1,1667.2815511111112,1667.2815511111112,Off,0.0,0.0,30.49624873253152,51.666666666666686,46.10666666666668,0.0,50.837940360210446,0.0,0.0,0.0,30.49624873253152,49.980198187490316,50.837940360210446,49.551327101130255,12.43753247303448,23.794137171405374,0.0,2.8,1312.366220968549,-548.414737868252,-0.0,-64.36495065186965,233.60756203696238,0.0,2.0,0.020044417267460254,0.0,0.0023525223506584594,0.4167719042012002,131.99922844444444,24.256796340597063,0.17673031700985817,11.381910688436593,0.0031623975188656765,46.117343085588146,1.2061063696471928
2025-01-01 00:07:00,1.7725914158965377,0.06790446861207904,0.0,0.029543190264942294,0.0011317411435346507,0.0,0.011833160917469084,0.0,0.0934767038679573,1.6672815511111112,0.0,0.0,0.06790446861207904,0.0,1,0,0,Off,0,0,Off,0,0,Off,0.03766027444122292,0.02824520583091718,On,0.0,0,Off,0.003103307748538012,0.0,On,0.008729853168931071,0,On,0.002937412385185223,0,On,0.05287901704154915,0.03965926278116185,On,0,0,Off,On,1667.2815511111112,23.888888888888914,1.0,0.0,1.6672815511111112,0.0,1,1667.2815511111112,1667.2815511111112,Off,0.0,0.0,30.464931176233296,51.666666666666686,46.10666666666668,0.0,50.833215996403595,0.0,0.0,0.0,30.464931176233296,49.97591829447526,50.833215996403595,49.54726944351109,12.43753247303448,23.816761455652674,0.0,2.8,1309.4980962861343,-549.2896211637665,-0.0,-65.81115090847219,233.60756203696238,0.0,2.0,0.020054782036015174,0.0,0.00240279123463579,0.41790020133712213,131.99922844444444,23.70975521029938,0.17650782627052555,11.391844574384804,0.003162719678671588,45.93881062565495,1.206014248720154
2025-01-01 00:08:00,1.7725914158965377,0.06790446861207904,0.0,0.029543190264942294,0.0011317411435346507,0.0,0.011833160917469084,0.0,0.0934767038679573,1.6672815511111112,0.0,0.0,0.06790446861207904,0.0,1,0,0,Off,0,0,Off,0,0,Off,0.03766027444122292,0.02824520583091718,On,0.0,0,Off,0.003103307748538012,0.0,On,0.008729853168931071,0,On,0.002937412385185223,0,On,0.05287901704154915,0.03965926278116185,On,0,0,Off,On,1667.2815511111112,23.888888888888914,1.0,0.0,1.6672815511111112,0.0,1,1667.2815511111112,1667.2815511111112,Off,0.0,0.0,30.434226540748842,51.666666666666686,46.10666666666668,0.0,50.82849638668939,0.0,0.0,0.0,30.434226540748842,49.97164279661685,50.82849638668939,49.54321600158058,12.43753247303448,23.838863342851013,0.0,2.8,1306.9644473658539,-550.14484032208,-0.0,-67.22452027715492,233.60756203696238,0.0,2.0,0.020064905541261908,0.0,0.002451815504855192,0.41900084863227066,131.99922844444444,23.44469481701503,0.17629112630061367,11.40150209601822,0.003163040615824279,45.764055980767424,1.2059242639087848
2025-01-01 00:09:00,1.7725914158965377,0.06790446861207904,0.0,0.029543190264942294,0.0011317411435346507,0.0,0.011833160917469084,0.0,0.0934767038679573,1.6672815511111112,0.0,0.0,0.06790446861207904,0.0,1,0,0,Off,0,0,Off,0,0,Off,0.03766027444122292,0.02824520583091718,On,0.0,0,Off,0.003103307748538012,0.0,On,0.008729853168931071,0,On,0.002937412385185223,0,On,0.05287901704154915,0.03965926278116185,On,0,0,Off,On,1667.2815511111112,23.888888888888914,1.0,0.0,1.6672815511111112,0.0,1,1667.2815511111112,1667.2815511111112,Off,0.0,0.0,30.404098147176267,51.666666666666686,46.10666666666668,0.0,50.82378143988823,0.0,0.0,0.0,30.404098147176267,49.96737160789679,50.82378143988823,49.53916669190107,12.43753247303448,23.86047427220776,0.0,2.8,1304.2188306831135,-550.9815752006813,-0.0,-68.6070308502441,233.60756203696238,0.0,2.0,0.020074802315996468,0.0,0.002499670848892695,0.4200755249462084,131.99922844444444,22.918323585965215,0.17607986218754812,11.411686427026776,0.003163360355965119,45.59285084646767,1.2058362866023409
2025-01-01 00:10:00,1.7725914158965377,0.06790446861207904,0.0,0.029543190264942294,0.0011317411435346507,0.0,0.011833160917469084,0.0,0.0934767038679573,1.6672815511111112,0.0,0.0,0.06790446861207904,0.0,1,0,0,Off,0,0,Off,0,0,Off,0.03766027444122292,0.02824520583091718,On,0.0,0,Off,0.003103307748538012,0.0,On,0.008729853168931071,0,On,0.002937412385185223,0,On,0.05287901704154915,0.03965926278116185,On,0,0,Off,On,1667.2815511111112,23.888888888888914,1.0,0.0,1.6672815511111112,0.0,1,1667.2815511111112,1667.2815511111112,Off,0.0,0.0,30.374533768725538,51.666666666666686,46.10666666666668,0.0,50.819071070273324,0.0,0.0,0.0,30.374533768725538,49.963104647444354,50.819071070273324,49.535121436029875,12.43753247303448,23.881604671574742,0.0,2.8,1301.788595182276,-551.8001951994275,-0.0,-69.95931377240167,233.60756203696238,0.0,2.0,0.020084477259754343,0.0,0.0025463859179353874,0.42112485460523963,131.99922844444444,22.658991006031542,0.1758739035238646,11.420830289019072,0.0031636789231863443,45.42511220644899,1.2057502735787549
2025-01-01 00:11:00,1.7725914158965377,0.06790446861207904,0.0,0.029543190264942294,0.0011317411435346507,0.0,0.011833160917469084,0.0,0.0934767038679573,1.6672815511111112,0.0,0.0,0.06790446861207904,0.0,1,0,0,Off,0,0,Off,0,0,Off,0.03766027444122292,0.02824520583091718,On,0.0,0,Off,0.003103307748538012,0.0,On,0.008729853168931071,0,On,0.002937412385185223,0,On,0.05287901704154915,0.03965926278116185,On,0,0,Off,On,1667.2815511111112,23.888888888888914,1.0,0.0,1.6672815511111112,0.0,1,1667.2815511111112,1667.2815511111112,Off,0.0,0.0,30.345499833087654,51.666666666666686,46.10666666666668,0.0,50.814365193936254,0.0,0.0,0.0,30.345499833087654,49.95884183610475,50.814365193936254,49.531080157189,12.43753247303448,23.902283316933897,0.0,2.8,1299.1961502342106,-552.6017829101602,-0.0,-71.28317688589402,233.60756203696238,0.0,2.0,0.020093943664574808,0.0,0.002592029531707,0.42215036558043567,131.99922844444444,22.191996882191138,0.17567292723950104,11.42973483613671,0.003163996341022607,45.26063208890723,1.2056661071892916
2025-01-01 00:12:00,1.7725914158965377,0.06790446861207904,0.0,0.029543190264942294,0.0011317411435346507,0.0,0.011833160917469084,0.0,0.0934767038679573,1.6672815511111112,0.0,0.0,0.06790446861207904,0.0,1,0,0,Off,0,0,Off,0,0,Off,0.03766027444122292,0.02824520583091718,On,0.0,0,Off,0.003103307748538012,0.0,On,0.008729853168931071,0,On,0.002937412385185223,0,On,0.05287901704154915,0.03965926278116185,On,0,0,Off,On,1667.2815511111112,23.888888888888914,1.0,0.0,1.6672815511111112,0.0,1,1667.2815511111112,1667.2815511111112,Off,0.0,0.0,30.316984178278336,51.666666666666686,46.10666666666668,0.0,50.80966373195956,0.0,0.0,0.0,30.316984178278336,49.95458309943477,50.80966373195956,49.52704278317238,12.43753247303448,23.922520586825794,0.0,2.8,1296.8944996057407,-553.3867104492596,-0.0,-72.57925302368346,233.60756203696238,0.0,2.0,0.02010320639070399,0.0,0.002636629459413119,0.4231526650546954,131.99922844444444,21.971349930610106,0.17547680630845042,11.439194107930692,0.0031643126315967283,45.09932947650202,1.2055837445299387
2025-01-01 00:13:00,1.7725914158965377,0.06790446861207904,0.0,0.029543190264942294,0.0011317411435346507,0.0,0.011833160917469084,0.0,0.0934767038679573,1.6672815511111112,0.0,0.0,0.06790446861207904,0.0,1,0,0,Off,0,0,Off,0,0,Off,0.03766027444122292,0.02824520583091718,On,0.0,0,Off,0.003103307748538012,0.0,On,0.008729853168931071,0,On,0.002937412385185223,0,On,0.05287901704154915,0.03965926278116185,On,0,0,Off,On,1667.2815511111112,23.888888888888914,1.0,0.0,1.6672815511111112,0.0,1,1667.2815511111112,1667.2815511111112,Off,0.0,0.0,30.2889563616348,51.666666666666686,46.10666666666668,0.0,50.80496660723444,0.0,0.0,0.0,30.2889563616348,49.95032836469804,50.80496660723444,49.52300924342984,12.43753247303448,23.942342573762012,0.0,2.8,1294.4528342810484,-554.155961500853,-0.0,-73.84918358422506,233.60756203696238,0.0,2.0,0.020112277483251808,0.0,0.0026802477557669522,0.42413313190946045,131.99922844444444,21.568866218052843,0.17528524915978397,11.447645292142234,0.003164627816486355,44.94101654737502,1.2055030789744816
2025-01-01 00:14:00,1.7725914158965377,0.06790446861207904,0.0,0.029543190264942294,0.0011317411435346507,0.0,0.011833160917469084,0.0,0.0934767038679573,1.6672815511111112,0.0,0.0,0.06790446861207904,0.0,1,0,0,Off,0,0,Off,0,0,Off,0.03766027444122292,0.02824520583091718,On,0.0,0,Off,0.003103307748538012,0.0,On,0.008729853168931071,0,On,0.002937412385185223,0,On,0.05287901704154915,0.03965926278116185,On,0,0,Off,On,1667.2815511111112,23.888888888888914,1.0,0.0,1.6672815511111112,0.0,1,1667.2815511111112,1667.2815511111112,Off,0.0,0.0,30.261405240091616,51.666666666666686,46.10666666666668,0.0,50.80027374717782,0.0,0.0,0.0,30.261405240091616,49.946077563430556,50.80027374717782,49.51897947155693,12.43753247303448,23.961758786511965,0.0,2.8,1292.2674754577229,-554.9098784843155,-0.0,-75.09354992435544,233.60756203696238,0.0,2.0,0.020121161389778902,0.0,0.002722909603783676,0.4250923175232545,131.99922844444444,21.381790718320058,0.17509814042087954,11.455881382788258,0.0031649419159935858,44.785619663954094,1.2054240712518363
2025-01-01 00:15:00,1.7725914158965377,0.06790446861207904,0.0,0.029543190264942294,0.0011317411435346507,0.0,0.011833160917469084,0.0,0.0934767038679573,1.6672815511111112,0.0,0.0,0.06790446861207904,0.0,1,0,0,Off,0,0,Off,0,0,Off,0.03766027444122292,0.02824520583091718,On,0.0,0,Off,0.003103307748538012,0.0,On,0.008729853168931071,0,On,0.002937412385185223,0,On,0.05287901704154915,0.03965926278116185,On,0,0,Off,On,1667.2815511111112,23.888888888888914,1.0,0.0,1.6672815511111112,0.0,1,1667.2815511111112,1667.2815511111112,Off,0.0,0.0,30.234303682088353,51.666666666666686,46.10666666666668,0.0,50.79558508086374,0.0,0.0,0.0,30.234303682088353,49.94183062873216,50.79558508086374,49.514953402666386,12.43753247303448,23.980792477641454,0.0,2.8,1289.9619642919815,-555.6493392670275,-0.0,-76.31381609800785,233.60756203696238,0.0,2.0,0.020129868839879158,0.0,0.0027646700898627612,0.42603144662844494,131.99922844444444,21.036006508943114,0.1749152211356486,11.46470472070327,0.0031652549499246816,44.63297192052509,1.205346626372097
2025-01-01 00:16:00,1.7725914158965377,0.06790446861207904,0.0,0.029543190264942294,0.0011317411435346507,0.0,0.011833160917469084,0.0,0.0934767038679573,1.6672815511111112,0.0,0.0,0.06790446861207904,0.0,1,0,0,Off,0,0,Off,0,0,Off,0.03766027444122292,0.02824520583091718,On,0.0,0,Off,0.003103307748538012,0.0,On,0.008729853168931071,0,On,0.002937412385185223,0,On,0.05287901704154915,0.03965926278116185,On,0,0,Off,On,1667.2815511111112,23.888888888888914,1.0,0.0,1.6672815511111112,0.0,1,1667.2815511111112,1667.2815511111112,Off,0.0,0.0,30.207641427909504,51.666666666666686,46.10666666666668,0.0,50.79090054139976,0.0,0.0,0.0,30.207641427909504,49.93758749751039,50.79090054139976,49.51093097556571,12.43753247303448,23.99945240204079,0.0,2.8,1287.8824697806774,-556.3746604648827,-0.0,-77.51051877829319,233.60756203696238,0.0,2.0,0.020138403923644188,0.0,0.002805552169080136,0.4269510224931643,131.99922844444444,20.878535875779722,0.17473638597785823,11.473330851437868,0.0031655669369521,44.483006039237154,1.2052707082114948
2025-01-01 00:17:00,1.7725914158965377,0.06790446861207904,0.0,0.029543190264942294,0.0011317411435346507,0.0,0.011833160917469084,0.0,0.0934767038679573,1.6672815511111112,0.0,0.0,0.06790446861207904,0.0,1,0,0,Off,0,0,Off,0,0,Off,0.03766027444122292,0.02824520583091718,On,0.0,0,Off,0.003103307748538012,0.0,On,0.008729853168931071,0,On,0.002937412385185223,0,On,0.05287901704154915,0.03965926278116185,On,0,0,Off,On,1667.2815511111112,23.888888888888914,1.0,0.0,1.6672815511111112,0.0,1,1667.2815511111112,1667.2815511111112,Off,0.0,0.0,30.181394260499165,51.666666666666686,46.10666666666668,0.0,50.786220063419194,0.0,0.0,0.0,30.181394260499165,49.93334810811261,50.786220063419194,49.50691213045932,12.43753247303448,24.017759312407502,0.0,2.8,1285.7005424632139,-557.0866265954079,-0.0,-78.68496569717014,233.60756203696238,0.0,2.0,0.020146776213420044,0.0,0.0028456048298083248,0.4278521348405,131.99922844444444,20.583021607718333,0.17456140456028937,11.48097935642381,0.003165877895294985,44.33557344527502,1.2051962320178955
2025-01-01 00:18:00,1.7725914158965377,0.06790446861207904,0.0,0.029543190264942294,0.0011317411435346507,0.0,0.011833160917469084,0.0,0.0934767038679573,1.6672815511111112,0.0,0.0,0.06790446861207904,0.0,1,0,0,Off,0,0,Off,0,0,Off,0.03766027444122292,0.02824520583091718,On,0.0,0,Off,0.003103307748538012,0.0,On,0.008729853168931071,0,On,0.002937412385185223,0,On,0.05287901704154915,0.03965926278116185,On,0,0,Off,On,1667.2815511111112,23.888888888888914,1.0,0.0,1.6672815511111112,0.0,1,1667.2815511111112,1667.2815511111112,Off,0.0,0.0,30.155552692646868,51.666666666666686,46.10666666666668,0.0,50.78154358515562,0.0,0.0,0.0,30.155552692646868,49.92911240228488,50.78154358515562,49.50289681084951,12.43753247303448,24.035721304611727,0.0,2.8,1283.7177184206712,-557.7855316518555,-0.0,-79.83765439735319,233.60756203696238,0.0,2.0,0.020154989487046658,0.0,0.002884849092954714,0.4287352451362291,131.99922844444444,20.45179132180615,0.17439018028583295,11.489236477005312,0.0031661878421629535,44.19061238524569,1.2051231644172042
2025-01-01 00:19:00,1.7725914158965377,0.06790446861207904,0.0,0.029543190264942294,0.0011317411435346507,0.0,0.011833160917469084,0.0,0.0934767038679573,1.6672815511111112,0.0,0.0,0.06790446861207904,0.0,1,0,0,Off,0,0,Off,0,0,Off,0.03766027444122292,0.02824520583091718,On,0.0,0,Off,0.003103307748538012,0.0,On,0.008729853168931071,0,On,0.002937412385185223,0,On,0.05287901704154915,0.03965926278116185,On,0,0,Off,On,1667.2815511111112,23.888888888888914,1.0,0.0,1.6672815511111112,0.0,1,1667.2815511111112,1667.2815511111112,Off,0.0,0.0,30.13009508967167,51.666666666666686,46.10666666666668,0.0,50.77687104625349,0.0,0.0,0.0,30.13009508967167,49.9248803231047,50.77687104625349,49.49888496153031,12.43753247303448,24.05335691650381,0.0,2.8,1281.648303565953,-558.472077260984,-0.0,-80.96975391896854,233.60756203696238,0.0,2.0,0.02016305229223004,0.0,0.0029233285760036647,0.4296013240926941,131.99922844444444,20.201021597831915,0.17422250795396474,11.496528909045264,0.0031664967943492595,44.047990454489,1.2050514297231907
2025-01-01 00:20:00,1.7725914158965377,0.06790446861207904,0.0,0.029543190264942294,0.0011317411435346507,0.0,0.011833160917469084,0.0,0.0934767038679573,1.6672815511111112,0.0,0.0,0.06790446861207904,0.0,1,0,0,Off,0,0,Off,0,0,Off,0.03766027444122292,0.02824520583091718,On,0.0,0,Off,0.003103307748538012,0.0,On,0.008729853168931071,0,On,0.002937412385185223,0,On,0.05287901704154915,0.03965926278116185,On,0,0,Off,On,1667.2815511111112,23.888888888888914,1.0,0.0,1.6672815511111112,0.0,1,1667.2815511111112,1667.2815511111112,Off,0.0,0.0,30.105012641279647,51.666666666666686,46.10666666666668,0.0,50.77220238957362,0.0,0.0,0.0,30.105012641279647,49.92065181668582,50.77220238957362,49.49487653024192,12.43753247303448,24.070673666590533,0.0,2.8,1279.7539335574738,-559.1465375451609,-0.0,-82.0817274690385,233.60756203696238,0.0,2.0,0.02017096813343352,0.0,0.002961062615864676,0.43045079675200404,131.99922844444444,20.0930854235997,0.17405829857301894,11.504444637347852,0.0031668047677473007,43.90765071172125,1.2049809969694747
2025-01-01 00:21:00,1.7725914158965377,0.06790446861207904,0.0,0.029543190264942294,0.0011317411435346507,0.0,0.011833160917469084,0.0,0.0934767038679573,1.6672815511111112,0.0,0.0,0.06790446861207904,0.0,1,0,0,Off,0,0,Off,0,0,Off,0.03766027444122292,0.02824520583091718,On,0.0,0,Off,0.003103307748538012,0.0,On,0.008729853168931071,0,On,0.002937412385185223,0,On,0.05287901704154915,0.03965926278116185,On,0,0,Off,On,1667.2815511111112,23.888888888888914,1.0,0.0,1.6672815511111112,0.0,1,1667.2815511111112,1667.2815511111112,Off,0.0,0.0,30.080286009850646,51.666666666666686,46.10666666666668,0.0,50.76753755928706,0.0,0.0,0.0,30.080286009850646,49.91642683037843,50.76753755928706,49.490871465924116,12.43753247303448,24.087688122696324,0.0,2.8,1277.787138957845,-559.809540242917,-0.0,-83.17462055892001,233.60756203696238,0.0,2.0,0.020178744647560476,0.0,0.002998090080222451,0.4312845284915746,131.99922844444444,19.882186611608347,0.17389736923750654,11.512200549288139,0.0031671117778663068,43.76947507483372,1.2049117985296096
2025-01-01 00:22:00,0.10530986478542638,0.06790446861207904,0.0,0.0017551644130904397,0.0011317411435346507,0.0,0.011833160917469084,0.0,0.0934767038679573,0.0,0.0,0.0,0.06790446861207904,0.0,1,0,0,Off,0,0,Off,0,0,Off,0.03766027444122292,0.02824520583091718,On,0.0,0,Off,0.003103307748538012,0.0,On,0.008729853168931071,0,On,0.002937412385185223,0,On,0.05287901704154915,0.03965926278116185,On,0,0,Off,Off,0.0,23.888888888888914,0.0,0.0,0.0,0.0,0,0.0,1667.2815511111112,Off,0.0,0.0,30.055906980291244,51.666666666666686,46.10666666666668,0.0,50.76287650243972,0.0,0.0,0.0,30.055906980291244,49.912205314246606,50.76287650243972,49.48686972015005,12.43753247303448,24.10440729559361,0.0,2.8,-391.3077002091644,-560.4613419584189,-0.0,-84.24886615495738,233.60756203696238,0.0,2.0,0.020186385098824068,0.0,0.0030344288339327246,0.4321029124902252,131.99922844444444,19.794945867249453,0.1737396376083539,11.519800345235762,0.0031674178394128292,43.63341081083633,1.2048438055534922
2025-01-01 00:23:00,0.10530986478542638,0.06790446861207904,0.0,0.0017551644130904397,0.0011317411435346507,0.0,0.011833160917469084,0.0,0.0934767038679573,0.0,0.0,0.0,0.06790446861207904,0.0,1,0,0,Off,0,0,Off,0,0,Off,0.03766027444122292,0.02824520583091718,On,0.0,0,Off,0.003103307748538012,0.0,On,0.008729853168931071,0,On,0.002937412385185223,0,On,0.05287901704154915,0.03965926278116185,On,0,0,Off,Off,0.0,23.888888888888914,0.0,0.0,0.0,0.0,0,0.0,1667.2815511111112,Off,0.0,0.0,30.101897231477793,51.666666666666686,46.10666666666668,0.0,50.758219167299224,0.0,0.0,0.0,30.101897231477793,49.907987219507326,50.758219167299224,49.482871245611385,12.43753247303448,24.060647805268317,0.0,2.8,-385.0680149774346,-558.7560063700349,-0.0,-81.43788784225849,233.60756203696238,0.0,2.0,0.02016638524980575,0.0,0.002939221773787684,0.42995909267699045,131.99922844444444,21.518317197896515,0.17421334752295678,11.500939432242923,0.0031677229667374154,43.908356091040545,1.2050209777708663
2025-01-01 00:24:00,0.10530986478542638,0.06790446861207904,0.0,0.0017551644130904397,0.0011317411435346507,0.0,0.011833160917469084,0.0,0.0934767038679573,0.0,0.0,0.0,0.06790446861207904,0.0,1,0,0,Off,0,0,Off,0,0,Off,0.03766027444122292,0.02824520583091718,On,0.0,0,Off,0.003103307748538012,0.0,On,0.008729853168931071,0,On,0.002937412385185223,0,On,0.05287901704154915,0.03965926278116185,On,0,0,Off,Off,0.0,23.888888888888914,0.0,0.0,0.0,0.0,0,0.0,1667.2815511111112,Off,0.0,0.0,30.146092684609947,51.666666666666686,46.10666666666668,0.0,50.75355509470108,0.0,0.0,0.0,30.146092684609947,49.9037626704216,50.75355509470108,49.47886645828187,12.43753247303448,24.018424473318376,0.0,2.8,-378.05035261739124,-557.1125019188688,-0.0,-78.72764505538727,233.60756203696238,0.0,2.0,0.020147080386414547,0.0,0.0028470590555783014,0.42788485588247777,131.99922844444444,24.182232319902486,0.17467248672150798,11.483655163243032,0.003168029971602257,44.173728881438585,1.2051919707495593
2025-01-01 00:25:00,0.10530986478542638,0.06790446861207904,0.0,0.0017551644130904397,0.0011317411435346507,0.0,0.011833160917469084,0.0,0.0934767038679573,0.0,0.0,0.0,0.06790446861207904,0.0,1,0,0,Off,0,0,Off,0,0,Off,0.03766027444122292,0.02824520583091718,On,0.0,0,Off,0.003103307748538012,0.0,On,0.008729853168931071,0,On,0.002937412385185223,0,On,0.05287901704154915,0.03965926278116185,On,0,0,Off,Off,0.0,23.888888888888914,0.0,0.0,0.0,0.0,0,0.0,1667.2815511111112,Off,0.0,0.0,30.188548451797935,51.666666666666686,46.10666666666668,0.0,50.748884551472194,0.0,0.0,0.0,30.188548451797935,49.899531918874295,50.748884551472194,49.47485560257535,12.43753247303448,23.977690183623775,0.0,2.8,-372.5983087640002,-555.5287880426058,-0.0,-76.11489734184302,233.60756203696238,0.0,2.0,0.020128449712706747,0.0,0.0027578676686249833,0.42587845651261574,131.99922844444444,25.4378145834862,0.1751174098210619,11.466340340076627,0.003168338788118188,44.4297674201315,1.2053569703868254
2025-01-01 00:26:00,0.10530986478542638,0.06790446861207904,0.0,0.0017551644130904397,0.0011317411435346507,0.0,0.011833160917469084,0.0,0.0934767038679573,0.0,0.0,0.0,0.06790446861207904,0.0,1,0,0,Off,0,0,Off,0,0,Off,0.03766027444122292,0.02824520583091718,On,0.0,0,Off,0.003103307748538012,0.0,On,0.008729853168931071,0,On,0.002937412385185223,0,On,0.05287901704154915,0.03965926278116185,On,0,0,Off,Off,0.0,23.888888888888914,0.0,0.0,0.0,0.0,0,0.0,1667.2815511111112,Off,0.0,0.0,30.229413009138565,51.666666666666686,46.10666666666668,0.0,50.74420779624477,0.0,0.0,0.0,30.229413009138565,49.89529520901576,50.74420779624477,49.47083891540125,12.43753247303448,23.938317566142135,0.0,2.8,-366.4112725763864,-553.9997246419655,-0.0,-73.59127827812812,233.60756203696238,0.0,2.0,0.020110435652385086,0.0,0.0026713960324538277,0.42393414164497767,131.99922844444444,27.572168306744825,0.17554932776057883,11.450510414375469,0.003168649352069332,44.67726665186055,1.2055164886213723
2025-01-01 00:27:00,0.10530986478542638,0.06790446861207904,0.0,0.0017551644130904397,0.0011317411435346507,0.0,0.011833160917469084,0.0,0.0934767038679573,0.0,0.0,0.0,0.06790446861207904,0.0,1,0,0,Off,0,0,Off,0,0,Off,0.03766027444122292,0.02824520583091718,On,0.0,0,Off,0.003103307748538012,0.0,On,0.008729853168931071,0,On,0.002937412385185223,0,On,0.05287901704154915,0.03965926278116185,On,0,0,Off,Off,0.0,23.888888888888914,0.0,0.0,0.0,0.0,0,0.0,1667.2815511111112,Off,0.0,0.0,30.268731231995492,51.666666666666686,46.10666666666668,0.0,50.739525065579535,0.0,0.0,0.0,30.268731231995492,49.89105276415895,50.739525065579535,49.466816613448664,12.43753247303448,23.90026827438865,0.0,2.8,-361.0707124929445,-552.523651322931,-0.0,-71.15415092053873,233.60756203696238,0.0,2.0,0.020093021279007382,0.0,0.0025875849207774027,0.42205049419675356,131.99922844444444,28.999527713562763,0.1759685282585005,11.434567769365756,0.00316896160471557,44.91641960113773,1.2056706767636989
2025-01-01 00:28:00,0.10530986478542638,0.06790446861207904,0.0,0.0017551644130904397,0.0011317411435346507,0.0,0.011833160917469084,0.0,0.0934767038679573,0.0,0.0,0.0,0.06790446861207904,0.0,1,0,0,Off,0,0,Off,0,0,Off,0.03766027444122292,0.02824520583091718,On,0.0,0,Off,0.003103307748538012,0.0,On,0.008729853168931071,0,On,0.002937412385185223,0,On,0.05287901704154915,0.03965926278116185,On,0,0,Off,Off,0.0,23.888888888888914,0.0,0.0,0.0,0.0,0,0.0,1667.2815511111112,Off,0.0,0.0,30.306610780744634,51.666666666666686,46.10666666666668,0.0,50.73483658936434,0.0,0.0,0.0,30.306610780744634,49.88680480131897,50.73483658936434,49.46278890729629,12.43753247303448,23.863449992080387,0.0,2.8,-355.8286391822812,-551.0968292498646,-0.0,-68.7974374079443,233.60756203696238,0.0,2.0,0.020076164910254265,0.0,0.0025062541199607612,0.42022338503240103,131.99922844444444,30.45806543856531,0.17637587892923057,11.419254795336819,0.003169275488672627,45.14779635000245,1.2058199055331318
2025-01-01 00:29:00,0.10530986478542638,0.06790446861207904,0.0,0.0017551644130904397,0.0011317411435346507,0.0,0.011833160917469084,0.0,0.0934767038679573,0.0,0.0,0.0,0.06790446861207904,0.0,1,0,0,Off,0,0,Off,0,0,Off,0.03766027444122292,0.02824520583091718,On,0.0,0,Off,0.003103307748538012,0.0,On,0.008729853168931071,0,On,0.002937412385185223,0,On,0.05287901704154915,0.03965926278116185,On,0,0,Off,Off,0.0,23.888888888888914,0.0,0.0,0.0,0.0,0,0.0,1667.2815511111112,Off,0.0,0.0,30.343122216415704,51.666666666666686,46.10666666666668,0.0,50.73014258148245,0.0,0.0,0.0,30.343122216415704,49.88255152240168,50.73014258148245,49.4587559928613,12.43753247303448,23.827802274645084,0.0,2.8,-350.8196553420411,-549.7167726450176,-0.0,-66.51711872344116,233.60756203696238,0.0,2.0,0.020059839390783284,0.0,0.002427291261115547,0.41845021782490643,131.99922844444444,31.806673989455305,0.17677192162433816,11.403755575122434,0.0031695909504862326,45.3717542387264,1.205964416720937
2025-01-01 00:30:00,0.10530986478542638,0.06790446861207904,0.0,0.0017551644130904397,0.0011317411435346507,0.0,0.011833160917469084,0.0,0.0934767038679573,0.0,0.0,0.0,0.06790446861207904,0.0,1,0,0,Off,0,0,Off,0,0,Off,0.03766027444122292,0.02824520583091718,On,0.0,0,Off,0.003103307748538012,0.0,On,0.008729853168931071,0,On,0.002937412385185223,0,On,0.05287901704154915,0.03965926278116185,On,0,0,Off,Off,0.0,23.888888888888914,0.0,0.0,0.0,0.0,0,0.0,1667.2815511111112,Off,0.0,0.0,30.37833771334771,51.666666666666686,46.10666666666668,0.0,50.72544324532684,0.0,0.0,0.0,30.37833771334771,49.87829311941028,50.72544324532684,49.454718056452,12.43753247303448,23.79326328086793,0.0,2.8,-346.01882902021725,-548.3809555927435,-0.0,-64.30910108270905,233.60756203696238,0.0,2.0,0.020044016875347407,0.0,0.002350578907225092,0.4167282890992985,131.99922844444444,33.06366561827291,0.1771572221414605,11.389609581057929,0.0031699079391744197,45.58866574432625,1.2061044581386489
2025-01-01 00:31:00,0.10530986478542638,0.06790446861207904,0.0,0.0017551644130904397,0.0011317411435346507,0.0,0.011833160917469084,0.0,0.0934767038679573,0.0,0.0,0.0,0.06790446861207904,0.0,1,0,0,Off,0,0,Off,0,0,Off,0.03766027444122292,0.02824520583091718,On,0.0,0,Off,0.003103307748538012,0.0,On,0.008729853168931071,0,On,0.002937412385185223,0,On,0.05287901704154915,0.03965926278116185,On,0,0,Off,Off,0.0,23.888888888888914,0.0,0.0,0.0,0.0,0,0.0,1667.2815511111112,Off,0.0,0.0,30.412324385426523,51.666666666666686,46.10666666666668,0.0,50.720738773560555,0.0,0.0,0.0,30.412324385426523,49.87402977421891,50.720738773560555,49.4506752745481,12.43753247303448,23.759775508845426,0.0,2.8,-341.412195755957,-547.0870330903864,-0.0,-62.16958179709535,233.60756203696238,0.0,2.0,0.020028671459317155,0.0,0.0022760073868748534,0.4150550759981247,131.99922844444444,34.236857094562346,0.17753230871432676,11.37521837920095,0.0031702264063280306,45.79887846530596,1.2062402603027766
2025-01-01 00:32:00,0.10530986478542638,0.06790446861207904,0.0,0.0017551644130904397,0.0011317411435346507,0.0,0.011833160917469084,0.0,0.0934767038679573,0.0,0.0,0.0,0.06790446861207904,0.0,1,0,0,Off,0,0,Off,0,0,Off,0.03766027444122292,0.02824520583091718,On,0.0,0,Off,0.003103307748538012,0.0,On,0.008729853168931071,0,On,0.002937412385185223,0,On,0.05287901704154915,0.03965926278116185,On,0,0,Off,Off,0.0,23.888888888888914,0.0,0.0,0.0,0.0,0,0.0,1667.2815511111112,Off,0.0,0.0,30.445145071365427,51.666666666666686,46.10666666666668,0.0,50.716029348869,0.0,0.0,0.0,30.445145071365427,49.86976165928286,50.716029348869,49.446627814489794,12.43753247303448,23.72728512171825,0.0,2.8,-336.9891154524788,-545.8328135590635,-0.0,-60.09500469255945,233.60756203696238,0.0,2.0,0.020013778874887048,0.0,0.0022034734913789484,0.4134282063838987,131.99922844444444,35.33114076218182,0.17789767828833092,11.362121175536942,0.0031705463059380034,46.002719262267064,1.2063720391376929
2025-01-01 00:33:00,0.10530986478542638,0.06790446861207904,0.0,0.0017551644130904397,0.0011317411435346507,0.0,0.011833160917469084,0.0,0.0934767038679573,0.0,0.0,0.0,0.06790446861207904,0.0,1,0,0,Off,0,0,Off,0,0,Off,0.03766027444122292,0.02824520583091718,On,0.0,0,Off,0.003103307748538012,0.0,On,0.008729853168931071,0,On,0.002937412385185223,0,On,0.05287901704154915,0.03965926278116185,On,0,0,Off,Off,0.0,23.888888888888914,0.0,0.0,0.0,0.0,0,0.0,1667.2815511111112,Off,0.0,0.0,30.476858742289565,51.666666666666686,46.10666666666668,0.0,50.71131514459547,0.0,0.0,0.0,30.476858742289565,49.8654889382385,50.71131514459547,49.442575835060026,12.43753247303448,23.695741598026476,0.0,2.8,-332.7389976620482,-544.616244112613,-0.0,-58.082036493672284,233.60756203696238,0.0,2.0,0.019999316335260777,0.0,0.0021328798650245965,0.4118454445930369,131.99922844444444,36.35172090727475,0.17825379947022188,11.34872734607684,0.003170867594251242,46.200496224516336,1.2064999973652446
2025-01-01 00:34:00,0.10530986478542638,0.06790446861207904,0.0,0.0017551644130904397,0.0011317411435346507,0.0,0.011833160917469084,0.0,0.0934767038679573,0.0,0.0,0.0,0.06790446861207904,0.0,1,0,0,Off,0,0,Off,0,0,Off,0.03766027444122292,0.02824520583091718,On,0.0,0,Off,0.003103307748538012,0.0,On,0.008729853168931071,0,On,0.002937412385185223,0,On,0.05287901704154915,0.03965926278116185,On,0,0,Off,Off,0.0,23.888888888888914,0.0,0.0,0.0,0.0,0,0.0,1667.2815511111112,Off,0.0,0.0,30.507520748672903,51.666666666666686,46.10666666666668,0.0,50.706596325316106,0.0,0.0,0.0,30.507520748672903,49.861211766446125,50.706596325316106,49.43851948701114,12.43753247303448,23.66509751984246,0.0,2.8,-328.6519876553647,-543.4354012900421,-0.0,-56.127552156527436,233.60756203696238,0.0,2.0,0.019985262441467047,0.0,0.0020641346835014976,0.4103046837179226,131.99922844444444,37.30340375424257,0.17860111409486837,11.335795399558751,0.003171190229640172,46.39249972931745,1.206624325338222
2025-01-01 00:35:00,0.10530986478542638,0.06790446861207904,0.0,0.0017551644130904397,0.0011317411435346507,0.0,0.011833160917469084,0.0,0.0934767038679573,0.0,0.0,0.0,0.06790446861207904,0.0,1,0,0,Off,0,0,Off,0,0,Off,0.03766027444122292,0.02824520583091718,On,0.0,0,Off,0.003103307748538012,0.0,On,0.008729853168931071,0,On,0.002937412385185223,0,On,0.05287901704154915,0.03965926278116185,On,0,0,Off,Off,0.0,23.888888888888914,0.0,0.0,0.0,0.0,0,0.0,1667.2815511111112,Off,0.0,0.0,30.537183077434868,51.666666666666686,46.10666666666668,0.0,50.701873047378186,0.0,0.0,0.0,30.537183077434868,49.85693029149804,50.701873047378186,49.43445891355797,12.43753247303448,23.63530835258069,0.0,2.8,-324.9256039821256,-542.2884815840758,-0.0,-54.22861979296465,233.60756203696238,0.0,2.0,0.019971597084937287,0.0,0.001997151298168285,0.40880393717438723,131.99922844444444,37.98393535795248,0.17894003895391442,11.32408137745856,0.0031715141724797586,46.57900360154275,1.2067452019105909
2025-01-01 00:36:00,0.10530986478542638,0.06790446861207904,0.0,0.0017551644130904397,0.0011317411435346507,0.0,0.011833160917469084,0.0,0.0934767038679573,0.0,0.0,0.0,0.06790446861207904,0.0,1,0,0,Off,0,0,Off,0,0,Off,0.03766027444122292,0.02824520583091718,On,0.0,0,Off,0.003103307748538012,0.0,On,0.008729853168931071,0,On,0.002937412385185223,0,On,0.05287901704154915,0.03965926278116185,On,0,0,Off,Off,0.0,23.888888888888914,0.0,0.0,0.0,0.0,0,0.0,1667.2815511111112,Off,0.0,0.0,30.565903146083496,51.666666666666686,46.10666666666668,0.0,50.69714545940012,0.0,0.0,0.0,30.565903146083496,49.85264465369061,50.69714545940012,49.43039425083587,12.43753247303448,23.60632488654468,0.0,2.8,-320.8700398880002,-541.173509896563,-0.0,-52.38201829221059,233.60756203696238,0.0,2.0,0.01995829798210218,0.0,0.001931831308926575,0.4073409592287345,131.99922844444444,39.07792626381096,0.17927104685539305,11.312001204965924,0.0031718393850326486,46.76031801976026,1.2068628251540638
2025-01-01 00:37:00,0.10530986478542638,0.06790446861207904,0.0,0.0017551644130904397,0.0011317411435346507,0.0,0.011833160917469084,0.0,0.0934767038679573,0.0,0.0,0.0,0.06790446861207904,0.0,1,0,0,Off,0,0,Off,0,0,Off,0.03766027444122292,0.02824520583091718,On,0.0,0,Off,0.003103307748538012,0.0,On,0.008729853168931071,0,On,0.002937412385185223,0,On,0.05287901704154915,0.03965926278116185,On,0,0,Off,Off,0.0,23.888888888888914,0.0,0.0,0.0,0.0,0,0.0,1667.2815511111112,Off,0.0,0.0,30.59370679944716,51.666666666666686,46.10666666666668,0.0,50.692413701464396,0.0,0.0,0.0,30.59370679944716,49.84835498526217,50.692413701464396,49.42632562716106,12.43753247303448,23.57812504078776,0.0,2.8,-317.2865152524598,-540.0895618536346,-0.0,-50.5862624076507,233.60756203696238,0.0,2.0,0.019945355271806332,0.0,0.0018681364108030013,0.4059148535848835,131.99922844444444,39.78174697186306,0.17959432270283618,11.300323469308793,0.0031721658316955855,46.93656515732301,1.2069772829999788
2025-01-01 00:38:00,0.10530986478542638,0.06790446861207904,0.0,0.0017551644130904397,0.0011317411435346507,0.0,0.011833160917469084,0.0,0.0934767038679573,0.0,0.0,0.0,0.06790446861207904,0.0,1,0,0,Off,0,0,Off,0,0,Off,0.03766027444122292,0.02824520583091718,On,0.0,0,Off,0.003103307748538012,0.0,On,0.008729853168931071,0,On,0.002937412385185223,0,On,0.05287901704154915,0.03965926278116185,On,0,0,Off,Off,0.0,23.888888888888914,0.0,0.0,0.0,0.0,0,0.0,1667.2815511111112,Off,0.0,0.0,30.62065175173967,51.666666666666686,46.10666666666668,0.0,50.687677909810404,0.0,0.0,0.0,30.62065175173967,49.84406141482391,50.687677909810404,49.42225316733067,12.43753247303448,23.550659339005573,0.0,2.8,-313.934985914608,-539.0346660018605,-0.0,-48.83812858686591,233.60756203696238,0.0,2.0,0.019932746497941366,0.0,0.0018059655490737987,0.40452332190004386,131.99922844444444,40.33024663715601,0.1799103515756559,11.288246470815057,0.003172493477714677,47.10806293286574,1.207088774952176
2025-01-01 00:39:00,0.10530986478542638,0.06790446861207904,0.0,0.0017551644130904397,0.0011317411435346507,0.0,0.011833160917469084,0.0,0.0934767038679573,0.0,0.0,0.0,0.06790446861207904,0.0,1,0,0,Off,0,0,Off,0,0,Off,0.03766027444122292,0.02824520583091718,On,0.0,0,Off,0.003103307748538012,0.0,On,0.008729853168931071,0,On,0.002937412385185223,0,On,0.05287901704154915,0.03965926278116185,On,0,0,Off,Off,0.0,23.888888888888914,0.0,0.0,0.0,0.0,0,0.0,1667.2815511111112,Off,0.0,0.0,30.646782788642955,51.666666666666686,46.10666666666668,0.0,50.682938212097675,0.0,0.0,0.0,30.646782788642955,49.83976406288734,50.682938212097675,49.418176988282184,12.43753247303448,23.523889408787,0.0,2.8,-310.3112206370786,-538.0072845929254,-0.0,-47.13510758176523,233.60756203696238,0.0,2.0,0.019920454275788594,0.0,0.0017452417137388283,0.4031646076366089,131.99922844444444,41.22360950064976,0.18021950325381209,11.277303777101418,0.0031728222905200694,47.275053901085975,1.2071974555243186
2025-01-01 00:40:00,0.10530986478542638,0.06790446861207904,0.0,0.0017551644130904397,0.0011317411435346507,0.0,0.011833160917469084,0.0,0.0934767038679573,0.0,0.0,0.0,0.06790446861207904,0.0,1,0,0,Off,0,0,Off,0,0,Off,0.03766027444122292,0.02824520583091718,On,0.0,0,Off,0.003103307748538012,0.0,On,0.008729853168931071,0,On,0.002937412385185223,0,On,0.05287901704154915,0.03965926278116185,On,0,0,Off,Off,0.0,23.888888888888914,0.0,0.0,0.0,0.0,0,0.0,1667.2815511111112,Off,0.0,0.0,30.67212153138739,51.666666666666686,46.10666666666668,0.0,50.67819472932757,0.0,0.0,0.0,30.67212153138739,49.835463043678665,50.67819472932757,49.41409720085422,12.43753247303448,23.497796781245203,0.0,2.8,-307.2186676794272,-537.0066489621192,-0.0,-45.47596180993973,233.60756203696238,0.0,2.0,0.019908470341070017,0.0,0.0016859322667132977,0.4018379496657851,131.99922844444444,41.656381055669456,0.18052193504349046,11.266708852556109,0.0031731522392101736,47.43764178322079,1.2073033983781347
2025-01-01 00:41:00,0.10530986478542638,0.06790446861207904,0.0,0.0017551644130904397,0.0011317411435346507,0.0,0.011833160917469084,0.0,0.0934767038679573,0.0,0.0,0.0,0.06790446861207904,0.0,1,0,0,Off,0,0,Off,0,0,Off,0.03766027444122292,0.02824520583091718,On,0.0,0,Off,0.003103307748538012,0.0,On,0.008729853168931071,0,On,0.002937412385185223,0,On,0.05287901704154915,0.03965926278116185,On,0,0,Off,Off,0.0,23.888888888888914,0.0,0.0,0.0,0.0,0,0.0,1667.2815511111112,Off,0.0,0.0,30.696721849719445,51.666666666666686,46.10666666666668,0.0,50.67344757928634,0.0,0.0,0.0,30.696721849719445,49.83115846838973,50.67344757928634,49.41001391294144,12.43753247303448,23.47233526696597,0.0,2.8,-303.86915630454996,-536.0309321353031,-0.0,-43.85769600587969,233.60756203696238,0.0,2.0,0.01989677368072748,0.0,0.0016279408505605944,0.40054116390682615,131.99922844444444,42.411909799670575,0.1808181089465795,11.255664171561204,0.0031734832936033248,47.596129201491394,1.2074067901022443
2025-01-01 00:42:00,0.10530986478542638,0.06790446861207904,0.0,0.0017551644130904397,0.0011317411435346507,0.0,0.011833160917469084,0.0,0.0934767038679573,0.0,0.0,0.0,0.06790446861207904,0.0,1,0,0,Off,0,0,Off,0,0,Off,0.03766027444122292,0.02824520583091718,On,0.0,0,Off,0.003103307748538012,0.0,On,0.008729853168931071,0,On,0.002937412385185223,0,On,0.05287901704154915,0.03965926278116185,On,0,0,Off,Off,0.0,23.888888888888914,0.0,0.0,0.0,0.0,0,0.0,1667.2815511111112,Off,0.0,0.0,30.72060221205187,51.666666666666686,46.10666666666668,0.0,50.66869687175201,0.0,0.0,0.0,30.72060221205187,49.82685044065222,50.66869687175201,49.40592722510233,12.43753247303448,23.447489096205405,0.0,2.8,-300.9635593169785,-535.0794780760097,-0.0,-42.27925375753954,233.60756203696238,0.0,2.0,0.01988535723722085,0.0,0.0015712395992364266,0.39927360048662286,131.99922844444444,42.787610479608375,0.1811081591790369,11.24570992077987,0.0031738154255937347,47.75060459022274,1.2075076936018752
2025-01-01 00:43:00,0.10530986478542638,0.06790446861207904,0.0,0.0017551644130904397,0.0011317411435346507,0.0,0.011833160917469084,0.0,0.0934767038679573,0.0,0.0,0.0,0.06790446861207904,0.0,1,0,0,Off,0,0,Off,0,0,Off,0.03766027444122292,0.02824520583091718,On,0.0,0,Off,0.003103307748538012,0.0,On,0.008729853168931071,0,On,0.002937412385185223,0,On,0.05287901704154915,0.03965926278116185,On,0,0,Off,Off,0.0,23.888888888888914,0.0,0.0,0.0,0.0,0,0.0,1667.2815511111112,Off,0.0,0.0,30.743809273375536,51.666666666666686,46.10666666666668,0.0,50.663942713756256,0.0,0.0,0.0,30.743809273375536,49.82253906150592,50.663942713756256,49.40183723538076,12.43753247303448,23.423218270388237,0.0,2.8,-297.83846670132664,-534.1507068429223,-0.0,-40.73804351961166,233.60756203696238,0.0,2.0,0.019874202806103775,0.0,0.00151574476727358,0.3980333622772492,131.99922844444444,43.44272162424511,0.18139248708787134,11.235278803363116,0.0031741486076893627,47.901330866652614,1.2076062705123936
2025-01-01 00:44:00,0.10530986478542638,0.06790446861207904,0.0,0.0017551644130904397,0.0011317411435346507,0.0,0.011833160917469084,0.0,0.0934767038679573,0.0,0.0,0.0,0.06790446861207904,0.0,1,0,0,Off,0,0,Off,0,0,Off,0.03766027444122292,0.02824520583091718,On,0.0,0,Off,0.003103307748538012,0.0,On,0.008729853168931071,0,On,0.002937412385185223,0,On,0.05287901704154915,0.03965926278116185,On,0,0,Off,Off,0.0,23.888888888888914,0.0,0.0,0.0,0.0,0,0.0,1667.2815511111112,Off,0.0,0.0,30.766359866466285,51.666666666666686,46.10666666666668,0.0,50.659185205395005,0.0,0.0,0.0,30.766359866466285,49.81822442544299,50.659185205395005,49.39774403546699,12.43753247303448,23.399508416561243,0.0,2.8,-295.1053672212606,-533.244023452308,-0.0,-39.23310553153051,233.60756203696238,0.0,2.0,0.01986330394431435,0.0,0.0014614305375742287,0.3968198489677506,131.99922844444444,43.76419972561552,0.18167121687252724,11.225908532093534,0.0031744828142011854,48.04838976422519,1.207702578241575
2025-01-01 00:45:00,0.10530986478542638,0.06790446861207904,0.0,0.0017551644130904397,0.0011317411435346507,0.0,0.011833160917469084,0.0,0.0934767038679573,0.0,0.0,0.0,0.06790446861207904,0.0,1,0,0,Off,0,0,Off,0,0,Off,0.03766027444122292,0.02824520583091718,On,0.0,0,Off,0.003103307748538012,0.0,On,0.008729853168931071,0,On,0.002937412385185223,0,On,0.05287901704154915,0.03965926278116185,On,0,0,Off,Off,0.0,23.888888888888914,0.0,0.0,0.0,0.0,0,0.0,1667.2815511111112,Off,0.0,0.0,30.7882954063465,51.666666666666686,46.10666666666668,0.0,50.65442444426105,0.0,0.0,0.0,30.7882954063465,49.81390662459325,50.65442444426105,49.393647714759354,12.43753247303448,23.376324030909938,-0.012564857978976107,2.8,-292.1833524182123,-532.3580281783449,-0.0,-37.762142264100774,233.60756203696238,0.0,2.0,0.01985264448344216,0.0,0.0014082221843589985,0.39563136915987324,131.99922844444444,44.32925598727098,0.18194470647366628,11.216037242939969,0.003174818020006664,48.192015783715,1.2077967603292143
2025-01-01 00:46:00,0.10530986478542638,0.06790446861207904,0.0,0.0017551644130904397,0.0011317411435346507,0.0,0.011833160917469084,0.0,0.0934767038679573,0.0,0.0,0.0,0.06790446861207904,0.0,1,0,0,Off,0,0,Off,0,0,Off,0.03766027444122292,0.02824520583091718,On,0.0,0,Off,0.003103307748538012,0.0,On,0.008729853168931071,0,On,0.002937412385185223,0,On,0.05287901704154915,0.03965926278116185,On,0,0,Off,Off,0.0,23.888888888888914,0.0,0.0,0.0,0.0,0,0.0,1667.2815511111112,Off,0.0,0.0,30.80963119438439,51.666666666666686,46.10666666666668,0.0,50.64966052179038,0.0,0.0,0.0,30.80963119438439,49.80958574527426,50.64966052179038,49.3895483570162,12.43753247303448,23.35365204849282,-0.035236840396095204,2.8,-289.6055821107442,-531.4921824792488,-0.0,-36.324283701168106,233.60756203696238,0.0,2.0,0.019842218558484934,0.0,0.001356095912487161,0.3944673709248944,131.99922844444444,44.60332203271038,0.18221307023864022,11.20643036022335,0.003175154201590797,48.33228410236362,1.2078888690166938
2025-01-01 00:47:00,0.10530986478542638,0.06790446861207904,0.0,0.0017551644130904397,0.0011317411435346507,0.0,0.011833160917469084,0.0,0.0934767038679573,0.0,0.0,0.0,0.06790446861207904,0.0,1,0,0,Off,0,0,Off,0,0,Off,0.03766027444122292,0.02824520583091718,On,0.0,0,Off,0.003103307748538012,0.0,On,0.008729853168931071,0,On,0.002937412385185223,0,On,0.05287901704154915,0.03965926278116185,On,0,0,Off,Off,0.0,23.888888888888914,0.0,0.0,0.0,0.0,0,0.0,1667.2815511111112,Off,0.0,0.0,30.830403959824455,51.666666666666686,46.10666666666668,0.0,50.64489352714357,0.0,0.0,0.0,30.830403959824455,49.805261871656164,50.64489352714357,49.38544604391247,12.43753247303448,23.33146098493536,-0.05742790395355257,2.8,-286.8662500871636,-530.6452471950415,-0.0,-34.91749461825696,233.60756203696238,0.0,2.0,0.019832011823894654,0.0,0.0013049851474039936,0.3933263484666705,131.99922844444444,45.088929689172495,0.18247662690859806,11.197840800290994,0.003175491335959041,48.46940356719389,1.2079790316469197
2025-01-01 00:48:00,0.10530986478542638,0.06790446861207904,0.0,0.0017551644130904397,0.0011317411435346507,0.0,0.011833160917469084,0.0,0.0934767038679573,0.0,0.0,0.0,0.06790446861207904,0.0,1,0,0,Off,0,0,Off,0,0,Off,0.03766027444122292,0.02824520583091718,On,0.0,0,Off,0.003103307748538012,0.0,On,0.008729853168931071,0,On,0.002937412385185223,0,On,0.05287901704154915,0.03965926278116185,On,0,0,Off,Off,0.0,23.888888888888914,0.0,0.0,0.0,0.0,0,0.0,1667.2815511111112,Off,0.0,0.0,30.850627685456857,51.666666666666686,46.10666666666668,0.0,50.640123544020966,0.0,0.0,0.0,30.850627685456857,49.80093508275448,50.640123544020966,49.381340852121234,12.43753247303448,23.30973890128912,-0.07914998759979497,2.8,-284.4290112694807,-529.8167322537456,-0.0,-33.540982131929624,233.60756203696238,0.0,2.0,0.019822018912712874,0.0,0.0012548678471174753,0.3922077917476395,131.99922844444444,45.321141079232206,0.18273548229456058,11.18872333348606,0.003175829401548052,48.60344368786527,1.20806729601077
2025-01-01 00:49:00,0.10530986478542638,0.06790446861207904,0.0,0.0017551644130904397,0.0011317411435346507,0.0,0.011833160917469084,0.0,0.0934767038679573,0.0,0.0,0.0,0.06790446861207904,0.0,1,0,0,Off,0,0,Off,0,0,Off,0.03766027444122292,0.02824520583091718,On,0.0,0,Off,0.003103307748538012,0.0,On,0.008729853168931071,0,On,0.002937412385185223,0,On,0.05287901704154915,0.03965926278116185,On,0,0,Off,Off,0.0,23.888888888888914,0.0,0.0,0.0,0.0,0,0.0,1667.2815511111112,Off,0.0,0.0,30.870334977933968,51.666666666666686,46.10666666666668,0.0,50.63535065404358,0.0,0.0,0.0,30.870334977933968,49.79660545562233,50.63535065404358,49.3772328564117,12.43753247303448,23.28845784948099,-0.10043103940792264,2.8,-281.85446411728367,-529.0055393812135,-0.0,-32.1929413958251,233.60756203696238,0.0,2.0,0.019812227084517013,0.0,0.0012056846629596666,0.3911103593029386,131.99922844444444,45.73645462279248,0.18298992040770126,11.179833417110371,0.0031761683772751873,48.734590587291336,1.2081537751915261
2025-01-01 00:50:00,0.10530986478542638,0.06790446861207904,0.0,0.0017551644130904397,0.0011317411435346507,0.0,0.011833160917469084,0.0,0.0934767038679573,0.0,0.0,0.0,0.06790446861207904,0.0,1,0,0,Off,0,0,Off,0,0,Off,0.03766027444122292,0.02824520583091718,On,0.0,0,Off,0.003103307748538012,0.0,On,0.008729853168931071,0,On,0.002937412385185223,0,On,0.05287901704154915,0.03965926278116185,On,0,0,Off,Off,0.0,23.888888888888914,0.0,0.0,0.0,0.0,0,0.0,1667.2815511111112,Off,0.0,0.0,30.889538670857387,51.666666666666686,46.10666666666668,0.0,50.63057493398502,0.0,0.0,0.0,30.889538670857387,49.79227306273678,50.63057493398502,49.373122127112666,12.43753247303448,23.267606871667137,-0.12128201722177678,2.8,-279.5445970957122,-528.2112206031758,-0.0,-30.872646592756894,233.60756203696238,0.0,2.0,0.019802631406794044,0.0,0.001157415096806266,0.3900335779083095,131.99922844444444,45.931708063258085,0.18324003954899423,11.171165410342137,0.0031765082433328896,48.86290880063667,1.2082385130987732
2025-01-01 00:51:00,0.10530986478542638,0.06790446861207904,0.0,0.0017551644130904397,0.0011317411435346507,0.0,0.011833160917469084,0.0,0.0934767038679573,0.0,0.0,0.0,0.06790446861207904,0.0,1,0,0,Off,0,0,Off,0,0,Off,0.03766027444122292,0.02824520583091718,On,0.0,0,Off,0.003103307748538012,0.0,On,0.008729853168931071,0,On,0.002937412385185223,0,On,0.05287901704154915,0.03965926278116185,On,0,0,Off,Off,0.0,23.888888888888914,0.0,0.0,0.0,0.0,0,0.0,1667.2815511111112,Off,0.0,0.0,30.9082677302634,51.666666666666686,46.10666666666668,0.0,50.62579645871045,0.0,0.0,0.0,30.9082677302634,49.78793797477382,50.62579645871045,49.36900873280551,12.43753247303448,23.24716114243601,-0.1417277464529043,2.8,-277.1189836722998,-527.432801729216,-0.0,-29.578495969586026,233.60756203696238,0.0,2.0,0.019793220557661438,0.0,0.0011100062274672256,0.3889762521009726,131.99922844444444,46.284751989539814,0.1834860928543733,11.162706475407674,0.003176848980359444,48.98856425118912,1.2083216102159535
2025-01-01 00:52:00,0.10530986478542638,0.06790446861207904,0.0,0.0017551644130904397,0.0011317411435346507,0.0,0.011833160917469084,0.0,0.0934767038679573,0.0,0.0,0.0,0.06790446861207904,0.0,1,0,0,Off,0,0,Off,0,0,Off,0.03766027444122292,0.02824520583091718,On,0.0,0,Off,0.003103307748538012,0.0,On,0.008729853168931071,0,On,0.002937412385185223,0,On,0.05287901704154915,0.03965926278116185,On,0,0,Off,Off,0.0,23.888888888888914,0.0,0.0,0.0,0.0,0,0.0,1667.2815511111112,Off,0.0,0.0,30.926533986715526,51.666666666666686,46.10666666666668,0.0,50.621015298778836,0.0,0.0,0.0,30.926533986715526,49.783600258344286,50.621015298778836,49.36489273812701,12.43753247303448,23.227110560229278,-0.16177832865963637,2.8,-274.92479763984863,-526.6698714226426,-0.0,-28.309822133940568,233.60756203696238,0.0,2.0,0.019783989984156806,0.0,0.0010634389167511087,0.3879379410257279,131.99922844444444,46.44733387977219,0.18372817201577185,11.15445141084394,0.003177190570129525,49.111617105944376,1.2084031070624695
2025-01-01 00:53:00,0.10530986478542638,0.06790446861207904,0.0,0.0017551644130904397,0.0011317411435346507,0.0,0.011833160917469084,0.0,0.0934767038679573,0.0,0.0,0.0,0.06790446861207904,0.0,1,0,0,Off,0,0,Off,0,0,Off,0.03766027444122292,0.02824520583091718,On,0.0,0,Off,0.003103307748538012,0.0,On,0.008729853168931071,0,On,0.002937412385185223,0,On,0.05287901704154915,0.03965926278116185,On,0,0,Off,Off,0.0,23.888888888888914,0.0,0.0,0.0,0.0,0,0.0,1667.2815511111112,Off,0.0,0.0,30.94436318548763,51.666666666666686,46.10666666666668,0.0,50.61623152298988,0.0,0.0,0.0,30.94436318548763,49.779259978398684,50.61623152298988,49.360774206103095,12.43753247303448,23.207433062140527,-0.18145582674838678,2.8,-272.63405769006647,-525.9215649974998,-0.0,-27.065202721573232,233.60756203696238,0.0,2.0,0.019774929620296068,0.0,0.0010176659688421422,0.38691757913032726,131.99922844444444,46.74514799204411,0.18396650268155723,11.146388805958622,0.003177532994833066,49.2322153054871,1.2084830929683712
2025-01-01 00:54:00,0.10530986478542638,0.06790446861207904,0.0,0.0017551644130904397,0.0011317411435346507,0.0,0.011833160917469084,0.0,0.0934767038679573,0.0,0.0,0.0,0.06790446861207904,0.0,1,0,0,Off,0,0,Off,0,0,Off,0.03766027444122292,0.02824520583091718,On,0.0,0,Off,0.003103307748538012,0.0,On,0.008729853168931071,0,On,0.002937412385185223,0,On,0.05287901704154915,0.03965926278116185,On,0,0,Off,Off,0.0,23.888888888888914,0.0,0.0,0.0,0.0,0,0.0,1667.2815511111112,Off,0.0,0.0,30.961766278974405,51.666666666666686,46.10666666666668,0.0,50.61144519631584,0.0,0.0,0.0,30.961766278974405,49.774917196274416,50.61144519631584,49.3566531962537,12.43753247303448,23.188119296121062,-0.2007695927678519,2.8,-270.54514240568506,-525.1875031015912,-0.0,-25.844021391214948,233.60756203696238,0.0,2.0,0.01976603524564398,0.0,0.0009726694460380503,0.38591475408659875,131.99922844444444,46.87882005015874,0.18420117071504225,11.138513843815623,0.0031778762376729773,49.35041517238783,1.2085616054834516
2025-01-01 00:55:00,0.10530986478542638,0.06790446861207904,0.0,0.0017551644130904397,0.0011317411435346507,0.0,0.011833160917469084,0.0,0.0934767038679573,0.0,0.0,0.0,0.06790446861207904,0.0,1,0,0,Off,0,0,Off,0,0,Off,0.03766027444122292,0.02824520583091718,On,0.0,0,Off,0.003103307748538012,0.0,On,0.008729853168931071,0,On,0.002937412385185223,0,On,0.05287901704154915,0.03965926278116185,On,0,0,Off,Off,0.0,23.888888888888914,0.0,0.0,0.0,0.0,0,0.0,1667.2815511111112,Off,0.0,0.0,30.978766157552986,51.666666666666686,46.10666666666668,0.0,50.60665638210031,0.0,0.0,0.0,30.978766157552986,49.77057197177177,50.60665638210031,49.3525297666075,12.43753247303448,23.169149647842453,-0.2197392410464616,2.8,-268.37677856450875,-524.4669178856809,-0.0,-24.64501454783946,233.60756203696238,0.0,2.0,0.019757297908204755,0.0,0.000928407260340945,0.3849285161203449,131.99922844444444,47.127591832049205,0.18443237725496445,11.130816378888554,0.003178220282240534,49.466348612090385,1.2086387240461667
2025-01-01 00:56:00,0.10530986478542638,0.06790446861207904,0.0,0.0017551644130904397,0.0011317411435346507,0.0,0.011833160917469084,0.0,0.0934767038679573,0.0,0.0,0.0,0.06790446861207904,0.0,1,0,0,Off,0,0,Off,0,0,Off,0.03766027444122292,0.02824520583091718,On,0.0,0,Off,0.003103307748538012,0.0,On,0.008729853168931071,0,On,0.002937412385185223,0,On,0.05287901704154915,0.03965926278116185,On,0,0,Off,Off,0.0,23.888888888888914,0.0,0.0,0.0,0.0,0,0.0,1667.2815511111112,Off,0.0,0.0,30.995373002665655,51.666666666666686,46.10666666666668,0.0,50.60186514028384,0.0,0.0,0.0,30.995373002665655,49.76622436147859,50.60186514028384,49.34840397207597,12.43753247303448,23.150515423098003,-0.2383734657909109,2.8,-266.3838462128782,-523.7594580019528,-0.0,-23.46761058615123,233.60756203696238,0.0,2.0,0.01974871367964784,0.0,0.0008848625359041159,0.3839584780984697,131.99922844444444,47.23566033826343,0.18466020301400007,11.123291931695249,0.0031785651130299924,49.5800685566032,1.2087144835981363
2025-01-01 00:57:00,0.10530986478542638,0.06790446861207904,0.0,0.0017551644130904397,0.0011317411435346507,0.0,0.011833160917469084,0.0,0.0934767038679573,0.0,0.0,0.0,0.06790446861207904,0.0,1,0,0,Off,0,0,Off,0,0,Off,0.03766027444122292,0.02824520583091718,On,0.0,0,Off,0.003103307748538012,0.0,On,0.008729853168931071,0,On,0.002937412385185223,0,On,0.05287901704154915,0.03965926278116185,On,0,0,Off,Off,0.0,23.888888888888914,0.0,0.0,0.0,0.0,0,0.0,1667.2815511111112,Off,0.0,0.0,31.011607169636314,51.666666666666686,46.10666666666668,0.0,50.59707152929297,0.0,0.0,0.0,31.011607169636314,49.76187442055383,50.59707152929297,49.34427586618427,12.43753247303448,23.132199181864934,-0.2566897070239804,2.8,-264.32672841077294,-523.0644414032507,-0.0,-22.310686699766883,233.60756203696238,0.0,2.0,0.01974027459786261,0.0,0.0008419977483821027,0.38300379358939635,131.99922844444444,47.44083765528221,0.18488482724373428,11.115168760678571,0.0031789107149002727,49.691692590430726,1.2087889547894641
2025-01-01 00:58:00,0.10530986478542638,0.06790446861207904,0.0,0.0017551644130904397,0.0011317411435346507,0.0,0.011833160917469084,0.0,0.0934767038679573,0.0,0.0,0.0,0.06790446861207904,0.0,1,0,0,Off,0,0,Off,0,0,Off,0.03766027444122292,0.02824520583091718,On,0.0,0,Off,0.003103307748538012,0.0,On,0.008729853168931071,0,On,0.002937412385185223,0,On,0.05287901704154915,0.03965926278116185,On,0,0,Off,Off,0.0,23.888888888888914,0.0,0.0,0.0,0.0,0,0.0,1667.2815511111112,Off,0.0,0.0,31.0274781612693,51.666666666666686,46.10666666666668,0.0,50.59227560452804,0.0,0.0,0.0,31.0274781612693,49.75752220129974,50.59227560452804,49.340145499685605,12.43753247303448,23.114192808910015,-0.27469607997889867,2.8,-262.42147673259467,-522.3815413332183,-0.0,-21.173710597977664,233.60756203696238,0.0,2.0,0.01973197699180329,0.0,0.0007997969631241045,0.382064097761874,131.99922844444444,47.526213161638786,0.18510632609577407,11.107968711865947,0.0031792570735150807,49.80127064881451,1.2088621702648599
2025-01-01 00:59:00,0.10530986478542638,0.06790446861207904,0.0,0.0017551644130904397,0.0011317411435346507,0.0,0.011833160917469084,0.0,0.0934767038679573,0.0,0.0,0.0,0.06790446861207904,0.0,1,0,0,Off,0,0,Off,0,0,Off,0.03766027444122292,0.02824520583091718,On,0.0,0,Off,0.003103307748538012,0.0,On,0.008729853168931071,0,On,0.002937412385185223,0,On,0.05287901704154915,0.03965926278116185,On,0,0,Off,Off,0.0,23.888888888888914,0.0,0.0,0.0,0.0,0,0.0,1667.2815511111112,Off,0.0,0.0,31.043004077563307,51.666666666666686,46.10666666666668,0.0,50.5874774199763,0.0,0.0,0.0,31.043004077563307,49.75316775468495,50.5874774199763,49.33601292203928,12.43753247303448,23.096480798370298,-0.2924080905186166,2.8,-260.4656736399412,-521.7101519121944,-0.0,-20.055684548019983,233.60756203696238,0.0,2.0,0.01972381378048517,0.0,0.0007582267391489758,0.3811386365656994,131.99922844444444,47.69260078331082,0.18532485924783665,11.10092044544744,0.0031796041748818533,49.90890750677523,1.2089341928527302
2025-01-01 01:00:00,1.7714171609543667,0.0671983384663061,0.0,0.029523619349239444,0.0011199723077717683,0.0,0.011600412836328733,0.0,0.09253519700692671,1.6672815511111112,0.0,0.0,0.0671983384663061,0.0,1,0,0,Off,0,0,Off,0,0,Off,0.03671876758019234,0.027539075685144247,On,0.0,0,Off,0.0028705596673976605,0.0,On,0.008729853168931071,0,On,0.002937412385185223,0,On,0.05287901704154915,0.03965926278116185,On,0,0,Off,On,1667.2815511111112,23.888888888888914,1.0,0.0,1.6672815511111112,0.0,1,1667.2815511111112,1667.2815511111112,Off,0.0,0.0,31.05819382237559,51.666666666666686,46.10666666666668,0.0,50.58267702693409,0.0,0.0,0.0,31.05819382237559,49.74881112913788,50.58267702693409,49.33187818023978,12.43753247303448,23.07905554597543,-0.3098333429134854,2.8,1407.4666286110296,-521.049968041311,-0.0,-18.95611090825512,232.43330709479145,0.0,2.0,0.01971578152008828,0.0,0.0007172719778539338,0.3802270649554793,131.99922844444444,47.75784935469315,0.1855404988037802,11.094020041156679,0.0031799520057250175,50.01465044496518,1.2090050531695187
2025-01-01 01:01:00,1.7714171609543667,0.0671983384663061,0.0,0.029523619349239444,0.0011199723077717683,0.0,0.011600412836328733,0.0,0.09253519700692671,1.6672815511111112,0.0,0.0,0.0671983384663061,0.0,1,0,0,Off,0,0,Off,0,0,Off,0.03671876758019234,0.027539075685144247,On,0.0,0,Off,0.0028705596673976605,0.0,On,0.008729853168931071,0,On,0.002937412385185223,0,On,0.05287901704154915,0.03965926278116185,On,0,0,Off,On,1667.2815511111112,23.888888888888914,1.0,0.0,1.6672815511111112,0.0,1,1667.2815511111112,1667.2815511111112,Off,0.0,0.0,31.00307384468371,51.666666666666686,46.10666666666668,0.0,50.57787447537372,0.0,0.0,0.0,31.00307384468371,49.74445237183738,50.57787447537372,49.327741320069215,12.43753247303448,23.122059064546725,-0.2668298243421887,2.8,1401.3777811222412,-522.6798290148579,-0.0,-21.670363665353733,232.43330709479145,0.0,2.0,0.0197356020379137,0.0,0.0008182402487625533,0.38247475478923304,131.99922844444444,46.01311559655038,0.1850787040401112,11.112408748180648,0.0031803005530941994,49.67529776349051,1.2088293135983939
2025-01-01 01:02:00,1.7714171609543667,0.0671983384663061,0.0,0.029523619349239444,0.0011199723077717683,0.0,0.011600412836328733,0.0,0.09253519700692671,1.6672815511111112,0.0,0.0,0.0671983384663061,0.0,1,0,0,Off,0,0,Off,0,0,Off,0.03671876758019234,0.027539075685144247,On,0.0,0,Off,0.0028705596673976605,0.0,On,0.008729853168931071,0,On,0.002937412385185223,0,On,0.05287901704154915,0.03965926278116185,On,0,0,Off,On,1667.2815511111112,23.888888888888914,1.0,0.0,1.6672815511111112,0.0,1,1667.2815511111112,1667.2815511111112,Off,0.0,0.0,30.949751599313164,51.666666666666686,46.10666666666668,0.0,50.57308021554633,0.0,0.0,0.0,30.949751599313164,49.740101350163954,50.57308021554633,49.32361191747278,12.43753247303448,23.16352519201726,-0.22536369687165347,2.8,1394.4814196024026,-524.2533418476479,-0.0,-24.289591190733052,232.43330709479145,0.0,2.0,0.01975470703478542,0.0,0.0009152707663751614,0.38463585449045573,131.99922844444444,43.309494434881096,0.1846352406341648,11.130743526243775,0.003180646785874631,49.348035684333354,1.2086598976937402
2025-01-01 01:03:00,1.7714171609543667,0.0671983384663061,0.0,0.029523619349239444,0.0011199723077717683,0.0,0.011600412836328733,0.0,0.09253519700692671,1.6672815511111112,0.0,0.0,0.0671983384663061,0.0,1,0,0,Off,0,0,Off,0,0,Off,0.03671876758019234,0.027539075685144247,On,0.0,0,Off,0.0028705596673976605,0.0,On,0.008729853168931071,0,On,0.002937412385185223,0,On,0.05287901704154915,0.03965926278116185,On,0,0,Off,On,1667.2815511111112,23.888888888888914,1.0,0.0,1.6672815511111112,0.0,1,1667.2815511111112,1667.2815511111112,Off,0.0,0.0,30.89817321756379,51.666666666666686,46.10666666666668,0.0,50.56829398012787,0.0,0.0,0.0,30.89817321756379,49.735757811820946,50.56829398012787,49.319489727667495,12.43753247303448,23.203499975469644,-0.18538891341927055,2.8,1389.1648806495805,-525.772046315401,-0.0,-26.816484690570935,232.43330709479145,0.0,2.0,0.01977311847499209,0.0,0.001008508406990101,0.3867134687006888,131.99922844444444,42.03855344964963,0.18420945796068827,11.148288137691019,0.003180990785876186,49.032438904339465,1.2084966123299614
2025-01-01 01:04:00,1.7714171609543667,0.0671983384663061,0.0,0.029523619349239444,0.0011199723077717683,0.0,0.011600412836328733,0.0,0.09253519700692671,1.6672815511111112,0.0,0.0,0.0671983384663061,0.0,1,0,0,Off,0,0,Off,0,0,Off,0.03671876758019234,0.027539075685144247,On,0.0,0,Off,0.0028705596673976605,0.0,On,0.008729853168931071,0,On,0.002937412385185223,0,On,0.05287901704154915,0.03965926278116185,On,0,0,Off,On,1667.2815511111112,23.888888888888914,1.0,0.0,1.6672815511111112,0.0,1,1667.2815511111112,1667.2815511111112,Off,0.0,0.0,30.84818959116188,51.666666666666686,46.10666666666668,0.0,50.563515509804226,0.0,0.0,0.0,30.84818959116188,49.7314215120717,50.563515509804226,49.31537451320544,12.43753247303448,23.24211132771,-0.14677756117891505,2.8,1383.0824429874633,-527.2406133954937,-0.0,-29.258932274362284,232.43330709479145,0.0,2.0,0.019790895952611208,0.0,0.0010982850516715356,0.3887148821580715,131.99922844444444,39.867130451416784,0.1837998073379775,11.165109756151033,0.0031813326320676797,48.72749153128682,1.208338931025815
2025-01-01 01:05:00,1.7714171609543667,0.0671983384663061,0.0,0.029523619349239444,0.0011199723077717683,0.0,0.011600412836328733,0.0,0.09253519700692671,1.6672815511111112,0.0,0.0,0.0671983384663061,0.0,1,0,0,Off,0,0,Off,0,0,Off,0.03671876758019234,0.027539075685144247,On,0.0,0,Off,0.0028705596673976605,0.0,On,0.008729853168931071,0,On,0.002937412385185223,0,On,0.05287901704154915,0.03965926278116185,On,0,0,Off,On,1667.2815511111112,23.888888888888914,1.0,0.0,1.6672815511111112,0.0,1,1667.2815511111112,1667.2815511111112,Off,0.0,0.0,30.799757122733823,51.666666666666686,46.10666666666668,0.0,50.55874456742675,0.0,0.0,0.0,30.799757122733823,49.72709222710566,50.55874456742675,49.311266056945115,12.43753247303448,23.27939649635427,-0.10949239253464427,2.8,1378.173949256092,-528.6602883565251,-0.0,-31.619110602327897,232.43330709479145,0.0,2.0,0.019808057235727067,0.0,0.0011847176085435678,0.3906426009755273,131.99922844444444,38.738490009042735,0.18340576352622734,11.181995344679045,0.003181672396547204,48.432850600743926,1.2081866975493198
2025-01-01 01:06:00,1.7714171609543667,0.0671983384663061,0.0,0.029523619349239444,0.0011199723077717683,0.0,0.011600412836328733,0.0,0.09253519700692671,1.6672815511111112,0.0,0.0,0.0671983384663061,0.0,1,0,0,Off,0,0,Off,0,0,Off,0.03671876758019234,0.027539075685144247,On,0.0,0,Off,0.0028705596673976605,0.0,On,0.008729853168931071,0,On,0.002937412385185223,0,On,0.05287901704154915,0.03965926278116185,On,0,0,Off,On,1667.2815511111112,23.888888888888914,1.0,0.0,1.6672815511111112,0.0,1,1667.2815511111112,1667.2815511111112,Off,0.0,0.0,30.752754558268823,51.666666666666686,46.10666666666668,0.0,50.553980922329714,0.0,0.0,0.0,30.752754558268823,49.72276973923079,50.553980922329714,49.30716414768134,12.43753247303448,23.315459480555315,-0.0734294083335989,2.8,1372.6067659891805,-530.0348742300914,-0.0,-33.903438643187314,232.43330709479145,0.0,2.0,0.019824650758122755,0.0,0.001268074731076768,0.39250252564931853,131.99922844444444,36.830220656556634,0.18302607200604729,11.197466818639189,0.003182010149122017,48.14769318525153,1.2080394839746098
2025-01-01 01:07:00,1.7714171609543667,0.0671983384663061,0.0,0.029523619349239444,0.0011199723077717683,0.0,0.011600412836328733,0.0,0.09253519700692671,1.6672815511111112,0.0,0.0,0.0671983384663061,0.0,1,0,0,Off,0,0,Off,0,0,Off,0.03671876758019234,0.027539075685144247,On,0.0,0,Off,0.0028705596673976605,0.0,On,0.008729853168931071,0,On,0.002937412385185223,0,On,0.05287901704154915,0.03965926278116185,On,0,0,Off,On,1667.2815511111112,23.888888888888914,1.0,0.0,1.6672815511111112,0.0,1,1667.2815511111112,1667.2815511111112,Off,0.0,0.0,30.70714333384401,51.666666666666686,46.10666666666668,0.0,50.549224361872476,0.0,0.0,0.0,30.70714333384401,49.718453847772075,50.549224361872476,49.30306859072188,12.43753247303448,23.350333224815557,-0.038555664073356866,2.8,1367.799985580354,-531.365483345248,-0.0,-36.113853038956705,232.43330709479145,0.0,2.0,0.019840692195896664,0.0,0.001348457633421844,0.3942968313235733,131.99922844444444,35.56446375865606,0.18266027629942366,11.213076706777322,0.0031823459540324542,47.8717213607539,1.2078971523918542
2025-01-01 01:08:00,1.7714171609543667,0.0671983384663061,0.0,0.029523619349239444,0.0011199723077717683,0.0,0.011600412836328733,0.0,0.09253519700692671,1.6672815511111112,0.0,0.0,0.0671983384663061,0.0,1,0,0,Off,0,0,Off,0,0,Off,0.03671876758019234,0.027539075685144247,On,0.0,0,Off,0.0028705596673976605,0.0,On,0.008729853168931071,0,On,0.002937412385185223,0,On,0.05287901704154915,0.03965926278116185,On,0,0,Off,On,1667.2815511111112,23.888888888888914,1.0,0.0,1.6672815511111112,0.0,1,1667.2815511111112,1667.2815511111112,Off,0.0,0.0,30.66282836339446,51.666666666666686,46.10666666666668,0.0,50.54447467914887,0.0,0.0,0.0,30.66282836339446,49.71414435746657,50.54447467914887,49.29897919662543,12.43753247303448,23.384099259563918,-0.00478962932499627,2.8,1363.0728046184377,-532.6550944275281,-0.0,-38.25538316559487,232.43330709479145,0.0,2.0,0.01985621952858238,0.0,0.0014260772012374642,0.3960301489890358,131.99922844444444,34.268424005658,0.18230739216899436,11.22810090858314,0.0031826798735266376,47.60428958543163,1.2077593672539204
2025-01-01 01:09:00,1.7714171609543667,0.0671983384663061,0.0,0.029523619349239444,0.0011199723077717683,0.0,0.011600412836328733,0.0,0.09253519700692671,1.6672815511111112,0.0,0.0,0.0671983384663061,0.0,1,0,0,Off,0,0,Off,0,0,Off,0.03671876758019234,0.027539075685144247,On,0.0,0,Off,0.0028705596673976605,0.0,On,0.008729853168931071,0,On,0.002937412385185223,0,On,0.05287901704154915,0.03965926278116185,On,0,0,Off,On,1667.2815511111112,23.888888888888914,1.0,0.0,1.6672815511111112,0.0,1,1667.2815511111112,1667.2815511111112,Off,0.0,0.0,30.619748050334366,51.666666666666686,46.10666666666668,0.0,50.539731681388126,0.0,0.0,0.0,30.619748050334366,49.70984108639591,50.539731681388126,49.29489578889981,12.43753247303448,23.4168103446314,0.0,2.8,1358.5450101586289,-533.9056021976193,-0.0,-40.33124921058986,232.43330709479145,0.0,2.0,0.01987125745209055,0.0,0.0015010755330703823,0.397705582428848,131.99922844444444,33.067003360935594,0.18196676214034985,11.242567266417307,0.0031830119654864654,47.344967260899665,1.207625910582699
2025-01-01 01:10:00,1.7714171609543667,0.0671983384663061,0.0,0.029523619349239444,0.0011199723077717683,0.0,0.011600412836328733,0.0,0.09253519700692671,1.6672815511111112,0.0,0.0,0.0671983384663061,0.0,1,0,0,Off,0,0,Off,0,0,Off,0.03671876758019234,0.027539075685144247,On,0.0,0,Off,0.0028705596673976605,0.0,On,0.008729853168931071,0,On,0.002937412385185223,0,On,0.05287901704154915,0.03965926278116185,On,0,0,Off,On,1667.2815511111112,23.888888888888914,1.0,0.0,1.6672815511111112,0.0,1,1667.2815511111112,1667.2815511111112,Off,0.0,0.0,30.577839220951855,51.666666666666686,46.10666666666668,0.0,50.53499518497711,0.0,0.0,0.0,30.577839220951855,49.70554386128626,50.53499518497711,49.29081819944084,12.43753247303448,23.448520603906175,0.0,2.8,1354.455937406059,-535.1189650090512,-0.0,-42.34476995502619,232.43330709479145,0.0,2.0,0.019885831247987214,0.0,0.0015735957882678424,0.3993262660641126,131.99922844444444,32.204814164233866,0.18163772143185095,11.256504298225307,0.003183342284889686,47.093318771708184,1.2074965591355766
2025-01-01 01:11:00,1.7714171609543667,0.0671983384663061,0.0,0.029523619349239444,0.0011199723077717683,0.0,0.011600412836328733,0.0,0.09253519700692671,1.6672815511111112,0.0,0.0,0.0671983384663061,0.0,1,0,0,Off,0,0,Off,0,0,Off,0.03671876758019234,0.027539075685144247,On,0.0,0,Off,0.0028705596673976605,0.0,On,0.008729853168931071,0,On,0.002937412385185223,0,On,0.05287901704154915,0.03965926278116185,On,0,0,Off,On,1667.2815511111112,23.888888888888914,1.0,0.0,1.6672815511111112,0.0,1,1667.2815511111112,1667.2815511111112,Off,0.0,0.0,30.53703225049184,51.666666666666686,46.10666666666668,0.0,50.530265015694596,0.0,0.0,0.0,30.53703225049184,49.70125251772971,50.530265015694596,49.28674626874727,12.43753247303448,23.479289714953794,0.0,2.8,1349.9397721571456,-536.2973649938378,-0.0,-44.29962862907455,232.43330709479145,0.0,2.0,0.019899968709601205,0.0,0.0016437918235448845,0.40089558011712667,131.99922844444444,30.82190757415542,0.18131955182920131,11.26994336617675,0.0031836708837725356,46.84887305671734,1.207371067342992
2025-01-01 01:12:00,1.7714171609543667,0.0671983384663061,0.0,0.029523619349239444,0.0011199723077717683,0.0,0.011600412836328733,0.0,0.09253519700692671,1.6672815511111112,0.0,0.0,0.0671983384663061,0.0,1,0,0,Off,0,0,Off,0,0,Off,0.03671876758019234,0.027539075685144247,On,0.0,0,Off,0.0028705596673976605,0.0,On,0.008729853168931071,0,On,0.002937412385185223,0,On,0.05287901704154915,0.03965926278116185,On,0,0,Off,On,1667.2815511111112,23.888888888888914,1.0,0.0,1.6672815511111112,0.0,1,1667.2815511111112,1667.2815511111112,Off,0.0,0.0,30.4972970980873,51.666666666666686,46.10666666666668,0.0,50.525541009669986,0.0,0.0,0.0,30.4972970980873,49.69696690108959,50.525541009669986,49.28267984679939,12.43753247303448,23.509143342770123,0.0,2.8,1346.2089084739077,-537.441691110142,-0.0,-46.19735742779987,232.43330709479145,0.0,2.0,0.019913681968456783,0.0,0.0017117382198244778,0.4024151381704764,131.99922844444444,30.133098805946993,0.18101191365551061,11.28289818877177,0.003183997810984797,46.611408410702786,1.2072493283307968
2025-01-01 01:13:00,1.7714171609543667,0.0671983384663061,0.0,0.029523619349239444,0.0011199723077717683,0.0,0.011600412836328733,0.0,0.09253519700692671,1.6672815511111112,0.0,0.0,0.0671983384663061,0.0,1,0,0,Off,0,0,Off,0,0,Off,0.03671876758019234,0.027539075685144247,On,0.0,0,Off,0.0028705596673976605,0.0,On,0.008729853168931071,0,On,0.002937412385185223,0,On,0.05287901704154915,0.03965926278116185,On,0,0,Off,On,1667.2815511111112,23.888888888888914,1.0,0.0,1.6672815511111112,0.0,1,1667.2815511111112,1667.2815511111112,Off,0.0,0.0,30.458555117614804,51.666666666666686,46.10666666666668,0.0,50.52082300749977,0.0,0.0,0.0,30.458555117614804,49.6926868609452,50.52082300749977,49.278618787667924,12.43753247303448,23.53814893266257,0.0,2.8,1342.0615081698847,-538.5544420195552,-0.0,-48.04215302865859,232.43330709479145,0.0,2.0,0.0199270023182251,0.0,0.001777603191210599,0.4038886527508176,131.99922844444444,28.943245012195916,0.18071401626921624,11.295404094558645,0.0031843231138890286,46.38040553750039,1.2071310653908585
2025-01-01 01:14:00,1.7714171609543667,0.0671983384663061,0.0,0.029523619349239444,0.0011199723077717683,0.0,0.011600412836328733,0.0,0.09253519700692671,1.6672815511111112,0.0,0.0,0.0671983384663061,0.0,1,0,0,Off,0,0,Off,0,0,Off,0.03671876758019234,0.027539075685144247,On,0.0,0,Off,0.0028705596673976605,0.0,On,0.008729853168931071,0,On,0.002937412385185223,0,On,0.05287901704154915,0.03965926278116185,On,0,0,Off,On,1667.2815511111112,23.888888888888914,1.0,0.0,1.6672815511111112,0.0,1,1667.2815511111112,1667.2815511111112,Off,0.0,0.0,30.42078161532473,51.666666666666686,46.10666666666668,0.0,50.51611086147174,0.0,0.0,0.0,30.42078161532473,49.6884122579132,50.51611086147174,49.27456295613394,12.43753247303448,23.56632756931087,0.0,2.8,1338.582505465136,-539.6363467587656,-0.0,-49.83527285271263,232.43330709479145,0.0,2.0,0.019939939730003464,0.0,0.0018414481216469808,0.40531745166350375,131.99922844444444,28.339266870711533,0.18042558033258754,11.308247695152225,0.0031846468363269298,46.155682223432734,1.2070161906871975
2025-01-01 01:15:00,1.7714171609543667,0.0671983384663061,0.0,0.029523619349239444,0.0011199723077717683,0.0,0.011600412836328733,0.0,0.09253519700692671,1.6672815511111112,0.0,0.0,0.0671983384663061,0.0,1,0,0,Off,0,0,Off,0,0,Off,0.03671876758019234,0.027539075685144247,On,0.0,0,Off,0.0028705596673976605,0.0,On,0.008729853168931071,0,On,0.002937412385185223,0,On,0.05287901704154915,0.03965926278116185,On,0,0,Off,On,1667.2815511111112,23.888888888888914,1.0,0.0,1.6672815511111112,0.0,1,1667.2815511111112,1667.2815511111112,Off,0.0,0.0,30.38390821994737,51.666666666666686,46.10666666666668,0.0,50.51140442754582,0.0,0.0,0.0,30.38390821994737,49.68414295607579,50.51140442754582,49.27051222034078,12.43753247303448,23.5937378812442,0.0,2.8,1334.7435451075726,-540.6895824637105,-0.0,-51.58037032126259,232.43330709479145,0.0,2.0,0.019952521388173213,0.0,0.0019034182929055434,0.406704744233038,131.99922844444444,27.298639686643057,0.180145922267792,11.319909874893469,0.0031849690209182656,45.93678931220692,1.2069044638114845
2025-01-01 01:16:00,1.7714171609543667,0.0671983384663061,0.0,0.029523619349239444,0.0011199723077717683,0.0,0.011600412836328733,0.0,0.09253519700692671,1.6672815511111112,0.0,0.0,0.0671983384663061,0.0,1,0,0,Off,0,0,Off,0,0,Off,0.03671876758019234,0.027539075685144247,On,0.0,0,Off,0.0028705596673976605,0.0,On,0.008729853168931071,0,On,0.002937412385185223,0,On,0.05287901704154915,0.03965926278116185,On,0,0,Off,On,1667.2815511111112,23.888888888888914,1.0,0.0,1.6672815511111112,0.0,1,1667.2815511111112,1667.2815511111112,Off,0.0,0.0,30.34791273071324,51.666666666666686,46.10666666666668,0.0,50.5067035718459,0.0,0.0,0.0,30.34791273071324,49.67987882911049,50.5067035718459,49.266466457742794,12.43753247303448,23.62039882341011,0.0,2.8,1331.4959735740254,-541.7148091647153,-0.0,-53.27858069775764,232.43330709479145,0.0,2.0,0.019964756239963483,0.0,0.001963568022225741,0.4080517077119148,131.99922844444444,26.77450523059582,0.17987479425561353,11.331952168798903,0.003185289707236226,45.72356510742639,1.2067958059159847
2025-01-01 01:17:00,1.7714171609543667,0.0671983384663061,0.0,0.029523619349239444,0.0011199723077717683,0.0,0.011600412836328733,0.0,0.09253519700692671,1.6672815511111112,0.0,0.0,0.0671983384663061,0.0,1,0,0,Off,0,0,Off,0,0,Off,0.03671876758019234,0.027539075685144247,On,0.0,0,Off,0.0028705596673976605,0.0,On,0.008729853168931071,0,On,0.002937412385185223,0,On,0.05287901704154915,0.03965926278116185,On,0,0,Off,On,1667.2815511111112,23.888888888888914,1.0,0.0,1.6672815511111112,0.0,1,1667.2815511111112,1667.2815511111112,Off,0.0,0.0,30.3127346317234,51.666666666666686,46.10666666666668,0.0,50.50200816379726,0.0,0.0,0.0,30.3127346317234,49.67561975381054,50.50200816379726,49.26242554881719,12.43753247303448,23.646362285517096,0.0,2.8,1327.9338020060995,-542.7139588988315,-0.0,-54.93314286217507,232.43330709479145,0.0,2.0,0.01997666832660288,0.0,0.002022024967484076,0.4093611649824558,131.99922844444444,25.866045561203425,0.17961159490678566,11.343626375983268,0.003185608933768665,45.51561426030565,1.2066900043537012
2025-01-01 01:18:00,1.7714171609543667,0.0671983384663061,0.0,0.029523619349239444,0.0011199723077717683,0.0,0.011600412836328733,0.0,0.09253519700692671,1.6672815511111112,0.0,0.0,0.0671983384663061,0.0,1,0,0,Off,0,0,Off,0,0,Off,0.03671876758019234,0.027539075685144247,On,0.0,0,Off,0.0028705596673976605,0.0,On,0.008729853168931071,0,On,0.002937412385185223,0,On,0.05287901704154915,0.03965926278116185,On,0,0,Off,On,1667.2815511111112,23.888888888888914,1.0,0.0,1.6672815511111112,0.0,1,1667.2815511111112,1667.2815511111112,Off,0.0,0.0,30.278354053815367,51.666666666666686,46.10666666666668,0.0,50.49731808182141,0.0,0.0,0.0,30.278354053815367,49.671365615462065,50.49731808182141,49.2583893822824,12.43753247303448,23.671645230180367,0.0,2.8,1324.8937689362056,-543.6876257332021,-0.0,-56.545076325691994,232.43330709479145,0.0,2.0,0.019988265642584664,0.0,0.002078837098515805,0.4106341574530033,131.99922844444444,25.411612789197108,0.17935610490960127,11.35416314286746,0.003185926736320542,45.31279363386819,1.2065869886497622
2025-01-01 01:19:00,1.7714171609543667,0.0671983384663061,0.0,0.029523619349239444,0.0011199723077717683,0.0,0.011600412836328733,0.0,0.09253519700692671,1.6672815511111112,0.0,0.0,0.0671983384663061,0.0,1,0,0,Off,0,0,Off,0,0,Off,0.03671876758019234,0.027539075685144247,On,0.0,0,Off,0.0028705596673976605,0.0,On,0.008729853168931071,0,On,0.002937412385185223,0,On,0.05287901704154915,0.03965926278116185,On,0,0,Off,On,1667.2815511111112,23.888888888888914,1.0,0.0,1.6672815511111112,0.0,1,1667.2815511111112,1667.2815511111112,Off,0.0,0.0,30.244717406650054,51.666666666666686,46.10666666666668,0.0,50.4926332072946,0.0,0.0,0.0,30.244717406650054,49.66711630213967,50.4926332072946,49.254357849562204,12.43753247303448,23.696293605816628,0.0,2.8,1321.579468471683,-544.6375246218645,-0.0,-58.11725344904542,232.43330709479145,0.0,2.0,0.019999569461544544,0.0,0.0021341167193269658,0.41187317079387925,131.99922844444444,24.619388336690204,0.1791077946378373,11.365142519385786,0.0031862431497353214,45.11475487649257,1.2064865706081305
2025-01-01 01:20:00,1.7714171609543667,0.0671983384663061,0.0,0.029523619349239444,0.0011199723077717683,0.0,0.011600412836328733,0.0,0.09253519700692671,1.6672815511111112,0.0,0.0,0.0671983384663061,0.0,1,0,0,Off,0,0,Off,0,0,Off,0.03671876758019234,0.027539075685144247,On,0.0,0,Off,0.0028705596673976605,0.0,On,0.008729853168931071,0,On,0.002937412385185223,0,On,0.05287901704154915,0.03965926278116185,On,0,0,Off,On,1667.2815511111112,23.888888888888914,1.0,0.0,1.6672815511111112,0.0,1,1667.2815511111112,1667.2815511111112,Off,0.0,0.0,30.211806813488025,51.666666666666686,46.10666666666668,0.0,50.48795342955977,0.0,0.0,0.0,30.211806813488025,49.66287170943889,50.48795342955977,49.25033084937846,12.43753247303448,23.720322673018998,0.0,2.8,1318.726374481237,-545.564193002851,-0.0,-59.650594566743685,232.43330709479145,0.0,2.0,0.02001058696506417,0.0,0.0021879064377844375,0.41307913150859826,131.99922844444444,24.22630384492895,0.17886646890745678,11.37579498062364,0.003186558206491465,44.92137054860305,1.2063886868999023
2025-01-01 01:21:00,1.7714171609543667,0.0671983384663061,0.0,0.029523619349239444,0.0011199723077717683,0.0,0.011600412836328733,0.0,0.09253519700692671,1.6672815511111112,0.0,0.0,0.0671983384663061,0.0,1,0,0,Off,0,0,Off,0,0,Off,0.03671876758019234,0.027539075685144247,On,0.0,0,Off,0.0028705596673976605,0.0,On,0.008729853168931071,0,On,0.002937412385185223,0,On,0.05287901704154915,0.03965926278116185,On,0,0,Off,On,1667.2815511111112,23.888888888888914,1.0,0.0,1.6672815511111112,0.0,1,1667.2815511111112,1667.2815511111112,Off,0.0,0.0,30.179574744106095,51.666666666666686,46.10666666666668,0.0,50.48327864061831,0.0,0.0,0.0,30.179574744106095,49.65863173546414,50.48327864061831,49.246308282887064,12.43753247303448,23.743773181548,0.0,2.8,1315.6346120316914,-546.4691551735727,-0.0,-61.14765059195633,232.43330709479145,0.0,2.0,0.020021337007675846,0.0,0.0022403052544480964,0.4142542326955043,131.99922844444444,23.536559591317914,0.1786316603839922,11.386141812551209,0.003186871938210736,44.73233310605089,1.2062931707059978
2025-01-01 01:22:00,1.7714171609543667,0.0671983384663061,0.0,0.029523619349239444,0.0011199723077717683,0.0,0.011600412836328733,0.0,0.09253519700692671,1.6672815511111112,0.0,0.0,0.0671983384663061,0.0,1,0,0,Off,0,0,Off,0,0,Off,0.03671876758019234,0.027539075685144247,On,0.0,0,Off,0.0028705596673976605,0.0,On,0.008729853168931071,0,On,0.002937412385185223,0,On,0.05287901704154915,0.03965926278116185,On,0,0,Off,On,1667.2815511111112,23.888888888888914,1.0,0.0,1.6672815511111112,0.0,1,1667.2815511111112,1667.2815511111112,Off,0.0,0.0,30.14800504271245,51.666666666666686,46.10666666666668,0.0,50.47860873953748,0.0,0.0,0.0,30.14800504271245,49.6543962849903,50.47860873953748,49.24229005771671,12.43753247303448,23.766658921884094,0.0,2.8,1312.9502182763854,-547.3528993808692,-0.0,-62.60925590440459,232.43330709479145,0.0,2.0,0.020031826069813668,0.0,0.002291351203320807,0.41539930269842357,131.99922844444444,23.197515355756455,0.17840319450709238,11.396190352375243,0.0031871843744260917,44.547528520574396,1.206199964862907
2025-01-01 01:23:00,1.7714171609543667,0.0671983384663061,0.0,0.029523619349239444,0.0011199723077717683,0.0,0.011600412836328733,0.0,0.09253519700692671,1.6672815511111112,0.0,0.0,0.0671983384663061,0.0,1,0,0,Off,0,0,Off,0,0,Off,0.03671876758019234,0.027539075685144247,On,0.0,0,Off,0.0028705596673976605,0.0,On,0.008729853168931071,0,On,0.002937412385185223,0,On,0.05287901704154915,0.03965926278116185,On,0,0,Off,On,1667.2815511111112,23.888888888888914,1.0,0.0,1.6672815511111112,0.0,1,1667.2815511111112,1667.2815511111112,Off,0.0,0.0,30.117055499603953,51.666666666666686,46.10666666666668,0.0,50.473943627787044,0.0,0.0,0.0,30.117055499603953,49.650165265059556,50.473943627787044,49.23827608369581,12.43753247303448,23.78901608003581,0.0,2.8,1310.0586668333108,-548.216781964881,-0.0,-64.03767861461866,232.43330709479145,0.0,2.0,0.02004207088445854,0.0,0.0023411317133895768,0.41651627980814265,131.99922844444444,22.598269206907904,0.17818065821512424,11.405959500790797,0.0031874955439033788,44.36668481594818,1.2061089213031024
2025-01-01 01:24:00,1.7714171609543667,0.0671983384663061,0.0,0.029523619349239444,0.0011199723077717683,0.0,0.011600412836328733,0.0,0.09253519700692671,1.6672815511111112,0.0,0.0,0.0671983384663061,0.0,1,0,0,Off,0,0,Off,0,0,Off,0.03671876758019234,0.027539075685144247,On,0.0,0,Off,0.0028705596673976605,0.0,On,0.008729853168931071,0,On,0.002937412385185223,0,On,0.05287901704154915,0.03965926278116185,On,0,0,Off,On,1667.2815511111112,23.888888888888914,1.0,0.0,1.6672815511111112,0.0,1,1667.2815511111112,1667.2815511111112,Off,0.0,0.0,30.08671144864395,51.666666666666686,46.10666666666668,0.0,50.469283213111744,0.0,0.0,0.0,30.08671144864395,49.64593858863789,50.469283213111744,49.234266276400966,12.43753247303448,23.810857174223234,0.0,2.8,1307.5268298744827,-549.0612483859671,-0.0,-65.43367848964667,232.43330709479145,0.0,2.0,0.020052077326035565,0.0,0.002389680904741263,0.41760590825977556,131.99922844444444,22.306898544193967,0.17796389462723516,11.416238331379496,0.003187805473560514,44.18969945608201,1.2060199881933686
2025-01-01 01:25:00,1.7714171609543667,0.0671983384663061,0.0,0.029523619349239444,0.0011199723077717683,0.0,0.011600412836328733,0.0,0.09253519700692671,1.6672815511111112,0.0,0.0,0.0671983384663061,0.0,1,0,0,Off,0,0,Off,0,0,Off,0.03671876758019234,0.027539075685144247,On,0.0,0,Off,0.0028705596673976605,0.0,On,0.008729853168931071,0,On,0.002937412385185223,0,On,0.05287901704154915,0.03965926278116185,On,0,0,Off,On,1667.2815511111112,23.888888888888914,1.0,0.0,1.6672815511111112,0.0,1,1667.2815511111112,1667.2815511111112,Off,0.0,0.0,30.056935360928616,51.666666666666686,46.10666666666668,0.0,50.46462740543732,0.0,0.0,0.0,30.056935360928616,49.64171617074956,50.46462740543732,49.230260553405685,12.43753247303448,23.83221437528077,0.0,2.8,1304.8157747786995,-549.8875067367628,-0.0,-66.7992743292479,232.43330709479145,0.0,2.0,0.020061860262720332,0.0,0.0024370761125257242,0.41866990381253644,131.99922844444444,21.787697638807604,0.17775253809594138,11.425479434312962,0.0031881141896251135,44.016331551255576,1.2059330339517227
2025-01-01 01:26:00,1.7714171609543667,0.0671983384663061,0.0,0.029523619349239444,0.0011199723077717683,0.0,0.011600412836328733,0.0,0.09253519700692671,1.6672815511111112,0.0,0.0,0.0671983384663061,0.0,1,0,0,Off,0,0,Off,0,0,Off,0.03671876758019234,0.027539075685144247,On,0.0,0,Off,0.0028705596673976605,0.0,On,0.008729853168931071,0,On,0.002937412385185223,0,On,0.05287901704154915,0.03965926278116185,On,0,0,Off,On,1667.2815511111112,23.888888888888914,1.0,0.0,1.6672815511111112,0.0,1,1667.2815511111112,1667.2815511111112,Off,0.0,0.0,30.027713863584594,51.666666666666686,46.10666666666668,0.0,50.45997612026863,0.0,0.0,0.0,30.027713863584594,49.63749793168569,50.45997612026863,49.22625883739421,12.43753247303448,23.853099097273425,0.0,2.8,1302.4221716167945,-550.6959651724029,-0.0,-68.13516096602027,232.43330709479145,0.0,2.0,0.020071425043621628,0.0,0.002483348095235151,0.41970893837222456,131.99922844444444,21.538439549315004,0.17754644694913926,11.434470663485044,0.003188421716687509,43.846488448276254,1.205848011366681
2025-01-01 01:27:00,1.7714171609543667,0.0671983384663061,0.0,0.029523619349239444,0.0011199723077717683,0.0,0.011600412836328733,0.0,0.09253519700692671,1.6672815511111112,0.0,0.0,0.0671983384663061,0.0,1,0,0,Off,0,0,Off,0,0,Off,0.03671876758019234,0.027539075685144247,On,0.0,0,Off,0.0028705596673976605,0.0,On,0.008729853168931071,0,On,0.002937412385185223,0,On,0.05287901704154915,0.03965926278116185,On,0,0,Off,On,1667.2815511111112,23.888888888888914,1.0,0.0,1.6672815511111112,0.0,1,1667.2815511111112,1667.2815511111112,Off,0.0,0.0,29.999013555093104,51.666666666666686,46.10666666666668,0.0,50.45532927509924,0.0,0.0,0.0,29.999013555093104,49.63328379361414,50.45532927509924,49.222261052871595,12.43753247303448,23.87353997069284,0.0,2.8,1299.8741666918104,-551.4877006749024,-0.0,-69.44313695883544,232.43330709479145,0.0,2.0,0.02008078489406434,0.0,0.0025285653586342707,0.4207245328261769,131.99922844444444,21.0901461196458,0.17734529707197358,11.444011194851068,0.0031887280787138185,43.679956500708485,1.2057648033823425
2025-01-01 01:28:00,1.7714171609543667,0.0671983384663061,0.0,0.029523619349239444,0.0011199723077717683,0.0,0.011600412836328733,0.0,0.09253519700692671,1.6672815511111112,0.0,0.0,0.0671983384663061,0.0,1,0,0,Off,0,0,Off,0,0,Off,0.03671876758019234,0.027539075685144247,On,0.0,0,Off,0.0028705596673976605,0.0,On,0.008729853168931071,0,On,0.002937412385185223,0,On,0.05287901704154915,0.03965926278116185,On,0,0,Off,On,1667.2815511111112,23.888888888888914,1.0,0.0,1.6672815511111112,0.0,1,1667.2815511111112,1667.2815511111112,Off,0.0,0.0,29.970822188142275,51.666666666666686,46.10666666666668,0.0,50.45068679238827,0.0,0.0,0.0,29.970822188142275,49.629073683390445,50.45068679238827,49.21826712889154,12.43753247303448,23.893547448793495,0.0,2.8,1297.606063819705,-552.2630887998536,-0.0,-70.7238404918354,232.43330709479145,0.0,2.0,0.020089944706533917,0.0,0.0025727557639283506,0.4217172966691851,131.99922844444444,20.878134905491393,0.17714895991887,11.452538717719499,0.003189033298217577,43.516651582907166,1.2056833668055522
2025-01-01 01:29:00,1.7714171609543667,0.0671983384663061,0.0,0.029523619349239444,0.0011199723077717683,0.0,0.011600412836328733,0.0,0.09253519700692671,1.6672815511111112,0.0,0.0,0.0671983384663061,0.0,1,0,0,Off,0,0,Off,0,0,Off,0.03671876758019234,0.027539075685144247,On,0.0,0,Off,0.0028705596673976605,0.0,On,0.008729853168931071,0,On,0.002937412385185223,0,On,0.05287901704154915,0.03965926278116185,On,0,0,Off,On,1667.2815511111112,23.888888888888914,1.0,0.0,1.6672815511111112,0.0,1,1667.2815511111112,1667.2815511111112,Off,0.0,0.0,29.943110008326844,51.666666666666686,46.10666666666668,0.0,50.44604859641618,0.0,0.0,0.0,29.943110008326844,49.62486752958892,50.44604859641618,49.21427699617529,12.43753247303448,23.913147033785222,0.0,2.8,1295.2056377503961,-553.0230903521266,-0.0,-71.97887517493963,232.43330709479145,0.0,2.0,0.02009891625589439,0.0,0.0026159800731167145,0.42268857969846185,131.99922844444444,20.49274507155985,0.17695714784788588,11.460850185865993,0.0031893373971451544,43.35638398499243,1.2056035974076136
2025-01-01 01:30:00,1.7714171609543667,0.0671983384663061,0.0,0.029523619349239444,0.0011199723077717683,0.0,0.011600412836328733,0.0,0.09253519700692671,1.6672815511111112,0.0,0.0,0.0671983384663061,0.0,1,0,0,Off,0,0,Off,0,0,Off,0.03671876758019234,0.027539075685144247,On,0.0,0,Off,0.0028705596673976605,0.0,On,0.008729853168931071,0,On,0.002937412385185223,0,On,0.05287901704154915,0.03965926278116185,On,0,0,Off,On,1667.2815511111112,23.888888888888914,1.0,0.0,1.6672815511111112,0.0,1,1667.2815511111112,1667.2815511111112,Off,0.0,0.0,29.915865750513657,51.666666666666686,46.10666666666668,0.0,50.44141461588681,0.0,0.0,0.0,29.915865750513657,49.62066526495966,50.44141461588681,49.21029058949609,12.43753247303448,23.932348340640388,0.0,2.2,1352.571932620885,-513.7095521174484,-0.0,-54.21355744167663,232.43330709479145,0.0,2.0,0.01809965009073516,0.0,0.0019101190854321078,0.37235040788479884,131.99922844444444,20.78018397410762,0.1767697436794042,11.469736622491869,0.003189640396152703,52.4260093797576,1.2055254554985384
2025-01-01 01:31:00,1.7714171609543667,0.0671983384663061,0.0,0.029523619349239444,0.0011199723077717683,0.0,0.011600412836328733,0.0,0.09253519700692671,1.6672815511111112,0.0,0.0,0.0671983384663061,0.0,1,0,0,Off,0,0,Off,0,0,Off,0.03671876758019234,0.027539075685144247,On,0.0,0,Off,0.0028705596673976605,0.0,On,0.008729853168931071,0,On,0.002937412385185223,0,On,0.05287901704154915,0.03965926278116185,On,0,0,Off,On,1667.2815511111112,23.888888888888914,1.0,0.0,1.6672815511111112,0.0,1,1667.2815511111112,1667.2815511111112,Off,0.0,0.0,29.88672470271617,51.666666666666686,46.10666666666668,0.0,50.43678478117928,0.0,0.0,0.0,29.88672470271617,49.61646682383374,50.43678478117928,49.20630784516097,12.43753247303448,23.953183763351237,0.0,2.2,1351.5358000317115,-514.5054862491459,-0.0,-55.21084548625857,232.43330709479145,0.0,2.0,0.018110330535306904,0.0,0.001943393583962118,0.3731683404080777,131.99922844444444,21.53727356121335,0.1765687188051598,11.478792187202107,0.0031900068025965977,52.29025822243393,1.2054406474567838
2025-01-01 01:32:00,1.7714171609543667,0.0671983384663061,0.0,0.029523619349239444,0.0011199723077717683,0.0,0.011600412836328733,0.0,0.09253519700692671,1.6672815511111112,0.0,0.0,0.0671983384663061,0.0,1,0,0,Off,0,0,Off,0,0,Off,0.03671876758019234,0.027539075685144247,On,0.0,0,Off,0.0028705596673976605,0.0,On,0.008729853168931071,0,On,0.002937412385185223,0,On,0.05287901704154915,0.03965926278116185,On,0,0,Off,On,1667.2815511111112,23.888888888888914,1.0,0.0,1.6672815511111112,0.0,1,1667.2815511111112,1667.2815511111112,Off,0.0,0.0,29.858024144047405,51.666666666666686,46.10666666666668,0.0,50.43215937414445,0.0,0.0,0.0,29.858024144047405,49.61227247240973,50.43215937414445,49.202329021542376,12.43753247303448,23.973644687211785,0.0,2.2,1349.720860717691,-515.287590477784,-0.0,-56.19085545140181,232.43330709479145,0.0,2.0,0.018120815866218158,0.0,0.001976030790991914,0.37397078317740773,131.99922844444444,21.484448440974237,0.17637187303612076,11.487649250056602,0.0031903722859844496,52.15659299840868,1.2053573712277486
2025-01-01 01:33:00,1.7714171609543667,0.0671983384663061,0.0,0.029523619349239444,0.0011199723077717683,0.0,0.011600412836328733,0.0,0.09253519700692671,1.6672815511111112,0.0,0.0,0.0671983384663061,0.0,1,0,0,Off,0,0,Off,0,0,Off,0.03671876758019234,0.027539075685144247,On,0.0,0,Off,0.0028705596673976605,0.0,On,0.008729853168931071,0,On,0.002937412385185223,0,On,0.05287901704154915,0.03965926278116185,On,0,0,Off,On,1667.2815511111112,23.888888888888914,1.0,0.0,1.6672815511111112,0.0,1,1667.2815511111112,1667.2815511111112,Off,0.0,0.0,29.82978099974955,51.666666666666686,46.10666666666668,0.0,50.427538329236214,0.0,0.0,0.0,29.82978099974955,49.608082148868675,50.427538329236214,49.19835405868492,12.43753247303448,23.9937165031623,0.0,2.2,1347.5128650797888,-516.0552798185579,-0.0,-57.152851400308855,232.43330709479145,0.0,2.0,0.018131098774565525,0.0,0.002008009673598152,0.3747572087958631,131.99922844444444,21.00613809275289,0.1761793464389382,11.497088064071644,0.0031907368603037345,52.02508863498736,1.205275685427296
2025-01-01 01:34:00,1.7714171609543667,0.0671983384663061,0.0,0.029523619349239444,0.0011199723077717683,0.0,0.011600412836328733,0.0,0.09253519700692671,1.6672815511111112,0.0,0.0,0.0671983384663061,0.0,1,0,0,Off,0,0,Off,0,0,Off,0.03671876758019234,0.027539075685144247,On,0.0,0,Off,0.0028705596673976605,0.0,On,0.008729853168931071,0,On,0.002937412385185223,0,On,0.05287901704154915,0.03965926278116185,On,0,0,Off,On,1667.2815511111112,23.888888888888914,1.0,0.0,1.6672815511111112,0.0,1,1667.2815511111112,1667.2815511111112,Off,0.0,0.0,29.801995292318978,51.666666666666686,46.10666666666668,0.0,50.42292157839367,0.0,0.0,0.0,29.801995292318978,49.60389578901632,50.42292157839367,49.194382894327646,12.43753247303448,24.01339912752696,0.0,2.2,1345.631503620829,-516.8085245215866,-0.0,-58.09679314347884,232.43330709479145,0.0,2.0,0.018141179394712006,0.0,0.0020393323574702414,0.37552765931947313,131.99922844444444,20.82196307999208,0.17599112514318926,11.505533956865907,0.003191100540054383,51.895741779419865,1.2051955897410953
2025-01-01 01:35:00,1.7714171609543667,0.0671983384663061,0.0,0.029523619349239444,0.0011199723077717683,0.0,0.011600412836328733,0.0,0.09253519700692671,1.6672815511111112,0.0,0.0,0.0671983384663061,0.0,1,0,0,Off,0,0,Off,0,0,Off,0.03671876758019234,0.027539075685144247,On,0.0,0,Off,0.0028705596673976605,0.0,On,0.008729853168931071,0,On,0.002937412385185223,0,On,0.05287901704154915,0.03965926278116185,On,0,0,Off,On,1667.2815511111112,23.888888888888914,1.0,0.0,1.6672815511111112,0.0,1,1667.2815511111112,1667.2815511111112,Off,0.0,0.0,29.774637153569056,51.666666666666686,46.10666666666668,0.0,50.41830905355343,0.0,0.0,0.0,29.774637153569056,49.599713328655206,50.41830905355343,49.1904154662061,12.43753247303448,24.032718167617276,0.0,2.2,1343.6507980456213,-517.5482793832465,-0.0,-59.02387444874802,232.43330709479145,0.0,2.0,0.018151071009625038,0.0,0.0020700417314866233,0.3762831800181526,131.99922844444444,20.508093671713333,0.17580692437983753,11.51457612280289,0.0031914633397194716,51.76841094321206,1.2051169796868035
2025-01-01 01:36:00,1.7714171609543667,0.0671983384663061,0.0,0.029523619349239444,0.0011199723077717683,0.0,0.011600412836328733,0.0,0.09253519700692671,1.6672815511111112,0.0,0.0,0.0671983384663061,0.0,1,0,0,Off,0,0,Off,0,0,Off,0.03671876758019234,0.027539075685144247,On,0.0,0,Off,0.0028705596673976605,0.0,On,0.008729853168931071,0,On,0.002937412385185223,0,On,0.05287901704154915,0.03965926278116185,On,0,0,Off,On,1667.2815511111112,23.888888888888914,1.0,0.0,1.6672815511111112,0.0,1,1667.2815511111112,1667.2815511111112,Off,0.0,0.0,29.747695901331657,51.666666666666686,46.10666666666668,0.0,50.41370069109232,0.0,0.0,0.0,29.747695901331657,49.59553470777966,50.41370069109232,49.18645171612334,12.43753247303448,24.051682744570794,0.0,2.2,1341.8728640765955,-518.2748701003662,-0.0,-59.93450091942594,232.43330709479145,0.0,2.0,0.01816077844652867,0.0,0.0021001542912743947,0.37702416767670466,131.99922844444444,20.36737689048514,0.17562663480648516,11.522642389750864,0.003191825272830627,51.64304372982293,1.205039817693626
2025-01-01 01:37:00,1.7714171609543667,0.0671983384663061,0.0,0.029523619349239444,0.0011199723077717683,0.0,0.011600412836328733,0.0,0.09253519700692671,1.6672815511111112,0.0,0.0,0.0671983384663061,0.0,1,0,0,Off,0,0,Off,0,0,Off,0.03671876758019234,0.027539075685144247,On,0.0,0,Off,0.0028705596673976605,0.0,On,0.008729853168931071,0,On,0.002937412385185223,0,On,0.05287901704154915,0.03965926278116185,On,0,0,Off,On,1667.2815511111112,23.888888888888914,1.0,0.0,1.6672815511111112,0.0,1,1667.2815511111112,1667.2815511111112,Off,0.0,0.0,29.721148745999244,51.666666666666686,46.10666666666668,0.0,50.40909642897571,0.0,0.0,0.0,29.721148745999244,49.59135986788316,50.40909642897571,49.18249158733689,12.43753247303448,24.070312387348455,0.0,2.2,1340.0008274290772,-518.9890226792883,-0.0,-60.829580034676006,232.43330709479145,0.0,2.0,0.018170311849676976,0.0,0.0021297029235972263,0.3777514230348514,131.99922844444444,20.10457193713883,0.17545003817915236,11.531320998034696,0.0031921863525702383,51.5195319879189,1.2049640240261557
2025-01-01 01:38:00,1.7714171609543667,0.0671983384663061,0.0,0.029523619349239444,0.0011199723077717683,0.0,0.011600412836328733,0.0,0.09253519700692671,1.6672815511111112,0.0,0.0,0.0671983384663061,0.0,1,0,0,Off,0,0,Off,0,0,Off,0.03671876758019234,0.027539075685144247,On,0.0,0,Off,0.0028705596673976605,0.0,On,0.008729853168931071,0,On,0.002937412385185223,0,On,0.05287901704154915,0.03965926278116185,On,0,0,Off,On,1667.2815511111112,23.888888888888914,1.0,0.0,1.6672815511111112,0.0,1,1667.2815511111112,1667.2815511111112,Off,0.0,0.0,29.694986265437144,51.666666666666686,46.10666666666668,0.0,50.40449620855697,0.0,0.0,0.0,29.694986265437144,49.5871887536575,50.40449620855697,49.17853502620777,12.43753247303448,24.088615138780554,0.0,2.2,1338.3049191687987,-519.6910245024576,-0.0,-61.70946971290725,232.43330709479145,0.0,2.0,0.01817967547419311,0.0,0.002158702152186,0.3784652955376013,131.99922844444444,19.990555178260955,0.1752770382882055,11.53903705881638,0.003192546591393917,51.39782960596016,1.2048895655593423
2025-01-01 01:39:00,0.10413560984325546,0.0671983384663061,0.0,0.0017355934973875909,0.0011199723077717683,0.0,0.011600412836328733,0.0,0.09253519700692671,0.0,0.0,0.0,0.0671983384663061,0.0,1,0,0,Off,0,0,Off,0,0,Off,0.03671876758019234,0.027539075685144247,On,0.0,0,Off,0.0028705596673976605,0.0,On,0.008729853168931071,0,On,0.002937412385185223,0,On,0.05287901704154915,0.03965926278116185,On,0,0,Off,Off,0.0,23.888888888888914,0.0,0.0,0.0,0.0,0,0.0,1667.2815511111112,Off,0.0,0.0,29.669188205918022,51.666666666666686,46.10666666666668,0.0,50.39989997259068,0.0,0.0,0.0,29.669188205918022,49.5830213111168,50.39989997259068,49.17458198037986,12.43753247303448,24.10660835281596,0.0,2.2,-330.75173745081645,-520.3815214057419,-0.0,-62.574977305438196,232.43330709479145,0.0,2.0,0.018188878329840178,0.0,0.002187181138996853,0.37916649550075565,131.99922844444444,19.771454165572223,0.17510744168046058,11.54737979052447,0.0031929060014499275,51.27784062119729,1.204816371454459
2025-01-01 01:40:00,0.10413560984325546,0.0671983384663061,0.0,0.0017355934973875909,0.0011199723077717683,0.0,0.011600412836328733,0.0,0.09253519700692671,0.0,0.0,0.0,0.0671983384663061,0.0,1,0,0,Off,0,0,Off,0,0,Off,0.03671876758019234,0.027539075685144247,On,0.0,0,Off,0.0028705596673976605,0.0,On,0.008729853168931071,0,On,0.002937412385185223,0,On,0.05287901704154915,0.03965926278116185,On,0,0,Off,Off,0.0,23.888888888888914,0.0,0.0,0.0,0.0,0,0.0,1667.2815511111112,Off,0.0,0.0,29.713784796697134,51.666666666666686,46.10666666666668,0.0,50.39530766684248,0.0,0.0,0.0,29.713784796697134,49.578857489117624,50.39530766684248,49.170632400255194,12.43753247303448,24.06410129802125,0.0,2.2,-325.32762441410785,-518.7508820884751,-0.0,-60.53110333701649,232.43330709479145,0.0,2.0,0.018167133715363236,0.0,0.0021198549944335203,0.3775090284321821,131.99922844444444,21.521053916592287,0.1755744597627174,11.529280001636842,0.003193264594241545,51.48324350772668,1.2049884217586098
2025-01-01 01:41:00,0.10413560984325546,0.0671983384663061,0.0,0.0017355934973875909,0.0011199723077717683,0.0,0.011600412836328733,0.0,0.09253519700692671,0.0,0.0,0.0,0.0671983384663061,0.0,1,0,0,Off,0,0,Off,0,0,Off,0.03671876758019234,0.027539075685144247,On,0.0,0,Off,0.0028705596673976605,0.0,On,0.008729853168931071,0,On,0.002937412385185223,0,On,0.05287901704154915,0.03965926278116185,On,0,0,Off,Off,0.0,23.888888888888914,0.0,0.0,0.0,0.0,0,0.0,1667.2815511111112,Off,0.0,0.0,29.756646372880564,51.666666666666686,46.10666666666668,0.0,50.39070882837504,0.0,0.0,0.0,29.756646372880564,49.574687408360546,50.39070882837504,49.16667669835331,12.43753247303448,24.023079213900843,0.0,2.2,-319.12437197466636,-517.1791369260343,-0.0,-58.561249373537244,232.43330709479145,0.0,2.0,0.01814613607803794,0.0,0.002054724029179275,0.3759063102789294,131.99922844444444,24.182707230113703,0.176027242704492,11.51272583860208,0.003193624572037412,51.68120370797141,1.205154498102438
2025-01-01 01:42:00,0.10413560984325546,0.0671983384663061,0.0,0.0017355934973875909,0.0011199723077717683,0.0,0.011600412836328733,0.0,0.09253519700692671,0.0,0.0,0.0,0.0671983384663061,0.0,1,0,0,Off,0,0,Off,0,0,Off,0.03671876758019234,0.027539075685144247,On,0.0,0,Off,0.0028705596673976605,0.0,On,0.008729853168931071,0,On,0.002937412385185223,0,On,0.05287901704154915,0.03965926278116185,On,0,0,Off,Off,0.0,23.888888888888914,0.0,0.0,0.0,0.0,0,0.0,1667.2815511111112,Off,0.0,0.0,29.797825780587395,51.666666666666686,46.10666666666668,0.0,50.38610371512755,0.0,0.0,0.0,29.797825780587395,49.570511312340344,50.38610371512755,49.162715110946756,12.43753247303448,23.98349692339523,0.0,2.2,-314.4720682346199,-515.6643534969721,-0.0,-56.662973382691234,232.43330709479145,0.0,2.0,0.01812586359802233,0.0,0.001991732256899278,0.37435689319012966,131.99922844444444,25.421951550251965,0.17646613548610812,11.496116747667324,0.003193985884200257,51.87191542367751,1.2053147788180916
2025-01-01 01:43:00,0.10413560984325546,0.0671983384663061,0.0,0.0017355934973875909,0.0011199723077717683,0.0,0.011600412836328733,0.0,0.09253519700692671,0.0,0.0,0.0,0.0671983384663061,0.0,1,0,0,Off,0,0,Off,0,0,Off,0.03671876758019234,0.027539075685144247,On,0.0,0,Off,0.0028705596673976605,0.0,On,0.008729853168931071,0,On,0.002937412385185223,0,On,0.05287901704154915,0.03965926278116185,On,0,0,Off,Off,0.0,23.888888888888914,0.0,0.0,0.0,0.0,0,0.0,1667.2815511111112,Off,0.0,0.0,29.837468844396437,51.666666666666686,46.10666666666668,0.0,50.38149257718135,0.0,0.0,0.0,29.837468844396437,49.56632943713528,50.38149257718135,49.15874786711225,12.43753247303448,23.94522932748474,0.0,2.2,-309.0563446540949,-514.2015610189184,-0.0,-54.830027696006894,232.43330709479145,0.0,2.0,0.01810625339367439,0.0,0.001930694984820476,0.372856170194377,131.99922844444444,27.541936966038765,0.17689234178806693,11.480178148344185,0.0031943484814374516,52.05600945030478,1.2054697668861818
2025-01-01 01:44:00,0.10413560984325546,0.0671983384663061,0.0,0.0017355934973875909,0.0011199723077717683,0.0,0.011600412836328733,0.0,0.09253519700692671,0.0,0.0,0.0,0.0671983384663061,0.0,1,0,0,Off,0,0,Off,0,0,Off,0.03671876758019234,0.027539075685144247,On,0.0,0,Off,0.0028705596673976605,0.0,On,0.008729853168931071,0,On,0.002937412385185223,0,On,0.05287901704154915,0.03965926278116185,On,0,0,Off,Off,0.0,23.888888888888914,0.0,0.0,0.0,0.0,0,0.0,1667.2815511111112,Off,0.0,0.0,29.875617261808983,51.666666666666686,46.10666666666668,0.0,50.37687564294052,0.0,0.0,0.0,29.875617261808983,49.56214199835833,50.37687564294052,49.15477517606723,12.43753247303448,23.908240803211548,0.0,2.2,-304.4526374709003,-512.7892308981253,-0.0,-53.06048001738413,232.43330709479145,0.0,2.0,0.0180872882942334,0.0,0.001871568553465786,0.3714030093363921,131.99922844444444,28.963766349817668,0.17730612943407262,11.464892056728324,0.0031947123187516004,52.23363702743406,1.2056196028129953
2025-01-01 01:45:00,0.10413560984325546,0.0671983384663061,0.0,0.0017355934973875909,0.0011199723077717683,0.0,0.011600412836328733,0.0,0.09253519700692671,0.0,0.0,0.0,0.0671983384663061,0.0,1,0,0,Off,0,0,Off,0,0,Off,0.03671876758019234,0.027539075685144247,On,0.0,0,Off,0.0028705596673976605,0.0,On,0.008729853168931071,0,On,0.002937412385185223,0,On,0.05287901704154915,0.03965926278116185,On,0,0,Off,Off,0.0,23.888888888888914,0.0,0.0,0.0,0.0,0,0.0,1667.2815511111112,Off,0.0,0.0,29.91237541126118,51.666666666666686,46.10666666666668,0.0,50.37225313460872,0.0,0.0,0.0,29.91237541126118,49.55794920577059,50.37225313460872,49.15079724135153,12.43753247303448,23.872441847959216,0.0,2.2,-299.9234800557026,-511.4237919484208,-0.0,-51.349840246100015,232.43330709479145,0.0,2.0,0.018068923409364727,0.0,0.0018142220700273395,0.3699941395677068,131.99922844444444,30.4168450440268,0.17770834892370171,11.450212664698812,0.003195077352193386,52.40524529799457,1.205764646106333
2025-01-01 01:46:00,0.10413560984325546,0.0671983384663061,0.0,0.0017355934973875909,0.0011199723077717683,0.0,0.011600412836328733,0.0,0.09253519700692671,0.0,0.0,0.0,0.0671983384663061,0.0,1,0,0,Off,0,0,Off,0,0,Off,0.03671876758019234,0.027539075685144247,On,0.0,0,Off,0.0028705596673976605,0.0,On,0.008729853168931071,0,On,0.002937412385185223,0,On,0.05287901704154915,0.03965926278116185,On,0,0,Off,Off,0.0,23.888888888888914,0.0,0.0,0.0,0.0,0,0.0,1667.2815511111112,Off,0.0,0.0,29.94781115636068,51.666666666666686,46.10666666666668,0.0,50.36762525887289,0.0,0.0,0.0,29.94781115636068,49.55375125448454,50.36762525887289,49.14681425229037,12.43753247303448,23.83777432867443,0.0,2.2,-295.6021380543473,-510.10288694795736,-0.0,-49.695140888397695,232.43330709479145,0.0,2.0,0.01805112982860806,0.0,0.0017585735407119084,0.36862749713417803,131.99922844444444,31.762582687216234,0.1780995272194436,11.435327955270502,0.003195443540860499,52.57111491080702,1.205905129366457
2025-01-01 01:47:00,0.10413560984325546,0.0671983384663061,0.0,0.0017355934973875909,0.0011199723077717683,0.0,0.011600412836328733,0.0,0.09253519700692671,0.0,0.0,0.0,0.0671983384663061,0.0,1,0,0,Off,0,0,Off,0,0,Off,0.03671876758019234,0.027539075685144247,On,0.0,0,Off,0.0028705596673976605,0.0,On,0.008729853168931071,0,On,0.002937412385185223,0,On,0.05287901704154915,0.03965926278116185,On,0,0,Off,Off,0.0,23.888888888888914,0.0,0.0,0.0,0.0,0,0.0,1667.2815511111112,Off,0.0,0.0,29.98199403270399,51.666666666666686,46.10666666666668,0.0,50.36299221233072,0.0,0.0,0.0,29.98199403270399,49.54954833008854,50.36299221233072,49.14282638896746,12.43753247303448,23.80417866574976,0.0,2.2,-291.46553547981523,-508.82411708114284,-0.0,-48.09336368328984,232.43330709479145,0.0,2.0,0.018033877811961987,0.0,0.0017045376095889495,0.3673009402811042,131.99922844444444,33.01863818982601,0.1784802153882978,11.421773302739584,0.003195810845769157,52.73153761747839,1.2060412913937497
2025-01-01 01:48:00,0.10413560984325546,0.0671983384663061,0.0,0.0017355934973875909,0.0011199723077717683,0.0,0.011600412836328733,0.0,0.09253519700692671,0.0,0.0,0.0,0.0671983384663061,0.0,1,0,0,Off,0,0,Off,0,0,Off,0.03671876758019234,0.027539075685144247,On,0.0,0,Off,0.0028705596673976605,0.0,On,0.008729853168931071,0,On,0.002937412385185223,0,On,0.05287901704154915,0.03965926278116185,On,0,0,Off,Off,0.0,23.888888888888914,0.0,0.0,0.0,0.0,0,0.0,1667.2815511111112,Off,0.0,0.0,30.01498870509266,51.666666666666686,46.10666666666668,0.0,50.35835418124224,0.0,0.0,0.0,30.01498870509266,49.54534060841223,50.35835418124224,49.138833821997224,12.43753247303448,23.7715994561481,0.0,2.2,-287.5009367930604,-507.58525522679037,-0.0,-46.5417067028123,232.43330709479145,0.0,2.0,0.018017139682045047,0.0,0.0016520346524460721,0.3660124722941863,131.99922844444444,34.192718041750766,0.17885092788277918,11.407956690061319,0.0031961792299271077,52.886785417203804,1.2061733543353352
2025-01-01 01:49:00,0.10413560984325546,0.0671983384663061,0.0,0.0017355934973875909,0.0011199723077717683,0.0,0.011600412836328733,0.0,0.09253519700692671,0.0,0.0,0.0,0.0671983384663061,0.0,1,0,0,Off,0,0,Off,0,0,Off,0.03671876758019234,0.027539075685144247,On,0.0,0,Off,0.0028705596673976605,0.0,On,0.008729853168931071,0,On,0.002937412385185223,0,On,0.05287901704154915,0.03965926278116185,On,0,0,Off,Off,0.0,23.888888888888914,0.0,0.0,0.0,0.0,0,0.0,1667.2815511111112,Off,0.0,0.0,30.04685571767688,51.666666666666686,46.10666666666668,0.0,50.35371134225393,0.0,0.0,0.0,30.04685571767688,49.54112825621007,50.35371134225393,49.13483671318814,12.43753247303448,23.739984829571185,0.0,2.2,-283.9501436299829,-506.3842200836076,-0.0,-45.037551809769894,232.43330709479145,0.0,2.0,0.018000889502213874,0.0,0.0016009898441227994,0.36476021815435566,131.99922844444444,35.038321168603225,0.17921214859193266,11.394633904397518,0.0031965486581981735,53.03711376217595,1.2063015262664492
2025-01-01 01:50:00,0.10413560984325546,0.0671983384663061,0.0,0.0017355934973875909,0.0011199723077717683,0.0,0.011600412836328733,0.0,0.09253519700692671,0.0,0.0,0.0,0.0671983384663061,0.0,1,0,0,Off,0,0,Off,0,0,Off,0.03671876758019234,0.027539075685144247,On,0.0,0,Off,0.0028705596673976605,0.0,On,0.008729853168931071,0,On,0.002937412385185223,0,On,0.05287901704154915,0.03965926278116185,On,0,0,Off,Off,0.0,23.888888888888914,0.0,0.0,0.0,0.0,0,0.0,1667.2815511111112,Off,0.0,0.0,30.077662286057222,51.666666666666686,46.10666666666668,0.0,50.34906386301128,0.0,0.0,0.0,30.077662286057222,49.53691143173967,50.34906386301128,49.130835216103875,12.43753247303448,23.709277172988312,0.0,2.2,-279.97485321613215,-505.21872307020294,-0.0,-43.57802237683331,232.43330709479145,0.0,2.0,0.01798509831341665,0.0,0.0015513182329996722,0.36354205816275237,131.99922844444444,36.388585136112624,0.17956443035355024,11.38255366095109,0.0031969190971886763,53.18281231191876,1.206426038856191
2025-01-01 01:51:00,0.10413560984325546,0.0671983384663061,0.0,0.0017355934973875909,0.0011199723077717683,0.0,0.011600412836328733,0.0,0.09253519700692671,0.0,0.0,0.0,0.0671983384663061,0.0,1,0,0,Off,0,0,Off,0,0,Off,0.03671876758019234,0.027539075685144247,On,0.0,0,Off,0.0028705596673976605,0.0,On,0.008729853168931071,0,On,0.002937412385185223,0,On,0.05287901704154915,0.03965926278116185,On,0,0,Off,Off,0.0,23.888888888888914,0.0,0.0,0.0,0.0,0,0.0,1667.2815511111112,Off,0.0,0.0,30.107437283533592,51.666666666666686,46.10666666666668,0.0,50.34441190116733,0.0,0.0,0.0,30.107437283533592,49.5326902838255,50.34441190116733,49.126829475154594,12.43753247303448,23.67945181900085,0.0,2.2,-276.75293492831406,-504.0877351835854,-0.0,-42.161820048809865,232.43330709479145,0.0,2.0,0.017969754039405702,0.0,0.0015029874429594503,0.3623571651306137,131.99922844444444,37.06331320928966,0.1799079761970148,11.370145900442049,0.0031972905154769617,53.32399185861992,1.2065469901179495
2025-01-01 01:52:00,0.10413560984325546,0.0671983384663061,0.0,0.0017355934973875909,0.0011199723077717683,0.0,0.011600412836328733,0.0,0.09253519700692671,0.0,0.0,0.0,0.0671983384663061,0.0,1,0,0,Off,0,0,Off,0,0,Off,0.03671876758019234,0.027539075685144247,On,0.0,0,Off,0.0028705596673976605,0.0,On,0.008729853168931071,0,On,0.002937412385185223,0,On,0.05287901704154915,0.03965926278116185,On,0,0,Off,Off,0.0,23.888888888888914,0.0,0.0,0.0,0.0,0,0.0,1667.2815511111112,Off,0.0,0.0,30.136256794342557,51.666666666666686,46.10666666666668,0.0,50.339755610081646,0.0,0.0,0.0,30.136256794342557,49.52846495723989,50.339755610081646,49.12281963081901,12.43753247303448,23.650443518571542,0.0,2.2,-273.1155519865272,-502.98869650602774,-0.0,-40.78573029525498,232.43330709479145,0.0,2.0,0.017954823674275505,0.0,0.0014558987129625967,0.36120308708184196,131.99922844444444,38.22556771996399,0.18024343346657207,11.358156340997011,0.0031976628824034394,53.46098869330415,1.206664643196577
2025-01-01 01:53:00,0.10413560984325546,0.0671983384663061,0.0,0.0017355934973875909,0.0011199723077717683,0.0,0.011600412836328733,0.0,0.09253519700692671,0.0,0.0,0.0,0.0671983384663061,0.0,1,0,0,Off,0,0,Off,0,0,Off,0.03671876758019234,0.027539075685144247,On,0.0,0,Off,0.0028705596673976605,0.0,On,0.008729853168931071,0,On,0.002937412385185223,0,On,0.05287901704154915,0.03965926278116185,On,0,0,Off,Off,0.0,23.888888888888914,0.0,0.0,0.0,0.0,0,0.0,1667.2815511111112,Off,0.0,0.0,30.16414442913352,51.666666666666686,46.10666666666668,0.0,50.33509513180337,0.0,0.0,0.0,30.16414442913352,49.524235586077374,50.33509513180337,49.11880581321438,12.43753247303448,23.622232112755682,0.0,2.2,-270.1190702521129,-501.9207641573785,-0.0,-39.44868936344941,232.43330709479145,0.0,2.0,0.01794029736287272,0.0,0.0014100257815474013,0.3600791519429002,131.99922844444444,38.817076173923596,0.1805709662942132,11.345799241433056,0.003198036169592858,53.593892509072596,1.206779078147094
2025-01-01 01:54:00,0.10413560984325546,0.0671983384663061,0.0,0.0017355934973875909,0.0011199723077717683,0.0,0.011600412836328733,0.0,0.09253519700692671,0.0,0.0,0.0,0.0671983384663061,0.0,1,0,0,Off,0,0,Off,0,0,Off,0.03671876758019234,0.027539075685144247,On,0.0,0,Off,0.0028705596673976605,0.0,On,0.008729853168931071,0,On,0.002937412385185223,0,On,0.05287901704154915,0.03965926278116185,On,0,0,Off,Off,0.0,23.888888888888914,0.0,0.0,0.0,0.0,0,0.0,1667.2815511111112,Off,0.0,0.0,30.191166325284136,51.666666666666686,46.10666666666668,0.0,50.33043060487058,0.0,0.0,0.0,30.191166325284136,49.52000230111896,50.33043060487058,49.114788149243154,12.43753247303448,23.594760887804487,0.0,2.2,-266.76296641705994,-500.88171791321537,-0.0,-38.14790973730965,232.43330709479145,0.0,2.0,0.017926146385885692,0.0,0.001365282440564246,0.35898322109406194,131.99922844444444,39.83335413867367,0.18089114023450006,11.33459731323277,0.003198410349287205,53.72299671322385,1.2068905238103556
2025-01-01 01:55:00,0.10413560984325546,0.0671983384663061,0.0,0.0017355934973875909,0.0011199723077717683,0.0,0.011600412836328733,0.0,0.09253519700692671,0.0,0.0,0.0,0.0671983384663061,0.0,1,0,0,Off,0,0,Off,0,0,Off,0.03671876758019234,0.027539075685144247,On,0.0,0,Off,0.0028705596673976605,0.0,On,0.008729853168931071,0,On,0.002937412385185223,0,On,0.05287901704154915,0.03965926278116185,On,0,0,Off,Off,0.0,23.888888888888914,0.0,0.0,0.0,0.0,0,0.0,1667.2815511111112,Off,0.0,0.0,30.21734369719981,51.666666666666686,46.10666666666668,0.0,50.3257621579895,0.0,0.0,0.0,30.21734369719981,49.5157652238638,50.3257621579895,49.11076675680096,12.43753247303448,23.5680117317507,0.0,2.2,-263.9733754311467,-499.8708047774152,-0.0,-36.88244147146459,232.43330709479145,0.0,2.0,0.017912361861531043,0.0,0.0013216447763293383,0.3579146842631411,131.99922844444444,40.34656372294151,0.1812041053189456,11.323764950861033,0.0031987853957207006,53.84838278105831,1.206999052217249
2025-01-01 01:56:00,0.10413560984325546,0.0671983384663061,0.0,0.0017355934973875909,0.0011199723077717683,0.0,0.011600412836328733,0.0,0.09253519700692671,0.0,0.0,0.0,0.0671983384663061,0.0,1,0,0,Off,0,0,Off,0,0,Off,0.03671876758019234,0.027539075685144247,On,0.0,0,Off,0.0028705596673976605,0.0,On,0.008729853168931071,0,On,0.002937412385185223,0,On,0.05287901704154915,0.03965926278116185,On,0,0,Off,Off,0.0,23.888888888888914,0.0,0.0,0.0,0.0,0,0.0,1667.2815511111112,Off,0.0,0.0,30.242735058821207,51.666666666666686,46.10666666666668,0.0,50.321089916711635,0.0,0.0,0.0,30.242735058821207,49.51152447283382,50.321089916711635,49.10674175089491,12.43753247303448,23.541934470787492,0.0,2.2,-260.86895093006524,-498.88606544029886,-0.0,-35.649825105435134,232.43330709479145,0.0,2.0,0.017898918350683624,0.0,0.001279036142681549,0.35687164180313774,131.99922844444444,41.233632520877265,0.18151036490709702,11.313276357756664,0.003199161283687446,53.97031146328037,1.207104865939108
2025-01-01 01:57:00,0.10413560984325546,0.0671983384663061,0.0,0.0017355934973875909,0.0011199723077717683,0.0,0.011600412836328733,0.0,0.09253519700692671,0.0,0.0,0.0,0.0671983384663061,0.0,1,0,0,Off,0,0,Off,0,0,Off,0.03671876758019234,0.027539075685144247,On,0.0,0,Off,0.0028705596673976605,0.0,On,0.008729853168931071,0,On,0.002937412385185223,0,On,0.05287901704154915,0.03965926278116185,On,0,0,Off,Off,0.0,23.888888888888914,0.0,0.0,0.0,0.0,0,0.0,1667.2815511111112,Off,0.0,0.0,30.267359381582114,51.666666666666686,46.10666666666668,0.0,50.31641399788988,0.0,0.0,0.0,30.267359381582114,49.50728015833895,50.31641399788988,49.10271323856349,12.43753247303448,23.516512909588645,0.0,2.2,-258.2642442228795,-497.92682971840037,-0.0,-34.449215436183,232.43330709479145,0.0,2.0,0.017885807891556967,0.0,0.0012374349252376885,0.3558535433479413,131.99922844444444,41.67849383691248,0.18181005499316022,11.302351202544859,0.0031995379897512347,54.08885624166984,1.2072080294608831
2025-01-01 01:58:00,0.10413560984325546,0.0671983384663061,0.0,0.0017355934973875909,0.0011199723077717683,0.0,0.011600412836328733,0.0,0.09253519700692671,0.0,0.0,0.0,0.0671983384663061,0.0,1,0,0,Off,0,0,Off,0,0,Off,0.03671876758019234,0.027539075685144247,On,0.0,0,Off,0.0028705596673976605,0.0,On,0.008729853168931071,0,On,0.002937412385185223,0,On,0.05287901704154915,0.03965926278116185,On,0,0,Off,Off,0.0,23.888888888888914,0.0,0.0,0.0,0.0,0,0.0,1667.2815511111112,Off,0.0,0.0,30.291268464110818,51.666666666666686,46.10666666666668,0.0,50.31173451555594,0.0,0.0,0.0,30.291268464110818,49.50303238802668,50.31173451555594,49.09868132426206,12.43753247303448,23.491702635315967,0.0,2.2,-255.3845762893129,-496.9913672042812,-0.0,-33.27844072241859,232.43330709479145,0.0,2.0,0.01787300794048763,0.0,0.0011967729713791104,0.35485870118204976,131.99922844444444,42.451924542595506,0.182103623575643,11.29251163656594,0.003199915490980225,54.204248886680524,1.207308722190596
2025-01-01 01:59:00,0.10413560984325546,0.0671983384663061,0.0,0.0017355934973875909,0.0011199723077717683,0.0,0.011600412836328733,0.0,0.09253519700692671,0.0,0.0,0.0,0.0671983384663061,0.0,1,0,0,Off,0,0,Off,0,0,Off,0.03671876758019234,0.027539075685144247,On,0.0,0,Off,0.0028705596673976605,0.0,On,0.008729853168931071,0,On,0.002937412385185223,0,On,0.05287901704154915,0.03965926278116185,On,0,0,Off,Off,0.0,23.888888888888914,0.0,0.0,0.0,0.0,0,0.0,1667.2815511111112,Off,0.0,0.0,30.314479364855764,51.666666666666686,46.10666666666668,0.0,50.307051576041154,0.0,0.0,0.0,30.314479364855764,49.49878126227499,50.307051576041154,49.09464610539192,12.43753247303448,23.467489086779157,0.0,2.2,-252.94587440478008,-496.0790780928288,-0.0,-32.1367447617995,232.43330709479145,0.0,2.0,0.017860511321440547,0.0,0.0011570306408789112,0.35388661629690427,131.99922844444444,42.83664135505674,0.18239119457101421,11.28220682674972,0.0032002937660149354,54.31655603827668,1.2074070021738281
2025-01-01 02:00:00,0.10319410298222488,0.06649220832053317,0.0,0.0017199017163704146,0.001108203472008886,0.0,0.011600412836328733,0.0,0.09159369014589615,0.0,0.0,0.0,0.06649220832053317,0.0,1,0,0,Off,0,0,Off,0,0,Off,0.03577726071916177,0.02683294553937132,On,0.0,0,Off,0.0028705596673976605,0.0,On,0.008729853168931071,0,On,0.002937412385185223,0,On,0.05287901704154915,0.03965926278116185,On,0,0,Off,Off,0.0,22.222222222222285,0.0,0.0,0.0,0.0,0,0.0,1667.2815511111112,Off,0.0,0.0,30.33703800813963,51.666666666666686,46.10666666666668,0.0,50.302365283140105,0.0,0.0,0.0,30.33703800813963,49.49452687906784,50.302365283140105,49.09060767703171,12.43753247303448,23.44383289049174,0.0,2.2,-251.20895458172234,-495.18843153506793,-0.0,-31.02220658621253,231.49180023376087,0.0,2.0,0.017848298027826656,0.0,0.0011181472614679147,0.3529357873855426,131.99922844444444,43.50988330579727,0.18267316714054252,11.272188565707811,0.003200672793952779,54.42598396367426,1.2075030285403519
2025-01-01 02:01:00,0.10319410298222488,0.06649220832053317,0.0,0.0017199017163704146,0.001108203472008886,0.0,0.011600412836328733,0.0,0.09159369014589615,0.0,0.0,0.0,0.06649220832053317,0.0,1,0,0,Off,0,0,Off,0,0,Off,0.03577726071916177,0.02683294553937132,On,0.0,0,Off,0.0028705596673976605,0.0,On,0.008729853168931071,0,On,0.002937412385185223,0,On,0.05287901704154915,0.03965926278116185,On,0,0,Off,Off,0.0,22.222222222222285,0.0,0.0,0.0,0.0,0,0.0,1667.2815511111112,Off,0.0,0.0,30.358999353660966,51.666666666666686,46.10666666666668,0.0,50.297675733820306,0.0,0.0,0.0,30.358999353660966,49.4902693299441,50.297675733820306,49.086566128006,12.43753247303448,23.4206869004308,0.0,2.2,-248.9156878536791,-494.3176096669135,-0.0,-29.93254667347407,231.49180023376087,0.0,2.0,0.01783634400302866,0.0,0.001080048917768769,0.35200439134286815,131.99922844444444,43.842668252947576,0.1829500299085326,11.263201520106623,0.0032010525552899835,54.532784032379894,1.2075969921960887
2025-01-01 02:02:00,0.10319410298222488,0.06649220832053317,0.0,0.0017199017163704146,0.001108203472008886,0.0,0.011600412836328733,0.0,0.09159369014589615,0.0,0.0,0.0,0.06649220832053317,0.0,1,0,0,Off,0,0,Off,0,0,Off,0.03577726071916177,0.02683294553937132,On,0.0,0,Off,0.0028705596673976605,0.0,On,0.008729853168931071,0,On,0.002937412385185223,0,On,0.05287901704154915,0.03965926278116185,On,0,0,Off,Off,0.0,22.222222222222285,0.0,0.0,0.0,0.0,0,0.0,1667.2815511111112,Off,0.0,0.0,30.380363451694862,51.666666666666686,46.10666666666668,0.0,50.29298301687928,0.0,0.0,0.0,30.380363451694862,49.4860086987295,50.29298301687928,49.082521539654614,12.43753247303448,23.398051157386504,0.0,2.2,-246.41344486158246,-493.46657397326146,-0.0,-28.867712437875706,231.49180023376087,0.0,2.0,0.017824649533961186,0.0,0.0010427390307498072,0.35109249716676494,131.99922844444444,44.42904131579391,0.18322175387133657,11.253707040118327,0.0032014330322252013,54.63694425877907,1.2076888920199014
2025-01-01 02:03:00,0.10319410298222488,0.06649220832053317,0.0,0.0017199017163704146,0.001108203472008886,0.0,0.011600412836328733,0.0,0.09159369014589615,0.0,0.0,0.0,0.06649220832053317,0.0,1,0,0,Off,0,0,Off,0,0,Off,0.03577726071916177,0.02683294553937132,On,0.0,0,Off,0.0028705596673976605,0.0,On,0.008729853168931071,0,On,0.002937412385185223,0,On,0.05287901704154915,0.03965926278116185,On,0,0,Off,Off,0.0,22.222222222222285,0.0,0.0,0.0,0.0,0,0.0,1667.2815511111112,Off,0.0,0.0,30.40114432062404,51.666666666666686,46.10666666666668,0.0,50.288287221105975,0.0,0.0,0.0,30.40114432062404,49.481745069242734,50.288287221105975,49.078473993311114,12.43753247303448,23.375913696624565,0.0,2.2,-244.25531285350976,-492.6348358791508,-0.0,-27.827088296987228,231.49180023376087,0.0,2.0,0.017813208696675558,0.0,0.001006201135513385,0.35019968823593234,131.99922844444444,44.71481108886726,0.1834884434505009,11.244468740857862,0.0032018142068816423,54.7385203298755,1.20777877581128
2025-01-01 02:04:00,0.10319410298222488,0.06649220832053317,0.0,0.0017199017163704146,0.001108203472008886,0.0,0.011600412836328733,0.0,0.09159369014589615,0.0,0.0,0.0,0.06649220832053317,0.0,1,0,0,Off,0,0,Off,0,0,Off,0.03577726071916177,0.02683294553937132,On,0.0,0,Off,0.0028705596673976605,0.0,On,0.008729853168931071,0,On,0.002937412385185223,0,On,0.05287901704154915,0.03965926278116185,On,0,0,Off,Off,0.0,22.222222222222285,0.0,0.0,0.0,0.0,0,0.0,1667.2815511111112,Off,0.0,0.0,30.42137828583828,51.666666666666686,46.10666666666668,0.0,50.28358843320466,0.0,0.0,0.0,30.42137828583828,49.47747852333511,50.28358843320466,49.074423568400334,12.43753247303448,23.35424337858026,0.0,2.2,-241.9159419178092,-491.8211891351071,-0.0,-26.80916104914614,231.49180023376087,0.0,2.0,0.017802005639383018,0.0,0.0009703868941135045,0.34932477008012397,131.99922844444444,45.222608032683254,0.18375041710828816,11.235470559869214,0.0032021960617635327,54.83767650293145,1.2078667695312126
2025-01-01 02:05:00,0.10319410298222488,0.06649220832053317,0.0,0.0017199017163704146,0.001108203472008886,0.0,0.011600412836328733,0.0,0.09159369014589615,0.0,0.0,0.0,0.06649220832053317,0.0,1,0,0,Off,0,0,Off,0,0,Off,0.03577726071916177,0.02683294553937132,On,0.0,0,Off,0.0028705596673976605,0.0,On,0.008729853168931071,0,On,0.002937412385185223,0,On,0.05287901704154915,0.03965926278116185,On,0,0,Off,Off,0.0,22.222222222222285,0.0,0.0,0.0,0.0,0,0.0,1667.2815511111112,Off,0.0,0.0,30.441078124453504,51.666666666666686,46.10666666666668,0.0,50.27888673447942,0.0,0.0,0.0,30.441078124453504,49.47320913775998,50.27888673447942,49.07037033940027,12.43753247303448,23.333029298302378,0.0,2.2,-239.87972697361383,-491.02519032012395,-0.0,-25.813372178757334,231.49180023376087,0.0,2.0,0.01779103495070214,0.0,0.0009352811539635025,0.34846736003615963,131.99922844444444,45.467035291506605,0.18400777118056752,11.226706906129188,0.003202578580488292,54.93446395836449,1.207952916791005
2025-01-01 02:06:00,0.10319410298222488,0.06649220832053317,0.0,0.0017199017163704146,0.001108203472008886,0.0,0.011600412836328733,0.0,0.09159369014589615,0.0,0.0,0.0,0.06649220832053317,0.0,1,0,0,Off,0,0,Off,0,0,Off,0.03577726071916177,0.02683294553937132,On,0.0,0,Off,0.0028705596673976605,0.0,On,0.008729853168931071,0,On,0.002937412385185223,0,On,0.05287901704154915,0.03965926278116185,On,0,0,Off,Off,0.0,22.222222222222285,0.0,0.0,0.0,0.0,0,0.0,1667.2815511111112,Off,0.0,0.0,30.460276147412007,51.666666666666686,46.10666666666668,0.0,50.274182204334224,0.0,0.0,0.0,30.460276147412007,49.46893698747755,50.274182204334224,49.066314379049224,12.43753247303448,23.312243759677386,0.0,2.2,-237.68698976034054,-490.245768324703,-0.0,-24.83837819029654,231.49180023376087,0.0,2.0,0.01778028252032419,0.0,0.0009008407825309885,0.34762639290458347,131.99922844444444,45.905356520898195,0.18426079000064463,11.218163491513685,0.0032029617470231853,55.02902923683927,1.20803732966555
2025-01-01 02:07:00,0.10319410298222488,0.06649220832053317,0.0,0.0017199017163704146,0.001108203472008886,0.0,0.011600412836328733,0.0,0.09159369014589615,0.0,0.0,0.0,0.06649220832053317,0.0,1,0,0,Off,0,0,Off,0,0,Off,0.03577726071916177,0.02683294553937132,On,0.0,0,Off,0.0028705596673976605,0.0,On,0.008729853168931071,0,On,0.002937412385185223,0,On,0.05287901704154915,0.03965926278116185,On,0,0,Off,Off,0.0,22.222222222222285,0.0,0.0,0.0,0.0,0,0.0,1667.2815511111112,Off,0.0,0.0,30.478984056256436,51.666666666666686,46.10666666666668,0.0,50.269474917369635,0.0,0.0,0.0,30.478984056256436,49.46466214291344,50.269474917369635,49.06225575568535,12.43753247303448,23.291876775909433,0.0,2.2,-235.7611769286132,-489.4825187441812,-0.0,-23.883669870892152,231.49180023376087,0.0,2.0,0.017769743381562172,0.0,0.0008670517707242365,0.3468015155759274,131.99922844444444,46.113211452699325,0.1845095628495067,11.209835194575621,0.003203345546328317,55.121419603118355,1.2081200481351015
2025-01-01 02:08:00,0.10319410298222488,0.06649220832053317,0.0,0.0017199017163704146,0.001108203472008886,0.0,0.011600412836328733,0.0,0.09159369014589615,0.0,0.0,0.0,0.06649220832053317,0.0,1,0,0,Off,0,0,Off,0,0,Off,0.03577726071916177,0.02683294553937132,On,0.0,0,Off,0.0028705596673976605,0.0,On,0.008729853168931071,0,On,0.002937412385185223,0,On,0.05287901704154915,0.03965926278116185,On,0,0,Off,Off,0.0,22.222222222222285,0.0,0.0,0.0,0.0,0,0.0,1667.2815511111112,Off,0.0,0.0,30.49723062209949,51.666666666666686,46.10666666666668,0.0,50.264764946446064,0.0,0.0,0.0,30.49723062209949,49.460384672851056,50.264764946446064,49.058194536053556,12.43753247303448,23.271903687297133,0.0,2.2,-233.70084433750085,-488.73448932870093,-0.0,-22.948052956749912,231.49180023376087,0.0,2.0,0.01775940496171436,0.0,0.0008338756000248074,0.34599177732274944,131.99922844444444,46.489897714189134,0.18475434377414499,11.201709292061796,0.0032037299636865735,55.21176590056263,1.208201172022442
2025-01-01 02:09:00,0.10319410298222488,0.06649220832053317,0.0,0.0017199017163704146,0.001108203472008886,0.0,0.011600412836328733,0.0,0.09159369014589615,0.0,0.0,0.0,0.06649220832053317,0.0,1,0,0,Off,0,0,Off,0,0,Off,0.03577726071916177,0.02683294553937132,On,0.0,0,Off,0.0028705596673976605,0.0,On,0.008729853168931071,0,On,0.002937412385185223,0,On,0.05287901704154915,0.03965926278116185,On,0,0,Off,Off,0.0,22.222222222222285,0.0,0.0,0.0,0.0,0,0.0,1667.2815511111112,Off,0.0,0.0,30.515026608875935,51.666666666666686,46.10666666666668,0.0,50.260052360146716,0.0,0.0,0.0,30.515026608875935,49.456104642036024,50.260052360146716,49.05413078298068,12.43753247303448,23.252315307002103,0.0,2.2,-231.8751912649972,-488.0013095745954,-0.0,-22.031061066993434,231.49180023376087,0.0,2.0,0.017749262682107404,0.0,0.0008012992636935591,0.3451968509081154,131.99922844444444,46.66537914283073,0.1849952158628616,11.193781071575318,0.003204114985267094,55.30011197127268,1.2082807381419145
2025-01-01 02:10:00,0.10319410298222488,0.06649220832053317,0.0,0.0017199017163704146,0.001108203472008886,0.0,0.011600412836328733,0.0,0.09159369014589615,0.0,0.0,0.0,0.06649220832053317,0.0,1,0,0,Off,0,0,Off,0,0,Off,0.03577726071916177,0.02683294553937132,On,0.0,0,Off,0.0028705596673976605,0.0,On,0.008729853168931071,0,On,0.002937412385185223,0,On,0.05287901704154915,0.03965926278116185,On,0,0,Off,Off,0.0,22.222222222222285,0.0,0.0,0.0,0.0,0,0.0,1667.2815511111112,Off,0.0,0.0,30.53239765393442,51.666666666666686,46.10666666666668,0.0,50.25533722545407,0.0,0.0,0.0,30.53239765393442,49.45182211370334,50.25533722545407,49.05006455782797,12.43753247303448,23.23308966331457,0.0,2.2,-229.93464382672735,-487.28213219023263,-0.0,-21.131631689938242,231.49180023376087,0.0,2.0,0.01773930533291697,0.0,0.0007692883485089803,0.3444158873587274,131.99922844444444,46.98731981968257,0.18523240618564624,11.186039195428684,0.003204500597538163,55.38657469665719,1.2083588354637034
2025-01-01 02:11:00,0.10319410298222488,0.06649220832053317,0.0,0.0017199017163704146,0.001108203472008886,0.0,0.011600412836328733,0.0,0.09159369014589615,0.0,0.0,0.0,0.06649220832053317,0.0,1,0,0,Off,0,0,Off,0,0,Off,0.03577726071916177,0.02683294553937132,On,0.0,0,Off,0.0028705596673976605,0.0,On,0.008729853168931071,0,On,0.002937412385185223,0,On,0.05287901704154915,0.03965926278116185,On,0,0,Off,Off,0.0,22.222222222222285,0.0,0.0,0.0,0.0,0,0.0,1667.2815511111112,Off,0.0,0.0,30.549353702682456,51.666666666666686,46.10666666666668,0.0,50.25061960553925,0.0,0.0,0.0,30.549353702682456,49.44753714749001,50.25061960553925,49.045995918465394,12.43753247303448,23.21421826787954,0.0,2.2,-228.20003956998565,-486.5766162005093,-0.0,-20.249335747149445,231.49180023376087,0.0,2.0,0.01772952867470422,0.0,0.0007378307276173283,0.3436485821235603,131.99922844444444,47.13411214391223,0.18546599238879286,11.178479308313797,0.003204886787759557,55.47119492266336,1.2084354980360419
2025-01-01 02:12:00,0.10319410298222488,0.06649220832053317,0.0,0.0017199017163704146,0.001108203472008886,0.0,0.011600412836328733,0.0,0.09159369014589615,0.0,0.0,0.0,0.06649220832053317,0.0,1,0,0,Off,0,0,Off,0,0,Off,0.03577726071916177,0.02683294553937132,On,0.0,0,Off,0.0028705596673976605,0.0,On,0.008729853168931071,0,On,0.002937412385185223,0,On,0.05287901704154915,0.03965926278116185,On,0,0,Off,Off,0.0,22.222222222222285,0.0,0.0,0.0,0.0,0,0.0,1667.2815511111112,Off,0.0,0.0,30.565917612858016,51.666666666666686,46.10666666666668,0.0,50.2458995620944,0.0,0.0,0.0,30.565917612858016,49.44324980163729,50.2458995620944,49.04192492140875,12.43753247303448,23.19568153292624,0.0,2.2,-226.36807042465912,-485.88400718054226,-0.0,-19.383227278927187,231.49180023376087,0.0,2.0,0.017719922707788185,0.0,0.000706895646150495,0.3428941768244019,131.99922844444444,47.40736380104957,0.18569617747749564,11.17109130161213,0.00320527354346952,55.55407709204008,1.20851080519878
2025-01-01 02:13:00,0.10319410298222488,0.06649220832053317,0.0,0.0017199017163704146,0.001108203472008886,0.0,0.011600412836328733,0.0,0.09159369014589615,0.0,0.0,0.0,0.06649220832053317,0.0,1,0,0,Off,0,0,Off,0,0,Off,0.03577726071916177,0.02683294553937132,On,0.0,0,Off,0.0028705596673976605,0.0,On,0.008729853168931071,0,On,0.002937412385185223,0,On,0.05287901704154915,0.03965926278116185,On,0,0,Off,Off,0.0,22.222222222222285,0.0,0.0,0.0,0.0,0,0.0,1667.2815511111112,Off,0.0,0.0,30.58209861305604,51.666666666666686,46.10666666666668,0.0,50.2411771534135,0.0,0.0,0.0,30.58209861305604,49.43896013117856,50.2411771534135,49.0378516200611,12.43753247303448,23.177471581627557,0.0,2.2,-224.7163927283706,-485.2039899500947,-0.0,-18.532909788450258,231.49180023376087,0.0,2.0,0.017710483490083962,0.0,0.0006764717513252998,0.3421523868477555,131.99922844444444,47.52870677641347,0.18592303430629245,11.16311007968725,0.0032056608529134035,55.63525942212492,1.2085847885769634
2025-01-01 02:14:00,0.10319410298222488,0.06649220832053317,0.0,0.0017199017163704146,0.001108203472008886,0.0,0.011600412836328733,0.0,0.09159369014589615,0.0,0.0,0.0,0.06649220832053317,0.0,1,0,0,Off,0,0,Off,0,0,Off,0.03577726071916177,0.02683294553937132,On,0.0,0,Off,0.0028705596673976605,0.0,On,0.008729853168931071,0,On,0.002937412385185223,0,On,0.05287901704154915,0.03965926278116185,On,0,0,Off,Off,0.0,22.222222222222285,0.0,0.0,0.0,0.0,0,0.0,1667.2815511111112,Off,0.0,0.0,30.59791709117207,51.666666666666686,46.10666666666668,0.0,50.23645243641814,0.0,0.0,0.0,30.59791709117207,49.43466818985202,50.23645243641814,49.033776066568954,12.43753247303448,23.159570944559828,0.0,2.2,-222.9830288252895,-484.5358924208154,-0.0,-17.697540633502168,231.49180023376087,0.0,2.0,0.017701202098435884,0.0,0.00064653155380042,0.3414225346141858,131.99922844444444,47.7586039952672,0.18614674437889678,11.156049322367519,0.0032060487045968956,55.71483525480702,1.2086575189485387
2025-01-01 02:15:00,0.10319410298222488,0.06649220832053317,0.0,0.0017199017163704146,0.001108203472008886,0.0,0.011600412836328733,0.0,0.09159369014589615,0.0,0.0,0.0,0.06649220832053317,0.0,1,0,0,Off,0,0,Off,0,0,Off,0.03577726071916177,0.02683294553937132,On,0.0,0,Off,0.0028705596673976605,0.0,On,0.008729853168931071,0,On,0.002937412385185223,0,On,0.05287901704154915,0.03965926278116185,On,0,0,Off,Off,0.0,22.222222222222285,0.0,0.0,0.0,0.0,0,0.0,1667.2815511111112,Off,0.0,0.0,30.613381646290613,51.666666666666686,46.10666666666668,0.0,50.231725464998924,0.0,0.0,0.0,30.613381646290613,49.43037402853459,50.231725464998924,49.02969831030242,12.43753247303448,23.141972281710405,0.0,2.2,-221.40702279361406,-483.8794220097791,-0.0,-16.8767518567047,231.49180023376087,0.0,2.0,0.017692074852064178,0.0,0.0006170643832473173,0.34070435307208463,131.99922844444444,47.85735083910877,0.1863673763223314,11.149143608857074,0.003206437087657512,55.792840496240984,1.208729025810266
2025-01-01 02:16:00,0.10319410298222488,0.06649220832053317,0.0,0.0017199017163704146,0.001108203472008886,0.0,0.011600412836328733,0.0,0.09159369014589615,0.0,0.0,0.0,0.06649220832053317,0.0,1,0,0,Off,0,0,Off,0,0,Off,0.03577726071916177,0.02683294553937132,On,0.0,0,Off,0.0028705596673976605,0.0,On,0.008729853168931071,0,On,0.002937412385185223,0,On,0.05287901704154915,0.03965926278116185,On,0,0,Off,Off,0.0,22.222222222222285,0.0,0.0,0.0,0.0,0,0.0,1667.2815511111112,Off,0.0,0.0,30.6285104675689,51.666666666666686,46.10666666666668,0.0,50.22699629176767,0.0,0.0,0.0,30.6285104675689,49.42607769689641,50.22699629176767,49.02561839946078,12.43753247303448,23.124660009467856,0.0,2.2,-219.76337173492485,-483.2339797717662,-0.0,-16.069792581430757,231.49180023376087,0.0,2.0,0.01768309378718279,0.0,0.0005880456699096911,0.3399972368232758,131.99922844444444,48.04860038451126,0.186585092399259,11.141625587023022,0.003206825991477174,55.86935856476253,1.208799372314274
2025-01-01 02:17:00,0.10319410298222488,0.06649220832053317,0.0,0.0017199017163704146,0.001108203472008886,0.0,0.011600412836328733,0.0,0.09159369014589615,0.0,0.0,0.0,0.06649220832053317,0.0,1,0,0,Off,0,0,Off,0,0,Off,0.03577726071916177,0.02683294553937132,On,0.0,0,Off,0.0028705596673976605,0.0,On,0.008729853168931071,0,On,0.002937412385185223,0,On,0.05287901704154915,0.03965926278116185,On,0,0,Off,Off,0.0,22.222222222222285,0.0,0.0,0.0,0.0,0,0.0,1667.2815511111112,Off,0.0,0.0,30.64331159998522,51.666666666666686,46.10666666666668,0.0,50.22226496663208,0.0,0.0,0.0,30.64331159998522,49.42177924205491,50.22226496663208,49.02153637976633,12.43753247303448,23.107627260300006,0.0,2.2,-218.2565448483489,-482.599292976063,-0.0,-15.27631992015115,231.49180023376087,0.0,2.0,0.01767425545322561,0.0,0.0005594653464760513,0.3393009343212675,131.99922844444444,48.12726781410441,0.18679995749933825,11.135010911937014,0.003207215406002359,55.94442332991909,1.2088685860831747
2025-01-01 02:18:00,0.10319410298222488,0.06649220832053317,0.0,0.0017199017163704146,0.001108203472008886,0.0,0.011600412836328733,0.0,0.09159369014589615,0.0,0.0,0.0,0.06649220832053317,0.0,1,0,0,Off,0,0,Off,0,0,Off,0.03577726071916177,0.02683294553937132,On,0.0,0,Off,0.0028705596673976605,0.0,On,0.008729853168931071,0,On,0.002937412385185223,0,On,0.05287901704154915,0.03965926278116185,On,0,0,Off,Off,0.0,22.222222222222285,0.0,0.0,0.0,0.0,0,0.0,1667.2815511111112,Off,0.0,0.0,30.65780127159656,51.666666666666686,46.10666666666668,0.0,50.217531538303476,0.0,0.0,0.0,30.65780127159656,49.417478709998484,50.217531538303476,49.01745229584599,12.43753247303448,23.09086013238335,0.0,2.2,-216.74567931404906,-481.9748277759512,-0.0,-14.495664655481312,231.49180023376087,0.0,2.0,0.01766555274284533,0.0,0.0005313014575795262,0.3386149047545501,131.99922844444444,48.23301288362266,0.18701211664086015,11.128532526941685,0.00320760532140992,56.01810932448551,1.2089367234651156
2025-01-01 02:19:00,0.10319410298222488,0.06649220832053317,0.0,0.0017199017163704146,0.001108203472008886,0.0,0.011600412836328733,0.0,0.09159369014589615,0.0,0.0,0.0,0.06649220832053317,0.0,1,0,0,Off,0,0,Off,0,0,Off,0.03577726071916177,0.02683294553937132,On,0.0,0,Off,0.0028705596673976605,0.0,On,0.008729853168931071,0,On,0.002937412385185223,0,On,0.05287901704154915,0.03965926278116185,On,0,0,Off,Off,0.0,22.222222222222285,0.0,0.0,0.0,0.0,0,0.0,1667.2815511111112,Off,0.0,0.0,30.671989139829787,51.666666666666686,46.10666666666668,0.0,50.21279605308057,0.0,0.0,0.0,30.671989139829787,49.41317614443803,50.21279605308057,49.01336619011678,12.43753247303448,23.07435036893991,0.0,2.2,-215.20564220106453,-481.3602617125245,-0.0,-13.727421960021655,231.49180023376087,0.0,2.0,0.0176569814709844,0.0,0.0005035414313806455,0.33793883630356225,131.99922844444444,48.390241237720716,0.1872216518602321,11.12142854077533,0.0032079957283810494,56.09045901492558,1.209003817799856
2025-01-01 02:20:00,0.10319410298222488,0.06649220832053317,0.0,0.0017199017163704146,0.001108203472008886,0.0,0.011600412836328733,0.0,0.09159369014589615,0.0,0.0,0.0,0.06649220832053317,0.0,1,0,0,Off,0,0,Off,0,0,Off,0.03577726071916177,0.02683294553937132,On,0.0,0,Off,0.0028705596673976605,0.0,On,0.008729853168931071,0,On,0.002937412385185223,0,On,0.05287901704154915,0.03965926278116185,On,0,0,Off,Off,0.0,22.222222222222285,0.0,0.0,0.0,0.0,0,0.0,1667.2815511111112,Off,0.0,0.0,30.685883427929678,51.666666666666686,46.10666666666668,0.0,50.2080585558261,0.0,0.0,0.0,30.685883427929678,49.40887158772915,50.2080585558261,49.00927810368068,12.43753247303448,23.05809094463797,0.0,2.2,-213.79807065185392,-480.7553189797047,-0.0,-12.971245416160162,231.49180023376087,0.0,2.0,0.01764853808649126,0.0,0.0004761746978528841,0.3372724661953369,131.99922844444444,48.43669351025008,0.1874286318339245,11.115211162631109,0.003208386617884994,56.161508031076686,1.2090698974208622
2025-01-01 02:21:00,0.10319410298222488,0.06649220832053317,0.0,0.0017199017163704146,0.001108203472008886,0.0,0.011600412836328733,0.0,0.09159369014589615,0.0,0.0,0.0,0.06649220832053317,0.0,1,0,0,Off,0,0,Off,0,0,Off,0.03577726071916177,0.02683294553937132,On,0.0,0,Off,0.0028705596673976605,0.0,On,0.008729853168931071,0,On,0.002937412385185223,0,On,0.05287901704154915,0.03965926278116185,On,0,0,Off,Off,0.0,22.222222222222285,0.0,0.0,0.0,0.0,0,0.0,1667.2815511111112,Off,0.0,0.0,30.699498833473807,51.666666666666686,46.10666666666668,0.0,50.20331909018002,0.0,0.0,0.0,30.699498833473807,49.40456508107333,50.20331909018002,49.00518807651999,12.43753247303448,23.042069268179358,0.0,2.2,-212.3905945111808,-480.15951757369703,-0.0,-12.226530960411182,231.49180023376087,0.0,2.0,0.017640216141915153,0.0,0.00044918124271975385,0.33661530201865014,131.99922844444444,48.50365378916655,0.18763318895586092,11.108359135356164,0.0032087779811328697,56.23132434323835,1.2091350134009202
2025-01-01 02:22:00,0.10319410298222488,0.06649220832053317,0.0,0.0017199017163704146,0.001108203472008886,0.0,0.011600412836328733,0.0,0.09159369014589615,0.0,0.0,0.0,0.06649220832053317,0.0,1,0,0,Off,0,0,Off,0,0,Off,0.03577726071916177,0.02683294553937132,On,0.0,0,Off,0.0028705596673976605,0.0,On,0.008729853168931071,0,On,0.002937412385185223,0,On,0.05287901704154915,0.03965926278116185,On,0,0,Off,Off,0.0,22.222222222222285,0.0,0.0,0.0,0.0,0,0.0,1667.2815511111112,Off,0.0,0.0,30.712843847098267,51.666666666666686,46.10666666666668,0.0,50.19857769759719,0.0,0.0,0.0,30.712843847098267,49.40025666360941,50.19857769759719,49.00109614661553,12.43753247303448,23.02627808111246,0.0,2.2,-210.95297692560214,-479.57257477614456,-0.0,-11.492923734916076,231.49180023376087,0.0,2.0,0.017632011953256452,0.0,0.0004225499524581762,0.3359670684148224,131.99922844444444,48.62072135169761,0.1878353958238047,11.1023823823245,0.003209169809795503,56.29994548094669,1.2091991950669936
2025-01-01 02:23:00,0.10319410298222488,0.06649220832053317,0.0,0.0017199017163704146,0.001108203472008886,0.0,0.011600412836328733,0.0,0.09159369014589615,0.0,0.0,0.0,0.06649220832053317,0.0,1,0,0,Off,0,0,Off,0,0,Off,0.03577726071916177,0.02683294553937132,On,0.0,0,Off,0.0028705596673976605,0.0,On,0.008729853168931071,0,On,0.002937412385185223,0,On,0.05287901704154915,0.03965926278116185,On,0,0,Off,Off,0.0,22.222222222222285,0.0,0.0,0.0,0.0,0,0.0,1667.2815511111112,Off,0.0,0.0,30.72592537279473,51.666666666666686,46.10666666666668,0.0,50.19383441827,0.0,0.0,0.0,30.72592537279473,49.39594637328464,50.19383441827,48.99700235079196,12.43753247303448,23.010711487538973,0.0,2.2,-209.6262831404355,-478.9942591811157,-0.0,-10.77013309144865,231.49180023376087,0.0,2.0,0.017623922539962554,0.0,0.0003962719546436305,0.3353275448185475,131.99922844444444,48.646308898368034,0.18803531003574328,11.095765250721593,0.003209562095798162,56.36740131226233,1.2092624661993823
2025-01-01 02:24:00,0.10319410298222488,0.06649220832053317,0.0,0.0017199017163704146,0.001108203472008886,0.0,0.011600412836328733,0.0,0.09159369014589615,0.0,0.0,0.0,0.06649220832053317,0.0,1,0,0,Off,0,0,Off,0,0,Off,0.03577726071916177,0.02683294553937132,On,0.0,0,Off,0.0028705596673976605,0.0,On,0.008729853168931071,0,On,0.002937412385185223,0,On,0.05287901704154915,0.03965926278116185,On,0,0,Off,Off,0.0,22.222222222222285,0.0,0.0,0.0,0.0,0,0.0,1667.2815511111112,Off,0.0,0.0,30.738756000265564,51.666666666666686,46.10666666666668,0.0,50.18908929136419,0.0,0.0,0.0,30.738756000265564,49.39163424707733,50.18908929136419,48.992906724933896,12.43753247303448,22.99535870370607,0.0,2.2,-208.30756586340559,-478.4241585132862,-0.0,-10.057642409578609,231.49180023376087,0.0,2.0,0.017615942376612386,0.0,0.0003703300637707856,0.33469630861511973,131.99922844444444,48.682434825698365,0.18823304530550006,11.089258719567916,0.0032099548312688416,56.433750199261446,1.2093248705523
2025-01-01 02:25:00,0.10319410298222488,0.06649220832053317,0.0,0.0017199017163704146,0.001108203472008886,0.0,0.011600412836328733,0.0,0.09159369014589615,0.0,0.0,0.0,0.06649220832053317,0.0,1,0,0,Off,0,0,Off,0,0,Off,0.03577726071916177,0.02683294553937132,On,0.0,0,Off,0.0028705596673976605,0.0,On,0.008729853168931071,0,On,0.002937412385185223,0,On,0.05287901704154915,0.03965926278116185,On,0,0,Off,Off,0.0,22.222222222222285,0.0,0.0,0.0,0.0,0,0.0,1667.2815511111112,Off,0.0,0.0,30.751343440148656,51.666666666666686,46.10666666666668,0.0,50.184342354173765,0.0,0.0,0.0,30.751343440148656,49.38732032019894,50.184342354173765,48.98880930321153,12.43753247303448,22.980213137535955,0.0,2.2,-206.9616446364569,-477.86201695353617,-0.0,-9.35513069489176,231.49180023376087,0.0,2.0,0.017608068111142728,0.0,0.0003447141070438182,0.3340731081281337,131.99922844444444,48.76370277821013,0.18842866821185023,11.083613876120634,0.0032103480087301737,56.49902650351146,1.209386434783053
2025-01-01 02:26:00,0.10319410298222488,0.06649220832053317,0.0,0.0017199017163704146,0.001108203472008886,0.0,0.011600412836328733,0.0,0.09159369014589615,0.0,0.0,0.0,0.06649220832053317,0.0,1,0,0,Off,0,0,Off,0,0,Off,0.03577726071916177,0.02683294553937132,On,0.0,0,Off,0.0028705596673976605,0.0,On,0.008729853168931071,0,On,0.002937412385185223,0,On,0.05287901704154915,0.03965926278116185,On,0,0,Off,Off,0.0,22.222222222222285,0.0,0.0,0.0,0.0,0,0.0,1667.2815511111112,Off,0.0,0.0,30.763693642001922,51.666666666666686,46.10666666666668,0.0,50.17959364284623,0.0,0.0,0.0,30.763693642001922,49.38300462677883,50.17959364284623,48.98471011874513,12.43753247303448,22.965269709674843,0.0,2.2,-205.70647246722987,-477.30763539239905,-0.0,-8.662347887452244,231.49180023376087,0.0,2.0,0.01760029717419369,0.0,0.000319416421905905,0.33345775295767377,131.99922844444444,48.771710578860564,0.18862222849650576,11.077318587518462,0.003210741620937609,56.563255996498505,1.2094471793847756
2025-01-01 02:27:00,0.10319410298222488,0.06649220832053317,0.0,0.0017199017163704146,0.001108203472008886,0.0,0.011600412836328733,0.0,0.09159369014589615,0.0,0.0,0.0,0.06649220832053317,0.0,1,0,0,Off,0,0,Off,0,0,Off,0.03577726071916177,0.02683294553937132,On,0.0,0,Off,0.0028705596673976605,0.0,On,0.008729853168931071,0,On,0.002937412385185223,0,On,0.05287901704154915,0.03965926278116185,On,0,0,Off,Off,0.0,22.222222222222285,0.0,0.0,0.0,0.0,0,0.0,1667.2815511111112,Off,0.0,0.0,30.775817323113507,51.666666666666686,46.10666666666668,0.0,50.17484319264434,0.0,0.0,0.0,30.775817323113507,49.37868720011135,50.17484319264434,48.98060920384486,12.43753247303448,22.950519242025212,0.0,2.2,-204.46563371423193,-476.7606632520714,-0.0,-7.978854712572606,231.49180023376087,0.0,2.0,0.01759262486100425,0.0,0.00029442235611735085,0.3328498829003288,131.99922844444444,48.78208401665125,0.18881382311337477,11.071123105056238,0.0032111356608214674,56.62648843175253,1.2095071416046843
2025-01-01 02:28:00,0.10319410298222488,0.06649220832053317,0.0,0.0017199017163704146,0.001108203472008886,0.0,0.011600412836328733,0.0,0.09159369014589615,0.0,0.0,0.0,0.06649220832053317,0.0,1,0,0,Off,0,0,Off,0,0,Off,0.03577726071916177,0.02683294553937132,On,0.0,0,Off,0.0028705596673976605,0.0,On,0.008729853168931071,0,On,0.002937412385185223,0,On,0.05287901704154915,0.03965926278116185,On,0,0,Off,Off,0.0,22.222222222222285,0.0,0.0,0.0,0.0,0,0.0,1667.2815511111112,Off,0.0,0.0,30.787721519044293,51.666666666666686,46.10666666666668,0.0,50.17009103723749,0.0,0.0,0.0,30.787721519044293,49.3743680719868,50.17009103723749,48.976506589361456,12.43753247303448,22.93595571935598,0.0,2.2,-203.2005413268886,-476.220867907294,-0.0,-7.304359365896456,231.49180023376087,0.0,2.0,0.01758504810744526,0.0,0.00026972255837466244,0.33224926692437795,131.99922844444444,48.832885712540985,0.1890035133748187,11.065777329340202,0.0032115301216484394,56.68875540883087,1.209566345786867
2025-01-01 02:29:00,0.10319410298222488,0.06649220832053317,0.0,0.0017199017163704146,0.001108203472008886,0.0,0.011600412836328733,0.0,0.09159369014589615,0.0,0.0,0.0,0.06649220832053317,0.0,1,0,0,Off,0,0,Off,0,0,Off,0.03577726071916177,0.02683294553937132,On,0.0,0,Off,0.0028705596673976605,0.0,On,0.008729853168931071,0,On,0.002937412385185223,0,On,0.05287901704154915,0.03965926278116185,On,0,0,Off,Off,0.0,22.222222222222285,0.0,0.0,0.0,0.0,0,0.0,1667.2815511111112,Off,0.0,0.0,30.799411388063625,51.666666666666686,46.10666666666668,0.0,50.16533720924895,0.0,0.0,0.0,30.799411388063625,49.37004727320808,50.16533720924895,48.97240230518765,12.43753247303448,22.921574739061565,0.0,2.2,-202.008801051098,-475.6880769842945,-0.0,-6.638645384614228,231.49180023376087,0.0,2.0,0.017577564685148088,0.0,0.00024531037105155173,0.3316557396753984,131.99922844444444,48.826121084049845,0.1891913424973167,11.059772463828784,0.0032119249968991983,56.75007930028505,1.2096248096992768
2025-01-01 02:30:00,0.10319410298222488,0.06649220832053317,0.0,0.0017199017163704146,0.001108203472008886,0.0,0.011600412836328733,0.0,0.09159369014589615,0.0,0.0,0.0,0.06649220832053317,0.0,1,0,0,Off,0,0,Off,0,0,Off,0.03577726071916177,0.02683294553937132,On,0.0,0,Off,0.0028705596673976605,0.0,On,0.008729853168931071,0,On,0.002937412385185223,0,On,0.05287901704154915,0.03965926278116185,On,0,0,Off,Off,0.0,22.222222222222285,0.0,0.0,0.0,0.0,0,0.0,1667.2815511111112,Off,0.0,0.0,30.810896043651816,51.666666666666686,46.10666666666668,0.0,50.16058174053491,0.0,0.0,0.0,30.810896043651816,49.36572483385419,50.16058174053491,48.96829638051383,12.43753247303448,22.90736849822246,0.0,1.1,-236.82989963356684,-512.7088998266972,-0.0,-5.807362664278762,231.49180023376087,0.0,2.0,0.01793321102387839,0.0,0.00020312629678538057,0.3374887805766762,131.99922844444444,50.19456262364831,0.18937739299536338,11.053857969640323,0.0032123202802061806,61.533644234018894,1.209682565013061
2025-01-01 02:31:00,0.10319410298222488,0.06649220832053317,0.0,0.0017199017163704146,0.001108203472008886,0.0,0.011600412836328733,0.0,0.09159369014589615,0.0,0.0,0.0,0.06649220832053317,0.0,1,0,0,Off,0,0,Off,0,0,Off,0.03577726071916177,0.02683294553937132,On,0.0,0,Off,0.0028705596673976605,0.0,On,0.008729853168931071,0,On,0.002937412385185223,0,On,0.05287901704154915,0.03965926278116185,On,0,0,Off,Off,0.0,22.222222222222285,0.0,0.0,0.0,0.0,0,0.0,1667.2815511111112,Off,0.0,0.0,30.823991510774135,51.666666666666686,46.10666666666668,0.0,50.155824661596576,0.0,0.0,0.0,30.823991510774135,49.36140078272509,50.155824661596576,48.96418884328936,12.43753247303448,22.891776160087183,0.0,1.1,-234.0500225876962,-512.1115418116402,-0.0,-5.107168973466737,231.49180023376087,0.0,2.0,0.017925133536815758,0.0,0.0001787631763201801,0.33688511177177033,131.99922844444444,51.6768879636498,0.1895815147898892,11.048034003568024,0.0032127488621815866,61.584017895705074,1.2097459657133451
2025-01-01 02:32:00,0.10319410298222488,0.06649220832053317,0.0,0.0017199017163704146,0.001108203472008886,0.0,0.011600412836328733,0.0,0.09159369014589615,0.0,0.0,0.0,0.06649220832053317,0.0,1,0,0,Off,0,0,Off,0,0,Off,0.03577726071916177,0.02683294553937132,On,0.0,0,Off,0.0028705596673976605,0.0,On,0.008729853168931071,0,On,0.002937412385185223,0,On,0.05287901704154915,0.03965926278116185,On,0,0,Off,Off,0.0,22.222222222222285,0.0,0.0,0.0,0.0,0,0.0,1667.2815511111112,Off,0.0,0.0,30.836783768992564,51.666666666666686,46.10666666666668,0.0,50.151065733016154,0.0,0.0,0.0,30.836783768992564,49.3570748937569,50.151065733016154,48.960079474127284,12.43753247303448,22.876442590540005,0.0,1.1,-232.46534008335126,-511.5243664547143,-0.0,-4.418982789870951,231.49180023376087,0.0,2.0,0.01791718824328666,0.0,0.00015478391975482043,0.33629104598597565,131.99922844444444,51.986208927473186,0.189782918392249,11.041591750475575,0.0032131777725300337,61.633264029373166,1.209808315310587
2025-01-01 02:33:00,0.10319410298222488,0.06649220832053317,0.0,0.0017199017163704146,0.001108203472008886,0.0,0.011600412836328733,0.0,0.09159369014589615,0.0,0.0,0.0,0.06649220832053317,0.0,1,0,0,Off,0,0,Off,0,0,Off,0.03577726071916177,0.02683294553937132,On,0.0,0,Off,0.0028705596673976605,0.0,On,0.008729853168931071,0,On,0.002937412385185223,0,On,0.05287901704154915,0.03965926278116185,On,0,0,Off,Off,0.0,22.222222222222285,0.0,0.0,0.0,0.0,0,0.0,1667.2815511111112,Off,0.0,0.0,30.849332487596264,51.666666666666686,46.10666666666668,0.0,50.14630499986269,0.0,0.0,0.0,30.849332487596264,49.35274720950244,50.14630499986269,48.95596831432233,12.43753247303448,22.86131654664498,0.0,1.1,-231.17063975420243,-510.9453993701799,-0.0,-3.7404869036163557,231.49180023376087,0.0,2.0,0.01790934867368899,0.0,0.00013110928143948036,0.3357046160243271,131.99922844444444,52.02344628583303,0.18998218309429413,11.035256673887108,0.0032136070037376155,61.681626496115015,1.2098698229256417
2025-01-01 02:34:00,0.10319410298222488,0.06649220832053317,0.0,0.0017199017163704146,0.001108203472008886,0.0,0.011600412836328733,0.0,0.09159369014589615,0.0,0.0,0.0,0.06649220832053317,0.0,1,0,0,Off,0,0,Off,0,0,Off,0.03577726071916177,0.02683294553937132,On,0.0,0,Off,0.0028705596673976605,0.0,On,0.008729853168931071,0,On,0.002937412385185223,0,On,0.05287901704154915,0.03965926278116185,On,0,0,Off,Off,0.0,22.222222222222285,0.0,0.0,0.0,0.0,0,0.0,1667.2815511111112,Off,0.0,0.0,30.861657150558422,51.666666666666686,46.10666666666668,0.0,50.141542498335944,0.0,0.0,0.0,30.861657150558422,49.348417764140464,50.141542498335944,48.95185539704273,12.43753247303448,22.846381316280574,0.0,1.1,-229.94461289492583,-510.37399068389766,-0.0,-3.0709170552498106,231.49180023376087,0.0,2.0,0.01790160623585012,0.0,0.0001077138508417587,0.33512518914983636,131.99922844444444,52.008494610460744,0.1901794931445756,11.02977010504845,0.00321403654991641,61.72918303670901,1.2099305566177052
2025-01-01 02:35:00,0.10319410298222488,0.06649220832053317,0.0,0.0017199017163704146,0.001108203472008886,0.0,0.011600412836328733,0.0,0.09159369014589615,0.0,0.0,0.0,0.06649220832053317,0.0,1,0,0,Off,0,0,Off,0,0,Off,0.03577726071916177,0.02683294553937132,On,0.0,0,Off,0.0028705596673976605,0.0,On,0.008729853168931071,0,On,0.002937412385185223,0,On,0.05287901704154915,0.03965926278116185,On,0,0,Off,Off,0.0,22.222222222222285,0.0,0.0,0.0,0.0,0,0.0,1667.2815511111112,Off,0.0,0.0,30.87376722956311,51.666666666666686,46.10666666666668,0.0,50.13677826173928,0.0,0.0,0.0,30.87376722956311,49.34408658911529,50.13677826173928,48.9477407528033,12.43753247303448,22.831628790112468,0.0,1.1,-228.7372465376491,-509.809820699768,-0.0,-2.4098961588326318,231.49180023376087,0.0,2.0,0.01789395679015497,0.0,8.458561601602974e-05,0.3345524648073014,131.99922844444444,51.99067008719075,0.19037493451540155,11.023627344231727,0.0032144664056972237,61.775970048238975,1.209990549307519
2025-01-01 02:36:00,0.10319410298222488,0.06649220832053317,0.0,0.0017199017163704146,0.001108203472008886,0.0,0.011600412836328733,0.0,0.09159369014589615,0.0,0.0,0.0,0.06649220832053317,0.0,1,0,0,Off,0,0,Off,0,0,Off,0.03577726071916177,0.02683294553937132,On,0.0,0,Off,0.0028705596673976605,0.0,On,0.008729853168931071,0,On,0.002937412385185223,0,On,0.05287901704154915,0.03965926278116185,On,0,0,Off,Off,0.0,22.222222222222285,0.0,0.0,0.0,0.0,0,0.0,1667.2815511111112,Off,0.0,0.0,30.885669783038892,51.666666666666686,46.10666666666668,0.0,50.132012321967856,0.0,0.0,0.0,30.885669783038892,49.339753714541985,50.132012321967856,48.94362441082905,12.43753247303448,22.817052931574445,0.0,1.1,-227.53691996749458,-509.2526495934389,-0.0,-1.7571408695471558,231.49180023376087,0.0,2.0,0.017886397267646858,0.0,6.171577049825877e-05,0.33398622201377587,131.99922844444444,51.981070261730714,0.19056856973742986,11.017575767881436,0.003214896565954004,61.82201405233397,1.21004982545718
2025-01-01 02:37:00,0.10319410298222488,0.06649220832053317,0.0,0.0017199017163704146,0.001108203472008886,0.0,0.011600412836328733,0.0,0.09159369014589615,0.0,0.0,0.0,0.06649220832053317,0.0,1,0,0,Off,0,0,Off,0,0,Off,0.03577726071916177,0.02683294553937132,On,0.0,0,Off,0.0028705596673976605,0.0,On,0.008729853168931071,0,On,0.002937412385185223,0,On,0.05287901704154915,0.03965926278116185,On,0,0,Off,Off,0.0,22.222222222222285,0.0,0.0,0.0,0.0,0,0.0,1667.2815511111112,Off,0.0,0.0,30.897371049334403,51.666666666666686,46.10666666666668,0.0,50.12724470986734,0.0,0.0,0.0,30.897371049334403,49.33541916954501,50.12724470986734,48.93950639938386,12.43753247303448,22.802648408005787,0.0,1.1,-226.31348161678343,-508.70226493480413,-0.0,-1.1124000631061615,231.49180023376087,0.0,2.0,0.017878924961135724,0.0,3.9096576968428946e-05,0.3334262664133153,131.99922844444444,52.00938314736605,0.19076045358266439,11.012361132365733,0.0032153270257379847,61.86733829157375,1.2101084066627683
2025-01-01 02:38:00,0.10319410298222488,0.06649220832053317,0.0,0.0017199017163704146,0.001108203472008886,0.0,0.011600412836328733,0.0,0.09159369014589615,0.0,0.0,0.0,0.06649220832053317,0.0,1,0,0,Off,0,0,Off,0,0,Off,0.03577726071916177,0.02683294553937132,On,0.0,0,Off,0.0028705596673976605,0.0,On,0.008729853168931071,0,On,0.002937412385185223,0,On,0.05287901704154915,0.03965926278116185,On,0,0,Off,Off,0.0,22.222222222222285,0.0,0.0,0.0,0.0,0,0.0,1667.2815511111112,Off,0.0,0.0,30.908875751254588,51.666666666666686,46.10666666666668,0.0,50.12247545535578,0.0,0.0,0.0,30.908875751254588,49.33108298237336,50.12247545535578,48.93538674588215,12.43753247303448,22.78841118851416,0.0,1.1,-225.1499695408107,-508.1585044487775,-0.0,-0.4754814765290471,231.49180023376087,0.0,2.0,0.01787153783590807,0.0,1.672231227789844e-05,0.33287245364427775,131.99922844444444,51.992216150734905,0.19095062608974445,11.006483831306042,0.0032157577802557997,61.91195979692105,1.210166309207885
2025-01-01 02:39:00,0.10319410298222488,0.06649220832053317,0.0,0.0017199017163704146,0.001108203472008886,0.0,0.011600412836328733,0.0,0.09159369014589615,0.0,0.0,0.0,0.06649220832053317,0.0,1,0,0,Off,0,0,Off,0,0,Off,0.03577726071916177,0.02683294553937132,On,0.0,0,Off,0.0028705596673976605,0.0,On,0.008729853168931071,0,On,0.002937412385185223,0,On,0.05287901704154915,0.03965926278116185,On,0,0,Off,Off,0.0,22.222222222222285,0.0,0.0,0.0,0.0,0,0.0,1667.2815511111112,Off,0.0,0.0,30.920191953776392,51.666666666666686,46.10666666666668,0.0,50.11770458764891,0.0,0.0,0.0,30.920191953776392,49.32674518061317,50.11770458764891,48.9312654770953,12.43753247303448,22.774334368857243,0.0,1.1,-224.16424521521375,-507.62109654200253,-0.0,-0.0,231.49180023376087,0.0,2.0,0.017864232363512686,0.0,0.0,0.33242533427249005,131.99922844444444,51.96505109302797,0.191139160862567,11.000689292323361,0.0032161888248280596,61.94328705759716,1.2102235611356391
2025-01-01 02:40:00,0.10319410298222488,0.06649220832053317,0.0,0.0017199017163704146,0.001108203472008886,0.0,0.011600412836328733,0.0,0.09159369014589615,0.0,0.0,0.0,0.06649220832053317,0.0,1,0,0,Off,0,0,Off,0,0,Off,0.03577726071916177,0.02683294553937132,On,0.0,0,Off,0.0028705596673976605,0.0,On,0.008729853168931071,0,On,0.002937412385185223,0,On,0.05287901704154915,0.03965926278116185,On,0,0,Off,Off,0.0,22.222222222222285,0.0,0.0,0.0,0.0,0,0.0,1667.2815511111112,Off,0.0,0.0,30.931332311745475,51.666666666666686,46.10666666666668,0.0,50.112932134763376,0.0,0.0,0.0,30.931332311745475,49.32240579071876,50.112932134763376,48.92714261869646,12.43753247303448,22.760407098806642,0.0,1.1,-223.62988242881173,-507.08961959860596,-0.0,-0.0,231.49180023376087,0.0,2.0,0.01785700296338187,0.0,0.0,0.332290806479402,131.99922844444444,51.96793693603333,0.19132617249746434,10.994971729726142,0.003216620067105842,61.935504778510364,1.2102802067051261
2025-01-01 02:41:00,0.10319410298222488,0.06649220832053317,0.0,0.0017199017163704146,0.001108203472008886,0.0,0.011600412836328733,0.0,0.09159369014589615,0.0,0.0,0.0,0.06649220832053317,0.0,1,0,0,Off,0,0,Off,0,0,Off,0.03577726071916177,0.02683294553937132,On,0.0,0,Off,0.0028705596673976605,0.0,On,0.008729853168931071,0,On,0.002937412385185223,0,On,0.05287901704154915,0.03965926278116185,On,0,0,Off,Off,0.0,22.222222222222285,0.0,0.0,0.0,0.0,0,0.0,1667.2815511111112,Off,0.0,0.0,30.942320566587266,51.666666666666686,46.10666666666668,0.0,50.10815812283457,0.0,0.0,0.0,30.942320566587266,49.318064837368446,50.10815812283457,48.92301819463539,12.43753247303448,22.7466089974455,0.0,1.1,-223.13151693228113,-506.56328929204244,-0.0,-0.0,231.49180023376087,0.0,2.0,0.017849839100921725,0.0,0.0,0.3321574982395327,131.99922844444444,51.939972126000406,0.19151187621556154,10.989320085911181,0.003217051235023072,61.92759379710739,1.2103363293094884
2025-01-01 02:42:00,0.10319410298222488,0.06649220832053317,0.0,0.0017199017163704146,0.001108203472008886,0.0,0.011600412836328733,0.0,0.09159369014589615,0.0,0.0,0.0,0.06649220832053317,0.0,1,0,0,Off,0,0,Off,0,0,Off,0.03577726071916177,0.02683294553937132,On,0.0,0,Off,0.0028705596673976605,0.0,On,0.008729853168931071,0,On,0.002937412385185223,0,On,0.05287901704154915,0.03965926278116185,On,0,0,Off,Off,0.0,22.222222222222285,0.0,0.0,0.0,0.0,0,0.0,1667.2815511111112,Off,0.0,0.0,30.953162406813945,51.666666666666686,46.10666666666668,0.0,50.10338257446884,0.0,0.0,0.0,30.953162406813945,49.31372234190862,50.10338257446884,48.91889222562852,12.43753247303448,22.732935196880995,0.0,1.1,-222.65226452554057,-506.0419140184253,-0.0,-0.0,231.49180023376087,0.0,2.0,0.017842738289037284,0.0,0.0,0.33202536327194726,131.99922844444444,51.89784925912377,0.19169632394297864,10.984477989893243,0.0032174823278770504,61.919559682648,1.2103919487160493
2025-01-01 02:43:00,0.10319410298222488,0.06649220832053317,0.0,0.0017199017163704146,0.001108203472008886,0.0,0.011600412836328733,0.0,0.09159369014589615,0.0,0.0,0.0,0.06649220832053317,0.0,1,0,0,Off,0,0,Off,0,0,Off,0.03577726071916177,0.02683294553937132,On,0.0,0,Off,0.0028705596673976605,0.0,On,0.008729853168931071,0,On,0.002937412385185223,0,On,0.05287901704154915,0.03965926278116185,On,0,0,Off,Off,0.0,22.222222222222285,0.0,0.0,0.0,0.0,0,0.0,1667.2815511111112,Off,0.0,0.0,30.963862552614604,51.666666666666686,46.10666666666668,0.0,50.098605511426754,0.0,0.0,0.0,30.963862552614604,49.309378324887355,50.098605511426754,48.91476473161766,12.43753247303448,22.719381660642963,0.0,1.1,-222.1502805124659,-505.5253342106568,-0.0,-0.0,231.49180023376087,0.0,2.0,0.017835698470106805,0.0,0.0,0.3318943632875336,131.99922844444444,51.88325346443006,0.19187955819903935,10.978950598751428,0.0032179133449968065,61.911407013256095,1.2104470812992512
2025-01-01 02:44:00,0.10319410298222488,0.06649220832053317,0.0,0.0017199017163704146,0.001108203472008886,0.0,0.011600412836328733,0.0,0.09159369014589615,0.0,0.0,0.0,0.06649220832053317,0.0,1,0,0,Off,0,0,Off,0,0,Off,0.03577726071916177,0.02683294553937132,On,0.0,0,Off,0.0028705596673976605,0.0,On,0.008729853168931071,0,On,0.002937412385185223,0,On,0.05287901704154915,0.03965926278116185,On,0,0,Off,Off,0.0,22.222222222222285,0.0,0.0,0.0,0.0,0,0.0,1667.2815511111112,Off,0.0,0.0,30.974423785928842,51.666666666666686,46.10666666666668,0.0,50.09382695476703,0.0,0.0,0.0,30.974423785928842,49.30503280619027,50.09382695476703,48.91063573190189,12.43753247303448,22.70594601767889,0.0,1.1,-221.67434801067955,-505.01345403607394,-0.0,-0.0,231.49180023376087,0.0,2.0,0.01782871844978343,0.0,0.0,0.33176447606137066,131.99922844444444,51.84730579163349,0.1920616023234933,10.973483303637408,0.003218344285737404,61.90313835950728,1.2105017366266424
2025-01-01 02:45:00,0.10319410298222488,0.06649220832053317,0.0,0.0017199017163704146,0.001108203472008886,0.0,0.011600412836328733,0.0,0.09159369014589615,0.0,0.0,0.0,0.06649220832053317,0.0,1,0,0,Off,0,0,Off,0,0,Off,0.03577726071916177,0.02683294553937132,On,0.0,0,Off,0.0028705596673976605,0.0,On,0.008729853168931071,0,On,0.002937412385185223,0,On,0.05287901704154915,0.03965926278116185,On,0,0,Off,Off,0.0,22.222222222222285,0.0,0.0,0.0,0.0,0,0.0,1667.2815511111112,Off,0.0,0.0,30.984850889557574,51.666666666666686,46.10666666666668,0.0,50.08904692513466,0.0,0.0,0.0,30.984850889557574,49.30068580531257,50.08904692513466,48.906505245401526,12.43753247303448,22.692624176684692,0.0,1.1,-221.2209812214683,-504.50611235265865,-0.0,-0.0,231.49180023376087,0.0,2.0,0.0178217961384637,0.0,0.0,0.3316356627092168,131.99922844444444,51.793330897429456,0.1922424998624109,10.968073988592565,0.0032187751494683896,61.89475839117757,1.210555931309492
2025-01-01 02:46:00,0.10319410298222488,0.06649220832053317,0.0,0.0017199017163704146,0.001108203472008886,0.0,0.011600412836328733,0.0,0.09159369014589615,0.0,0.0,0.0,0.06649220832053317,0.0,1,0,0,Off,0,0,Off,0,0,Off,0.03577726071916177,0.02683294553937132,On,0.0,0,Off,0.0028705596673976605,0.0,On,0.008729853168931071,0,On,0.002937412385185223,0,On,0.05287901704154915,0.03965926278116185,On,0,0,Off,Off,0.0,22.222222222222285,0.0,0.0,0.0,0.0,0,0.0,1667.2815511111112,Off,0.0,0.0,30.99514828058789,51.666666666666686,46.10666666666668,0.0,50.08426544246349,0.0,0.0,0.0,30.99514828058789,49.29633734107823,50.08426544246349,48.902373290385604,12.43753247303448,22.679412360051085,0.0,1.1,-220.76277990919212,-504.0031602490329,-0.0,-0.0,231.49180023376087,0.0,2.0,0.01781492960760706,0.0,0.0,0.33150788734395825,131.99922844444444,51.748580106079956,0.1924222909223398,10.962720700205168,0.0032192059355858945,61.8862714112347,1.2106096806824085
2025-01-01 02:47:00,0.10319410298222488,0.06649220832053317,0.0,0.0017199017163704146,0.001108203472008886,0.0,0.011600412836328733,0.0,0.09159369014589615,0.0,0.0,0.0,0.06649220832053317,0.0,1,0,0,Off,0,0,Off,0,0,Off,0.03577726071916177,0.02683294553937132,On,0.0,0,Off,0.0028705596673976605,0.0,On,0.008729853168931071,0,On,0.002937412385185223,0,On,0.05287901704154915,0.03965926278116185,On,0,0,Off,Off,0.0,22.222222222222285,0.0,0.0,0.0,0.0,0,0.0,1667.2815511111112,Off,0.0,0.0,31.00531903606192,51.666666666666686,46.10666666666668,0.0,50.0794825260306,0.0,0.0,0.0,31.00531903606192,49.29198743169133,50.0794825260306,48.8982398845217,12.43753247303448,22.666307941389007,0.0,1.1,-220.29398237461848,-503.5044928804496,-0.0,-0.0,231.49180023376087,0.0,2.0,0.01780811752534621,0.0,0.0,0.33138112518163443,131.99922844444444,51.71871027207028,0.19260100235916633,10.957422082864657,0.003219636643510534,61.87768033504348,1.2106629953749803
2025-01-01 02:48:00,0.10319410298222488,0.06649220832053317,0.0,0.0017199017163704146,0.001108203472008886,0.0,0.011600412836328733,0.0,0.09159369014589615,0.0,0.0,0.0,0.06649220832053317,0.0,1,0,0,Off,0,0,Off,0,0,Off,0.03577726071916177,0.02683294553937132,On,0.0,0,Off,0.0028705596673976605,0.0,On,0.008729853168931071,0,On,0.002937412385185223,0,On,0.05287901704154915,0.03965926278116185,On,0,0,Off,Off,0.0,22.222222222222285,0.0,0.0,0.0,0.0,0,0.0,1667.2815511111112,Off,0.0,0.0,31.01536593847621,51.666666666666686,46.10666666666668,0.0,50.07469819465551,0.0,0.0,0.0,31.01536593847621,49.28763609492411,50.07469819465551,48.89410504505842,12.43753247303448,22.653308546818405,0.0,1.1,-219.8463067703864,-503.0100152001065,-0.0,-0.0,231.49180023376087,0.0,2.0,0.017801358689792858,0.0,0.0,0.33125535385698995,131.99922844444444,51.671908195959276,0.1927786582213647,10.9521769118907,0.0032200672726794225,61.86898777992752,1.2107158849880117
2025-01-01 02:49:00,0.10319410298222488,0.06649220832053317,0.0,0.0017199017163704146,0.001108203472008886,0.0,0.011600412836328733,0.0,0.09159369014589615,0.0,0.0,0.0,0.06649220832053317,0.0,1,0,0,Off,0,0,Off,0,0,Off,0.03577726071916177,0.02683294553937132,On,0.0,0,Off,0.0028705596673976605,0.0,On,0.008729853168931071,0,On,0.002937412385185223,0,On,0.05287901704154915,0.03965926278116185,On,0,0,Off,Off,0.0,22.222222222222285,0.0,0.0,0.0,0.0,0,0.0,1667.2815511111112,Off,0.0,0.0,31.025293031423953,51.666666666666686,46.10666666666668,0.0,50.069912466743894,0.0,0.0,0.0,31.025293031423953,49.283283348158314,50.069912466743894,48.889968788865524,12.43753247303448,22.640410718371626,0.0,1.1,-219.42284383286372,-502.5195911249216,-0.0,-0.0,231.49180023376087,0.0,2.0,0.01779465133403728,0.0,0.0,0.33113054049060725,131.99922844444444,51.60494705829694,0.19295529538747705,10.94698339894098,0.003220497822544463,61.86019769334505,1.2107683635641295
2025-01-01 02:50:00,0.10319410298222488,0.06649220832053317,0.0,0.0017199017163704146,0.001108203472008886,0.0,0.011600412836328733,0.0,0.09159369014589615,0.0,0.0,0.0,0.06649220832053317,0.0,1,0,0,Off,0,0,Off,0,0,Off,0.03577726071916177,0.02683294553937132,On,0.0,0,Off,0.0028705596673976605,0.0,On,0.008729853168931071,0,On,0.002937412385185223,0,On,0.05287901704154915,0.03965926278116185,On,0,0,Off,Off,0.0,22.222222222222285,0.0,0.0,0.0,0.0,0,0.0,1667.2815511111112,Off,0.0,0.0,31.03510429099235,51.666666666666686,46.10666666666668,0.0,50.06512536010022,0.0,0.0,0.0,31.03510429099235,49.27892920820818,50.06512536010022,48.88583113226217,12.43753247303448,22.627611055451712,0.0,1.1,-218.9939994092932,-502.0330869893807,-0.0,-0.0,231.49180023376087,0.0,2.0,0.01778799371938908,0.0,0.0,0.33100665272818625,131.99922844444444,51.547287346326684,0.19313095024672142,10.941839785108954,0.003220928292580025,61.85131396505935,1.2108204449168583
2025-01-01 02:51:00,0.10319410298222488,0.06649220832053317,0.0,0.0017199017163704146,0.001108203472008886,0.0,0.011600412836328733,0.0,0.09159369014589615,0.0,0.0,0.0,0.06649220832053317,0.0,1,0,0,Off,0,0,Off,0,0,Off,0.03577726071916177,0.02683294553937132,On,0.0,0,Off,0.0028705596673976605,0.0,On,0.008729853168931071,0,On,0.002937412385185223,0,On,0.05287901704154915,0.03965926278116185,On,0,0,Off,Off,0.0,22.222222222222285,0.0,0.0,0.0,0.0,0,0.0,1667.2815511111112,Off,0.0,0.0,31.04480228482317,51.666666666666686,46.10666666666668,0.0,50.060336891937744,0.0,0.0,0.0,31.04480228482317,49.27457369132998,50.060336891937744,48.88169209102609,12.43753247303448,22.614907367491508,0.0,1.1,-218.55619393212416,-501.55041532408273,-0.0,-0.0,231.49180023376087,0.0,2.0,0.017781384735149532,0.0,0.0,0.33088366990136625,131.99922844444444,51.50242115819769,0.19330564516620305,10.937487046759871,0.0032213586822826203,61.84233901953631,1.2108721379113958
2025-01-01 02:52:00,0.10319410298222488,0.06649220832053317,0.0,0.0017199017163704146,0.001108203472008886,0.0,0.011600412836328733,0.0,0.09159369014589615,0.0,0.0,0.0,0.06649220832053317,0.0,1,0,0,Off,0,0,Off,0,0,Off,0.03577726071916177,0.02683294553937132,On,0.0,0,Off,0.0028705596673976605,0.0,On,0.008729853168931071,0,On,0.002937412385185223,0,On,0.05287901704154915,0.03965926278116185,On,0,0,Off,Off,0.0,22.222222222222285,0.0,0.0,0.0,0.0,0,0.0,1667.2815511111112,Off,0.0,0.0,31.054389393178386,51.666666666666686,46.10666666666668,0.0,50.05554707908791,0.0,0.0,0.0,31.054389393178386,49.27021681341958,50.05554707908791,48.87755168058541,12.43753247303448,22.602297624601192,0.0,1.1,-218.13098160735578,-501.0714949181219,-0.0,-0.0,231.49180023376087,0.0,2.0,0.017774823353167473,0.0,0.0,0.3307615728778675,131.99922844444444,51.44871307700532,0.19347940074471662,10.932439489922459,0.003221788991162467,61.833275092791055,1.2109234507588789
2025-01-01 02:53:00,0.10319410298222488,0.06649220832053317,0.0,0.0017199017163704146,0.001108203472008886,0.0,0.011600412836328733,0.0,0.09159369014589615,0.0,0.0,0.0,0.06649220832053317,0.0,1,0,0,Off,0,0,Off,0,0,Off,0.03577726071916177,0.02683294553937132,On,0.0,0,Off,0.0028705596673976605,0.0,On,0.008729853168931071,0,On,0.002937412385185223,0,On,0.05287901704154915,0.03965926278116185,On,0,0,Off,Off,0.0,22.222222222222285,0.0,0.0,0.0,0.0,0,0.0,1667.2815511111112,Off,0.0,0.0,31.06386885025412,51.666666666666686,46.10666666666668,0.0,50.05075593802814,0.0,0.0,0.0,31.06386885025412,49.26585859003884,50.05075593802814,48.873409916044196,12.43753247303448,22.589779062507947,0.0,1.1,-217.73304602568297,-500.5962168299926,-0.0,-0.0,231.49180023376087,0.0,2.0,0.01776830816206165,0.0,0.0,0.33064033539409926,131.99922844444444,51.37137057054886,0.19365224632700656,10.927438228510837,0.0032222192187424084,61.824125326155965,1.2109743946810776
2025-01-01 02:54:00,0.10319410298222488,0.06649220832053317,0.0,0.0017199017163704146,0.001108203472008886,0.0,0.011600412836328733,0.0,0.09159369014589615,0.0,0.0,0.0,0.06649220832053317,0.0,1,0,0,Off,0,0,Off,0,0,Off,0.03577726071916177,0.02683294553937132,On,0.0,0,Off,0.0028705596673976605,0.0,On,0.008729853168931071,0,On,0.002937412385185223,0,On,0.05287901704154915,0.03965926278116185,On,0,0,Off,Off,0.0,22.222222222222285,0.0,0.0,0.0,0.0,0,0.0,1667.2815511111112,Off,0.0,0.0,31.07324434540579,51.666666666666686,46.10666666666668,0.0,50.04596348475495,0.0,0.0,0.0,31.07324434540579,49.261499036295724,50.04596348475495,48.869266812066115,12.43753247303448,22.57734852542865,0.0,1.1,-217.32978912295798,-500.1244574477122,-0.0,-0.0,231.49180023376087,0.0,2.0,0.01776183754536588,0.0,0.0,0.3305199273701624,131.99922844444444,51.30286809099336,0.19382421600959604,10.92248162954337,0.003222649364563142,61.81489334984839,1.2110249825075154
2025-01-01 02:55:00,0.10319410298222488,0.06649220832053317,0.0,0.0017199017163704146,0.001108203472008886,0.0,0.011600412836328733,0.0,0.09159369014589615,0.0,0.0,0.0,0.06649220832053317,0.0,1,0,0,Off,0,0,Off,0,0,Off,0.03577726071916177,0.02683294553937132,On,0.0,0,Off,0.0028705596673976605,0.0,On,0.008729853168931071,0,On,0.002937412385185223,0,On,0.05287901704154915,0.03965926278116185,On,0,0,Off,Off,0.0,22.222222222222285,0.0,0.0,0.0,0.0,0,0.0,1667.2815511111112,Off,0.0,0.0,31.082518046082654,51.666666666666686,46.10666666666668,0.0,50.04116973471632,0.0,0.0,0.0,31.082518046082654,49.25713816678041,50.04116973471632,48.86512238281246,12.43753247303448,22.565004165031148,0.0,1.1,-216.918726907207,-499.65614295607935,-0.0,-0.0,231.49180023376087,0.0,2.0,0.01775541056598573,0.0,0.0,0.3304003313681997,131.99922844444444,51.24561581511143,0.19399532864472058,10.917568739451031,0.0032230794281860485,61.805581203886746,1.2110752217181149
2025-01-01 02:56:00,0.10319410298222488,0.06649220832053317,0.0,0.0017199017163704146,0.001108203472008886,0.0,0.011600412836328733,0.0,0.09159369014589615,0.0,0.0,0.0,0.06649220832053317,0.0,1,0,0,Off,0,0,Off,0,0,Off,0.03577726071916177,0.02683294553937132,On,0.0,0,Off,0.0028705596673976605,0.0,On,0.008729853168931071,0,On,0.002937412385185223,0,On,0.05287901704154915,0.03965926278116185,On,0,0,Off,Off,0.0,22.222222222222285,0.0,0.0,0.0,0.0,0,0.0,1667.2815511111112,Off,0.0,0.0,31.09169198944737,51.666666666666686,46.10666666666668,0.0,50.03637470303787,0.0,0.0,0.0,31.09169198944737,49.2527759957789,50.03637470303787,48.86097664214942,12.43753247303448,22.552744244745988,0.0,1.1,-216.5128894638971,-499.19120390594173,-0.0,-0.0,231.49180023376087,0.0,2.0,0.017749026344157894,0.0,0.0,0.3302815310171965,131.99922844444444,51.18651420828368,0.19416560186450155,10.912698662570298,0.003223509409184028,61.79619079789666,1.211125119338162
2025-01-01 02:57:00,0.10319410298222488,0.06649220832053317,0.0,0.0017199017163704146,0.001108203472008886,0.0,0.011600412836328733,0.0,0.09159369014589615,0.0,0.0,0.0,0.06649220832053317,0.0,1,0,0,Off,0,0,Off,0,0,Off,0.03577726071916177,0.02683294553937132,On,0.0,0,Off,0.0028705596673976605,0.0,On,0.008729853168931071,0,On,0.002937412385185223,0,On,0.05287901704154915,0.03965926278116185,On,0,0,Off,Off,0.0,22.222222222222285,0.0,0.0,0.0,0.0,0,0.0,1667.2815511111112,Off,0.0,0.0,31.10076872542139,51.666666666666686,46.10666666666668,0.0,50.031578404542266,0.0,0.0,0.0,31.10076872542139,49.248412537291294,50.031578404542266,48.856829603665815,12.43753247303448,22.54056658688652,0.0,1.1,-216.136815341801,-498.7295542491159,-0.0,-0.0,231.49180023376087,0.0,2.0,0.017742683769528103,0.0,0.0,0.330163505655202,131.99922844444444,51.100938673554026,0.19433505860022507,10.90787027367583,0.003223939307140754,61.7867245887723,1.211174684202721
2025-01-01 02:58:00,0.10319410298222488,0.06649220832053317,0.0,0.0017199017163704146,0.001108203472008886,0.0,0.011600412836328733,0.0,0.09159369014589615,0.0,0.0,0.0,0.06649220832053317,0.0,1,0,0,Off,0,0,Off,0,0,Off,0.03577726071916177,0.02683294553937132,On,0.0,0,Off,0.0028705596673976605,0.0,On,0.008729853168931071,0,On,0.002937412385185223,0,On,0.05287901704154915,0.03965926278116185,On,0,0,Off,Off,0.0,22.222222222222285,0.0,0.0,0.0,0.0,0,0.0,1667.2815511111112,Off,0.0,0.0,31.109751702701185,51.666666666666686,46.10666666666668,0.0,50.02678085367295,0.0,0.0,0.0,31.109751702701185,49.24404780495984,50.02678085367295,48.85268128060329,12.43753247303448,22.52846824102316,0.0,1.1,-215.7555925374127,-498.27107880233945,-0.0,-0.0,231.49180023376087,0.0,2.0,0.017736381328176155,0.0,0.0,0.33004622711053677,131.99922844444444,51.023686031165866,0.19450373102523028,10.903082045472384,0.0032243691216538362,61.7771859896495,1.2112239283158077
2025-01-01 02:59:00,0.10319410298222488,0.06649220832053317,0.0,0.0017199017163704146,0.001108203472008886,0.0,0.011600412836328733,0.0,0.09159369014589615,0.0,0.0,0.0,0.06649220832053317,0.0,1,0,0,Off,0,0,Off,0,0,Off,0.03577726071916177,0.02683294553937132,On,0.0,0,Off,0.0028705596673976605,0.0,On,0.008729853168931071,0,On,0.002937412385185223,0,On,0.05287901704154915,0.03965926278116185,On,0,0,Off,Off,0.0,22.222222222222285,0.0,0.0,0.0,0.0,0,0.0,1667.2815511111112,Off,0.0,0.0,31.118642761399375,51.666666666666686,46.10666666666668,0.0,50.02198206436065,0.0,0.0,0.0,31.118642761399375,49.23968181194279,50.02198206436065,48.84853168573386,12.43753247303448,22.51644763877147,0.0,1.1,-215.36769373297207,-497.81571491113414,-0.0,-0.0,231.49180023376087,0.0,2.0,0.017730118225070493,0.0,0.0,0.329929680588911,131.99922844444444,50.95622094440117,0.19467163511201283,10.89833316905085,0.0032247988523403485,61.767576726064355,1.2112728580239847
2025-01-01 03:00:00,0.1020974307337674,0.06578607817476023,0.0,0.00170162384556279,0.0010964346362460039,0.0,0.011445247448901831,0.0,0.09065218328486556,0.0,0.0,0.0,0.06578607817476023,0.0,1,0,0,Off,0,0,Off,0,0,Off,0.03483575385813119,0.026126815393598384,On,0.0,0,Off,0.0027153942799707604,0.0,On,0.008729853168931071,0,On,0.002937412385185223,0,On,0.05287901704154915,0.03965926278116185,On,0,0,Off,Off,0.0,22.222222222222285,0.0,0.0,0.0,0.0,0,0.0,1667.2815511111112,Off,0.0,0.0,31.12744365949063,51.666666666666686,46.10666666666668,0.0,50.0171820502624,0.0,0.0,0.0,31.12744365949063,49.23531457114013,50.0171820502624,48.844380831579,12.43753247303448,22.50450328208675,0.0,1.1,-216.07537018474636,-497.3634026899822,-0.0,-0.0,230.39512798530342,0.0,2.0,0.01772389370111838,0.0,0.0,0.3298138519647998,131.99922844444444,50.89290451993238,0.19483878608144234,10.893622871909685,0.003225228498827097,61.7578984426259,1.2113214793881912
2025-01-01 03:01:00,0.1020974307337674,0.06578607817476023,0.0,0.00170162384556279,0.0010964346362460039,0.0,0.011445247448901831,0.0,0.09065218328486556,0.0,0.0,0.0,0.06578607817476023,0.0,1,0,0,Off,0,0,Off,0,0,Off,0.03483575385813119,0.026126815393598384,On,0.0,0,Off,0.0027153942799707604,0.0,On,0.008729853168931071,0,On,0.002937412385185223,0,On,0.05287901704154915,0.03965926278116185,On,0,0,Off,Off,0.0,22.222222222222285,0.0,0.0,0.0,0.0,0,0.0,1667.2815511111112,Off,0.0,0.0,31.136202436902288,51.666666666666686,46.10666666666668,0.0,50.01238082477377,0.0,0.0,0.0,31.136202436902288,49.23094609520516,50.01238082477377,48.84022873042086,12.43753247303448,22.492593893465347,0.0,1.1,-215.71541625453017,-496.91257678549584,-0.0,-0.0,230.39512798530342,0.0,2.0,0.01771768626070111,0.0,0.0,0.329698341238467,131.99922844444444,50.80203254566225,0.19500567061574467,10.888929692250926,0.0032256580607501564,61.748201733055524,1.2113699614646811
2025-01-01 03:02:00,0.1020974307337674,0.06578607817476023,0.0,0.00170162384556279,0.0010964346362460039,0.0,0.011445247448901831,0.0,0.09065218328486556,0.0,0.0,0.0,0.06578607817476023,0.0,1,0,0,Off,0,0,Off,0,0,Off,0.03483575385813119,0.026126815393598384,On,0.0,0,Off,0.0027153942799707604,0.0,On,0.008729853168931071,0,On,0.002937412385185223,0,On,0.05287901704154915,0.03965926278116185,On,0,0,Off,Off,0.0,22.222222222222285,0.0,0.0,0.0,0.0,0,0.0,1667.2815511111112,Off,0.0,0.0,31.14487498618532,51.666666666666686,46.10666666666668,0.0,50.00757839414992,0.0,0.0,0.0,31.14487498618532,49.22657639004916,50.00757839414992,48.83607538799879,12.43753247303448,22.480757389064735,0.0,1.1,-215.3502574844191,-496.4646703349249,-0.0,-0.0,230.39512798530342,0.0,2.0,0.01771151568122294,0.0,0.0,0.3295835164363739,131.99922844444444,50.7192848652024,0.19517183794238951,10.884273354465627,0.0032260875380375384,61.73843981725349,1.2114181488488722
2025-01-01 03:03:00,0.1020974307337674,0.06578607817476023,0.0,0.00170162384556279,0.0010964346362460039,0.0,0.011445247448901831,0.0,0.09065218328486556,0.0,0.0,0.0,0.06578607817476023,0.0,1,0,0,Off,0,0,Off,0,0,Off,0.03483575385813119,0.026126815393598384,On,0.0,0,Off,0.0027153942799707604,0.0,On,0.008729853168931071,0,On,0.002937412385185223,0,On,0.05287901704154915,0.03965926278116185,On,0,0,Off,Off,0.0,22.222222222222285,0.0,0.0,0.0,0.0,0,0.0,1667.2815511111112,Off,0.0,0.0,31.153462926555804,51.666666666666686,46.10666666666668,0.0,50.00277477120168,0.0,0.0,0.0,31.153462926555804,49.222205467773534,50.00277477120168,48.83192081605946,12.43753247303448,22.46899238924671,0.0,1.1,-214.9822200282468,-496.01962823456086,-0.0,-0.0,230.39512798530342,0.0,2.0,0.017705381263259067,0.0,0.0,0.3294693645433223,131.99922844444444,50.642280221010694,0.19533730211279007,10.879653147116066,0.003226516930346962,61.72861421051304,1.2114660471238226
2025-01-01 03:04:00,0.1020974307337674,0.06578607817476023,0.0,0.00170162384556279,0.0010964346362460039,0.0,0.011445247448901831,0.0,0.09065218328486556,0.0,0.0,0.0,0.06578607817476023,0.0,1,0,0,Off,0,0,Off,0,0,Off,0.03483575385813119,0.026126815393598384,On,0.0,0,Off,0.0027153942799707604,0.0,On,0.008729853168931071,0,On,0.002937412385185223,0,On,0.05287901704154915,0.03965926278116185,On,0,0,Off,Off,0.0,22.222222222222285,0.0,0.0,0.0,0.0,0,0.0,1667.2815511111112,Off,0.0,0.0,31.161967954557934,51.666666666666686,46.10666666666668,0.0,49.99796996849908,0.0,0.0,0.0,31.161967954557934,49.21783334025241,49.99796996849908,48.827765026129086,12.43753247303448,22.45729744777468,0.0,1.1,-214.61857015867167,-495.57739295357516,-0.0,-0.0,230.39512798530342,0.0,2.0,0.017699282272030922,0.0,0.0,0.3293558718862361,131.99922844444444,50.56369480960003,0.19550207803972788,10.87506832396785,0.003226946237344684,61.71872651511123,1.211513662147738
2025-01-01 03:05:00,0.1020974307337674,0.06578607817476023,0.0,0.00170162384556279,0.0010964346362460039,0.0,0.011445247448901831,0.0,0.09065218328486556,0.0,0.0,0.0,0.06578607817476023,0.0,1,0,0,Off,0,0,Off,0,0,Off,0.03483575385813119,0.026126815393598384,On,0.0,0,Off,0.0027153942799707604,0.0,On,0.008729853168931071,0,On,0.002937412385185223,0,On,0.05287901704154915,0.03965926278116185,On,0,0,Off,Off,0.0,22.222222222222285,0.0,0.0,0.0,0.0,0,0.0,1667.2815511111112,Off,0.0,0.0,31.170392030836304,51.666666666666686,46.10666666666668,0.0,49.99316399835981,0.0,0.0,0.0,31.170392030836304,49.21346001912187,49.99316399835981,48.82360802950291,12.43753247303448,22.445670891175862,0.0,1.1,-214.24582229504648,-495.1378984661889,-0.0,-0.0,230.39512798530342,0.0,2.0,0.017693217853585352,0.0,0.0,0.3292430225743869,131.99922844444444,50.496948185839,0.195666183411156,10.869781757788598,0.0032273754587060083,61.70877861882887,1.2115610007124606
2025-01-01 03:06:00,0.1020974307337674,0.06578607817476023,0.0,0.00170162384556279,0.0010964346362460039,0.0,0.011445247448901831,0.0,0.09065218328486556,0.0,0.0,0.0,0.06578607817476023,0.0,1,0,0,Off,0,0,Off,0,0,Off,0.03483575385813119,0.026126815393598384,On,0.0,0,Off,0.0027153942799707604,0.0,On,0.008729853168931071,0,On,0.002937412385185223,0,On,0.05287901704154915,0.03965926278116185,On,0,0,Off,Off,0.0,22.222222222222285,0.0,0.0,0.0,0.0,0,0.0,1667.2815511111112,Off,0.0,0.0,31.17873651091163,51.666666666666686,46.10666666666668,0.0,49.988356872810016,0.0,0.0,0.0,31.17873651091163,49.2090855157428,49.988356872810016,48.8194498372092,12.43753247303448,22.434111565651456,0.0,1.1,-213.90590611765947,-494.7010984846478,-0.0,-0.0,230.39512798530342,0.0,2.0,0.01768718742438888,0.0,0.0,0.3291308057491323,131.99922844444444,50.40006438168497,0.19582962980993535,10.865265780573434,0.0032278045941169387,61.6987717734213,1.211608067482196
2025-01-01 03:07:00,0.1020974307337674,0.06578607817476023,0.0,0.00170162384556279,0.0010964346362460039,0.0,0.011445247448901831,0.0,0.09065218328486556,0.0,0.0,0.0,0.06578607817476023,0.0,1,0,0,Off,0,0,Off,0,0,Off,0.03483575385813119,0.026126815393598384,On,0.0,0,Off,0.0027153942799707604,0.0,On,0.008729853168931071,0,On,0.002937412385185223,0,On,0.05287901704154915,0.03965926278116185,On,0,0,Off,Off,0.0,22.222222222222285,0.0,0.0,0.0,0.0,0,0.0,1667.2815511111112,Off,0.0,0.0,31.18700443388766,51.666666666666686,46.10666666666668,0.0,49.9835486036742,0.0,0.0,0.0,31.18700443388766,49.20470984128586,49.9835486036742,48.815290460091695,12.43753247303448,22.422616870370085,0.0,1.1,-213.561733292393,-494.26689214541744,-0.0,-0.0,230.39512798530342,0.0,2.0,0.01768118964528362,0.0,0.0,0.3290191964908453,131.99922844444444,50.31003086772102,0.19599244612037148,10.860782379112067,0.0032282336432705103,61.68870902324273,1.2116548730548735
2025-01-01 03:08:00,0.1020974307337674,0.06578607817476023,0.0,0.00170162384556279,0.0010964346362460039,0.0,0.011445247448901831,0.0,0.09065218328486556,0.0,0.0,0.0,0.06578607817476023,0.0,1,0,0,Off,0,0,Off,0,0,Off,0.03483575385813119,0.026126815393598384,On,0.0,0,Off,0.0027153942799707604,0.0,On,0.008729853168931071,0,On,0.002937412385185223,0,On,0.05287901704154915,0.03965926278116185,On,0,0,Off,Off,0.0,22.222222222222285,0.0,0.0,0.0,0.0,0,0.0,1667.2815511111112,Off,0.0,0.0,31.19519715530199,51.666666666666686,46.10666666666668,0.0,49.97873920232502,0.0,0.0,0.0,31.19519715530199,49.2003330064952,49.97873920232502,48.81112990858029,12.43753247303448,22.41118565099701,0.0,1.1,-213.21391080833962,-493.83523334767926,-0.0,-0.0,230.39512798530342,0.0,2.0,0.0176752239310314,0.0,0.0,0.3289081839091617,131.99922844444444,50.22619455403626,0.1961546440955329,10.856330958358534,0.003228662605877153,61.67859163228762,1.2117014221019091
2025-01-01 03:09:00,0.1020974307337674,0.06578607817476023,0.0,0.00170162384556279,0.0010964346362460039,0.0,0.011445247448901831,0.0,0.09065218328486556,0.0,0.0,0.0,0.06578607817476023,0.0,1,0,0,Off,0,0,Off,0,0,Off,0.03483575385813119,0.026126815393598384,On,0.0,0,Off,0.0027153942799707604,0.0,On,0.008729853168931071,0,On,0.002937412385185223,0,On,0.05287901704154915,0.03965926278116185,On,0,0,Off,Off,0.0,22.222222222222285,0.0,0.0,0.0,0.0,0,0.0,1667.2815511111112,Off,0.0,0.0,31.20331604287703,51.666666666666686,46.10666666666668,0.0,49.973928679933536,0.0,0.0,0.0,31.20331604287703,49.19595502192472,49.973928679933536,48.80696819292032,12.43753247303448,22.399816742603218,0.0,1.1,-212.8713319282811,-493.40607566417515,-0.0,-0.0,230.39512798530342,0.0,2.0,0.01766928969036252,0.0,0.0,0.32879775700148023,131.99922844444444,50.139615750590636,0.19631623567188133,10.851910917626569,0.0032290914816544103,61.66842088169406,1.2117477193399349
2025-01-01 03:10:00,0.1020974307337674,0.06578607817476023,0.0,0.00170162384556279,0.0010964346362460039,0.0,0.011445247448901831,0.0,0.09065218328486556,0.0,0.0,0.0,0.06578607817476023,0.0,1,0,0,Off,0,0,Off,0,0,Off,0.03483575385813119,0.026126815393598384,On,0.0,0,Off,0.0027153942799707604,0.0,On,0.008729853168931071,0,On,0.002937412385185223,0,On,0.05287901704154915,0.03965926278116185,On,0,0,Off,Off,0.0,22.222222222222285,0.0,0.0,0.0,0.0,0,0.0,1667.2815511111112,Off,0.0,0.0,31.21136280718137,51.666666666666686,46.10666666666668,0.0,49.96911704746736,0.0,0.0,0.0,31.21136280718137,49.1915758979364,49.96911704746736,48.80280532317092,12.43753247303448,22.38850868524729,0.0,1.1,-212.51444308118528,-492.97936161030873,-0.0,-0.0,230.39512798530342,0.0,2.0,0.017663386177478712,0.0,0.0,0.3286879018896653,131.99922844444444,50.06979054381995,0.1964772363678986,10.847521502594073,0.003229520270327041,61.658198422117636,1.2117937706969906
2025-01-01 03:11:00,0.1020974307337674,0.06578607817476023,0.0,0.00170162384556279,0.0010964346362460039,0.0,0.011445247448901831,0.0,0.09065218328486556,0.0,0.0,0.0,0.06578607817476023,0.0,1,0,0,Off,0,0,Off,0,0,Off,0.03483575385813119,0.026126815393598384,On,0.0,0,Off,0.0027153942799707604,0.0,On,0.008729853168931071,0,On,0.002937412385185223,0,On,0.05287901704154915,0.03965926278116185,On,0,0,Off,Off,0.0,22.222222222222285,0.0,0.0,0.0,0.0,0,0.0,1667.2815511111112,Off,0.0,0.0,31.219338310857445,51.666666666666686,46.10666666666668,0.0,49.964304315639716,0.0,0.0,0.0,31.219338310857445,49.187195644652114,49.964304315639716,48.79864130915832,12.43753247303448,22.37726074772568,0.0,1.1,-212.19187448968273,-492.555061274174,-0.0,-0.0,230.39512798530342,0.0,2.0,0.017657513026525382,0.0,0.0,0.32857861176573694,131.99922844444444,49.96805879918789,0.19663765305596848,10.843162337991243,0.003229948971629163,61.64792500579388,1.2118395791149736
2025-01-01 03:12:00,0.1020974307337674,0.06578607817476023,0.0,0.00170162384556279,0.0010964346362460039,0.0,0.011445247448901831,0.0,0.09065218328486556,0.0,0.0,0.0,0.06578607817476023,0.0,1,0,0,Off,0,0,Off,0,0,Off,0.03483575385813119,0.026126815393598384,On,0.0,0,Off,0.0027153942799707604,0.0,On,0.008729853168931071,0,On,0.002937412385185223,0,On,0.05287901704154915,0.03965926278116185,On,0,0,Off,Off,0.0,22.222222222222285,0.0,0.0,0.0,0.0,0,0.0,1667.2815511111112,Off,0.0,0.0,31.227245401882616,51.666666666666686,46.10666666666668,0.0,49.95949049503551,0.0,0.0,0.0,31.227245401882616,49.182814272072704,49.95949049503551,48.794476160591316,12.43753247303448,22.366070492142082,0.0,1.1,-211.86540277615205,-492.1330804452617,-0.0,-0.0,230.39512798530342,0.0,2.0,0.017651668979927305,0.0,0.0,0.3284698632281934,131.99922844444444,49.8725496838063,0.19679751307555124,10.838832160302022,0.0032303775852990575,61.6376035049913,1.2118851545359723
2025-01-01 03:13:00,0.1020974307337674,0.06578607817476023,0.0,0.00170162384556279,0.0010964346362460039,0.0,0.011445247448901831,0.0,0.09065218328486556,0.0,0.0,0.0,0.06578607817476023,0.0,1,0,0,Off,0,0,Off,0,0,Off,0.03483575385813119,0.026126815393598384,On,0.0,0,Off,0.0027153942799707604,0.0,On,0.008729853168931071,0,On,0.002937412385185223,0,On,0.05287901704154915,0.03965926278116185,On,0,0,Off,Off,0.0,22.222222222222285,0.0,0.0,0.0,0.0,0,0.0,1667.2815511111112,Off,0.0,0.0,31.2350852053627,51.666666666666686,46.10666666666668,0.0,49.9546755958162,0.0,0.0,0.0,31.2350852053627,49.178431789799326,49.9546755958162,48.790309886790894,12.43753247303448,22.35493696118432,0.0,1.1,-211.53458708518122,-491.71338085283423,-0.0,-0.0,230.39512798530342,0.0,2.0,0.017645853552591285,0.0,0.0,0.32836164725021144,131.99922844444444,49.78366578234965,0.19695682613782253,10.834530476284929,0.003230806111091439,61.62723496193142,1.2119305008331547
2025-01-01 03:14:00,0.1020974307337674,0.06578607817476023,0.0,0.00170162384556279,0.0010964346362460039,0.0,0.011445247448901831,0.0,0.09065218328486556,0.0,0.0,0.0,0.06578607817476023,0.0,1,0,0,Off,0,0,Off,0,0,Off,0.03483575385813119,0.026126815393598384,On,0.0,0,Off,0.0027153942799707604,0.0,On,0.008729853168931071,0,On,0.002937412385185223,0,On,0.05287901704154915,0.03965926278116185,On,0,0,Off,Off,0.0,22.222222222222285,0.0,0.0,0.0,0.0,0,0.0,1667.2815511111112,Off,0.0,0.0,31.242858820582462,51.666666666666686,46.10666666666668,0.0,49.9498596279759,0.0,0.0,0.0,31.242858820582462,49.1740482072752,49.9498596279759,48.78614249692486,12.43753247303448,22.343859219394858,0.0,1.1,-211.20670105132604,-491.29592510876324,-0.0,-0.0,230.39512798530342,0.0,2.0,0.017640066270438244,0.0,0.0,0.3282539550099234,131.99922844444444,49.69409607213382,0.19711560173796164,10.830256803966567,0.0032312345487668743,61.61682039500142,1.2119756217914848
2025-01-01 03:15:00,0.1020974307337674,0.06578607817476023,0.0,0.00170162384556279,0.0010964346362460039,0.0,0.011445247448901831,0.0,0.09065218328486556,0.0,0.0,0.0,0.06578607817476023,0.0,1,0,0,Off,0,0,Off,0,0,Off,0.03483575385813119,0.026126815393598384,On,0.0,0,Off,0.0027153942799707604,0.0,On,0.008729853168931071,0,On,0.002937412385185223,0,On,0.05287901704154915,0.03965926278116185,On,0,0,Off,Off,0.0,22.222222222222285,0.0,0.0,0.0,0.0,0,0.0,1667.2815511111112,Off,0.0,0.0,31.250567631972068,51.666666666666686,46.10666666666668,0.0,49.94504260134519,0.0,0.0,0.0,31.250567631972068,49.16966353378931,49.94504260134519,48.781974000011374,12.43753247303448,22.33283608622422,0.0,1.1,-210.8869305341571,-490.8806666509591,-0.0,-0.0,230.39512798530342,0.0,2.0,0.017634306530921358,0.0,0.0,0.3281467752948781,131.99922844444444,49.59860813149855,0.19727385235771572,10.826010533701325,0.003231662898091649,61.60636113059006,1.2120205222026454
2025-01-01 03:16:00,0.1020974307337674,0.06578607817476023,0.0,0.00170162384556279,0.0010964346362460039,0.0,0.011445247448901831,0.0,0.09065218328486556,0.0,0.0,0.0,0.06578607817476023,0.0,1,0,0,Off,0,0,Off,0,0,Off,0.03483575385813119,0.026126815393598384,On,0.0,0,Off,0.0027153942799707604,0.0,On,0.008729853168931071,0,On,0.002937412385185223,0,On,0.05287901704154915,0.03965926278116185,On,0,0,Off,Off,0.0,22.222222222222285,0.0,0.0,0.0,0.0,0,0.0,1667.2815511111112,Off,0.0,0.0,31.25821319554508,51.666666666666686,46.10666666666668,0.0,49.94022452554881,0.0,0.0,0.0,31.25821319554508,49.16527777843632,49.94022452554881,48.77780440488009,12.43753247303448,22.321866233398502,0.0,1.1,-210.54591149907947,-490.4675534243456,-0.0,-0.0,230.39512798530342,0.0,2.0,0.01762857365380942,0.0,0.0,0.3280400954470403,131.99922844444444,49.52651393996277,0.19743159230849375,10.821059026092959,0.003232091158839553,61.59585868295494,1.2120652074659803
2025-01-01 03:17:00,0.1020974307337674,0.06578607817476023,0.0,0.00170162384556279,0.0010964346362460039,0.0,0.011445247448901831,0.0,0.09065218328486556,0.0,0.0,0.0,0.06578607817476023,0.0,1,0,0,Off,0,0,Off,0,0,Off,0.03483575385813119,0.026126815393598384,On,0.0,0,Off,0.0027153942799707604,0.0,On,0.008729853168931071,0,On,0.002937412385185223,0,On,0.05287901704154915,0.03965926278116185,On,0,0,Off,Off,0.0,22.222222222222285,0.0,0.0,0.0,0.0,0,0.0,1667.2815511111112,Off,0.0,0.0,31.26579581578735,51.666666666666686,46.10666666666668,0.0,49.93540540998005,0.0,0.0,0.0,31.26579581578735,49.16089095009254,49.93540540998005,48.773633720148794,12.43753247303448,22.31094940800864,0.0,1.1,-210.2405589420208,-490.0565739266963,-0.0,-0.0,230.39512798530342,0.0,2.0,0.017622867520478414,0.0,0.0,0.3279339132590031,131.99922844444444,49.420886999372044,0.19758882303286432,10.816866440956574,0.0032325193307929712,61.58531323171327,1.2121096785710537
2025-01-01 03:18:00,0.1020974307337674,0.06578607817476023,0.0,0.00170162384556279,0.0010964346362460039,0.0,0.011445247448901831,0.0,0.09065218328486556,0.0,0.0,0.0,0.06578607817476023,0.0,1,0,0,Off,0,0,Off,0,0,Off,0.03483575385813119,0.026126815393598384,On,0.0,0,Off,0.0027153942799707604,0.0,On,0.008729853168931071,0,On,0.002937412385185223,0,On,0.05287901704154915,0.03965926278116185,On,0,0,Off,Off,0.0,22.222222222222285,0.0,0.0,0.0,0.0,0,0.0,1667.2815511111112,Off,0.0,0.0,31.273318156249832,51.666666666666686,46.10666666666668,0.0,49.930585263986856,0.0,0.0,0.0,31.273318156249832,49.156503057591536,49.930585263986856,48.76946195439388,12.43753247303448,22.3000833297688,0.0,1.1,-209.93187903465252,-489.64764039182336,-0.0,-0.0,230.39512798530342,0.0,2.0,0.017617186952202296,0.0,0.0,0.3278282067965243,131.99922844444444,49.32063337186733,0.1977455703860203,10.812699260125497,0.0032329474137351654,61.57472748403561,1.2121539448257512
2025-01-01 03:19:00,0.1020974307337674,0.06578607817476023,0.0,0.00170162384556279,0.0010964346362460039,0.0,0.011445247448901831,0.0,0.09065218328486556,0.0,0.0,0.0,0.06578607817476023,0.0,1,0,0,Off,0,0,Off,0,0,Off,0.03483575385813119,0.026126815393598384,On,0.0,0,Off,0.0027153942799707604,0.0,On,0.008729853168931071,0,On,0.002937412385185223,0,On,0.05287901704154915,0.03965926278116185,On,0,0,Off,Off,0.0,22.222222222222285,0.0,0.0,0.0,0.0,0,0.0,1667.2815511111112,Off,0.0,0.0,31.28078113174023,51.666666666666686,46.10666666666668,0.0,49.92576409652118,0.0,0.0,0.0,31.28078113174023,49.15211410939307,49.92576409652118,48.76528911582902,12.43753247303448,22.289267220699845,0.0,1.1,-209.618254499464,-489.24072168527533,-0.0,-0.0,230.39512798530342,0.0,2.0,0.01761153155497708,0.0,0.0,0.32772296872780793,131.99922844444444,49.227339200507885,0.19790184222909685,10.808557083014387,0.0032333754074649035,61.56410228111751,1.2121980093768834
2025-01-01 03:20:00,0.1020974307337674,0.06578607817476023,0.0,0.00170162384556279,0.0010964346362460039,0.0,0.011445247448901831,0.0,0.09065218328486556,0.0,0.0,0.0,0.06578607817476023,0.0,1,0,0,Off,0,0,Off,0,0,Off,0.03483575385813119,0.026126815393598384,On,0.0,0,Off,0.0027153942799707604,0.0,On,0.008729853168931071,0,On,0.002937412385185223,0,On,0.05287901704154915,0.03965926278116185,On,0,0,Off,Off,0.0,22.222222222222285,0.0,0.0,0.0,0.0,0,0.0,1667.2815511111112,Off,0.0,0.0,31.28818558724817,51.666666666666686,46.10666666666668,0.0,49.92094191639887,0.0,0.0,0.0,31.28818558724817,49.14772411382852,49.92094191639887,48.761115212543345,12.43753247303448,22.278500363030144,0.0,1.1,-209.30668900876225,-488.8357889831607,-0.0,-0.0,230.39512798530342,0.0,2.0,0.017605900965968795,0.0,0.0,0.3276181923010832,131.99922844444444,49.13397198909501,0.19805764573389578,10.804439540296539,0.0032338033117856667,61.55343839169103,1.2122418751253363
2025-01-01 03:21:00,0.1020974307337674,0.06578607817476023,0.0,0.00170162384556279,0.0010964346362460039,0.0,0.011445247448901831,0.0,0.09065218328486556,0.0,0.0,0.0,0.06578607817476023,0.0,1,0,0,Off,0,0,Off,0,0,Off,0.03483575385813119,0.026126815393598384,On,0.0,0,Off,0.0027153942799707604,0.0,On,0.008729853168931071,0,On,0.002937412385185223,0,On,0.05287901704154915,0.03965926278116185,On,0,0,Off,Off,0.0,22.222222222222285,0.0,0.0,0.0,0.0,0,0.0,1667.2815511111112,Off,0.0,0.0,31.29553264985402,51.666666666666686,46.10666666666668,0.0,49.9161187323101,0.0,0.0,0.0,31.29553264985402,49.14333307911067,49.9161187323101,48.75694025251095,12.43753247303448,22.267781796154726,0.0,1.1,-208.9988468328794,-488.4328043765051,-0.0,-0.0,230.39512798530342,0.0,2.0,0.01760029469502568,0.0,0.0,0.3275138683953947,131.99922844444444,49.03882955832229,0.19821299103588172,10.800346136135259,0.0032342311265052322,61.54273689026611,1.2122855459695425
2025-01-01 03:22:00,0.1020974307337674,0.06578607817476023,0.0,0.00170162384556279,0.0010964346362460039,0.0,0.011445247448901831,0.0,0.09065218328486556,0.0,0.0,0.0,0.06578607817476023,0.0,1,0,0,Off,0,0,Off,0,0,Off,0.03483575385813119,0.026126815393598384,On,0.0,0,Off,0.0027153942799707604,0.0,On,0.008729853168931071,0,On,0.002937412385185223,0,On,0.05287901704154915,0.03965926278116185,On,0,0,Off,Off,0.0,22.222222222222285,0.0,0.0,0.0,0.0,0,0.0,1667.2815511111112,Off,0.0,0.0,31.302823482855114,51.666666666666686,46.10666666666668,0.0,49.911294552777406,0.0,0.0,0.0,31.302823482855114,49.13894101329413,49.911294552777406,48.7527642435525,12.43753247303448,22.25711052832412,0.0,1.1,-208.69370259134627,-488.03172884066794,-0.0,-0.0,230.39512798530342,0.0,2.0,0.01759471223532499,0.0,0.0,0.32740998757956663,131.99922844444444,48.94289826401818,0.1983678886903566,10.796276358371362,0.0032346588514374467,61.53199889355117,1.2123290259370716
2025-01-01 03:23:00,0.1020974307337674,0.06578607817476023,0.0,0.00170162384556279,0.0010964346362460039,0.0,0.011445247448901831,0.0,0.09065218328486556,0.0,0.0,0.0,0.06578607817476023,0.0,1,0,0,Off,0,0,Off,0,0,Off,0.03483575385813119,0.026126815393598384,On,0.0,0,Off,0.0027153942799707604,0.0,On,0.008729853168931071,0,On,0.002937412385185223,0,On,0.05287901704154915,0.03965926278116185,On,0,0,Off,Off,0.0,22.222222222222285,0.0,0.0,0.0,0.0,0,0.0,1667.2815511111112,Off,0.0,0.0,31.310059171376846,51.666666666666686,46.10666666666668,0.0,49.906469386150306,0.0,0.0,0.0,31.310059171376846,49.134547924270265,49.906469386150306,48.74858719333025,12.43753247303448,22.24648563483172,0.0,1.1,-208.3906954110406,-487.6325259252792,-0.0,-0.0,230.39512798530342,0.0,2.0,0.01758915311474016,0.0,0.0,0.3273065410680643,131.99922844444444,48.84670252893514,0.1985223484871134,10.791500414698252,0.003235086486402473,61.521225437759135,1.2123723187816822
2025-01-01 03:24:00,0.1020974307337674,0.06578607817476023,0.0,0.00170162384556279,0.0010964346362460039,0.0,0.011445247448901831,0.0,0.09065218328486556,0.0,0.0,0.0,0.06578607817476023,0.0,1,0,0,Off,0,0,Off,0,0,Off,0.03483575385813119,0.026126815393598384,On,0.0,0,Off,0.0027153942799707604,0.0,On,0.008729853168931071,0,On,0.002937412385185223,0,On,0.05287901704154915,0.03965926278116185,On,0,0,Off,Off,0.0,22.222222222222285,0.0,0.0,0.0,0.0,0,0.0,1667.2815511111112,Off,0.0,0.0,31.317240746961684,51.666666666666686,46.10666666666668,0.0,49.901643240616956,0.0,0.0,0.0,31.317240746961684,49.130153819778144,49.901643240616956,48.744409109358735,12.43753247303448,22.235906236773243,0.0,1.1,-208.08984159259956,-487.23516095199676,-0.0,-0.0,230.39512798530342,0.0,2.0,0.01758361688475658,0.0,0.0,0.32720352051473445,131.99922844444444,48.75019137409376,0.19867637970358953,10.787476852385968,0.003235514031226329,61.51041750490747,1.2124154280703932
2025-01-01 03:25:00,0.1020974307337674,0.06578607817476023,0.0,0.00170162384556279,0.0010964346362460039,0.0,0.011445247448901831,0.0,0.09065218328486556,0.0,0.0,0.0,0.06578607817476023,0.0,1,0,0,Off,0,0,Off,0,0,Off,0.03483575385813119,0.026126815393598384,On,0.0,0,Off,0.0027153942799707604,0.0,On,0.008729853168931071,0,On,0.002937412385185223,0,On,0.05287901704154915,0.03965926278116185,On,0,0,Off,Off,0.0,22.222222222222285,0.0,0.0,0.0,0.0,0,0.0,1667.2815511111112,Off,0.0,0.0,31.324369214301612,51.666666666666686,46.10666666666668,0.0,49.896816124212066,0.0,0.0,0.0,31.324369214301612,49.12575870741205,49.896816124212066,48.74022999901204,12.43753247303448,22.225371478234493,0.0,1.1,-207.79117784977336,-486.83960015485934,-0.0,-0.0,230.39512798530342,0.0,2.0,0.01757810310855343,0.0,0.0,0.32710091779102723,131.99922844444444,48.65329431978256,0.19882999137842988,10.783475542387357,0.003235941485740576,61.499576051196556,1.2124583572770449
2025-01-01 03:26:00,0.1020974307337674,0.06578607817476023,0.0,0.00170162384556279,0.0010964346362460039,0.0,0.011445247448901831,0.0,0.09065218328486556,0.0,0.0,0.0,0.06578607817476023,0.0,1,0,0,Off,0,0,Off,0,0,Off,0.03483575385813119,0.026126815393598384,On,0.0,0,Off,0.0027153942799707604,0.0,On,0.008729853168931071,0,On,0.002937412385185223,0,On,0.05287901704154915,0.03965926278116185,On,0,0,Off,Off,0.0,22.222222222222285,0.0,0.0,0.0,0.0,0,0.0,1667.2815511111112,Off,0.0,0.0,31.331445552520684,51.666666666666686,46.10666666666668,0.0,49.891988044820934,0.0,0.0,0.0,31.331445552520684,49.12136259462528,49.891988044820934,48.736049869527456,12.43753247303448,22.214880525149344,0.0,1.1,-207.49464416165654,-486.44581063561316,-0.0,-0.0,230.39512798530342,0.0,2.0,0.017572611360418294,0.0,0.0,0.3269987249751024,131.99922844444444,48.556038488653286,0.19898319232390832,10.779496054275883,0.003236368849782172,61.4887020083391,1.2125011097869451
2025-01-01 03:27:00,0.1020974307337674,0.06578607817476023,0.0,0.00170162384556279,0.0010964346362460039,0.0,0.011445247448901831,0.0,0.09065218328486556,0.0,0.0,0.0,0.06578607817476023,0.0,1,0,0,Off,0,0,Off,0,0,Off,0.03483575385813119,0.026126815393598384,On,0.0,0,Off,0.0027153942799707604,0.0,On,0.008729853168931071,0,On,0.002937412385185223,0,On,0.05287901704154915,0.03965926278116185,On,0,0,Off,Off,0.0,22.222222222222285,0.0,0.0,0.0,0.0,0,0.0,1667.2815511111112,Off,0.0,0.0,31.338470711749135,51.666666666666686,46.10666666666668,0.0,49.88715901018323,0.0,0.0,0.0,31.338470711749135,49.11696548873373,49.88715901018323,48.73186872800898,12.43753247303448,22.204432568209718,0.0,1.1,-207.200164863186,-486.05376047116937,-0.0,-0.0,230.39512798530342,0.0,2.0,0.017567141227282625,0.0,0.0,0.32689693438040246,131.99922844444444,48.45846762267997,0.19913599108928604,10.77553797042681,0.0032367961231933346,61.477796279812374,1.2125436888848788
2025-01-01 03:28:00,0.1020974307337674,0.06578607817476023,0.0,0.00170162384556279,0.0010964346362460039,0.0,0.011445247448901831,0.0,0.09065218328486556,0.0,0.0,0.0,0.06578607817476023,0.0,1,0,0,Off,0,0,Off,0,0,Off,0.03483575385813119,0.026126815393598384,On,0.0,0,Off,0.0027153942799707604,0.0,On,0.008729853168931071,0,On,0.002937412385185223,0,On,0.05287901704154915,0.03965926278116185,On,0,0,Off,Off,0.0,22.222222222222285,0.0,0.0,0.0,0.0,0,0.0,1667.2815511111112,Off,0.0,0.0,31.345445613494658,51.666666666666686,46.10666666666668,0.0,49.88232902789731,0.0,0.0,0.0,31.345445613494658,49.11256739691994,49.88232902789731,48.72768658143126,12.43753247303448,22.194026822554836,0.0,1.1,-206.90768177600393,-485.66341870007784,-0.0,-0.0,230.39512798530342,0.0,2.0,0.017561692308571936,0.0,0.0,0.3267955385528647,131.99922844444444,48.36060893877045,0.19928839596309628,10.770873412308822,0.0032372233058213778,61.46685974113949,1.2125860977563394
2025-01-01 03:29:00,0.1020974307337674,0.06578607817476023,0.0,0.00170162384556279,0.0010964346362460039,0.0,0.011445247448901831,0.0,0.09065218328486556,0.0,0.0,0.0,0.06578607817476023,0.0,1,0,0,Off,0,0,Off,0,0,Off,0.03483575385813119,0.026126815393598384,On,0.0,0,Off,0.0027153942799707604,0.0,On,0.008729853168931071,0,On,0.002937412385185223,0,On,0.05287901704154915,0.03965926278116185,On,0,0,Off,Off,0.0,22.222222222222285,0.0,0.0,0.0,0.0,0,0.0,1667.2815511111112,Off,0.0,0.0,31.352371152397538,51.666666666666686,46.10666666666668,0.0,49.87749810542447,0.0,0.0,0.0,31.352371152397538,49.10816832623713,49.87749810542447,48.723503436643455,12.43753247303448,22.183662526292235,0.0,1.1,-206.61714387525836,-485.2747552652466,-0.0,-0.0,230.39512798530342,0.0,2.0,0.017556264215443766,0.0,0.0,0.3266945302567411,131.99922844444444,48.262483404684815,0.19944041498965734,10.766957298257005,0.003237650397518555,61.4558932416401,1.212628339493558
2025-01-01 03:30:00,0.1020974307337674,0.06578607817476023,0.0,0.00170162384556279,0.0010964346362460039,0.0,0.011445247448901831,0.0,0.09065218328486556,0.0,0.0,0.0,0.06578607817476023,0.0,1,0,0,Off,0,0,Off,0,0,Off,0.03483575385813119,0.026126815393598384,On,0.0,0,Off,0.0027153942799707604,0.0,On,0.008729853168931071,0,On,0.002937412385185223,0,On,0.05287901704154915,0.03965926278116185,On,0,0,Off,Off,0.0,22.222222222222285,0.0,0.0,0.0,0.0,0,0.0,1667.2815511111112,Off,0.0,0.0,31.359248197513292,51.666666666666686,46.10666666666668,0.0,49.87266625009294,0.0,0.0,0.0,31.359248197513292,49.10376828361295,49.87266625009294,48.71931930037295,12.43753247303448,22.173338939489447,0.0,2.2,-200.32701343202484,-477.3844804968859,-0.0,-0.0,230.39512798530342,0.0,2.0,0.018294700110859805,0.0,0.0,0.34043566362185895,131.99922844444444,46.66233907955762,0.1995920559799629,10.763061407370762,0.003238077398141908,41.27115482621532,1.2126704170996003
2025-01-01 03:31:00,0.1020974307337674,0.06578607817476023,0.0,0.00170162384556279,0.0010964346362460039,0.0,0.011445247448901831,0.0,0.09065218328486556,0.0,0.0,0.0,0.06578607817476023,0.0,1,0,0,Off,0,0,Off,0,0,Off,0.03483575385813119,0.026126815393598384,On,0.0,0,Off,0.0027153942799707604,0.0,On,0.008729853168931071,0,On,0.002937412385185223,0,On,0.05287901704154915,0.03965926278116185,On,0,0,Off,Off,0.0,22.222222222222285,0.0,0.0,0.0,0.0,0,0.0,1667.2815511111112,Off,0.0,0.0,31.365527939229764,51.666666666666686,46.10666666666668,0.0,49.8678334691017,0.0,0.0,0.0,31.365527939229764,49.0993672758531,49.8678334691017,48.715134179228805,12.43753247303448,22.163527768408525,0.0,2.2,-201.33130401174196,-477.0234285768992,-0.0,-0.0,230.39512798530342,0.0,2.0,0.018289847815533264,0.0,0.0,0.3403453700193637,131.99922844444444,45.296996579853854,0.19972897791879468,10.759183960566101,0.0032383641435852857,41.2709640106064,1.2127104959221515
2025-01-01 03:32:00,0.1020974307337674,0.06578607817476023,0.0,0.00170162384556279,0.0010964346362460039,0.0,0.011445247448901831,0.0,0.09065218328486556,0.0,0.0,0.0,0.06578607817476023,0.0,1,0,0,Off,0,0,Off,0,0,Off,0.03483575385813119,0.026126815393598384,On,0.0,0,Off,0.0027153942799707604,0.0,On,0.008729853168931071,0,On,0.002937412385185223,0,On,0.05287901704154915,0.03965926278116185,On,0,0,Off,Off,0.0,22.222222222222285,0.0,0.0,0.0,0.0,0,0.0,1667.2815511111112,Off,0.0,0.0,31.371825572553856,51.666666666666686,46.10666666666668,0.0,49.862999851220074,0.0,0.0,0.0,31.371825572553856,49.09496538678412,49.862999851220074,48.71094815456614,12.43753247303448,22.153700339545303,0.0,2.2,-201.5260818156462,-476.6618881211972,-0.0,-0.0,230.39512798530342,0.0,2.0,0.01828498690618032,0.0,0.0,0.340254916123353,131.99922844444444,44.740678320247575,0.19986619852234888,10.75529732127453,0.0032386508782263116,41.2708120409805,1.2127506441832634
2025-01-01 03:33:00,0.1020974307337674,0.06578607817476023,0.0,0.00170162384556279,0.0010964346362460039,0.0,0.011445247448901831,0.0,0.09065218328486556,0.0,0.0,0.0,0.06578607817476023,0.0,1,0,0,Off,0,0,Off,0,0,Off,0.03483575385813119,0.026126815393598384,On,0.0,0,Off,0.0027153942799707604,0.0,On,0.008729853168931071,0,On,0.002937412385185223,0,On,0.05287901704154915,0.03965926278116185,On,0,0,Off,Off,0.0,22.222222222222285,0.0,0.0,0.0,0.0,0,0.0,1667.2815511111112,Off,0.0,0.0,31.378105498764253,51.666666666666686,46.10666666666668,0.0,49.85816539377888,0.0,0.0,0.0,31.378105498764253,49.09056261389505,49.85816539377888,48.706761223953144,12.43753247303448,22.14388724736633,0.0,2.2,-201.27534131754834,-476.300984715791,-0.0,-0.0,230.39512798530342,0.0,2.0,0.018280132515265328,0.0,0.0,0.3401645835252447,131.99922844444444,44.63051541293919,0.20000334550804164,10.751417426676397,0.00323893760231916,41.27064735521328,1.2127907362428851
2025-01-01 03:34:00,0.1020974307337674,0.06578607817476023,0.0,0.00170162384556279,0.0010964346362460039,0.0,0.011445247448901831,0.0,0.09065218328486556,0.0,0.0,0.0,0.06578607817476023,0.0,1,0,0,Off,0,0,Off,0,0,Off,0.03483575385813119,0.026126815393598384,On,0.0,0,Off,0.0027153942799707604,0.0,On,0.008729853168931071,0,On,0.002937412385185223,0,On,0.05287901704154915,0.03965926278116185,On,0,0,Off,Off,0.0,22.222222222222285,0.0,0.0,0.0,0.0,0,0.0,1667.2815511111112,Off,0.0,0.0,31.384348691899195,51.666666666666686,46.10666666666668,0.0,49.853330099400075,0.0,0.0,0.0,31.384348691899195,49.08615895967096,49.853330099400075,48.70257338980641,12.43753247303448,22.134104847062385,0.0,2.2,-200.93583983638274,-475.94131913066786,-0.0,-0.0,230.39512798530342,0.0,2.0,0.018275292737187847,0.0,0.0,0.3400745228491142,131.99922844444444,44.61035130898171,0.2001402190931454,10.747552798716946,0.0032392243157894755,41.270442346706936,1.2128307049133784
2025-01-01 03:35:00,0.1020974307337674,0.06578607817476023,0.0,0.00170162384556279,0.0010964346362460039,0.0,0.011445247448901831,0.0,0.09065218328486556,0.0,0.0,0.0,0.06578607817476023,0.0,1,0,0,Off,0,0,Off,0,0,Off,0.03483575385813119,0.026126815393598384,On,0.0,0,Off,0.0027153942799707604,0.0,On,0.008729853168931071,0,On,0.002937412385185223,0,On,0.05287901704154915,0.03965926278116185,On,0,0,Off,Off,0.0,22.222222222222285,0.0,0.0,0.0,0.0,0,0.0,1667.2815511111112,Off,0.0,0.0,31.390551839911236,51.666666666666686,46.10666666666668,0.0,49.84849397353341,0.0,0.0,0.0,31.390551839911236,49.08175442926702,49.84849397353341,48.69838465713383,12.43753247303448,22.124355990556207,0.0,2.2,-200.64303468797186,-475.5829951654121,-0.0,-0.0,230.39512798530342,0.0,2.0,0.018270468988316187,0.0,0.0,0.3399847604513532,131.99922844444444,44.54483249213689,0.2002767836824964,10.742979835609766,0.0032395110183870094,41.27019216000742,1.212870538455626
2025-01-01 03:36:00,0.1020974307337674,0.06578607817476023,0.0,0.00170162384556279,0.0010964346362460039,0.0,0.011445247448901831,0.0,0.09065218328486556,0.0,0.0,0.0,0.06578607817476023,0.0,1,0,0,Off,0,0,Off,0,0,Off,0.03483575385813119,0.026126815393598384,On,0.0,0,Off,0.0027153942799707604,0.0,On,0.008729853168931071,0,On,0.002937412385185223,0,On,0.05287901704154915,0.03965926278116185,On,0,0,Off,Off,0.0,22.222222222222285,0.0,0.0,0.0,0.0,0,0.0,1667.2815511111112,Off,0.0,0.0,31.396717424658895,51.666666666666686,46.10666666666668,0.0,49.84365702212089,0.0,0.0,0.0,31.396717424658895,49.07734902830322,49.84365702212089,48.69419503139439,12.43753247303448,22.11463855026204,0.0,2.2,-200.39081134014384,-475.22593355479,-0.0,-0.0,230.39512798530342,0.0,2.0,0.018265660221364784,0.0,0.0,0.3398952768436207,131.99922844444444,44.43999422934276,0.20041306439418458,10.739147940300782,0.0032397977098305797,41.26990033899387,1.2129102455827296
2025-01-01 03:37:00,0.1020974307337674,0.06578607817476023,0.0,0.00170162384556279,0.0010964346362460039,0.0,0.011445247448901831,0.0,0.09065218328486556,0.0,0.0,0.0,0.06578607817476023,0.0,1,0,0,Off,0,0,Off,0,0,Off,0.03483575385813119,0.026126815393598384,On,0.0,0,Off,0.0027153942799707604,0.0,On,0.008729853168931071,0,On,0.002937412385185223,0,On,0.05287901704154915,0.03965926278116185,On,0,0,Off,Off,0.0,22.222222222222285,0.0,0.0,0.0,0.0,0,0.0,1667.2815511111112,Off,0.0,0.0,31.402847563788864,51.666666666666686,46.10666666666668,0.0,49.83881925073553,0.0,0.0,0.0,31.402847563788864,49.072942762051255,49.83881925073553,48.69000451770913,12.43753247303448,22.104950711355976,0.0,2.2,-200.1488131623259,-474.87006661797415,-0.0,-0.0,230.39512798530342,0.0,2.0,0.0182608655433416,0.0,0.0,0.33980605540873604,131.99922844444444,44.326125470344834,0.20054908260439727,10.735330749824058,0.0032400843898615873,41.26956990365872,1.2129498337252786
2025-01-01 03:38:00,0.1020974307337674,0.06578607817476023,0.0,0.00170162384556279,0.0010964346362460039,0.0,0.011445247448901831,0.0,0.09065218328486556,0.0,0.0,0.0,0.06578607817476023,0.0,1,0,0,Off,0,0,Off,0,0,Off,0.03483575385813119,0.026126815393598384,On,0.0,0,Off,0.0027153942799707604,0.0,On,0.008729853168931071,0,On,0.002937412385185223,0,On,0.05287901704154915,0.03965926278116185,On,0,0,Off,Off,0.0,22.222222222222285,0.0,0.0,0.0,0.0,0,0.0,1667.2815511111112,Off,0.0,0.0,31.408943028169173,51.666666666666686,46.10666666666668,0.0,49.83398066463556,0.0,0.0,0.0,31.408943028169173,49.06853563548563,49.83398066463556,48.685813120910666,12.43753247303448,22.095291816317765,0.0,2.2,-199.90452225792347,-474.5153692495682,-0.0,-0.0,230.39512798530342,0.0,2.0,0.018256084633692708,0.0,0.0,0.33971709018169355,131.99922844444444,44.215719006341246,0.20068484560178398,10.731527923875426,0.0032403710582406754,41.26920192267958,1.2129893055611924
2025-01-01 03:39:00,0.1020974307337674,0.06578607817476023,0.0,0.00170162384556279,0.0010964346362460039,0.0,0.011445247448901831,0.0,0.09065218328486556,0.0,0.0,0.0,0.06578607817476023,0.0,1,0,0,Off,0,0,Off,0,0,Off,0.03483575385813119,0.026126815393598384,On,0.0,0,Off,0.0027153942799707604,0.0,On,0.008729853168931071,0,On,0.002937412385185223,0,On,0.05287901704154915,0.03965926278116185,On,0,0,Off,Off,0.0,22.222222222222285,0.0,0.0,0.0,0.0,0,0.0,1667.2815511111112,Off,0.0,0.0,31.415004049531078,51.666666666666686,46.10666666666668,0.0,49.82914126896454,0.0,0.0,0.0,31.415004049531078,49.06412765347264,49.82914126896454,48.68162084572669,12.43753247303448,22.085661670796366,0.0,2.2,-199.65810983190465,-474.16183337676034,-0.0,-0.0,230.39512798530342,0.0,2.0,0.018251317400998227,0.0,0.0,0.33962837946131275,131.99922844444444,44.108595559552235,0.2008203550305957,10.72773936344134,0.003240657714735298,41.268796683368244,1.2130286618661428
2025-01-01 03:40:00,0.1020974307337674,0.06578607817476023,0.0,0.00170162384556279,0.0010964346362460039,0.0,0.011445247448901831,0.0,0.09065218328486556,0.0,0.0,0.0,0.06578607817476023,0.0,1,0,0,Off,0,0,Off,0,0,Off,0.03483575385813119,0.026126815393598384,On,0.0,0,Off,0.0027153942799707604,0.0,On,0.008729853168931071,0,On,0.002937412385185223,0,On,0.05287901704154915,0.03965926278116185,On,0,0,Off,Off,0.0,22.222222222222285,0.0,0.0,0.0,0.0,0,0.0,1667.2815511111112,Off,0.0,0.0,31.4210308714869,51.666666666666686,46.10666666666668,0.0,49.824301068831545,0.0,0.0,0.0,31.4210308714869,49.05971882084607,49.824301068831545,48.67742769685335,12.43753247303448,22.07606007025871,0.0,2.2,-199.41188167901532,-473.8094505641955,-0.0,-0.0,230.39512798530342,0.0,2.0,0.01824656374874101,0.0,0.0,0.3395399214515609,131.99922844444444,44.00244089987683,0.20095561266790773,10.723964964181846,0.0032409443591147405,41.26835449065676,1.2130679034579104
2025-01-01 03:41:00,0.1020974307337674,0.06578607817476023,0.0,0.00170162384556279,0.0010964346362460039,0.0,0.011445247448901831,0.0,0.09065218328486556,0.0,0.0,0.0,0.06578607817476023,0.0,1,0,0,Off,0,0,Off,0,0,Off,0.03483575385813119,0.026126815393598384,On,0.0,0,Off,0.0027153942799707604,0.0,On,0.008729853168931071,0,On,0.002937412385185223,0,On,0.05287901704154915,0.03965926278116185,On,0,0,Off,Off,0.0,22.222222222222285,0.0,0.0,0.0,0.0,0,0.0,1667.2815511111112,Off,0.0,0.0,31.427023835836447,51.666666666666686,46.10666666666668,0.0,49.81946006930937,0.0,0.0,0.0,31.427023835836447,49.05530914240555,49.81946006930937,48.67323367895364,12.43753247303448,22.066486725744642,0.0,2.2,-199.16675348735254,-473.45820929086324,-0.0,-0.0,230.39512798530342,0.0,2.0,0.01824182353853972,0.0,0.0,0.3394517135773785,131.99922844444444,43.89632781820728,0.20109062133430333,10.720204577735466,0.003241230991150232,41.26787579268233,1.2131070315014854
2025-01-01 03:42:00,0.1020974307337674,0.06578607817476023,0.0,0.00170162384556279,0.0010964346362460039,0.0,0.011445247448901831,0.0,0.09065218328486556,0.0,0.0,0.0,0.06578607817476023,0.0,1,0,0,Off,0,0,Off,0,0,Off,0.03483575385813119,0.026126815393598384,On,0.0,0,Off,0.0027153942799707604,0.0,On,0.008729853168931071,0,On,0.002937412385185223,0,On,0.05287901704154915,0.03965926278116185,On,0,0,Off,Off,0.0,22.222222222222285,0.0,0.0,0.0,0.0,0,0.0,1667.2815511111112,Off,0.0,0.0,31.432983319735808,51.666666666666686,46.10666666666668,0.0,49.81461827541995,0.0,0.0,0.0,31.432983319735808,49.05089862290268,49.81461827541995,48.66903879664405,12.43753247303448,22.056941317872084,0.0,2.2,-198.9226869122258,-473.10809693516586,-0.0,-0.0,230.39512798530342,0.0,2.0,0.018237096616870143,0.0,0.0,0.33936375298192084,131.99922844444444,43.79028203763663,0.2012253842351666,10.715735232673094,0.003241517610615858,41.2673610896416,1.213146047287243
2025-01-01 03:43:00,0.1020974307337674,0.06578607817476023,0.0,0.00170162384556279,0.0010964346362460039,0.0,0.011445247448901831,0.0,0.09065218328486556,0.0,0.0,0.0,0.06578607817476023,0.0,1,0,0,Off,0,0,Off,0,0,Off,0.03483575385813119,0.026126815393598384,On,0.0,0,Off,0.0027153942799707604,0.0,On,0.008729853168931071,0,On,0.002937412385185223,0,On,0.05287901704154915,0.03965926278116185,On,0,0,Off,Off,0.0,22.222222222222285,0.0,0.0,0.0,0.0,0,0.0,1667.2815511111112,Off,0.0,0.0,31.438909694214896,51.666666666666686,46.10666666666668,0.0,49.809775692129115,0.0,0.0,0.0,31.438909694214896,49.04648726703618,49.809775692129115,48.664843054489715,12.43753247303448,22.047423532428184,0.0,2.2,-198.67949311750863,-472.75910108133843,-0.0,-0.0,230.39512798530342,0.0,2.0,0.018232382832684878,0.0,0.0,0.33927603685443275,131.99922844444444,43.68447997852642,0.20135990452505928,10.712002704436905,0.00324180421728889,41.26681087363307,1.2131849520847136
2025-01-01 03:44:00,0.1020974307337674,0.06578607817476023,0.0,0.00170162384556279,0.0010964346362460039,0.0,0.011445247448901831,0.0,0.09065218328486556,0.0,0.0,0.0,0.06578607817476023,0.0,1,0,0,Off,0,0,Off,0,0,Off,0.03483575385813119,0.026126815393598384,On,0.0,0,Off,0.0027153942799707604,0.0,On,0.008729853168931071,0,On,0.002937412385185223,0,On,0.05287901704154915,0.03965926278116185,On,0,0,Off,Off,0.0,22.222222222222285,0.0,0.0,0.0,0.0,0,0.0,1667.2815511111112,Off,0.0,0.0,31.444803317966905,51.666666666666686,46.10666666666668,0.0,49.80493232434747,0.0,0.0,0.0,31.444803317966905,49.042075079452665,49.80493232434747,48.66064645700527,12.43753247303448,22.037933065728943,0.0,2.2,-198.43709139371617,-472.411209715512,-0.0,-0.0,230.39512798530342,0.0,2.0,0.018227682040070095,0.0,0.0,0.33918856247968676,131.99922844444444,43.5789903364924,0.2014941852415809,10.708283706212008,0.0032420908109497366,41.2662256195683,1.213223747120542
2025-01-01 03:45:00,0.1020974307337674,0.06578607817476023,0.0,0.00170162384556279,0.0010964346362460039,0.0,0.011445247448901831,0.0,0.09065218328486556,0.0,0.0,0.0,0.06578607817476023,0.0,1,0,0,Off,0,0,Off,0,0,Off,0.03483575385813119,0.026126815393598384,On,0.0,0,Off,0.0027153942799707604,0.0,On,0.008729853168931071,0,On,0.002937412385185223,0,On,0.05287901704154915,0.03965926278116185,On,0,0,Off,Off,0.0,22.222222222222285,0.0,0.0,0.0,0.0,0,0.0,1667.2815511111112,Off,0.0,0.0,31.450664542225617,51.666666666666686,46.10666666666668,0.0,49.80008817693225,0.0,0.0,0.0,31.450664542225617,49.03766206474843,49.80008817693225,48.65644900865654,12.43753247303448,22.028469620566764,0.0,2.2,-198.19547609235127,-472.0644110765702,-0.0,-0.0,230.39512798530342,0.0,2.0,0.018222994096241358,0.0,0.0,0.33910132720068864,131.99922844444444,43.47380699891556,0.2016282293546835,10.70457808522142,0.0032423773913818317,41.26560579200721,1.2132624335951319
2025-01-01 03:46:00,0.1020974307337674,0.06578607817476023,0.0,0.00170162384556279,0.0010964346362460039,0.0,0.011445247448901831,0.0,0.09065218328486556,0.0,0.0,0.0,0.06578607817476023,0.0,1,0,0,Off,0,0,Off,0,0,Off,0.03483575385813119,0.026126815393598384,On,0.0,0,Off,0.0027153942799707604,0.0,On,0.008729853168931071,0,On,0.002937412385185223,0,On,0.05287901704154915,0.03965926278116185,On,0,0,Off,Off,0.0,22.222222222222285,0.0,0.0,0.0,0.0,0,0.0,1667.2815511111112,Off,0.0,0.0,31.45649371363439,51.666666666666686,46.10666666666668,0.0,49.79524325468844,0.0,0.0,0.0,31.45649371363439,49.033248227470494,49.79524325468844,48.65225071386152,12.43753247303448,22.019032903507814,0.0,2.2,-197.95465442378656,-471.7186935567157,-0.0,-0.0,230.39512798530342,0.0,2.0,0.018218318860206795,0.0,0.0,0.3390143283938008,131.99922844444444,43.36891114762573,0.20176203979956758,10.700885690624713,0.0032426639583715694,41.264951849719544,1.2133010126937402
2025-01-01 03:47:00,0.1020974307337674,0.06578607817476023,0.0,0.00170162384556279,0.0010964346362460039,0.0,0.011445247448901831,0.0,0.09065218328486556,0.0,0.0,0.0,0.06578607817476023,0.0,1,0,0,Off,0,0,Off,0,0,Off,0.03483575385813119,0.026126815393598384,On,0.0,0,Off,0.0027153942799707604,0.0,On,0.008729853168931071,0,On,0.002937412385185223,0,On,0.05287901704154915,0.03965926278116185,On,0,0,Off,Off,0.0,22.222222222222285,0.0,0.0,0.0,0.0,0,0.0,1667.2815511111112,Off,0.0,0.0,31.462291174955002,51.666666666666686,46.10666666666668,0.0,49.79039756236943,0.0,0.0,0.0,31.462291174955002,49.02883357211717,49.79039756236943,48.648051576991044,12.43753247303448,22.009622624511447,0.0,2.2,-197.71462437411748,-471.37404568724656,-0.0,-0.0,230.39512798530342,0.0,2.0,0.018213656192580016,0.0,0.0,0.33892756346526126,131.99922844444444,43.26429332782563,0.20189561948117657,10.697206373319549,0.0032429505117082657,41.26426424631916,1.2133394855880384
2025-01-01 03:48:00,0.1020974307337674,0.06578607817476023,0.0,0.00170162384556279,0.0010964346362460039,0.0,0.011445247448901831,0.0,0.09065218328486556,0.0,0.0,0.0,0.06578607817476023,0.0,1,0,0,Off,0,0,Off,0,0,Off,0.03483575385813119,0.026126815393598384,On,0.0,0,Off,0.0027153942799707604,0.0,On,0.008729853168931071,0,On,0.002937412385185223,0,On,0.05287901704154915,0.03965926278116185,On,0,0,Off,Off,0.0,22.222222222222285,0.0,0.0,0.0,0.0,0,0.0,1667.2815511111112,Off,0.0,0.0,31.468057264325065,51.666666666666686,46.10666666666668,0.0,49.785551104677616,0.0,0.0,0.0,31.468057264325065,49.02441810313873,49.785551104677616,48.64385160236928,12.43753247303448,22.0002384973477,0.0,2.2,-197.47537685857424,-471.03045615357536,-0.0,-0.0,230.39512798530342,0.0,2.0,0.018209005955788296,0.0,0.0,0.33884102985505754,131.99922844444444,43.15995130969773,0.20202897126885347,10.692819102580458,0.0032432370511841268,41.26354342954632,1.2133778534343875
2025-01-01 03:49:00,0.1020974307337674,0.06578607817476023,0.0,0.00170162384556279,0.0010964346362460039,0.0,0.011445247448901831,0.0,0.09065218328486556,0.0,0.0,0.0,0.06578607817476023,0.0,1,0,0,Off,0,0,Off,0,0,Off,0.03483575385813119,0.026126815393598384,On,0.0,0,Off,0.0027153942799707604,0.0,On,0.008729853168931071,0,On,0.002937412385185223,0,On,0.05287901704154915,0.03965926278116185,On,0,0,Off,Off,0.0,22.222222222222285,0.0,0.0,0.0,0.0,0,0.0,1667.2815511111112,Off,0.0,0.0,31.473792315106138,51.666666666666686,46.10666666666668,0.0,49.78070388626509,0.0,0.0,0.0,31.473792315106138,49.020001824937935,49.78070388626509,48.639650794274374,12.43753247303448,21.99088023991352,0.0,2.2,-197.23690140300585,-470.6879138065196,-0.0,-0.0,230.39512798530342,0.0,2.0,0.018204368014230803,0.0,0.0,0.3387547250398708,131.99922844444444,43.05588441821038,0.2021620979922197,10.68916581831565,0.0032435235765942106,41.26278984072051,1.2134161173725317
2025-01-01 03:50:00,0.1020974307337674,0.06578607817476023,0.0,0.00170162384556279,0.0010964346362460039,0.0,0.011445247448901831,0.0,0.09065218328486556,0.0,0.0,0.0,0.06578607817476023,0.0,1,0,0,Off,0,0,Off,0,0,Off,0.03483575385813119,0.026126815393598384,On,0.0,0,Off,0.0027153942799707604,0.0,On,0.008729853168931071,0,On,0.002937412385185223,0,On,0.05287901704154915,0.03965926278116185,On,0,0,Off,Off,0.0,22.222222222222285,0.0,0.0,0.0,0.0,0,0.0,1667.2815511111112,Off,0.0,0.0,31.47949665573185,51.666666666666686,46.10666666666668,0.0,49.77585591173431,0.0,0.0,0.0,31.47949665573185,49.01558474187083,49.77585591173431,48.635449156939096,12.43753247303448,21.981547574323525,0.0,2.2,-196.99918838329575,-470.3464076653226,-0.0,-0.0,230.39512798530342,0.0,2.0,0.018199742234325068,0.0,0.0,0.3386686465339409,131.99922844444444,42.95209129672336,0.2022950024398392,10.685525175534387,0.0032438100877363865,41.262003914574805,1.213454278525218
2025-01-01 03:51:00,0.1020974307337674,0.06578607817476023,0.0,0.00170162384556279,0.0010964346362460039,0.0,0.011445247448901831,0.0,0.09065218328486556,0.0,0.0,0.0,0.06578607817476023,0.0,1,0,0,Off,0,0,Off,0,0,Off,0.03483575385813119,0.026126815393598384,On,0.0,0,Off,0.0027153942799707604,0.0,On,0.008729853168931071,0,On,0.002937412385185223,0,On,0.05287901704154915,0.03965926278116185,On,0,0,Off,Off,0.0,22.222222222222285,0.0,0.0,0.0,0.0,0,0.0,1667.2815511111112,Off,0.0,0.0,31.485170609606612,51.666666666666686,46.10666666666668,0.0,49.771007185638894,0.0,0.0,0.0,31.485170609606612,49.01116685824731,49.771007185638894,48.631246694551514,12.43753247303448,21.972240226907953,0.0,2.2,-196.76222882328182,-470.0059269172778,-0.0,-0.0,230.39512798530342,0.0,2.0,0.018195128484507526,0.0,0.0,0.3385827918890765,131.99922844444444,42.84857010869254,0.20242768735901093,10.681897033560706,0.0032440965844112925,41.26118607924753,1.213492337998197
2025-01-01 03:52:00,0.1020974307337674,0.06578607817476023,0.0,0.00170162384556279,0.0010964346362460039,0.0,0.011445247448901831,0.0,0.09065218328486556,0.0,0.0,0.0,0.06578607817476023,0.0,1,0,0,Off,0,0,Off,0,0,Off,0.03483575385813119,0.026126815393598384,On,0.0,0,Off,0.0027153942799707604,0.0,On,0.008729853168931071,0,On,0.002937412385185223,0,On,0.05287901704154915,0.03965926278116185,On,0,0,Off,Off,0.0,22.222222222222285,0.0,0.0,0.0,0.0,0,0.0,1667.2815511111112,Off,0.0,0.0,31.490814495190047,51.666666666666686,46.10666666666668,0.0,49.76615771248433,0.0,0.0,0.0,31.490814495190047,49.00674817833189,49.76615771248433,48.62704341125567,12.43753247303448,21.962957928210063,0.0,2.2,-196.52601381818863,-469.6664609173359,-0.0,-0.0,230.39512798530342,0.0,2.0,0.018190526635233732,0.0,0.0,0.33849715869465846,131.99922844444444,42.745319113843806,0.20256015545557804,10.67828125388688,0.0032443830664222934,41.260336756274945,1.2135302968802257
2025-01-01 03:53:00,0.1020974307337674,0.06578607817476023,0.0,0.00170162384556279,0.0010964346362460039,0.0,0.011445247448901831,0.0,0.09065218328486556,0.0,0.0,0.0,0.06578607817476023,0.0,1,0,0,Off,0,0,Off,0,0,Off,0.03483575385813119,0.026126815393598384,On,0.0,0,Off,0.0027153942799707604,0.0,On,0.008729853168931071,0,On,0.002937412385185223,0,On,0.05287901704154915,0.03965926278116185,On,0,0,Off,Off,0.0,22.222222222222285,0.0,0.0,0.0,0.0,0,0.0,1667.2815511111112,Off,0.0,0.0,31.496428625963183,51.666666666666686,46.10666666666668,0.0,49.761307496728705,0.0,0.0,0.0,31.496428625963183,49.00232870634441,49.761307496728705,48.62283931115227,12.43753247303448,21.953700412996973,0.0,2.2,-196.290534341095,-469.3279991882055,-0.0,-0.0,230.39512798530342,0.0,2.0,0.018185936558985264,0.0,0.0,0.3384117445777693,131.99922844444444,42.64233686180707,0.20269240939356878,10.673958397688814,0.0032446695335754385,41.25945636056109,1.2135681562430172
2025-01-01 03:54:00,0.1020974307337674,0.06578607817476023,0.0,0.00170162384556279,0.0010964346362460039,0.0,0.011445247448901831,0.0,0.09065218328486556,0.0,0.0,0.0,0.06578607817476023,0.0,1,0,0,Off,0,0,Off,0,0,Off,0.03483575385813119,0.026126815393598384,On,0.0,0,Off,0.0027153942799707604,0.0,On,0.008729853168931071,0,On,0.002937412385185223,0,On,0.05287901704154915,0.03965926278116185,On,0,0,Off,Off,0.0,22.222222222222285,0.0,0.0,0.0,0.0,0,0.0,1667.2815511111112,Off,0.0,0.0,31.50201331051289,51.666666666666686,46.10666666666668,0.0,49.756456542783475,0.0,0.0,0.0,31.50201331051289,48.99790844646072,49.756456542783475,48.61863439829934,12.43753247303448,21.9444674202698,0.0,2.2,-196.055781301146,-468.9905314204296,-0.0,-0.0,230.39512798530342,0.0,2.0,0.018181358130276232,0.0,0.0,0.3383265472033133,131.99922844444444,42.53962213398021,0.20282445179484404,10.670367249723915,0.003244955985679419,41.25854530034883,1.2136059171411908
2025-01-01 03:55:00,0.1020974307337674,0.06578607817476023,0.0,0.00170162384556279,0.0010964346362460039,0.0,0.011445247448901831,0.0,0.09065218328486556,0.0,0.0,0.0,0.06578607817476023,0.0,1,0,0,Off,0,0,Off,0,0,Off,0.03483575385813119,0.026126815393598384,On,0.0,0,Off,0.0027153942799707604,0.0,On,0.008729853168931071,0,On,0.002937412385185223,0,On,0.05287901704154915,0.03965926278116185,On,0,0,Off,Off,0.0,22.222222222222285,0.0,0.0,0.0,0.0,0,0.0,1667.2815511111112,Off,0.0,0.0,31.507568852447434,51.666666666666686,46.10666666666668,0.0,49.75160485501417,0.0,0.0,0.0,31.507568852447434,48.99348740281333,49.75160485501417,48.61442867671292,12.43753247303448,21.935258693264313,0.0,2.2,-195.82174562250668,-468.6540474721189,-0.0,-0.0,230.39512798530342,0.0,2.0,0.018176791225655124,0.0,0.0,0.3382415642740516,131.99922844444444,42.437173864308846,0.20295628523886816,10.666788060857453,0.003245242422545526,41.25760397720698,1.2136435806122627
2025-01-01 03:56:00,0.1020974307337674,0.06578607817476023,0.0,0.00170162384556279,0.0010964346362460039,0.0,0.011445247448901831,0.0,0.09065218328486556,0.0,0.0,0.0,0.06578607817476023,0.0,1,0,0,Off,0,0,Off,0,0,Off,0.03483575385813119,0.026126815393598384,On,0.0,0,Off,0.0027153942799707604,0.0,On,0.008729853168931071,0,On,0.002937412385185223,0,On,0.05287901704154915,0.03965926278116185,On,0,0,Off,Off,0.0,22.222222222222285,0.0,0.0,0.0,0.0,0,0.0,1667.2815511111112,Off,0.0,0.0,31.513095550244664,51.666666666666686,46.10666666666668,0.0,49.74675243774115,0.0,0.0,0.0,31.513095550244664,48.989065579492184,49.74675243774115,48.610222150367704,12.43753247303448,21.92607397944204,0.0,2.2,-195.58841827555057,-468.31853736833546,-0.0,-0.0,230.39512798530342,0.0,2.0,0.018172235723701826,0.0,0.0,0.33815679353054645,131.99922844444444,42.33499110748153,0.20308791226259107,10.663220701303324,0.003245528843987607,41.256632786033876,1.2136811476766742
2025-01-01 03:57:00,0.1020974307337674,0.06578607817476023,0.0,0.00170162384556279,0.0010964346362460039,0.0,0.011445247448901831,0.0,0.09065218328486556,0.0,0.0,0.0,0.06578607817476023,0.0,1,0,0,Off,0,0,Off,0,0,Off,0.03483575385813119,0.026126815393598384,On,0.0,0,Off,0.0027153942799707604,0.0,On,0.008729853168931071,0,On,0.002937412385185223,0,On,0.05287901704154915,0.03965926278116185,On,0,0,Off,Off,0.0,22.222222222222285,0.0,0.0,0.0,0.0,0,0.0,1667.2815511111112,Off,0.0,0.0,31.51859369760634,51.666666666666686,46.10666666666668,0.0,49.741899295240344,0.0,0.0,0.0,31.51859369760634,48.9846429805453,49.741899295240344,48.60601482319778,12.43753247303448,21.916913030474202,0.0,2.2,-195.35579028325827,-467.98399130022153,-0.0,-0.0,230.39512798530342,0.0,2.0,0.01816769150502116,0.0,0.0,0.3380722327510408,131.99922844444444,42.23307303165984,0.20321933536043998,10.659665043444843,0.003245815249822024,41.25563211507286,1.2137186193378535
2025-01-01 03:58:00,0.1020974307337674,0.06578607817476023,0.0,0.00170162384556279,0.0010964346362460039,0.0,0.011445247448901831,0.0,0.09065218328486556,0.0,0.0,0.0,0.06578607817476023,0.0,1,0,0,Off,0,0,Off,0,0,Off,0.03483575385813119,0.026126815393598384,On,0.0,0,Off,0.0027153942799707604,0.0,On,0.008729853168931071,0,On,0.002937412385185223,0,On,0.05287901704154915,0.03965926278116185,On,0,0,Off,Off,0.0,22.222222222222285,0.0,0.0,0.0,0.0,0,0.0,1667.2815511111112,Off,0.0,0.0,31.524063583221945,51.666666666666686,46.10666666666668,0.0,49.737045431743994,0.0,0.0,0.0,31.524063583221945,48.9802196099795,49.737045431743994,48.60180669909725,12.43753247303448,21.907775602219935,0.0,2.2,-195.12385272696872,-467.6503996239201,-0.0,-0.0,230.39512798530342,0.0,2.0,0.018163158452233527,0.0,0.0,0.33798787975128464,131.99922844444444,42.13141891164794,0.2033505569843559,10.655403221598686,0.0032461016398676107,41.25460234593798,1.2137559965822946
2025-01-01 03:59:00,0.1020974307337674,0.06578607817476023,0.0,0.00170162384556279,0.0010964346362460039,0.0,0.011445247448901831,0.0,0.09065218328486556,0.0,0.0,0.0,0.06578607817476023,0.0,1,0,0,Off,0,0,Off,0,0,Off,0.03483575385813119,0.026126815393598384,On,0.0,0,Off,0.0027153942799707604,0.0,On,0.008729853168931071,0,On,0.002937412385185223,0,On,0.05287901704154915,0.03965926278116185,On,0,0,Off,Off,0.0,22.222222222222285,0.0,0.0,0.0,0.0,0,0.0,1667.2815511111112,Off,0.0,0.0,31.52950549092048,51.666666666666686,46.10666666666668,0.0,49.73219085144138,0.0,0.0,0.0,31.52950549092048,48.975795471761074,49.73219085144138,48.597597781920925,12.43753247303448,21.898661454699393,0.0,2.2,-194.89259675587743,-467.3177528593133,-0.0,-0.0,230.39512798530342,0.0,2.0,0.018158636449962975,0.0,0.0,0.3379037323843125,131.99922844444444,42.03002811813252,0.20348157954392276,10.651870903181283,0.00324638801394563,41.25354385364819,1.2137932803796652
2025-01-01 04:00:00,0.10115592387273684,0.06507994802898731,0.0,0.0016859320645456139,0.001084665800483122,0.0,0.011445247448901831,0.0,0.089710676423835,0.0,0.0,0.0,0.06507994802898731,0.0,1,0,0,Off,0,0,Off,0,0,Off,0.03389424699710062,0.025420685247825456,On,0.0,0,Off,0.0027153942799707604,0.0,On,0.008729853168931071,0,On,0.002937412385185223,0,On,0.05287901704154915,0.03965926278116185,On,0,0,Off,Off,0.0,22.222222222222285,0.0,0.0,0.0,0.0,0,0.0,1667.2815511111112,Off,0.0,0.0,31.5349196997043,51.666666666666686,46.10666666666668,0.0,49.72733555847954,0.0,0.0,0.0,31.5349196997043,48.97137056981649,49.72733555847954,48.59338807548498,12.43753247303448,21.88957035206188,0.0,2.2,-261.6031346804509,-466.98604168858407,-0.0,-0.0,163.45400690205062,0.0,1.0,0.01815412538482282,0.0,0.0,0.33781978854017597,65.99961422222222,41.928900106082466,0.2036124054065346,10.648349915796828,0.003246674371879732,-9.976373215551963,1.2138304716829273
2025-01-01 04:01:00,0.10115592387273684,0.06507994802898731,0.0,0.0016859320645456139,0.001084665800483122,0.0,0.011445247448901831,0.0,0.089710676423835,0.0,0.0,0.0,0.06507994802898731,0.0,1,0,0,Off,0,0,Off,0,0,Off,0.03389424699710062,0.025420685247825456,On,0.0,0,Off,0.0027153942799707604,0.0,On,0.008729853168931071,0,On,0.002937412385185223,0,On,0.05287901704154915,0.03965926278116185,On,0,0,Off,Off,0.0,22.222222222222285,0.0,0.0,0.0,0.0,0,0.0,1667.2815511111112,Off,0.0,0.0,31.543118538597767,51.666666666666686,46.10666666666668,0.0,49.72247955696399,0.0,0.0,0.0,31.543118538597767,48.96694490803308,49.72247955696399,48.589177583567626,12.43753247303448,21.878085113544177,0.0,2.2,-261.2122635623675,-466.5671095639073,-0.0,-0.0,163.45400690205062,0.0,1.0,0.018148425624254876,0.0,0.0,0.3377137249392601,65.99961422222222,41.90083909948915,0.20375090405340354,10.642953941308903,0.0032466051238630696,-9.952803159499094,1.21387777592631
2025-01-01 04:02:00,0.10115592387273684,0.06507994802898731,0.0,0.0016859320645456139,0.001084665800483122,0.0,0.011445247448901831,0.0,0.089710676423835,0.0,0.0,0.0,0.06507994802898731,0.0,1,0,0,Off,0,0,Off,0,0,Off,0.03389424699710062,0.025420685247825456,On,0.0,0,Off,0.0027153942799707604,0.0,On,0.008729853168931071,0,On,0.002937412385185223,0,On,0.05287901704154915,0.03965926278116185,On,0,0,Off,Off,0.0,22.222222222222285,0.0,0.0,0.0,0.0,0,0.0,1667.2815511111112,Off,0.0,0.0,31.551212127079925,51.666666666666686,46.10666666666668,0.0,49.717622432999306,0.0,0.0,0.0,31.551212127079925,48.96251809561131,49.717622432999306,48.58496592691731,12.43753247303448,21.866689187460683,0.0,2.2,-260.80333165017134,-466.1515841122191,-0.0,-0.0,163.45400690205062,0.0,1.0,0.018142769403584346,0.0,0.0,0.33760847154751844,65.99961422222222,41.894245559997174,0.20388840792959692,10.638320601827516,0.0032465360421431023,-9.92939466970397,1.2139247162313118
2025-01-01 04:03:00,0.10115592387273684,0.06507994802898731,0.0,0.0016859320645456139,0.001084665800483122,0.0,0.011445247448901831,0.0,0.089710676423835,0.0,0.0,0.0,0.06507994802898731,0.0,1,0,0,Off,0,0,Off,0,0,Off,0.03389424699710062,0.025420685247825456,On,0.0,0,Off,0.0027153942799707604,0.0,On,0.008729853168931071,0,On,0.002937412385185223,0,On,0.05287901704154915,0.03965926278116185,On,0,0,Off,Off,0.0,22.222222222222285,0.0,0.0,0.0,0.0,0,0.0,1667.2815511111112,Off,0.0,0.0,31.559203675567915,51.666666666666686,46.10666666666668,0.0,49.712764202222715,0.0,0.0,0.0,31.559203675567915,48.958090147322196,49.712764202222715,48.58075311987195,12.43753247303448,21.85537982934501,0.0,2.2,-260.4083515044833,-465.739361854268,-0.0,-0.0,163.45400690205062,0.0,1.0,0.018137155378361948,0.0,0.0,0.33750400334685954,65.99961422222222,41.87700344773417,0.20402494872503,10.633015258996064,0.003246467125564832,-9.906143027601697,1.2139713038076714
2025-01-01 04:04:00,0.10115592387273684,0.06507994802898731,0.0,0.0016859320645456139,0.001084665800483122,0.0,0.011445247448901831,0.0,0.089710676423835,0.0,0.0,0.0,0.06507994802898731,0.0,1,0,0,Off,0,0,Off,0,0,Off,0.03389424699710062,0.025420685247825456,On,0.0,0,Off,0.0027153942799707604,0.0,On,0.008729853168931071,0,On,0.002937412385185223,0,On,0.05287901704154915,0.03965926278116185,On,0,0,Off,Off,0.0,22.222222222222285,0.0,0.0,0.0,0.0,0,0.0,1667.2815511111112,Off,0.0,0.0,31.567097533895964,51.666666666666686,46.10666666666668,0.0,49.7079048797941,0.0,0.0,0.0,31.567097533895964,48.95366107748622,49.7079048797941,48.57653917633228,12.43753247303448,21.844153314808953,0.0,2.2,-260.0283315745975,-465.3303037788082,-0.0,-0.0,163.45400690205062,0.0,1.0,0.018131581716731484,0.0,0.0,0.3374002862493136,65.99961422222222,41.847965302159984,0.20416057046802671,10.628468518410704,0.003246398373006926,-9.883041845332247,1.2140175539019566
2025-01-01 04:05:00,0.10115592387273684,0.06507994802898731,0.0,0.0016859320645456139,0.001084665800483122,0.0,0.011445247448901831,0.0,0.089710676423835,0.0,0.0,0.0,0.06507994802898731,0.0,1,0,0,Off,0,0,Off,0,0,Off,0.03389424699710062,0.025420685247825456,On,0.0,0,Off,0.0027153942799707604,0.0,On,0.008729853168931071,0,On,0.002937412385185223,0,On,0.05287901704154915,0.03965926278116185,On,0,0,Off,Off,0.0,22.222222222222285,0.0,0.0,0.0,0.0,0,0.0,1667.2815511111112,Off,0.0,0.0,31.574897847625106,51.666666666666686,46.10666666666668,0.0,49.703044480226616,0.0,0.0,0.0,31.574897847625106,48.94923089981335,49.703044480226616,48.572324109606726,12.43753247303448,21.833006094510818,0.0,2.2,-259.6573164558483,-464.9242774636416,-0.0,-0.0,163.45400690205062,0.0,1.0,0.01812604667264138,0.0,0.0,0.3372972877636007,65.99961422222222,41.81295410574269,0.20429531515882396,10.623246670518693,0.003246329783393518,-9.860085033913808,1.2140634810455049
2025-01-01 04:06:00,0.10115592387273684,0.06507994802898731,0.0,0.0016859320645456139,0.001084665800483122,0.0,0.011445247448901831,0.0,0.089710676423835,0.0,0.0,0.0,0.06507994802898731,0.0,1,0,0,Off,0,0,Off,0,0,Off,0.03389424699710062,0.025420685247825456,On,0.0,0,Off,0.0027153942799707604,0.0,On,0.008729853168931071,0,On,0.002937412385185223,0,On,0.05287901704154915,0.03965926278116185,On,0,0,Off,Off,0.0,22.222222222222285,0.0,0.0,0.0,0.0,0,0.0,1667.2815511111112,Off,0.0,0.0,31.582608288238543,51.666666666666686,46.10666666666668,0.0,49.69818301741709,0.0,0.0,0.0,31.582608288238543,48.944799627431806,49.69818301741709,48.56810793243917,12.43753247303448,21.821935026023148,0.0,2.2,-259.2926825945542,-464.5211655023325,-0.0,-0.0,163.45400690205062,0.0,1.0,0.018120548701074744,0.0,0.0,0.33719497913938057,65.99961422222222,41.774476005727706,0.20442921986390641,10.618064181019118,0.0032462613556920763,-9.837267198396983,1.2141090980996994
2025-01-01 04:07:00,0.10115592387273684,0.06507994802898731,0.0,0.0016859320645456139,0.001084665800483122,0.0,0.011445247448901831,0.0,0.089710676423835,0.0,0.0,0.0,0.06507994802898731,0.0,1,0,0,Off,0,0,Off,0,0,Off,0.03389424699710062,0.025420685247825456,On,0.0,0,Off,0.0027153942799707604,0.0,On,0.008729853168931071,0,On,0.002937412385185223,0,On,0.05287901704154915,0.03965926278116185,On,0,0,Off,Off,0.0,22.222222222222285,0.0,0.0,0.0,0.0,0,0.0,1667.2815511111112,Off,0.0,0.0,31.590232220826564,51.666666666666686,46.10666666666668,0.0,49.69332050471647,0.0,0.0,0.0,31.590232220826564,48.94036727295452,49.69332050471647,48.56389065707354,12.43753247303448,21.81093722965501,0.0,2.2,-258.93421980147264,-464.12086022859677,-0.0,-0.0,163.45400690205062,0.0,1.0,0.01811508638658538,0.0,0.0,0.3370933340374205,65.99961422222222,41.73263352507355,0.20456231849664092,10.613634326887851,0.0032461930889084775,-9.81458339215077,1.2141544168487566
2025-01-01 04:08:00,0.10115592387273684,0.06507994802898731,0.0,0.0016859320645456139,0.001084665800483122,0.0,0.011445247448901831,0.0,0.089710676423835,0.0,0.0,0.0,0.06507994802898731,0.0,1,0,0,Off,0,0,Off,0,0,Off,0.03389424699710062,0.025420685247825456,On,0.0,0,Off,0.0027153942799707604,0.0,On,0.008729853168931071,0,On,0.002937412385185223,0,On,0.05287901704154915,0.03965926278116185,On,0,0,Off,Off,0.0,22.222222222222285,0.0,0.0,0.0,0.0,0,0.0,1667.2815511111112,Off,0.0,0.0,31.59777282252583,51.666666666666686,46.10666666666668,0.0,49.688456954975386,0.0,0.0,0.0,31.59777282252583,48.935933848522154,49.688456954975386,48.55967229529555,12.43753247303448,21.800009986839736,0.0,2.2,-258.5820019168574,-463.72326000064606,-0.0,-0.0,163.45400690205062,0.0,1.0,0.018109658392919104,0.0,0.0,0.33699232759212666,65.99961422222222,41.68725118173806,0.20469464307404378,10.608525819007689,0.0032461249820838214,-9.792028943684418,1.2141994484175627
2025-01-01 04:09:00,0.10115592387273684,0.06507994802898731,0.0,0.0016859320645456139,0.001084665800483122,0.0,0.011445247448901831,0.0,0.089710676423835,0.0,0.0,0.0,0.06507994802898731,0.0,1,0,0,Off,0,0,Off,0,0,Off,0.03389424699710062,0.025420685247825456,On,0.0,0,Off,0.0027153942799707604,0.0,On,0.008729853168931071,0,On,0.002937412385185223,0,On,0.05287901704154915,0.03965926278116185,On,0,0,Off,Off,0.0,22.222222222222285,0.0,0.0,0.0,0.0,0,0.0,1667.2815511111112,Off,0.0,0.0,31.605233106062137,51.666666666666686,46.10666666666668,0.0,49.68359238057209,0.0,0.0,0.0,31.605233106062137,48.931499365829524,49.68359238057209,48.55545285845825,12.43753247303448,21.78915071987915,0.0,2.2,-258.23581816274805,-463.32826845224037,-0.0,-0.0,163.45400690205062,0.0,1.0,0.01810426345301413,0.0,0.0,0.3368919362254674,65.99961422222222,41.63844338744168,0.2048262239613425,10.603452419301036,0.003246057034292471,-9.76959942213237,1.2142442033547645
2025-01-01 04:10:00,0.10115592387273684,0.06507994802898731,0.0,0.0016859320645456139,0.001084665800483122,0.0,0.011445247448901831,0.0,0.089710676423835,0.0,0.0,0.0,0.06507994802898731,0.0,1,0,0,Off,0,0,Off,0,0,Off,0.03389424699710062,0.025420685247825456,On,0.0,0,Off,0.0027153942799707604,0.0,On,0.008729853168931071,0,On,0.002937412385185223,0,On,0.05287901704154915,0.03965926278116185,On,0,0,Off,Off,0.0,22.222222222222285,0.0,0.0,0.0,0.0,0,0.0,1667.2815511111112,Off,0.0,0.0,31.612615918720905,51.666666666666686,46.10666666666668,0.0,49.67872679343689,0.0,0.0,0.0,31.612615918720905,48.927063836148605,49.67872679343689,48.55123235750447,12.43753247303448,21.778356992830318,0.0,2.2,-257.8953256886781,-462.93579451414746,-0.0,-0.0,163.45400690205062,0.0,1.0,0.01809890036949792,0.0,0.0,0.3367921376562186,65.99961422222222,41.58646192341871,0.20495708985305888,10.599126664071957,0.0032459892446403387,-9.747290638774462,1.2142886916288584
2025-01-01 04:11:00,0.10115592387273684,0.06507994802898731,0.0,0.0016859320645456139,0.001084665800483122,0.0,0.011445247448901831,0.0,0.089710676423835,0.0,0.0,0.0,0.06507994802898731,0.0,1,0,0,Off,0,0,Off,0,0,Off,0.03389424699710062,0.025420685247825456,On,0.0,0,Off,0.0027153942799707604,0.0,On,0.008729853168931071,0,On,0.002937412385185223,0,On,0.05287901704154915,0.03965926278116185,On,0,0,Off,Off,0.0,22.222222222222285,0.0,0.0,0.0,0.0,0,0.0,1667.2815511111112,Off,0.0,0.0,31.619923947511413,51.666666666666686,46.10666666666668,0.0,49.67386020507674,0.0,0.0,0.0,31.619923947511413,48.922627270351775,49.67386020507674,48.5470108029893,12.43753247303448,21.76762650708391,0.0,2.2,-257.5601933129406,-462.5457522428449,-0.0,-0.0,163.45400690205062,0.0,1.0,0.018093568012545164,0.0,0.0,0.3366929108601039,65.99961422222222,41.531552027853735,0.20508726782070688,10.594119431307089,0.003245921612263164,-9.725098639503766,1.2143329226461366
2025-01-01 04:12:00,0.10115592387273684,0.06507994802898731,0.0,0.0016859320645456139,0.001084665800483122,0.0,0.011445247448901831,0.0,0.089710676423835,0.0,0.0,0.0,0.06507994802898731,0.0,1,0,0,Off,0,0,Off,0,0,Off,0.03389424699710062,0.025420685247825456,On,0.0,0,Off,0.0027153942799707604,0.0,On,0.008729853168931071,0,On,0.002937412385185223,0,On,0.05287901704154915,0.03965926278116185,On,0,0,Off,Off,0.0,22.222222222222285,0.0,0.0,0.0,0.0,0,0.0,1667.2815511111112,Off,0.0,0.0,31.627159729798993,51.666666666666686,46.10666666666668,0.0,49.6689926265991,0.0,0.0,0.0,31.627159729798993,48.91818967893434,49.6689926265991,48.54278820510196,12.43753247303448,21.75695709234625,0.0,2.2,-257.2301307097291,-462.15806048277767,-0.0,-0.0,163.45400690205062,0.0,1.0,0.018088265315448437,0.0,0.0,0.33659423598737187,65.99961422222222,41.47392287099795,0.20521678341854335,10.589143717245125,0.003245854136324842,-9.703019689455846,1.2143769052875761
2025-01-01 04:13:00,0.10115592387273684,0.06507994802898731,0.0,0.0016859320645456139,0.001084665800483122,0.0,0.011445247448901831,0.0,0.089710676423835,0.0,0.0,0.0,0.06507994802898731,0.0,1,0,0,Off,0,0,Off,0,0,Off,0.03389424699710062,0.025420685247825456,On,0.0,0,Off,0.0027153942799707604,0.0,On,0.008729853168931071,0,On,0.002937412385185223,0,On,0.05287901704154915,0.03965926278116185,On,0,0,Off,Off,0.0,22.222222222222285,0.0,0.0,0.0,0.0,0,0.0,1667.2815511111112,Off,0.0,0.0,31.634325663987838,51.666666666666686,46.10666666666668,0.0,49.66412406873414,0.0,0.0,0.0,31.634325663987838,48.91375107203547,49.66412406873414,48.53856457368614,12.43753247303448,21.746346697271964,0.0,2.2,-256.90487693986324,-461.77264251678156,-0.0,-0.0,163.45400690205062,0.0,1.0,0.018082991270010673,0.0,0.0,0.336496094277057,65.99961422222222,41.41375867486776,0.205345660794301,10.584911304066495,0.003245786816015863,-9.681050257039434,1.2144206479471849
2025-01-01 04:14:00,0.10115592387273684,0.06507994802898731,0.0,0.0016859320645456139,0.001084665800483122,0.0,0.011445247448901831,0.0,0.089710676423835,0.0,0.0,0.0,0.06507994802898731,0.0,1,0,0,Off,0,0,Off,0,0,Off,0.03389424699710062,0.025420685247825456,On,0.0,0,Off,0.0027153942799707604,0.0,On,0.008729853168931071,0,On,0.002937412385185223,0,On,0.05287901704154915,0.03965926278116185,On,0,0,Off,Off,0.0,22.222222222222285,0.0,0.0,0.0,0.0,0,0.0,1667.2815511111112,Off,0.0,0.0,31.641424019630065,51.666666666666686,46.10666666666668,0.0,49.65925454185543,0.0,0.0,0.0,31.641424019630065,48.909311459457776,49.65925454185543,48.53433991825895,12.43753247303448,21.73579338115047,0.0,2.2,-256.5841895623272,-461.38942575562817,-0.0,-0.0,163.45400690205062,0.0,1.0,0.018077744922457072,0.0,0.0,0.3363984679809069,65.99961422222222,41.35122929125034,0.20547392278732599,10.57999516957567,0.003245719650551868,-9.659186999761953,1.2144641585660336
2025-01-01 04:15:00,0.10115592387273684,0.06507994802898731,0.0,0.0016859320645456139,0.001084665800483122,0.0,0.011445247448901831,0.0,0.089710676423835,0.0,0.0,0.0,0.06507994802898731,0.0,1,0,0,Off,0,0,Off,0,0,Off,0.03389424699710062,0.025420685247825456,On,0.0,0,Off,0.0027153942799707604,0.0,On,0.008729853168931071,0,On,0.002937412385185223,0,On,0.05287901704154915,0.03965926278116185,On,0,0,Off,Off,0.0,22.222222222222285,0.0,0.0,0.0,0.0,0,0.0,1667.2815511111112,Off,0.0,0.0,31.648456945492637,51.666666666666686,46.10666666666668,0.0,49.654384055999095,0.0,0.0,0.0,31.648456945492637,48.904870850685334,49.654384055999095,48.53011424802846,12.43753247303448,21.72529530655346,0.0,2.2,-256.2678403209743,-461.0083414632088,-0.0,-0.0,163.45400690205062,0.0,1.0,0.01807252536982091,0.0,0.0,0.33630134029612746,65.99961422222222,41.286494240183856,0.20560159101518022,10.57510752344864,0.0032456526391723,-9.637426751691859,1.2145074446623436
2025-01-01 04:16:00,0.10115592387273684,0.06507994802898731,0.0,0.0016859320645456139,0.001084665800483122,0.0,0.011445247448901831,0.0,0.089710676423835,0.0,0.0,0.0,0.06507994802898731,0.0,1,0,0,Off,0,0,Off,0,0,Off,0.03389424699710062,0.025420685247825456,On,0.0,0,Off,0.0027153942799707604,0.0,On,0.008729853168931071,0,On,0.002937412385185223,0,On,0.05287901704154915,0.03965926278116185,On,0,0,Off,Off,0.0,22.222222222222285,0.0,0.0,0.0,0.0,0,0.0,1667.2815511111112,Off,0.0,0.0,31.655426477641246,51.666666666666686,46.10666666666668,0.0,49.64951262088174,0.0,0.0,0.0,31.655426477641246,48.90042925490067,49.64951262088174,48.52588757191015,12.43753247303448,21.714850732650746,-0.007371489571539769,2.2,-255.9556143064022,-460.6293245066404,-0.0,-0.0,163.45400690205062,0.0,1.0,0.018067331756658138,0.0,0.0,0.33620469530424735,65.99961422222222,41.219703298187525,0.20572868595233573,10.570959370761852,0.0032455857811391504,-9.615766512058688,1.2145505133588368
2025-01-01 04:17:00,0.10115592387273684,0.06507994802898731,0.0,0.0016859320645456139,0.001084665800483122,0.0,0.011445247448901831,0.0,0.089710676423835,0.0,0.0,0.0,0.06507994802898731,0.0,1,0,0,Off,0,0,Off,0,0,Off,0.03389424699710062,0.025420685247825456,On,0.0,0,Off,0.0027153942799707604,0.0,On,0.008729853168931071,0,On,0.002937412385185223,0,On,0.05287901704154915,0.03965926278116185,On,0,0,Off,Off,0.0,22.222222222222285,0.0,0.0,0.0,0.0,0,0.0,1667.2815511111112,Off,0.0,0.0,31.66233454669719,51.666666666666686,46.10666666666668,0.0,49.64464024591724,0.0,0.0,0.0,31.66233454669719,48.895986681000565,49.64464024591724,48.52165989854223,12.43753247303448,21.704458009021934,-0.017764213200351264,2.2,-255.6473098161311,-460.2523131249632,-0.0,-0.0,163.45400690205062,0.0,1.0,0.01806216327200545,0.0,0.0,0.33610851791451174,65.99961422222222,41.150996406781516,0.20585522700306522,10.566125722396837,0.0032455190757357815,-9.594203434697501,1.2145933714080654
2025-01-01 04:18:00,0.10115592387273684,0.06507994802898731,0.0,0.0016859320645456139,0.001084665800483122,0.0,0.011445247448901831,0.0,0.089710676423835,0.0,0.0,0.0,0.06507994802898731,0.0,1,0,0,Off,0,0,Off,0,0,Off,0.03389424699710062,0.025420685247825456,On,0.0,0,Off,0.0027153942799707604,0.0,On,0.008729853168931071,0,On,0.002937412385185223,0,On,0.05287901704154915,0.03965926278116185,On,0,0,Off,Off,0.0,22.222222222222285,0.0,0.0,0.0,0.0,0,0.0,1667.2815511111112,Off,0.0,0.0,31.669182984402322,51.666666666666686,46.10666666666668,0.0,49.6397669402324,0.0,0.0,0.0,31.669182984402322,48.89154313761084,49.6397669402324,48.51743123630006,12.43753247303448,21.694115569898244,-0.028106652324041193,2.2,-255.34273779905266,-459.8772487139932,-0.0,-0.0,163.45400690205062,0.0,1.0,0.018057019146549357,0.0,0.0,0.33601279381120386,65.99961422222222,41.08050401288995,0.20598123256931675,10.56131798571679,0.0032454525222658276,-9.572734818225566,1.214636025215974
2025-01-01 04:19:00,0.10115592387273684,0.06507994802898731,0.0,0.0016859320645456139,0.001084665800483122,0.0,0.011445247448901831,0.0,0.089710676423835,0.0,0.0,0.0,0.06507994802898731,0.0,1,0,0,Off,0,0,Off,0,0,Off,0.03389424699710062,0.025420685247825456,On,0.0,0,Off,0.0027153942799707604,0.0,On,0.008729853168931071,0,On,0.002937412385185223,0,On,0.05287901704154915,0.03965926278116185,On,0,0,Off,Off,0.0,22.222222222222285,0.0,0.0,0.0,0.0,0,0.0,1667.2815511111112,Off,0.0,0.0,31.6759735300828,51.666666666666686,46.10666666666668,0.0,49.634892712681655,0.0,0.0,0.0,31.6759735300828,48.88709863310025,49.634892712681655,48.51320159330956,12.43753247303448,21.683821928814492,-0.038400293407793384,2.2,-255.04172093494537,-459.5040756265552,-0.0,-0.0,163.45400690205062,0.0,1.0,0.018051898649996685,0.0,0.0,0.33591750940471354,65.99961422222222,41.008347789559295,0.20610672011380837,10.556535387593437,0.003245386120052164,-9.551358096917536,1.2146784808637907
2025-01-01 04:20:00,0.10115592387273684,0.06507994802898731,0.0,0.0016859320645456139,0.001084665800483122,0.0,0.011445247448901831,0.0,0.089710676423835,0.0,0.0,0.0,0.06507994802898731,0.0,1,0,0,Off,0,0,Off,0,0,Off,0.03389424699710062,0.025420685247825456,On,0.0,0,Off,0.0027153942799707604,0.0,On,0.008729853168931071,0,On,0.002937412385185223,0,On,0.05287901704154915,0.03965926278116185,On,0,0,Off,Off,0.0,22.222222222222285,0.0,0.0,0.0,0.0,0,0.0,1667.2815511111112,Off,0.0,0.0,31.68270783610013,51.666666666666686,46.10666666666668,0.0,49.63001757186082,0.0,0.0,0.0,31.68270783610013,48.882653175593475,49.63001757186082,48.50897097745981,12.43753247303448,21.673575673652564,-0.04864654856972095,2.2,-254.74409269915924,-459.1327409873752,-0.0,-0.0,163.45400690205062,0.0,1.0,0.01804680108863731,0.0,0.0,0.3358226517861838,65.99961422222222,40.934641386165346,0.20623170621850334,10.552487874344836,0.003245319868435942,-9.530070832247421,1.2147207441283163
2025-01-01 04:21:00,0.10115592387273684,0.06507994802898731,0.0,0.0016859320645456139,0.001084665800483122,0.0,0.011445247448901831,0.0,0.089710676423835,0.0,0.0,0.0,0.06507994802898731,0.0,1,0,0,Off,0,0,Off,0,0,Off,0.03389424699710062,0.025420685247825456,On,0.0,0,Off,0.0027153942799707604,0.0,On,0.008729853168931071,0,On,0.002937412385185223,0,On,0.05287901704154915,0.03965926278116185,On,0,0,Off,Off,0.0,22.222222222222285,0.0,0.0,0.0,0.0,0,0.0,1667.2815511111112,Off,0.0,0.0,31.689387473437332,51.666666666666686,46.10666666666668,0.0,49.625141526120004,0.0,0.0,0.0,31.689387473437332,48.87820677298326,49.625141526120004,48.504739396414905,12.43753247303448,21.663375462047345,-0.058846760174940727,2.2,-254.44969656789544,-458.763194521536,-0.0,-0.0,163.45400690205062,0.0,1.0,0.018041725803084982,0.0,0.0,0.33572820868547115,65.99961422222222,40.85949105158993,0.20635620663885493,10.547753082457739,0.003245253766775685,-9.508870705047894,1.2147628205007261
2025-01-01 04:22:00,0.10115592387273684,0.06507994802898731,0.0,0.0016859320645456139,0.001084665800483122,0.0,0.011445247448901831,0.0,0.089710676423835,0.0,0.0,0.0,0.06507994802898731,0.0,1,0,0,Off,0,0,Off,0,0,Off,0.03389424699710062,0.025420685247825456,On,0.0,0,Off,0.0027153942799707604,0.0,On,0.008729853168931071,0,On,0.002937412385185223,0,On,0.05287901704154915,0.03965926278116185,On,0,0,Off,Off,0.0,22.222222222222285,0.0,0.0,0.0,0.0,0,0.0,1667.2815511111112,Off,0.0,0.0,31.696013936711257,51.666666666666686,46.10666666666668,0.0,49.62026458357573,0.0,0.0,0.0,31.696013936711257,48.873759432941924,49.62026458357573,48.50050685762502,12.43753247303448,21.65322001712291,-0.06900220509937682,2.2,-254.15838533574083,-458.3953883952956,-0.0,-0.0,163.45400690205062,0.0,1.0,0.018036672166180486,0.0,0.0,0.33563416843212673,65.99961422222222,40.782996157504115,0.2064802363541533,10.54304133384763,0.003245187814446437,-9.48775550823255,1.214804715204024
2025-01-01 04:23:00,0.10115592387273684,0.06507994802898731,0.0,0.0016859320645456139,0.001084665800483122,0.0,0.011445247448901831,0.0,0.089710676423835,0.0,0.0,0.0,0.06507994802898731,0.0,1,0,0,Off,0,0,Off,0,0,Off,0.03389424699710062,0.025420685247825456,On,0.0,0,Off,0.0027153942799707604,0.0,On,0.008729853168931071,0,On,0.002937412385185223,0,On,0.05287901704154915,0.03965926278116185,On,0,0,Off,Off,0.0,22.222222222222285,0.0,0.0,0.0,0.0,0,0.0,1667.2815511111112,Off,0.0,0.0,31.702588648560457,51.666666666666686,46.10666666666668,0.0,49.61538675212227,0.0,0.0,0.0,31.702588648560457,48.869311162931965,49.61538675212227,48.49627336833682,12.43753247303448,21.64310812353045,-0.07911409869183572,2.2,-253.870020489679,-458.0292770681938,-0.0,-0.0,163.45400690205062,0.0,1.0,0.01803163958104295,0.0,0.0,0.3355405199191339,65.99961422222222,40.70524967646408,0.20660380961434416,10.538351996442822,0.003245122010838967,-9.466723140031934,1.2148464332092652
2025-01-01 04:24:00,0.10115592387273684,0.06507994802898731,0.0,0.0016859320645456139,0.001084665800483122,0.0,0.011445247448901831,0.0,0.089710676423835,0.0,0.0,0.0,0.06507994802898731,0.0,1,0,0,Off,0,0,Off,0,0,Off,0.03389424699710062,0.025420685247825456,On,0.0,0,Off,0.0027153942799707604,0.0,On,0.008729853168931071,0,On,0.002937412385185223,0,On,0.05287901704154915,0.03965926278116185,On,0,0,Off,Off,0.0,22.222222222222285,0.0,0.0,0.0,0.0,0,0.0,1667.2815511111112,Off,0.0,0.0,31.70911296425251,51.666666666666686,46.10666666666668,0.0,49.61050803944233,0.0,0.0,0.0,31.70911296425251,48.86486197021629,49.61050803944233,48.492038935603276,12.43753247303448,21.63303862376361,-0.08918359845867485,2.2,-253.58447162093148,-457.6648171555397,-0.0,-0.0,163.45400690205062,0.0,1.0,0.01802662747925752,0.0,0.0,0.3354472525691843,65.99961422222222,40.62633863255763,0.2067269399835642,10.534393941519467,0.0032450563553590183,-9.445771597702599,1.214887979250636
2025-01-01 04:25:00,0.10115592387273684,0.06507994802898731,0.0,0.0016859320645456139,0.001084665800483122,0.0,0.011445247448901831,0.0,0.089710676423835,0.0,0.0,0.0,0.06507994802898731,0.0,1,0,0,Off,0,0,Off,0,0,Off,0.03389424699710062,0.025420685247825456,On,0.0,0,Off,0.0027153942799707604,0.0,On,0.008729853168931071,0,On,0.002937412385185223,0,On,0.05287901704154915,0.03965926278116185,On,0,0,Off,Off,0.0,22.222222222222285,0.0,0.0,0.0,0.0,0,0.0,1667.2815511111112,Off,0.0,0.0,31.7155881753968,51.666666666666686,46.10666666666668,0.0,49.60562845301711,0.0,0.0,0.0,31.7155881753968,48.86041186186756,49.60562845301711,48.4878035662928,12.43753247303448,21.62301041472972,-0.09921180749256564,2.2,-253.3016158770929,-457.30196730047226,-0.0,-0.0,163.45400690205062,0.0,1.0,0.018021635319188815,0.0,0.0,0.33535435630329324,65.99961422222222,40.54634452132882,0.20684964038068865,10.529747350261559,0.003244990847426605,-9.424898971672238,1.2149293578394929
2025-01-01 04:26:00,0.10115592387273684,0.06507994802898731,0.0,0.0016859320645456139,0.001084665800483122,0.0,0.011445247448901831,0.0,0.089710676423835,0.0,0.0,0.0,0.06507994802898731,0.0,1,0,0,Off,0,0,Off,0,0,Off,0.03389424699710062,0.025420685247825456,On,0.0,0,Off,0.0027153942799707604,0.0,On,0.008729853168931071,0,On,0.002937412385185223,0,On,0.05287901704154915,0.03965926278116185,On,0,0,Off,Off,0.0,22.222222222222285,0.0,0.0,0.0,0.0,0,0.0,1667.2815511111112,Off,0.0,0.0,31.72201551387677,51.666666666666686,46.10666666666668,0.0,49.60074800013573,0.0,0.0,0.0,31.72201551387677,48.8559608447772,49.60074800013573,48.483567267097946,12.43753247303448,21.613022444557018,-0.10919977766526756,2.2,-253.02133745644954,-456.94068805484375,-0.0,-0.0,163.45400690205062,0.0,1.0,0.018016662584410297,0.0,0.0,0.33526182151157313,65.99961422222222,40.465343696343524,0.20697192311709742,10.525121448818918,0.0032449254864753497,-9.404103440087074,1.2149705732774334
2025-01-01 04:27:00,0.10115592387273684,0.06507994802898731,0.0,0.0016859320645456139,0.001084665800483122,0.0,0.011445247448901831,0.0,0.089710676423835,0.0,0.0,0.0,0.06507994802898731,0.0,1,0,0,Off,0,0,Off,0,0,Off,0.03389424699710062,0.025420685247825456,On,0.0,0,Off,0.0027153942799707604,0.0,On,0.008729853168931071,0,On,0.002937412385185223,0,On,0.05287901704154915,0.03965926278116185,On,0,0,Off,Off,0.0,22.222222222222285,0.0,0.0,0.0,0.0,0,0.0,1667.2815511111112,Off,0.0,0.0,31.728396155225234,51.666666666666686,46.10666666666668,0.0,49.59586668790414,0.0,0.0,0.0,31.728396155225234,48.85150892566374,49.59586668790414,48.47933004454354,12.43753247303448,21.60307370961946,-0.11914851260282688,2.2,-252.74352714102423,-456.5809417682388,-0.0,-0.0,163.45400690205062,0.0,1.0,0.018011708782240607,0.0,0.0,0.3351696390259969,65.99961422222222,40.383407725164005,0.20709379993186897,10.520515715283935,0.003244860271951857,-9.383383263730078,1.2150116296684792
2025-01-01 04:28:00,0.10115592387273684,0.06507994802898731,0.0,0.0016859320645456139,0.001084665800483122,0.0,0.011445247448901831,0.0,0.089710676423835,0.0,0.0,0.0,0.06507994802898731,0.0,1,0,0,Off,0,0,Off,0,0,Off,0.03389424699710062,0.025420685247825456,On,0.0,0,Off,0.0027153942799707604,0.0,On,0.008729853168931071,0,On,0.002937412385185223,0,On,0.05287901704154915,0.03965926278116185,On,0,0,Off,Off,0.0,22.222222222222285,0.0,0.0,0.0,0.0,0,0.0,1667.2815511111112,Off,0.0,0.0,31.734731221814005,51.666666666666686,46.10666666666668,0.0,49.59098452325347,0.0,0.0,0.0,31.734731221814005,48.847056111080704,49.59098452325347,48.475091904994336,12.43753247303448,21.593163251762377,-0.12905897045990855,2.2,-252.4680818647646,-456.22269248450425,-0.0,-0.0,163.45400690205062,0.0,1.0,0.01800677344237865,0.0,0.0,0.33507780009499927,65.99961422222222,40.300603717689064,0.20721528202462056,10.516637937078317,0.003244795203315128,-9.362736781281935,1.2150525309304325
2025-01-01 04:29:00,0.10115592387273684,0.06507994802898731,0.0,0.0016859320645456139,0.001084665800483122,0.0,0.011445247448901831,0.0,0.089710676423835,0.0,0.0,0.0,0.06507994802898731,0.0,1,0,0,Off,0,0,Off,0,0,Off,0.03389424699710062,0.025420685247825456,On,0.0,0,Off,0.0027153942799707604,0.0,On,0.008729853168931071,0,On,0.002937412385185223,0,On,0.05287901704154915,0.03965926278116185,On,0,0,Off,Off,0.0,22.222222222222285,0.0,0.0,0.0,0.0,0,0.0,1667.2815511111112,Off,0.0,0.0,31.741021786060475,51.666666666666686,46.10666666666668,0.0,49.58610151294795,0.0,0.0,0.0,31.741021786060475,48.84260240742417,49.58610151294795,48.470852854662276,12.43753247303448,21.583290155713634,-0.13893206650865153,2.2,-252.19490431316444,-455.865905845207,-0.0,-0.0,163.45400690205062,0.0,1.0,0.018001856115629846,0.0,0.0,0.33498629635977367,65.99961422222222,40.216994629992,0.20733638008616237,10.51207077294674,0.0032447302800360056,-9.342162404897937,1.2150932808054773
2025-01-01 04:30:00,0.10115592387273684,0.06507994802898731,0.0,0.0016859320645456139,0.001084665800483122,0.0,0.011445247448901831,0.0,0.089710676423835,0.0,0.0,0.0,0.06507994802898731,0.0,1,0,0,Off,0,0,Off,0,0,Off,0.03389424699710062,0.025420685247825456,On,0.0,0,Off,0.0027153942799707604,0.0,On,0.008729853168931071,0,On,0.002937412385185223,0,On,0.05287901704154915,0.03965926278116185,On,0,0,Off,Off,0.0,22.222222222222285,0.0,0.0,0.0,0.0,0,0.0,1667.2815511111112,Off,0.0,0.0,31.747268873009656,51.666666666666686,46.10666666666668,0.0,49.58121766359233,0.0,0.0,0.0,31.747268873009656,48.838147820939625,49.58121766359233,48.46661289961328,12.43753247303448,21.573453546666283,-0.1487686755560027,-1.1,-339.14144876821615,-541.7844917322319,-0.0,-0.0,163.45400690205062,0.0,1.0,0.018106113949723345,0.0,0.0,0.3369263710656897,65.99961422222222,39.189036061965155,0.2074571043271236,10.507522348805969,0.0032446655015966504,25.13957208429301,1.2151338828700782
2025-01-01 04:31:00,0.10115592387273684,0.06507994802898731,0.0,0.0016859320645456139,0.001084665800483122,0.0,0.011445247448901831,0.0,0.089710676423835,0.0,0.0,0.0,0.06507994802898731,0.0,1,0,0,Off,0,0,Off,0,0,Off,0.03389424699710062,0.025420685247825456,On,0.0,0,Off,0.0027153942799707604,0.0,On,0.008729853168931071,0,On,0.002937412385185223,0,On,0.05287901704154915,0.03965926278116185,On,0,0,Off,Off,0.0,22.222222222222285,0.0,0.0,0.0,0.0,0,0.0,1667.2815511111112,Off,0.0,0.0,31.758027930682047,51.666666666666686,46.10666666666668,0.0,49.57633298163892,0.0,0.0,0.0,31.758027930682047,48.83369235772877,49.57633298163892,48.462372045773705,12.43753247303448,21.559738042841282,-0.16248417938100346,-1.1,-333.12620738814735,-541.2438379963974,-0.0,-0.0,163.45400690205062,0.0,1.0,0.01809899397125098,0.0,0.0,0.3367938794379765,65.99961422222222,44.6636237061994,0.20744081895567784,10.493680943370098,0.0032448398132560808,25.14011156601695,1.21401050992706
2025-01-01 04:32:00,0.10115592387273684,0.06507994802898731,0.0,0.0016859320645456139,0.001084665800483122,0.0,0.011445247448901831,0.0,0.089710676423835,0.0,0.0,0.0,0.06507994802898731,0.0,1,0,0,Off,0,0,Off,0,0,Off,0.03389424699710062,0.025420685247825456,On,0.0,0,Off,0.0027153942799707604,0.0,On,0.008729853168931071,0,On,0.002937412385185223,0,On,0.05287901704154915,0.03965926278116185,On,0,0,Off,Off,0.0,22.222222222222285,0.0,0.0,0.0,0.0,0,0.0,1667.2815511111112,Off,0.0,0.0,31.768395890758416,51.666666666666686,46.10666666666668,0.0,49.57144679645654,0.0,0.0,0.0,31.768395890758416,48.82923538457432,49.57144679645654,48.458129678633206,12.43753247303448,21.546357175920605,-0.17586504630168065,-1.1,-328.88232463020796,-540.7165803172653,-0.0,-0.0,163.45400690205062,0.0,1.0,0.018092046255403664,0.0,0.0,0.33666459334742543,65.99961422222222,48.38024878500672,0.2076218890818552,10.487699561642371,0.003245014289957224,25.140390452983578,1.2140655051333162
2025-01-01 04:33:00,0.10115592387273684,0.06507994802898731,0.0,0.0016859320645456139,0.001084665800483122,0.0,0.011445247448901831,0.0,0.089710676423835,0.0,0.0,0.0,0.06507994802898731,0.0,1,0,0,Off,0,0,Off,0,0,Off,0.03389424699710062,0.025420685247825456,On,0.0,0,Off,0.0027153942799707604,0.0,On,0.008729853168931071,0,On,0.002937412385185223,0,On,0.05287901704154915,0.03965926278116185,On,0,0,Off,Off,0.0,22.222222222222285,0.0,0.0,0.0,0.0,0,0.0,1667.2815511111112,Off,0.0,0.0,31.778462304148277,51.666666666666686,46.10666666666668,0.0,49.56655916617313,0.0,0.0,0.0,31.778462304148277,48.82477695636352,49.56655916617313,48.45388585145872,12.43753247303448,21.533234032325012,-0.18898818989727317,-1.1,-327.29745312484795,-540.1996745773392,-0.0,-0.0,163.45400690205062,0.0,1.0,0.018085230960935884,0.0,0.0,0.33653777141097074,65.99961422222222,49.4482145504407,0.20779985531870043,10.481852039293708,0.0032451887606902903,25.140478340682545,1.2141194434959472
2025-01-01 04:34:00,0.10115592387273684,0.06507994802898731,0.0,0.0016859320645456139,0.001084665800483122,0.0,0.011445247448901831,0.0,0.089710676423835,0.0,0.0,0.0,0.06507994802898731,0.0,1,0,0,Off,0,0,Off,0,0,Off,0.03389424699710062,0.025420685247825456,On,0.0,0,Off,0.0027153942799707604,0.0,On,0.008729853168931071,0,On,0.002937412385185223,0,On,0.05287901704154915,0.03965926278116185,On,0,0,Off,Off,0.0,22.222222222222285,0.0,0.0,0.0,0.0,0,0.0,1667.2815511111112,Off,0.0,0.0,31.788349822152494,51.666666666666686,46.10666666666668,0.0,49.56167013560582,0.0,0.0,0.0,31.788349822152494,48.820317115415946,49.56167013560582,48.44964060532101,12.43753247303448,21.520263236168386,-0.20195898605389928,-1.1,-326.6613125933815,-539.6889610268757,-0.0,-0.0,163.45400690205062,0.0,1.0,0.018078493426458637,0.0,0.0,0.33641239646592996,65.99961422222222,49.57364153144361,0.20797605008001618,10.476789655733471,0.0032453632242822363,25.14045731113042,1.214172758928526
2025-01-01 04:35:00,0.10115592387273684,0.06507994802898731,0.0,0.0016859320645456139,0.001084665800483122,0.0,0.011445247448901831,0.0,0.089710676423835,0.0,0.0,0.0,0.06507994802898731,0.0,1,0,0,Off,0,0,Off,0,0,Off,0.03389424699710062,0.025420685247825456,On,0.0,0,Off,0.0027153942799707604,0.0,On,0.008729853168931071,0,On,0.002937412385185223,0,On,0.05287901704154915,0.03965926278116185,On,0,0,Off,Off,0.0,22.222222222222285,0.0,0.0,0.0,0.0,0,0.0,1667.2815511111112,Off,0.0,0.0,31.7981046523321,51.666666666666686,46.10666666666668,0.0,49.556779731341344,0.0,0.0,0.0,31.7981046523321,48.81585588683805,49.556779731341344,48.44539396458641,12.43753247303448,21.507405097435733,-0.21481712478655268,-1.1,-326.20695842923254,-539.1828711072874,-0.0,-0.0,163.45400690205062,0.0,1.0,0.018071813075859422,0.0,0.0,0.33628808562313456,65.99961422222222,49.521905776004225,0.20815097382244746,10.47107855324303,0.003245537680067398,25.14035823958852,1.2142256148213566
2025-01-01 04:36:00,0.10115592387273684,0.06507994802898731,0.0,0.0016859320645456139,0.001084665800483122,0.0,0.011445247448901831,0.0,0.089710676423835,0.0,0.0,0.0,0.06507994802898731,0.0,1,0,0,Off,0,0,Off,0,0,Off,0.03389424699710062,0.025420685247825456,On,0.0,0,Off,0.0027153942799707604,0.0,On,0.008729853168931071,0,On,0.002937412385185223,0,On,0.05287901704154915,0.03965926278116185,On,0,0,Off,Off,0.0,22.222222222222285,0.0,0.0,0.0,0.0,0,0.0,1667.2815511111112,Off,0.0,0.0,31.807739073912437,51.666666666666686,46.10666666666668,0.0,49.55188797309819,0.0,0.0,0.0,31.807739073912437,48.81139328925147,49.55188797309819,48.44114594732811,12.43753247303448,21.49464908075227,-0.22757314147001395,-1.1,-325.770083238413,-538.6809855009398,-0.0,-0.0,163.45400690205062,0.0,1.0,0.01806518446786022,0.0,0.0,0.3361647376289382,65.99961422222222,49.456895360476146,0.20832475703103093,10.465420000273543,0.003245712127570954,25.140189249255858,1.2142780544719696
2025-01-01 04:37:00,0.10115592387273684,0.06507994802898731,0.0,0.0016859320645456139,0.001084665800483122,0.0,0.011445247448901831,0.0,0.089710676423835,0.0,0.0,0.0,0.06507994802898731,0.0,1,0,0,Off,0,0,Off,0,0,Off,0.03389424699710062,0.025420685247825456,On,0.0,0,Off,0.0027153942799707604,0.0,On,0.008729853168931071,0,On,0.002937412385185223,0,On,0.05287901704154915,0.03965926278116185,On,0,0,Off,Off,0.0,22.222222222222285,0.0,0.0,0.0,0.0,0,0.0,1667.2815511111112,Off,0.0,0.0,31.8172579709028,51.666666666666686,46.10666666666668,0.0,49.54699487876951,0.0,0.0,0.0,31.8172579709028,48.80692933955453,49.54699487876951,48.436896569947045,12.43753247303448,21.481991005387272,-0.24023121683501358,-1.1,-325.29106073798675,-538.1831354212497,-0.0,-0.0,163.45400690205062,0.0,1.0,0.018058605459772902,0.0,0.0,0.336042312611277,65.99961422222222,49.438067781212354,0.20849744957759886,10.460516945200652,0.0032458865663682794,25.139953504366012,1.214330095003028
2025-01-01 04:38:00,0.10115592387273684,0.06507994802898731,0.0,0.0016859320645456139,0.001084665800483122,0.0,0.011445247448901831,0.0,0.089710676423835,0.0,0.0,0.0,0.06507994802898731,0.0,1,0,0,Off,0,0,Off,0,0,Off,0.03389424699710062,0.025420685247825456,On,0.0,0,Off,0.0027153942799707604,0.0,On,0.008729853168931071,0,On,0.002937412385185223,0,On,0.05287901704154915,0.03965926278116185,On,0,0,Off,Off,0.0,22.222222222222285,0.0,0.0,0.0,0.0,0,0.0,1667.2815511111112,Off,0.0,0.0,31.826663523392952,51.666666666666686,46.10666666666668,0.0,49.54210046552233,0.0,0.0,0.0,31.826663523392952,48.80246405396015,49.54210046552233,48.432645848179064,12.43753247303448,21.469429013671053,-0.2527932085512319,-1.1,-324.81783035495755,-537.6892436708382,-0.0,-0.0,163.45400690205062,0.0,1.0,0.018052075114770954,0.0,0.0,0.33592079313727924,65.99961422222222,49.41740641383002,0.20866907186250977,10.454957769531413,0.0032460609960542914,25.139652355892203,1.2143817439685503
2025-01-01 04:39:00,0.10115592387273684,0.06507994802898731,0.0,0.0016859320645456139,0.001084665800483122,0.0,0.011445247448901831,0.0,0.089710676423835,0.0,0.0,0.0,0.06507994802898731,0.0,1,0,0,Off,0,0,Off,0,0,Off,0.03389424699710062,0.025420685247825456,On,0.0,0,Off,0.0027153942799707604,0.0,On,0.008729853168931071,0,On,0.002937412385185223,0,On,0.05287901704154915,0.03965926278116185,On,0,0,Off,Off,0.0,22.222222222222285,0.0,0.0,0.0,0.0,0,0.0,1667.2815511111112,Off,0.0,0.0,31.83595977252901,51.666666666666686,46.10666666666668,0.0,49.537204750199436,0.0,0.0,0.0,31.83595977252901,48.79799744837527,49.537204750199436,48.4283937974632,12.43753247303448,21.4569596483214,-0.26526257390088404,-1.1,-324.3451894686524,-537.1991703311741,-0.0,-0.0,163.45400690205062,0.0,1.0,0.018045591663293076,0.0,0.0,0.33580014627818583,65.99961422222222,49.39997396047103,0.2088396648540149,10.449446205030114,0.003246235416232237,25.139288411578,1.2144330155198602
2025-01-01 04:40:00,0.10115592387273684,0.06507994802898731,0.0,0.0016859320645456139,0.001084665800483122,0.0,0.011445247448901831,0.0,0.089710676423835,0.0,0.0,0.0,0.06507994802898731,0.0,1,0,0,Off,0,0,Off,0,0,Off,0.03389424699710062,0.025420685247825456,On,0.0,0,Off,0.0027153942799707604,0.0,On,0.008729853168931071,0,On,0.002937412385185223,0,On,0.05287901704154915,0.03965926278116185,On,0,0,Off,Off,0.0,22.222222222222285,0.0,0.0,0.0,0.0,0,0.0,1667.2815511111112,Off,0.0,0.0,31.84515033440548,51.666666666666686,46.10666666666668,0.0,49.532307749042744,0.0,0.0,0.0,31.84515033440548,48.793529538139715,49.532307749042744,48.42414043268821,12.43753247303448,21.444579816602044,-0.27764240562024156,-1.1,-323.8803073481789,-536.7127900270905,-0.0,-0.0,163.45400690205062,0.0,1.0,0.018039153523816236,0.0,0.0,0.33568034260433455,65.99961422222222,49.378475776860924,0.209009265032144,10.44468456746985,0.0032464098265214654,25.13886399864748,1.214483922310942
2025-01-01 04:41:00,0.10115592387273684,0.06507994802898731,0.0,0.0016859320645456139,0.001084665800483122,0.0,0.011445247448901831,0.0,0.089710676423835,0.0,0.0,0.0,0.06507994802898731,0.0,1,0,0,Off,0,0,Off,0,0,Off,0.03389424699710062,0.025420685247825456,On,0.0,0,Off,0.0027153942799707604,0.0,On,0.008729853168931071,0,On,0.002937412385185223,0,On,0.05287901704154915,0.03965926278116185,On,0,0,Off,Off,0.0,22.222222222222285,0.0,0.0,0.0,0.0,0,0.0,1667.2815511111112,Off,0.0,0.0,31.854238968887806,51.666666666666686,46.10666666666668,0.0,49.52740947775652,0.0,0.0,0.0,31.854238968887806,48.7890603380858,49.52740947775652,48.419885768250445,12.43753247303448,21.43228630179933,-0.28993592042295546,-1.1,-323.43249476089983,-536.229972715031,-0.0,-0.0,163.45400690205062,0.0,1.0,0.018032759048928964,0.0,0.0,0.33556135145998284,65.99961422222222,49.3434710520805,0.2091779106257724,10.439262935523299,0.003246584226555692,25.138381546406915,1.2145344775118603
2025-01-01 04:42:00,1.768437474983848,0.06507994802898731,0.0,0.029473957916397467,0.001084665800483122,0.0,0.011445247448901831,0.0,0.089710676423835,1.6672815511111112,0.0,0.0,0.06507994802898731,0.0,1,0,0,Off,0,0,Off,0,0,Off,0.03389424699710062,0.025420685247825456,On,0.0,0,Off,0.0027153942799707604,0.0,On,0.008729853168931071,0,On,0.002937412385185223,0,On,0.05287901704154915,0.03965926278116185,On,0,0,Off,On,1667.2815511111112,22.222222222222285,1.0,0.0,1.6672815511111112,0.0,1,1667.2815511111112,1667.2815511111112,Off,0.0,0.0,31.86322962801417,51.666666666666686,46.10666666666668,0.0,49.522509951486,0.0,0.0,0.0,31.86322962801417,48.784589862518175,49.522509951486,48.41562981803427,12.43753247303448,21.420075721480206,-0.3021465007420794,-1.1,1344.2933966715311,-535.7505820501345,-0.0,-0.0,163.45400690205062,0.0,1.0,0.01802640650357093,0.0,0.0,0.3354431405583805,65.99961422222222,49.30842070850394,0.20934564215322518,10.433883869964774,0.003246758615983631,25.137843619230562,1.2145846949810124
2025-01-01 04:43:00,1.768437474983848,0.06507994802898731,0.0,0.029473957916397467,0.001084665800483122,0.0,0.011445247448901831,0.0,0.089710676423835,1.6672815511111112,0.0,0.0,0.06507994802898731,0.0,1,0,0,Off,0,0,Off,0,0,Off,0.03389424699710062,0.025420685247825456,On,0.0,0,Off,0.0027153942799707604,0.0,On,0.008729853168931071,0,On,0.002937412385185223,0,On,0.05287901704154915,0.03965926278116185,On,0,0,Off,On,1667.2815511111112,22.222222222222285,1.0,0.0,1.6672815511111112,0.0,1,1667.2815511111112,1667.2815511111112,Off,0.0,0.0,31.802086532995123,51.666666666666686,46.10666666666668,0.0,49.517609184788824,0.0,0.0,0.0,31.802086532995123,48.78011812518686,49.517609184788824,48.41137259538589,12.43753247303448,21.468143539482515,-0.2540786827397703,-1.1,1340.5707961882615,-537.6387135842649,-0.0,-0.0,163.45400690205062,0.0,1.0,0.01805140678992612,0.0,0.0,0.3359083566605572,65.99961422222222,47.47395175936466,0.20874126991201208,10.455110060365866,0.0032469329944698304,25.089985134055638,1.2143864042712764
2025-01-01 04:44:00,1.768437474983848,0.06507994802898731,0.0,0.029473957916397467,0.001084665800483122,0.0,0.011445247448901831,0.0,0.089710676423835,1.6672815511111112,0.0,0.0,0.06507994802898731,0.0,1,0,0,Off,0,0,Off,0,0,Off,0.03389424699710062,0.025420685247825456,On,0.0,0,Off,0.0027153942799707604,0.0,On,0.008729853168931071,0,On,0.002937412385185223,0,On,0.05287901704154915,0.03965926278116185,On,0,0,Off,On,1667.2815511111112,22.222222222222285,1.0,0.0,1.6672815511111112,0.0,1,1667.2815511111112,1667.2815511111112,Off,0.0,0.0,31.742803314255692,51.666666666666686,46.10666666666668,0.0,49.51271760175093,0.0,0.0,0.0,31.742803314255692,48.77565496877669,49.51271760175093,48.40712365228958,12.43753247303448,21.51462140054316,-0.20760082167912586,-1.1,1335.8523118859976,-539.4668781641064,-0.0,-0.0,163.45400690205062,0.0,1.0,0.018075562416296362,0.0,0.0,0.3363578549657343,65.99961422222222,44.58363203694232,0.20815911130131864,10.476193071602287,0.0032471070693860533,25.04339176614089,1.2141947300162055
2025-01-01 04:45:00,1.768437474983848,0.06507994802898731,0.0,0.029473957916397467,0.001084665800483122,0.0,0.011445247448901831,0.0,0.089710676423835,1.6672815511111112,0.0,0.0,0.06507994802898731,0.0,1,0,0,Off,0,0,Off,0,0,Off,0.03389424699710062,0.025420685247825456,On,0.0,0,Off,0.0027153942799707604,0.0,On,0.008729853168931071,0,On,0.002937412385185223,0,On,0.05287901704154915,0.03965926278116185,On,0,0,Off,On,1667.2815511111112,22.222222222222285,1.0,0.0,1.6672815511111112,0.0,1,1667.2815511111112,1667.2815511111112,Off,0.0,0.0,31.68533117262844,51.666666666666686,46.10666666666668,0.0,49.5078349258013,0.0,0.0,0.0,31.68533117262844,48.7712001322696,49.5078349258013,48.40288273550375,12.43753247303448,21.559550985902128,-0.16267123632015767,-1.1,1332.3539102531759,-541.2364658375773,-0.0,-0.0,163.45400690205062,0.0,1.0,0.018098896856017607,0.0,0.0,0.33679207227586283,65.99961422222222,42.854818077591375,0.2075984391453551,10.495744955562955,0.0032472808484650235,24.998029095587206,1.2140094942781883
2025-01-01 04:46:00,1.768437474983848,0.06507994802898731,0.0,0.029473957916397467,0.001084665800483122,0.0,0.011445247448901831,0.0,0.089710676423835,1.6672815511111112,0.0,0.0,0.06507994802898731,0.0,1,0,0,Off,0,0,Off,0,0,Off,0.03389424699710062,0.025420685247825456,On,0.0,0,Off,0.0027153942799707604,0.0,On,0.008729853168931071,0,On,0.002937412385185223,0,On,0.05287901704154915,0.03965926278116185,On,0,0,Off,On,1667.2815511111112,22.222222222222285,1.0,0.0,1.6672815511111112,0.0,1,1667.2815511111112,1667.2815511111112,Off,0.0,0.0,31.629532809864447,51.666666666666686,46.10666666666668,0.0,49.50296088762547,0.0,0.0,0.0,31.629532809864447,48.766753361496086,49.50296088762547,48.3986495984314,12.43753247303448,21.603050048165464,-0.11917217405682123,-1.1,1328.8233914588186,-542.9518855563863,-0.0,-0.0,163.45400690205062,0.0,1.0,0.018121472921676006,0.0,0.0,0.33721217743461457,65.99961422222222,41.03971900204314,0.20705757670157723,10.515241329142546,0.0032474543392345115,24.953803204659113,1.2138302062681423
2025-01-01 04:47:00,1.768437474983848,0.06507994802898731,0.0,0.029473957916397467,0.001084665800483122,0.0,0.011445247448901831,0.0,0.089710676423835,1.6672815511111112,0.0,0.0,0.06507994802898731,0.0,1,0,0,Off,0,0,Off,0,0,Off,0.03389424699710062,0.025420685247825456,On,0.0,0,Off,0.0027153942799707604,0.0,On,0.008729853168931071,0,On,0.002937412385185223,0,On,0.05287901704154915,0.03965926278116185,On,0,0,Off,On,1667.2815511111112,22.222222222222285,1.0,0.0,1.6672815511111112,0.0,1,1667.2815511111112,1667.2815511111112,Off,0.0,0.0,31.57533067875375,51.666666666666686,46.10666666666668,0.0,49.49809523831922,0.0,0.0,0.0,31.57533067875375,48.76231442155532,49.49809523831922,48.394424013173364,12.43753247303448,21.645185003500337,-0.07703721872194791,-1.1,1325.4722422155971,-544.6155488713857,-0.0,-0.0,163.45400690205062,0.0,1.0,0.018143326583826103,0.0,0.0,0.3376188397975696,65.99961422222222,39.35223307382115,0.20653552008581685,10.534011566735064,0.0032476275486484547,24.910660641356543,1.2136565873060554
2025-01-01 04:48:00,1.768437474983848,0.06507994802898731,0.0,0.029473957916397467,0.001084665800483122,0.0,0.011445247448901831,0.0,0.089710676423835,1.6672815511111112,0.0,0.0,0.06507994802898731,0.0,1,0,0,Off,0,0,Off,0,0,Off,0.03389424699710062,0.025420685247825456,On,0.0,0,Off,0.0027153942799707604,0.0,On,0.008729853168931071,0,On,0.002937412385185223,0,On,0.05287901704154915,0.03965926278116185,On,0,0,Off,On,1667.2815511111112,22.222222222222285,1.0,0.0,1.6672815511111112,0.0,1,1667.2815511111112,1667.2815511111112,Off,0.0,0.0,31.522642976169905,51.666666666666686,46.10666666666668,0.0,49.49323774050744,0.0,0.0,0.0,31.522642976169905,48.757883088429544,49.49323774050744,48.3902057623906,12.43753247303448,21.686025936942304,-0.03619628527998131,-1.1,1322.2811666930224,-546.2300318804039,-0.0,-0.0,163.45400690205062,0.0,1.0,0.018164495571112188,0.0,0.0,0.3380127614355998,65.99961422222222,37.77564056026467,0.20603123476317584,10.55209290252115,0.003247800483336644,24.868545227607065,1.2134883440901725
2025-01-01 04:49:00,1.768437474983848,0.06507994802898731,0.0,0.029473957916397467,0.001084665800483122,0.0,0.011445247448901831,0.0,0.089710676423835,1.6672815511111112,0.0,0.0,0.06507994802898731,0.0,1,0,0,Off,0,0,Off,0,0,Off,0.03389424699710062,0.025420685247825456,On,0.0,0,Off,0.0027153942799707604,0.0,On,0.008729853168931071,0,On,0.002937412385185223,0,On,0.05287901704154915,0.03965926278116185,On,0,0,Off,On,1667.2815511111112,22.222222222222285,1.0,0.0,1.6672815511111112,0.0,1,1667.2815511111112,1667.2815511111112,Off,0.0,0.0,31.47139339487024,51.666666666666686,46.10666666666668,0.0,49.4883881689765,0.0,0.0,0.0,31.47139339487024,48.75345914958142,49.4883881689765,48.38599463988388,12.43753247303448,21.725638221334666,0.0,-1.1,1319.235699055846,-547.7977431290972,-0.0,-0.0,163.45400690205062,0.0,1.0,0.018185015032562913,0.0,0.0,0.3383945964169775,65.99961422222222,36.29788417178149,0.20554376054157802,10.56952006732236,0.0032479731495872466,24.827404618450252,1.213325203177507
2025-01-01 04:50:00,1.768437474983848,0.06507994802898731,0.0,0.029473957916397467,0.001084665800483122,0.0,0.011445247448901831,0.0,0.089710676423835,1.6672815511111112,0.0,0.0,0.06507994802898731,0.0,1,0,0,Off,0,0,Off,0,0,Off,0.03389424699710062,0.025420685247825456,On,0.0,0,Off,0.0027153942799707604,0.0,On,0.008729853168931071,0,On,0.002937412385185223,0,On,0.05287901704154915,0.03965926278116185,On,0,0,Off,On,1667.2815511111112,22.222222222222285,1.0,0.0,1.6672815511111112,0.0,1,1667.2815511111112,1667.2815511111112,Off,0.0,0.0,31.42151054702829,51.666666666666686,46.10666666666668,0.0,49.483546309857296,0.0,0.0,0.0,31.42151054702829,48.74904240318266,49.483546309857296,48.381790449845354,12.43753247303448,21.764083012040572,0.0,-1.1,1316.3283452539515,-549.3209411669864,-0.0,-0.0,163.45400690205062,0.0,1.0,0.018204917808901207,0.0,0.0,0.3387649558560274,65.99961422222222,34.91372840777612,0.20507220369992307,10.58703903189558,0.0032481455533699788,24.787189897807508,1.21316690889822
2025-01-01 04:51:00,1.768437474983848,0.06507994802898731,0.0,0.029473957916397467,0.001084665800483122,0.0,0.011445247448901831,0.0,0.089710676423835,1.6672815511111112,0.0,0.0,0.06507994802898731,0.0,1,0,0,Off,0,0,Off,0,0,Off,0.03389424699710062,0.025420685247825456,On,0.0,0,Off,0.0027153942799707604,0.0,On,0.008729853168931071,0,On,0.002937412385185223,0,On,0.05287901704154915,0.03965926278116185,On,0,0,Off,On,1667.2815511111112,22.222222222222285,1.0,0.0,1.6672815511111112,0.0,1,1667.2815511111112,1667.2815511111112,Off,0.0,0.0,31.372927354975165,51.666666666666686,46.10666666666668,0.0,49.47871195989389,0.0,0.0,0.0,31.372927354975165,48.74463265742369,49.47871195989389,48.3775930061886,12.43753247303448,21.801417769823168,0.0,-1.1,1313.5509475921203,-550.8017534950839,-0.0,-0.0,163.45400690205062,0.0,1.0,0.018224234716372845,0.0,0.0,0.33912441319473097,65.99961422222222,33.61714307404261,0.20461572898949398,10.603254477172818,0.003248317700356835,24.74785515447372,1.2130132211608777
2025-01-01 04:52:00,1.768437474983848,0.06507994802898731,0.0,0.029473957916397467,0.001084665800483122,0.0,0.011445247448901831,0.0,0.089710676423835,1.6672815511111112,0.0,0.0,0.06507994802898731,0.0,1,0,0,Off,0,0,Off,0,0,Off,0.03389424699710062,0.025420685247825456,On,0.0,0,Off,0.0027153942799707604,0.0,On,0.008729853168931071,0,On,0.002937412385185223,0,On,0.05287901704154915,0.03965926278116185,On,0,0,Off,On,1667.2815511111112,22.222222222222285,1.0,0.0,1.6672815511111112,0.0,1,1667.2815511111112,1667.2815511111112,Off,0.0,0.0,31.325580794946706,51.666666666666686,46.10666666666668,0.0,49.47388492580277,0.0,0.0,0.0,31.325580794946706,48.740229729908705,49.47388492580277,48.37340213196167,12.43753247303448,21.83769648062986,0.0,-1.1,1310.8958905127438,-552.242183729013,-0.0,-0.0,163.45400690205062,0.0,1.0,0.018242994671981407,0.0,0.0,0.3394735065331523,65.99961422222222,32.40251622859521,0.20417355562332687,10.619623097586157,0.003248489595940238,24.709357297457938,1.2128639145102111
2025-01-01 04:53:00,1.768437474983848,0.06507994802898731,0.0,0.029473957916397467,0.001084665800483122,0.0,0.011445247448901831,0.0,0.089710676423835,1.6672815511111112,0.0,0.0,0.06507994802898731,0.0,1,0,0,Off,0,0,Off,0,0,Off,0.03389424699710062,0.025420685247825456,On,0.0,0,Off,0.0027153942799707604,0.0,On,0.008729853168931071,0,On,0.002937412385185223,0,On,0.05287901704154915,0.03965926278116185,On,0,0,Off,On,1667.2815511111112,22.222222222222285,1.0,0.0,1.6672815511111112,0.0,1,1667.2815511111112,1667.2815511111112,Off,0.0,0.0,31.279411611752497,51.666666666666686,46.10666666666668,0.0,49.46906502367016,0.0,0.0,0.0,31.279411611752497,48.73583344708674,49.46906502367016,48.36921765879504,12.43753247303448,21.872969900270125,0.0,-1.1,1308.3561268428418,-553.6441199129703,-0.0,-0.0,163.45400690205062,0.0,1.0,0.018261224830365654,0.0,0.0,0.3398127411765116,65.99961422222222,31.2646887426504,0.203744953090653,10.634741531217564,0.0032486612452500897,24.67165585328321,1.2127187770864958
2025-01-01 04:54:00,1.768437474983848,0.06507994802898731,0.0,0.029473957916397467,0.001084665800483122,0.0,0.011445247448901831,0.0,0.089710676423835,1.6672815511111112,0.0,0.0,0.06507994802898731,0.0,1,0,0,Off,0,0,Off,0,0,Off,0.03389424699710062,0.025420685247825456,On,0.0,0,Off,0.0027153942799707604,0.0,On,0.008729853168931071,0,On,0.002937412385185223,0,On,0.05287901704154915,0.03965926278116185,On,0,0,Off,On,1667.2815511111112,22.222222222222285,1.0,0.0,1.6672815511111112,0.0,1,1667.2815511111112,1667.2815511111112,Off,0.0,0.0,31.234364053122793,51.666666666666686,46.10666666666668,0.0,49.464252078391816,0.0,0.0,0.0,31.234364053122793,48.73144364372284,49.464252078391816,48.365039426388364,12.43753247303448,21.907285781926102,0.0,-1.1,1305.9250673064823,-555.0093423036429,-0.0,-0.0,163.45400690205062,0.0,1.0,0.018278950710659426,0.0,0.0,0.3401425919958486,65.99961422222222,30.19885159696357,0.20332923731121294,10.65006751860926,0.0032488326531696097,24.63471277804205,1.212577609659244
2025-01-01 04:55:00,1.768437474983848,0.06507994802898731,0.0,0.029473957916397467,0.001084665800483122,0.0,0.011445247448901831,0.0,0.089710676423835,1.6672815511111112,0.0,0.0,0.06507994802898731,0.0,1,0,0,Off,0,0,Off,0,0,Off,0.03389424699710062,0.025420685247825456,On,0.0,0,Off,0.0027153942799707604,0.0,On,0.008729853168931071,0,On,0.002937412385185223,0,On,0.05287901704154915,0.03965926278116185,On,0,0,Off,On,1667.2815511111112,22.222222222222285,1.0,0.0,1.6672815511111112,0.0,1,1667.2815511111112,1667.2815511111112,Off,0.0,0.0,31.190385628914576,51.666666666666686,46.10666666666668,0.0,49.459445923152224,0.0,0.0,0.0,31.190385628914576,48.7270601624064,49.459445923152224,48.36086728203349,12.43753247303448,21.940689083080773,0.0,-1.1,1303.5965587279723,-556.3395304707411,-0.0,-0.0,163.45400690205062,0.0,1.0,0.018296196311704115,0.0,0.0,0.34046350557194605,65.99961422222222,29.200531185551654,0.20292576715701227,10.664909163272885,0.003249003824350041,24.598492286717345,1.2124402247488233
2025-01-01 04:56:00,1.768437474983848,0.06507994802898731,0.0,0.029473957916397467,0.001084665800483122,0.0,0.011445247448901831,0.0,0.089710676423835,1.6672815511111112,0.0,0.0,0.06507994802898731,0.0,1,0,0,Off,0,0,Off,0,0,Off,0.03389424699710062,0.025420685247825456,On,0.0,0,Off,0.0027153942799707604,0.0,On,0.008729853168931071,0,On,0.002937412385185223,0,On,0.05287901704154915,0.03965926278116185,On,0,0,Off,On,1667.2815511111112,22.222222222222285,1.0,0.0,1.6672815511111112,0.0,1,1667.2815511111112,1667.2815511111112,Off,0.0,0.0,31.14742688764984,51.666666666666686,46.10666666666668,0.0,49.45464639893968,0.0,0.0,0.0,31.14742688764984,48.72268285309334,49.45464639893968,48.356701080170176,12.43753247303448,21.973222156642027,0.0,-1.1,1301.3648514476952,-557.636269888203,-0.0,-0.0,163.45400690205062,0.0,1.0,0.01831298421820431,0.0,0.0,0.3407759021707196,65.99961422222222,28.265563322736355,0.20253394126858743,10.679288878452432,0.0032491747632243328,24.562960695882886,1.2123064458159702
2025-01-01 04:57:00,1.768437474983848,0.06507994802898731,0.0,0.029473957916397467,0.001084665800483122,0.0,0.011445247448901831,0.0,0.089710676423835,1.6672815511111112,0.0,0.0,0.06507994802898731,0.0,1,0,0,Off,0,0,Off,0,0,Off,0.03389424699710062,0.025420685247825456,On,0.0,0,Off,0.0027153942799707604,0.0,On,0.008729853168931071,0,On,0.002937412385185223,0,On,0.05287901704154915,0.03965926278116185,On,0,0,Off,On,1667.2815511111112,22.222222222222285,1.0,0.0,1.6672815511111112,0.0,1,1667.2815511111112,1667.2815511111112,Off,0.0,0.0,31.105441211516624,51.666666666666686,46.10666666666668,0.0,49.44985335409453,0.0,0.0,0.0,31.105441211516624,48.71831157267971,49.44985335409453,48.352540681972314,12.43753247303448,22.004924927186924,0.0,-1.1,1299.2245688529194,-558.9010580392571,-0.0,-0.0,163.45400690205062,0.0,1.0,0.018329335698407598,0.0,0.0,0.3410801775608859,65.99961422222222,27.390068879014912,0.202153195142824,10.693227791168336,0.003249345474019879,24.52808627893616,1.2121761065150543
2025-01-01 04:58:00,1.768437474983848,0.06507994802898731,0.0,0.029473957916397467,0.001084665800483122,0.0,0.011445247448901831,0.0,0.089710676423835,1.6672815511111112,0.0,0.0,0.06507994802898731,0.0,1,0,0,Off,0,0,Off,0,0,Off,0.03389424699710062,0.025420685247825456,On,0.0,0,Off,0.0027153942799707604,0.0,On,0.008729853168931071,0,On,0.002937412385185223,0,On,0.05287901704154915,0.03965926278116185,On,0,0,Off,On,1667.2815511111112,22.222222222222285,1.0,0.0,1.6672815511111112,0.0,1,1667.2815511111112,1667.2815511111112,Off,0.0,0.0,31.064384626103376,51.666666666666686,46.10666666666668,0.0,49.44506664388791,0.0,0.0,0.0,31.064384626103376,48.713946184603984,49.44506664388791,48.348385954962026,12.43753247303448,22.035835053603137,0.0,-1.1,1297.1706801728938,-560.1353100741629,-0.0,-0.0,163.45400690205062,0.0,1.0,0.018345270794059204,0.0,0.0,0.34137670468787673,65.99961422222222,26.57043223389509,0.201782998466416,10.707467449460102,0.003249515960770383,24.49383913275597,1.21204905000557
2025-01-01 04:59:00,1.768437474983848,0.06507994802898731,0.0,0.029473957916397467,0.001084665800483122,0.0,0.011445247448901831,0.0,0.089710676423835,1.6672815511111112,0.0,0.0,0.06507994802898731,0.0,1,0,0,Off,0,0,Off,0,0,Off,0.03389424699710062,0.025420685247825456,On,0.0,0,Off,0.0027153942799707604,0.0,On,0.008729853168931071,0,On,0.002937412385185223,0,On,0.05287901704154915,0.03965926278116185,On,0,0,Off,On,1667.2815511111112,22.222222222222285,1.0,0.0,1.6672815511111112,0.0,1,1667.2815511111112,1667.2815511111112,Off,0.0,0.0,31.024215625727145,51.666666666666686,46.10666666666668,0.0,49.44028613012877,0.0,0.0,0.0,31.024215625727145,48.70958655847605,49.44028613012877,48.344236772649694,12.43753247303448,22.06598807933083,0.0,-1.1,1295.1984753130869,-561.340364057981,-0.0,-0.0,163.45400690205062,0.0,1.0,0.01836080840333278,0.0,0.0,0.34166583521705146,65.99961422222222,25.803281357906236,0.20142285267116475,10.72058431905284,0.00324968622732692,24.460191054748726,1.2119251283166341
2025-01-01 05:00:00,1.7687478057587018,0.06507994802898731,0.0,0.029479130095978363,0.001084665800483122,0.0,0.011755578223755633,0.0,0.089710676423835,1.6672815511111112,0.0,0.0,0.06507994802898731,0.0,1,0,0,Off,0,0,Off,0,0,Off,0.03389424699710062,0.025420685247825456,On,0.0,0,Off,0.003025725054824562,0.0,On,0.008729853168931071,0,On,0.002937412385185223,0,On,0.05287901704154915,0.03965926278116185,On,0,0,Off,On,1667.2815511111112,22.222222222222285,1.0,0.0,1.6672815511111112,0.0,1,1667.2815511111112,1667.2815511111112,Off,0.0,0.0,30.984895010980342,51.666666666666686,46.10666666666668,0.0,49.43551168079685,0.0,0.0,0.0,30.984895010980342,48.70523256973078,49.43551168079685,48.340093014197755,12.43753247303448,22.09541757125819,0.0,-1.1,1293.6138725232802,-562.5174858410228,-0.0,-0.0,163.7643376769044,0.0,1.0,0.01837596635735112,0.0,0.0,0.3419479009576274,65.99961422222222,25.08546957628748,0.201072288690391,10.733316857726606,0.0032498562773682614,24.427115429377455,1.2118042017599455
2025-01-01 05:01:00,1.7687478057587018,0.06507994802898731,0.0,0.029479130095978363,0.001084665800483122,0.0,0.011755578223755633,0.0,0.089710676423835,1.6672815511111112,0.0,0.0,0.06507994802898731,0.0,1,0,0,Off,0,0,Off,0,0,Off,0.03389424699710062,0.025420685247825456,On,0.0,0,Off,0.003025725054824562,0.0,On,0.008729853168931071,0,On,0.002937412385185223,0,On,0.05287901704154915,0.03965926278116185,On,0,0,Off,On,1667.2815511111112,22.222222222222285,1.0,0.0,1.6672815511111112,0.0,1,1667.2815511111112,1667.2815511111112,Off,0.0,0.0,30.946372702697165,51.666666666666686,46.10666666666668,0.0,49.430743169699845,0.0,0.0,0.0,30.946372702697165,48.700884099304375,49.430743169699845,48.33595456410664,12.43753247303448,22.124166452909023,0.0,-1.1,1291.791166874259,-563.668322293085,-0.0,-0.0,163.7643376769044,0.0,1.0,0.018390767258153716,0.0,0.0,0.3422233224980954,65.99961422222222,24.413600379328564,0.2007307278377861,10.746411939881154,0.0032500261144105115,24.394578359957382,1.2116860924075727
2025-01-01 05:02:00,1.7687478057587018,0.06507994802898731,0.0,0.029479130095978363,0.001084665800483122,0.0,0.011755578223755633,0.0,0.089710676423835,1.6672815511111112,0.0,0.0,0.06507994802898731,0.0,1,0,0,Off,0,0,Off,0,0,Off,0.03389424699710062,0.025420685247825456,On,0.0,0,Off,0.003025725054824562,0.0,On,0.008729853168931071,0,On,0.002937412385185223,0,On,0.05287901704154915,0.03965926278116185,On,0,0,Off,On,1667.2815511111112,22.222222222222285,1.0,0.0,1.6672815511111112,0.0,1,1667.2815511111112,1667.2815511111112,Off,0.0,0.0,30.908627080963605,51.666666666666686,46.10666666666668,0.0,49.425980478090366,0.0,0.0,0.0,30.908627080963605,48.6965410351612,49.425980478090366,48.331821313696615,12.43753247303448,22.152253194326207,0.0,-1.1,1290.0378104885954,-564.7935474512005,-0.0,-0.0,163.7643376769044,0.0,1.0,0.0184052210751324,0.0,0.0,0.342492285353195,65.99961422222222,23.785469151780475,0.20039789544845318,10.758431751879268,0.0032501957417616165,24.36256511269326,1.211570722838461
2025-01-01 05:03:00,1.7687478057587018,0.06507994802898731,0.0,0.029479130095978363,0.001084665800483122,0.0,0.011755578223755633,0.0,0.089710676423835,1.6672815511111112,0.0,0.0,0.06507994802898731,0.0,1,0,0,Off,0,0,Off,0,0,Off,0.03389424699710062,0.025420685247825456,On,0.0,0,Off,0.003025725054824562,0.0,On,0.008729853168931071,0,On,0.002937412385185223,0,On,0.05287901704154915,0.03965926278116185,On,0,0,Off,On,1667.2815511111112,22.222222222222285,1.0,0.0,1.6672815511111112,0.0,1,1667.2815511111112,1667.2815511111112,Off,0.0,0.0,30.871624988413252,51.666666666666686,46.10666666666668,0.0,49.421223490435935,0.0,0.0,0.0,30.871624988413252,48.6922032682998,49.421223490435935,48.327693157231735,12.43753247303448,22.17970618489615,0.0,-1.1,1288.5057340030876,-565.8942370898939,-0.0,-0.0,163.7643376769044,0.0,1.0,0.018419342851151144,0.0,0.0,0.3427550694470215,65.99961422222222,23.35408230496607,0.20007339897594947,10.770840631381825,0.0032503651626403173,24.331053220598452,1.2114579750378198
2025-01-01 05:04:00,1.7687478057587018,0.06507994802898731,0.0,0.029479130095978363,0.001084665800483122,0.0,0.011755578223755633,0.0,0.089710676423835,1.6672815511111112,0.0,0.0,0.06507994802898731,0.0,1,0,0,Off,0,0,Off,0,0,Off,0.03389424699710062,0.025420685247825456,On,0.0,0,Off,0.003025725054824562,0.0,On,0.008729853168931071,0,On,0.002937412385185223,0,On,0.05287901704154915,0.03965926278116185,On,0,0,Off,On,1667.2815511111112,22.222222222222285,1.0,0.0,1.6672815511111112,0.0,1,1667.2815511111112,1667.2815511111112,Off,0.0,0.0,30.835328564451483,51.666666666666686,46.10666666666668,0.0,49.416472096133774,0.0,0.0,0.0,30.835328564451483,48.687870694372094,49.416472096133774,48.323569993491255,12.43753247303448,22.20655786113112,0.0,-1.1,1286.6829731737957,-566.9716343654713,-0.0,-0.0,163.7643376769044,0.0,1.0,0.01843314967453234,0.0,0.0,0.3430119927664421,65.99961422222222,22.608718751251715,0.19975680038556967,10.78293137425986,0.003250534380127907,24.300017078673175,1.211347714514469
2025-01-01 05:05:00,1.7687478057587018,0.06507994802898731,0.0,0.029479130095978363,0.001084665800483122,0.0,0.011755578223755633,0.0,0.089710676423835,1.6672815511111112,0.0,0.0,0.06507994802898731,0.0,1,0,0,Off,0,0,Off,0,0,Off,0.03389424699710062,0.025420685247825456,On,0.0,0,Off,0.003025725054824562,0.0,On,0.008729853168931071,0,On,0.002937412385185223,0,On,0.05287901704154915,0.03965926278116185,On,0,0,Off,On,1667.2815511111112,22.222222222222285,1.0,0.0,1.6672815511111112,0.0,1,1667.2815511111112,1667.2815511111112,Off,0.0,0.0,30.79972305715841,51.666666666666686,46.10666666666668,0.0,49.41172619020976,0.0,0.0,0.0,30.79972305715841,48.683543214343395,49.41172619020976,48.31945172641022,12.43753247303448,22.232820803011528,0.0,-1.1,1285.160519337343,-568.0261900345998,-0.0,-0.0,163.7643376769044,0.0,1.0,0.018446648392826705,0.0,0.0,0.34326318273363154,65.99961422222222,22.140820583927216,0.19944790670098847,10.793983195157741,0.00325070339714853,24.26944663534766,1.2112398883294067
2025-01-01 05:06:00,1.7687478057587018,0.06507994802898731,0.0,0.029479130095978363,0.001084665800483122,0.0,0.011755578223755633,0.0,0.089710676423835,1.6672815511111112,0.0,0.0,0.06507994802898731,0.0,1,0,0,Off,0,0,Off,0,0,Off,0.03389424699710062,0.025420685247825456,On,0.0,0,Off,0.003025725054824562,0.0,On,0.008729853168931071,0,On,0.002937412385185223,0,On,0.05287901704154915,0.03965926278116185,On,0,0,Off,On,1667.2815511111112,22.222222222222285,1.0,0.0,1.6672815511111112,0.0,1,1667.2815511111112,1667.2815511111112,Off,0.0,0.0,30.764769883085023,51.666666666666686,46.10666666666668,0.0,49.406985669883724,0.0,0.0,0.0,30.764769883085023,48.67922073124936,49.406985669883724,48.315338261932176,12.43753247303448,22.258528075711894,0.0,-1.1,1283.7826010786466,-569.0591810039406,-0.0,-0.0,163.7643376769044,0.0,1.0,0.018459856357023727,0.0,0.0,0.3435089622232793,65.99961422222222,21.79589329457177,0.19914627869209434,10.805467691019818,0.0032508722165658253,24.23931583747745,1.2111343596239137
2025-01-01 05:07:00,1.7687478057587018,0.06507994802898731,0.0,0.029479130095978363,0.001084665800483122,0.0,0.011755578223755633,0.0,0.089710676423835,1.6672815511111112,0.0,0.0,0.06507994802898731,0.0,1,0,0,Off,0,0,Off,0,0,Off,0.03389424699710062,0.025420685247825456,On,0.0,0,Off,0.003025725054824562,0.0,On,0.008729853168931071,0,On,0.002937412385185223,0,On,0.05287901704154915,0.03965926278116185,On,0,0,Off,On,1667.2815511111112,22.222222222222285,1.0,0.0,1.6672815511111112,0.0,1,1667.2815511111112,1667.2815511111112,Off,0.0,0.0,30.730438730125165,51.666666666666686,46.10666666666668,0.0,49.4022504381115,0.0,0.0,0.0,30.730438730125165,48.674903153540455,49.4022504381115,48.31122951125494,12.43753247303448,22.283705640634,0.0,-1.1,1282.1553228243092,-570.0716033501243,-0.0,-0.0,163.7643376769044,0.0,1.0,0.01847278723572535,0.0,0.0,0.34374958558662094,65.99961422222222,21.181037386418154,0.19885156678001745,10.816671801410337,0.003251040841083199,24.20960420950801,1.2110310207807777
2025-01-01 05:08:00,1.7687478057587018,0.06507994802898731,0.0,0.029479130095978363,0.001084665800483122,0.0,0.011755578223755633,0.0,0.089710676423835,1.6672815511111112,0.0,0.0,0.06507994802898731,0.0,1,0,0,Off,0,0,Off,0,0,Off,0.03389424699710062,0.025420685247825456,On,0.0,0,Off,0.003025725054824562,0.0,On,0.008729853168931071,0,On,0.002937412385185223,0,On,0.05287901704154915,0.03965926278116185,On,0,0,Off,On,1667.2815511111112,22.222222222222285,1.0,0.0,1.6672815511111112,0.0,1,1667.2815511111112,1667.2815511111112,Off,0.0,0.0,30.696717104772535,51.666666666666686,46.10666666666668,0.0,49.39752040235549,0.0,0.0,0.0,30.696717104772535,48.67059039392126,49.39752040235549,48.30712538970415,12.43753247303448,22.308364148447684,0.0,-1.1,1280.7847537122063,-571.0638407804056,-0.0,-0.0,163.7643376769044,0.0,1.0,0.018485446810762262,0.0,0.0,0.3439851604144533,65.99961422222222,20.8027057045964,0.19856360933307227,10.827601213301632,0.0032512092732783875,24.18030326613138,1.2109298270309352
2025-01-01 05:09:00,1.7687478057587018,0.06507994802898731,0.0,0.029479130095978363,0.001084665800483122,0.0,0.011755578223755633,0.0,0.089710676423835,1.6672815511111112,0.0,0.0,0.06507994802898731,0.0,1,0,0,Off,0,0,Off,0,0,Off,0.03389424699710062,0.025420685247825456,On,0.0,0,Off,0.003025725054824562,0.0,On,0.008729853168931071,0,On,0.002937412385185223,0,On,0.05287901704154915,0.03965926278116185,On,0,0,Off,On,1667.2815511111112,22.222222222222285,1.0,0.0,1.6672815511111112,0.0,1,1667.2815511111112,1667.2815511111112,Off,0.0,0.0,30.66357206416107,51.666666666666686,46.10666666666668,0.0,49.392795471936196,0.0,0.0,0.0,30.66357206416107,48.66628236684966,49.392795471936196,48.303025814306395,12.43753247303448,22.332531827753126,0.0,-1.1,1279.538083903039,-572.0369871635309,-0.0,-0.0,163.7643376769044,0.0,1.0,0.01849784986823226,0.0,0.0,0.3442159618528564,65.99961422222222,20.529182278554252,0.1982820342966638,10.838270746521822,0.0032513775156780113,24.151390789975117,1.2108306616268298
2025-01-01 05:10:00,1.7687478057587018,0.06507994802898731,0.0,0.029479130095978363,0.001084665800483122,0.0,0.011755578223755633,0.0,0.089710676423835,1.6672815511111112,0.0,0.0,0.06507994802898731,0.0,1,0,0,Off,0,0,Off,0,0,Off,0.03389424699710062,0.025420685247825456,On,0.0,0,Off,0.003025725054824562,0.0,On,0.008729853168931071,0,On,0.002937412385185223,0,On,0.05287901704154915,0.03965926278116185,On,0,0,Off,On,1667.2815511111112,22.222222222222285,1.0,0.0,1.6672815511111112,0.0,1,1667.2815511111112,1667.2815511111112,Off,0.0,0.0,30.630977673966314,51.666666666666686,46.10666666666668,0.0,49.38807556107162,0.0,0.0,0.0,30.630977673966314,48.66197899140682,49.38807556107162,48.29893070657443,12.43753247303448,22.356230887884646,0.0,-1.1,1278.0823873029626,-572.9918976727788,-0.0,-0.0,163.7643376769044,0.0,1.0,0.018510008079241906,0.0,0.0,0.34444220708281054,65.99961422222222,20.028396187725953,0.1980065450231495,10.84869208211595,0.00325154557067194,24.122849286871663,1.2107334325799386
2025-01-01 05:11:00,1.7687478057587018,0.06507994802898731,0.0,0.029479130095978363,0.001084665800483122,0.0,0.011755578223755633,0.0,0.089710676423835,1.6672815511111112,0.0,0.0,0.06507994802898731,0.0,1,0,0,Off,0,0,Off,0,0,Off,0.03389424699710062,0.025420685247825456,On,0.0,0,Off,0.003025725054824562,0.0,On,0.008729853168931071,0,On,0.002937412385185223,0,On,0.05287901704154915,0.03965926278116185,On,0,0,Off,On,1667.2815511111112,22.222222222222285,1.0,0.0,1.6672815511111112,0.0,1,1667.2815511111112,1667.2815511111112,Off,0.0,0.0,30.598923058598544,51.666666666666686,46.10666666666668,0.0,49.383360587835504,0.0,0.0,0.0,30.598923058598544,48.657680190313584,49.383360587835504,48.29483999155262,12.43753247303448,22.37947059894035,0.0,-1.1,1276.9265314674199,-573.9289087508167,-0.0,-0.0,163.7643376769044,0.0,1.0,0.018521926458145245,0.0,0.0,0.34466398941357673,65.99961422222222,19.809551430221,0.19773700281107032,10.858870169483577,0.003251713440542585,24.094671393598585,1.2106381009852198
2025-01-01 05:12:00,1.7687478057587018,0.06507994802898731,0.0,0.029479130095978363,0.001084665800483122,0.0,0.011755578223755633,0.0,0.089710676423835,1.6672815511111112,0.0,0.0,0.06507994802898731,0.0,1,0,0,Off,0,0,Off,0,0,Off,0.03389424699710062,0.025420685247825456,On,0.0,0,Off,0.003025725054824562,0.0,On,0.008729853168931071,0,On,0.002937412385185223,0,On,0.05287901704154915,0.03965926278116185,On,0,0,Off,On,1667.2815511111112,22.222222222222285,1.0,0.0,1.6672815511111112,0.0,1,1667.2815511111112,1667.2815511111112,Off,0.0,0.0,30.56737664261035,51.666666666666686,46.10666666666668,0.0,49.378650471919094,0.0,0.0,0.0,30.56737664261035,48.65338588781705,49.378650471919094,48.290753595766034,12.43753247303448,22.402278024024348,0.0,-1.1,1275.5910321891902,-574.8490766320276,-0.0,-0.0,163.7643376769044,0.0,1.0,0.018533619127489222,0.0,0.0,0.3448815716435945,65.99961422222222,19.394220033202167,0.19747305659944014,10.869551737212158,0.0032518811275279403,24.066835843264528,1.2105445551019032
2025-01-01 05:13:00,0.10146625464759063,0.06507994802898731,0.0,0.0016911042441265104,0.001084665800483122,0.0,0.011755578223755633,0.0,0.089710676423835,0.0,0.0,0.0,0.06507994802898731,0.0,1,0,0,Off,0,0,Off,0,0,Off,0.03389424699710062,0.025420685247825456,On,0.0,0,Off,0.003025725054824562,0.0,On,0.008729853168931071,0,On,0.002937412385185223,0,On,0.05287901704154915,0.03965926278116185,On,0,0,Off,Off,0.0,22.222222222222285,0.0,0.0,0.0,0.0,0,0.0,1667.2815511111112,Off,0.0,0.0,30.536328235277356,51.666666666666686,46.10666666666668,0.0,49.37394513770776,0.0,0.0,0.0,30.536328235277356,48.64909601259571,49.37394513770776,48.2866714500397,12.43753247303448,22.42466185055199,0.0,-1.1,-392.78183157949036,-575.7527189214406,-0.0,-0.0,163.7643376769044,0.0,1.0,0.018545090769947883,0.0,0.0,0.34509504091008053,65.99961422222222,19.206549665045877,0.19721457817947075,10.879277006579635,0.0032520486337348324,24.039335750479523,1.2104527585274811
2025-01-01 05:14:00,0.10146625464759063,0.06507994802898731,0.0,0.0016911042441265104,0.001084665800483122,0.0,0.011755578223755633,0.0,0.089710676423835,0.0,0.0,0.0,0.06507994802898731,0.0,1,0,0,Off,0,0,Off,0,0,Off,0.03389424699710062,0.025420685247825456,On,0.0,0,Off,0.003025725054824562,0.0,On,0.008729853168931071,0,On,0.002937412385185223,0,On,0.05287901704154915,0.03965926278116185,On,0,0,Off,Off,0.0,22.222222222222285,0.0,0.0,0.0,0.0,0,0.0,1667.2815511111112,Off,0.0,0.0,30.57578942874458,51.666666666666686,46.10666666666668,0.0,49.36924451110249,0.0,0.0,0.0,30.57578942874458,48.644810494758225,49.36924451110249,48.2825934865861,12.43753247303448,22.38644734679621,0.0,-1.1,-389.6843143188543,-574.2103247010152,-0.0,-0.0,163.7643376769044,0.0,1.0,0.018525503645265447,0.0,0.0,0.3447305552530705,65.99961422222222,20.76167270525648,0.19768350445233399,10.86264953361193,0.003252215961228482,24.059246614280585,1.2106091546956754
2025-01-01 05:15:00,0.10146625464759063,0.06507994802898731,0.0,0.0016911042441265104,0.001084665800483122,0.0,0.011755578223755633,0.0,0.089710676423835,0.0,0.0,0.0,0.06507994802898731,0.0,1,0,0,Off,0,0,Off,0,0,Off,0.03389424699710062,0.025420685247825456,On,0.0,0,Off,0.003025725054824562,0.0,On,0.008729853168931071,0,On,0.002937412385185223,0,On,0.05287901704154915,0.03965926278116185,On,0,0,Off,Off,0.0,22.222222222222285,0.0,0.0,0.0,0.0,0,0.0,1667.2815511111112,Off,0.0,0.0,30.613752602877447,51.666666666666686,46.10666666666668,0.0,49.364538112071635,0.0,0.0,0.0,30.613752602877447,48.64051943887284,49.364538112071635,48.278510102273444,12.43753247303448,22.34951483920715,0.0,-1.1,-385.70936544063915,-572.7212230027476,-0.0,-0.0,163.7643376769044,0.0,1.0,0.018506563014915448,0.0,0.0,0.34437809984120005,65.99961422222222,23.247519885204,0.1981382339966476,10.846679025504018,0.003252383405678497,24.078184360358442,1.210760338439769
2025-01-01 05:16:00,0.10146625464759063,0.06507994802898731,0.0,0.0016911042441265104,0.001084665800483122,0.0,0.011755578223755633,0.0,0.089710676423835,0.0,0.0,0.0,0.06507994802898731,0.0,1,0,0,Off,0,0,Off,0,0,Off,0.03389424699710062,0.025420685247825456,On,0.0,0,Off,0.003025725054824562,0.0,On,0.008729853168931071,0,On,0.002937412385185223,0,On,0.05287901704154915,0.03965926278116185,On,0,0,Off,Off,0.0,22.222222222222285,0.0,0.0,0.0,0.0,0,0.0,1667.2815511111112,Off,0.0,0.0,30.650258958991184,51.666666666666686,46.10666666666668,0.0,49.35982616332055,0.0,0.0,0.0,30.650258958991184,48.636223055174014,49.35982616332055,48.27442150110075,12.43753247303448,22.313829126039636,0.0,-1.1,-383.0982742793685,-571.283838853475,-0.0,-0.0,163.7643376769044,0.0,1.0,0.018488251875493047,0.0,0.0,0.34403735826778464,65.99961422222222,24.421226897202047,0.19857907568456556,10.83134764223351,0.0032525509610042947,24.096174301361305,1.210906450109773
2025-01-01 05:17:00,0.10146625464759063,0.06507994802898731,0.0,0.0016911042441265104,0.001084665800483122,0.0,0.011755578223755633,0.0,0.089710676423835,0.0,0.0,0.0,0.06507994802898731,0.0,1,0,0,Off,0,0,Off,0,0,Off,0.03389424699710062,0.025420685247825456,On,0.0,0,Off,0.003025725054824562,0.0,On,0.008729853168931071,0,On,0.002937412385185223,0,On,0.05287901704154915,0.03965926278116185,On,0,0,Off,Off,0.0,22.222222222222285,0.0,0.0,0.0,0.0,0,0.0,1667.2815511111112,Off,0.0,0.0,30.68543934991137,51.666666666666686,46.10666666666668,0.0,49.355108881427974,0.0,0.0,0.0,30.68543934991137,48.63192154811395,49.355108881427974,48.27032788145694,12.43753247303448,22.279277944731135,0.0,-1.1,-379.7195466004173,-569.8935086172726,-0.0,-0.0,163.7643376769044,0.0,1.0,0.018470513580408434,0.0,0.0,0.3437072764286696,65.99961422222222,26.40962433995083,0.19900727935102241,10.816597459634282,0.0032527186212856934,24.113302355584082,1.2110479462178425
2025-01-01 05:18:00,0.10146625464759063,0.06507994802898731,0.0,0.0016911042441265104,0.001084665800483122,0.0,0.011755578223755633,0.0,0.089710676423835,0.0,0.0,0.0,0.06507994802898731,0.0,1,0,0,Off,0,0,Off,0,0,Off,0.03389424699710062,0.025420685247825456,On,0.0,0,Off,0.003025725054824562,0.0,On,0.008729853168931071,0,On,0.002937412385185223,0,On,0.05287901704154915,0.03965926278116185,On,0,0,Off,Off,0.0,22.222222222222285,0.0,0.0,0.0,0.0,0,0.0,1667.2815511111112,Off,0.0,0.0,30.719328818362943,51.666666666666686,46.10666666666668,0.0,49.35038646352109,0.0,0.0,0.0,30.719328818362943,48.627615103780755,49.35038646352109,48.2662294239106,12.43753247303448,22.245831362556704,0.0,-1.1,-377.3349280809673,-568.5488987304401,-0.0,-0.0,163.7643376769044,0.0,1.0,0.018453333635628236,0.0,0.0,0.3433875846126359,65.99961422222222,27.449632972568352,0.19942311126319381,10.802413316577145,0.0032528863811404807,24.129590090271428,1.2111849462484252
2025-01-01 05:19:00,0.10146625464759063,0.06507994802898731,0.0,0.0016911042441265104,0.001084665800483122,0.0,0.011755578223755633,0.0,0.089710676423835,0.0,0.0,0.0,0.06507994802898731,0.0,1,0,0,Off,0,0,Off,0,0,Off,0.03389424699710062,0.025420685247825456,On,0.0,0,Off,0.003025725054824562,0.0,On,0.008729853168931071,0,On,0.002937412385185223,0,On,0.05287901704154915,0.03965926278116185,On,0,0,Off,Off,0.0,22.222222222222285,0.0,0.0,0.0,0.0,0,0.0,1667.2815511111112,Off,0.0,0.0,30.75203297716322,51.666666666666686,46.10666666666668,0.0,49.34565910151615,0.0,0.0,0.0,30.75203297716322,48.6233039033446,49.34565910151615,48.26212630425883,12.43753247303448,22.21339878728648,0.0,-1.1,-374.28025088540903,-567.2462488665246,-0.0,-0.0,163.7643376769044,0.0,1.0,0.018436666310110726,0.0,0.0,0.34307743183675155,65.99961422222222,29.201660304211153,0.1998275818554593,10.788021839895267,0.0032530542353229404,24.145106862627635,1.2113178186695
2025-01-01 05:20:00,0.10146625464759063,0.06507994802898731,0.0,0.0016911042441265104,0.001084665800483122,0.0,0.011755578223755633,0.0,0.089710676423835,0.0,0.0,0.0,0.06507994802898731,0.0,1,0,0,Off,0,0,Off,0,0,Off,0.03389424699710062,0.025420685247825456,On,0.0,0,Off,0.003025725054824562,0.0,On,0.008729853168931071,0,On,0.002937412385185223,0,On,0.05287901704154915,0.03965926278116185,On,0,0,Off,Off,0.0,22.222222222222285,0.0,0.0,0.0,0.0,0,0.0,1667.2815511111112,Off,0.0,0.0,30.783582396898908,51.666666666666686,46.10666666666668,0.0,49.340926971629614,0.0,0.0,0.0,30.783582396898908,48.61898811315374,49.340926971629614,48.25801868391581,12.43753247303448,22.1819541101918,0.0,-1.1,-372.1106417406332,-565.9844019314783,-0.0,-0.0,163.7643376769044,0.0,1.0,0.018420498922210888,0.0,0.0,0.34277658211550105,65.99961422222222,30.10942251394065,0.20022092745543377,10.774864072856401,0.0032532221790215208,24.159871542352768,1.211446667853652
2025-01-01 05:21:00,0.10146625464759063,0.06507994802898731,0.0,0.0016911042441265104,0.001084665800483122,0.0,0.011755578223755633,0.0,0.089710676423835,0.0,0.0,0.0,0.06507994802898731,0.0,1,0,0,Off,0,0,Off,0,0,Off,0.03389424699710062,0.025420685247825456,On,0.0,0,Off,0.003025725054824562,0.0,On,0.008729853168931071,0,On,0.002937412385185223,0,On,0.05287901704154915,0.03965926278116185,On,0,0,Off,Off,0.0,22.222222222222285,0.0,0.0,0.0,0.0,0,0.0,1667.2815511111112,Off,0.0,0.0,30.814070052856945,51.666666666666686,46.10666666666668,0.0,49.33619024553197,0.0,0.0,0.0,30.814070052856945,48.61466789526614,49.33619024553197,48.25390672013323,12.43753247303448,22.151417581872163,0.0,-1.1,-369.3528257968687,-564.7600579669718,-0.0,-0.0,163.7643376769044,0.0,1.0,0.01840479114588838,0.0,0.0,0.3424842850445476,65.99961422222222,31.64289449319866,0.20060404489362196,10.761446501032491,0.003253390207543928,24.173945322574987,1.21157181842416
2025-01-01 05:22:00,0.10146625464759063,0.06507994802898731,0.0,0.0016911042441265104,0.001084665800483122,0.0,0.011755578223755633,0.0,0.089710676423835,0.0,0.0,0.0,0.06507994802898731,0.0,1,0,0,Off,0,0,Off,0,0,Off,0.03389424699710062,0.025420685247825456,On,0.0,0,Off,0.003025725054824562,0.0,On,0.008729853168931071,0,On,0.002937412385185223,0,On,0.05287901704154915,0.03965926278116185,On,0,0,Off,Off,0.0,22.222222222222285,0.0,0.0,0.0,0.0,0,0.0,1667.2815511111112,Off,0.0,0.0,30.843522607667275,51.666666666666686,46.10666666666668,0.0,49.33144908107249,0.0,0.0,0.0,30.843522607667275,48.61034339869145,49.33144908107249,48.24979055750093,12.43753247303448,22.12176643510098,0.0,-1.1,-367.371678718794,-563.572212572477,-0.0,-0.0,163.7643376769044,0.0,1.0,0.018389531892883223,0.0,0.0,0.342200334288771,65.99961422222222,32.436196176778644,0.20097714332508482,10.749207950577755,0.0032535583165807136,24.187344700092225,1.2116933615107335
2025-01-01 05:23:00,0.10146625464759063,0.06507994802898731,0.0,0.0016911042441265104,0.001084665800483122,0.0,0.011755578223755633,0.0,0.089710676423835,0.0,0.0,0.0,0.06507994802898731,0.0,1,0,0,Off,0,0,Off,0,0,Off,0.03389424699710062,0.025420685247825456,On,0.0,0,Off,0.003025725054824562,0.0,On,0.008729853168931071,0,On,0.002937412385185223,0,On,0.05287901704154915,0.03965926278116185,On,0,0,Off,Off,0.0,22.222222222222285,0.0,0.0,0.0,0.0,0,0.0,1667.2815511111112,Off,0.0,0.0,30.87202157362357,51.666666666666686,46.10666666666668,0.0,49.32670363213558,0.0,0.0,0.0,30.87202157362357,48.606014768697435,49.32670363213558,48.24567033697837,12.43753247303448,22.092930755980657,0.0,-1.1,-364.87339979917886,-562.4179805509978,-0.0,-0.0,163.7643376769044,0.0,1.0,0.018374685758747872,0.0,0.0,0.3419240710269541,65.99961422222222,33.78024307491447,0.20134101452708916,10.736663783388952,0.0032537265019265626,24.20012342602105,1.2118115818945296
2025-01-01 05:24:00,0.10146625464759063,0.06507994802898731,0.0,0.0016911042441265104,0.001084665800483122,0.0,0.011755578223755633,0.0,0.089710676423835,0.0,0.0,0.0,0.06507994802898731,0.0,1,0,0,Off,0,0,Off,0,0,Off,0.03389424699710062,0.025420685247825456,On,0.0,0,Off,0.003025725054824562,0.0,On,0.008729853168931071,0,On,0.002937412385185223,0,On,0.05287901704154915,0.03965926278116185,On,0,0,Off,Off,0.0,22.222222222222285,0.0,0.0,0.0,0.0,0,0.0,1667.2815511111112,Off,0.0,0.0,30.899590302050896,51.666666666666686,46.10666666666668,0.0,49.32195404048842,0.0,0.0,0.0,30.899590302050896,48.60168213911231,49.32195404048842,48.24154618842427,12.43753247303448,22.064890608146143,0.0,-1.1,-363.05861762187214,-561.2964861586837,-0.0,-0.0,163.7643376769044,0.0,1.0,0.018360243009517403,0.0,0.0,0.3416553141252829,65.99961422222222,34.473530859907136,0.2016958441844835,10.724528550392495,0.003253894759712284,24.212295980922633,1.2119265594685085
2025-01-01 05:25:00,0.10146625464759063,0.06507994802898731,0.0,0.0016911042441265104,0.001084665800483122,0.0,0.011755578223755633,0.0,0.089710676423835,0.0,0.0,0.0,0.06507994802898731,0.0,1,0,0,Off,0,0,Off,0,0,Off,0.03389424699710062,0.025420685247825456,On,0.0,0,Off,0.003025725054824562,0.0,On,0.008729853168931071,0,On,0.002937412385185223,0,On,0.05287901704154915,0.03965926278116185,On,0,0,Off,Off,0.0,22.222222222222285,0.0,0.0,0.0,0.0,0,0.0,1667.2815511111112,Off,0.0,0.0,30.92630045908612,51.666666666666686,46.10666666666668,0.0,49.31720044442566,0.0,0.0,0.0,30.92630045908612,48.597345640487134,49.31720044442566,48.237418238517876,12.43753247303448,22.037584525723588,0.0,-1.1,-360.7890427827298,-560.2051991687923,-0.0,-0.0,163.7643376769044,0.0,1.0,0.01834617247643929,0.0,0.0,0.3413934835821784,65.99961422222222,35.65181870915808,0.2020423329532892,10.712770453951713,0.0032540630861599895,24.22390970841803,1.2120385447601982
2025-01-01 05:26:00,0.10146625464759063,0.06507994802898731,0.0,0.0016911042441265104,0.001084665800483122,0.0,0.011755578223755633,0.0,0.089710676423835,0.0,0.0,0.0,0.06507994802898731,0.0,1,0,0,Off,0,0,Off,0,0,Off,0.03389424699710062,0.025420685247825456,On,0.0,0,Off,0.003025725054824562,0.0,On,0.008729853168931071,0,On,0.002937412385185223,0,On,0.05287901704154915,0.03965926278116185,On,0,0,Off,Off,0.0,22.222222222222285,0.0,0.0,0.0,0.0,0,0.0,1667.2815511111112,Off,0.0,0.0,30.952172599060866,51.666666666666686,46.10666666666668,0.0,49.31244297158837,0.0,0.0,0.0,30.952172599060866,48.59300539331518,49.31244297158837,48.233286604178595,12.43753247303448,22.010994963035117,0.0,-1.1,-359.12141421113586,-559.1433520331137,-0.0,-0.0,163.7643376769044,0.0,1.0,0.01833246557209626,0.0,0.0,0.34113841959927926,65.99961422222222,36.257600145073454,0.20238064641197484,10.701380550666144,0.0032542314777877176,24.234977383043677,1.212147608161574
2025-01-01 05:27:00,0.10146625464759063,0.06507994802898731,0.0,0.0016911042441265104,0.001084665800483122,0.0,0.011755578223755633,0.0,0.089710676423835,0.0,0.0,0.0,0.06507994802898731,0.0,1,0,0,Off,0,0,Off,0,0,Off,0.03389424699710062,0.025420685247825456,On,0.0,0,Off,0.003025725054824562,0.0,On,0.008729853168931071,0,On,0.002937412385185223,0,On,0.05287901704154915,0.03965926278116185,On,0,0,Off,Off,0.0,22.222222222222285,0.0,0.0,0.0,0.0,0,0.0,1667.2815511111112,Off,0.0,0.0,30.97726985082926,51.666666666666686,46.10666666666668,0.0,49.307681746560995,0.0,0.0,0.0,30.97726985082926,48.58866151520514,49.307681746560995,48.22915139952722,12.43753247303448,21.985067778846346,0.0,-1.1,-357.05371891538596,-558.1087211794608,-0.0,-0.0,163.7643376769044,0.0,1.0,0.018319094807518244,0.0,0.0,0.34088961064998435,65.99961422222222,37.29066458717033,0.2027114054317502,10.690330826389996,0.003254399931193966,24.245540779120834,1.2122539704736897
2025-01-01 05:28:00,0.10146625464759063,0.06507994802898731,0.0,0.0016911042441265104,0.001084665800483122,0.0,0.011755578223755633,0.0,0.089710676423835,0.0,0.0,0.0,0.06507994802898731,0.0,1,0,0,Off,0,0,Off,0,0,Off,0.03389424699710062,0.025420685247825456,On,0.0,0,Off,0.003025725054824562,0.0,On,0.008729853168931071,0,On,0.002937412385185223,0,On,0.05287901704154915,0.03965926278116185,On,0,0,Off,Off,0.0,22.222222222222285,0.0,0.0,0.0,0.0,0,0.0,1667.2815511111112,Off,0.0,0.0,31.001610395582837,51.666666666666686,46.10666666666668,0.0,49.30291688454349,0.0,0.0,0.0,31.001610395582837,48.58431411490608,49.30291688454349,48.22501273008737,12.43753247303448,21.959787455540198,0.0,-1.1,-355.51656716391676,-557.1006304803371,-0.0,-0.0,163.7643376769044,0.0,1.0,0.01830605257019486,0.0,0.0,0.3406469150774199,65.99961422222222,37.81972563951593,0.20303475830518386,10.679613372136954,0.0032545684432382454,24.255611221341017,1.2123576940195466
2025-01-01 05:29:00,0.10146625464759063,0.06507994802898731,0.0,0.0016911042441265104,0.001084665800483122,0.0,0.011755578223755633,0.0,0.089710676423835,0.0,0.0,0.0,0.06507994802898731,0.0,1,0,0,Off,0,0,Off,0,0,Off,0.03389424699710062,0.025420685247825456,On,0.0,0,Off,0.003025725054824562,0.0,On,0.008729853168931071,0,On,0.002937412385185223,0,On,0.05287901704154915,0.03965926278116185,On,0,0,Off,Off,0.0,22.222222222222285,0.0,0.0,0.0,0.0,0,0.0,1667.2815511111112,Off,0.0,0.0,31.025249945509646,51.666666666666686,46.10666666666668,0.0,49.29814849803207,0.0,0.0,0.0,31.025249945509646,48.57996329861548,49.29814849803207,48.220870698907184,12.43753247303448,21.935106215006165,0.0,-1.1,-353.6275094997282,-556.1171218774699,-0.0,-0.0,163.7643376769044,0.0,1.0,0.018293314573745206,0.0,0.0,0.3404098809501441,65.99961422222222,38.72527470083727,0.20335125596732873,10.668485499217267,0.003254737010851322,24.265225634572868,1.2124589737538864
2025-01-01 05:30:00,0.10146625464759063,0.06507994802898731,0.0,0.0016911042441265104,0.001084665800483122,0.0,0.011755578223755633,0.0,0.089710676423835,0.0,0.0,0.0,0.06507994802898731,0.0,1,0,0,Off,0,0,Off,0,0,Off,0.03389424699710062,0.025420685247825456,On,0.0,0,Off,0.003025725054824562,0.0,On,0.008729853168931071,0,On,0.002937412385185223,0,On,0.05287901704154915,0.03965926278116185,On,0,0,Off,Off,0.0,22.222222222222285,0.0,0.0,0.0,0.0,0,0.0,1667.2815511111112,Off,0.0,0.0,31.04820466227451,51.666666666666686,46.10666666666668,0.0,49.293376691240944,0.0,0.0,0.0,31.04820466227451,48.5756091647121,49.293376691240944,48.216725401447675,12.43753247303448,21.911010265072505,0.0,0.6,-307.07443951016006,-508.0287413787546,-0.0,-0.0,163.7643376769044,0.0,1.0,0.018161972397321313,0.0,0.0,0.337965809130357,65.99961422222222,37.18996419169015,0.20366103182903247,10.6583768567885,0.003254905631194593,-4.0711746648174305,1.212557865127763
2025-01-01 05:31:00,0.10146625464759063,0.06507994802898731,0.0,0.0016911042441265104,0.001084665800483122,0.0,0.011755578223755633,0.0,0.089710676423835,0.0,0.0,0.0,0.06507994802898731,0.0,1,0,0,Off,0,0,Off,0,0,Off,0.03389424699710062,0.025420685247825456,On,0.0,0,Off,0.003025725054824562,0.0,On,0.008729853168931071,0,On,0.002937412385185223,0,On,0.05287901704154915,0.03965926278116185,On,0,0,Off,Off,0.0,22.222222222222285,0.0,0.0,0.0,0.0,0,0.0,1667.2815511111112,Off,0.0,0.0,31.068168344641922,51.666666666666686,46.10666666666668,0.0,49.2886015659809,0.0,0.0,0.0,31.068168344641922,48.57125180930653,49.2886015659809,48.21257693096935,12.43753247303448,21.889481871890787,0.0,0.6,-307.76393965052773,-507.2099173884283,-0.0,-0.0,163.7643376769044,0.0,1.0,0.018151035713803245,0.0,0.0,0.33776229461037394,65.99961422222222,35.6816400609962,0.20392709217653607,10.64925635788069,0.0032548773426926423,-4.035561672519965,1.212646363529971
2025-01-01 05:32:00,0.10146625464759063,0.06507994802898731,0.0,0.0016911042441265104,0.001084665800483122,0.0,0.011755578223755633,0.0,0.089710676423835,0.0,0.0,0.0,0.06507994802898731,0.0,1,0,0,Off,0,0,Off,0,0,Off,0.03389424699710062,0.025420685247825456,On,0.0,0,Off,0.003025725054824562,0.0,On,0.008729853168931071,0,On,0.002937412385185223,0,On,0.05287901704154915,0.03965926278116185,On,0,0,Off,Off,0.0,22.222222222222285,0.0,0.0,0.0,0.0,0,0.0,1667.2815511111112,Off,0.0,0.0,31.087667226603187,51.666666666666686,46.10666666666668,0.0,49.28382356683576,0.0,0.0,0.0,31.087667226603187,48.566891652165395,49.28382356683576,48.20842569483022,12.43753247303448,21.86835016881831,0.0,0.6,-307.2639877076,-506.406693587296,-0.0,-0.0,163.7643376769044,0.0,1.0,0.01814029737017324,0.0,0.0,0.337562470884501,65.99961422222222,35.37836820279153,0.20418861421025164,10.639623286635643,0.003254849303693509,-4.000581154014657,1.2127332439878333
2025-01-01 05:33:00,0.10146625464759063,0.06507994802898731,0.0,0.0016911042441265104,0.001084665800483122,0.0,0.011755578223755633,0.0,0.089710676423835,0.0,0.0,0.0,0.06507994802898731,0.0,1,0,0,Off,0,0,Off,0,0,Off,0.03389424699710062,0.025420685247825456,On,0.0,0,Off,0.003025725054824562,0.0,On,0.008729853168931071,0,On,0.002937412385185223,0,On,0.05287901704154915,0.03965926278116185,On,0,0,Off,Off,0.0,22.222222222222285,0.0,0.0,0.0,0.0,0,0.0,1667.2815511111112,Off,0.0,0.0,31.106671391131083,51.666666666666686,46.10666666666668,0.0,49.27904276290567,0.0,0.0,0.0,31.106671391131083,48.562528758519534,49.27904276290567,48.20427175632648,12.43753247303448,21.847640934692667,0.0,0.6,-306.0458596059243,-505.62002050569896,-0.0,-0.0,163.7643376769044,0.0,1.0,0.018129770646311754,0.0,0.0,0.33736658507047657,65.99961422222222,35.80982322287024,0.2044452550517069,10.630208356887557,0.0032548215097296033,-3.9662740140884587,1.212818399822357
2025-01-01 05:34:00,0.10146625464759063,0.06507994802898731,0.0,0.0016911042441265104,0.001084665800483122,0.0,0.011755578223755633,0.0,0.089710676423835,0.0,0.0,0.0,0.06507994802898731,0.0,1,0,0,Off,0,0,Off,0,0,Off,0.03389424699710062,0.025420685247825456,On,0.0,0,Off,0.003025725054824562,0.0,On,0.008729853168931071,0,On,0.002937412385185223,0,On,0.05287901704154915,0.03965926278116185,On,0,0,Off,Off,0.0,22.222222222222285,0.0,0.0,0.0,0.0,0,0.0,1667.2815511111112,Off,0.0,0.0,31.125171566764358,51.666666666666686,46.10666666666668,0.0,49.27425922773651,0.0,0.0,0.0,31.125171566764358,48.55816319779841,49.27425922773651,48.20011518282936,12.43753247303448,21.827362207891362,0.0,0.6,-304.5612787881189,-504.8501735298842,-0.0,-0.0,163.7643376769044,0.0,1.0,0.018119459812441802,0.0,0.0,0.3371747166304507,65.99961422222222,36.524557064860915,0.20469689215294276,10.621730496931235,0.0032547939560486883,-3.9326531574045838,1.212901797255315
2025-01-01 05:35:00,0.10146625464759063,0.06507994802898731,0.0,0.0016911042441265104,0.001084665800483122,0.0,0.011755578223755633,0.0,0.089710676423835,0.0,0.0,0.0,0.06507994802898731,0.0,1,0,0,Off,0,0,Off,0,0,Off,0.03389424699710062,0.025420685247825456,On,0.0,0,Off,0.003025725054824562,0.0,On,0.008729853168931071,0,On,0.002937412385185223,0,On,0.05287901704154915,0.03965926278116185,On,0,0,Off,Off,0.0,22.222222222222285,0.0,0.0,0.0,0.0,0,0.0,1667.2815511111112,Off,0.0,0.0,31.143177649276723,51.666666666666686,46.10666666666668,0.0,49.26947303625129,0.0,0.0,0.0,31.143177649276723,48.55379504073261,49.26947303625129,48.19595604297328,12.43753247303448,21.80750555388855,0.0,0.6,-303.5044462402742,-504.0968031064571,-0.0,-0.0,163.7643376769044,0.0,1.0,0.018109360760656574,0.0,0.0,0.33698678912272323,65.99961422222222,36.828019189278486,0.20494360903550438,10.612755439831924,0.0032547666378101485,-3.8997054651631196,1.2129834702485494
2025-01-01 05:36:00,0.10146625464759063,0.06507994802898731,0.0,0.0016911042441265104,0.001084665800483122,0.0,0.011755578223755633,0.0,0.089710676423835,0.0,0.0,0.0,0.06507994802898731,0.0,1,0,0,Off,0,0,Off,0,0,Off,0.03389424699710062,0.025420685247825456,On,0.0,0,Off,0.003025725054824562,0.0,On,0.008729853168931071,0,On,0.002937412385185223,0,On,0.05287901704154915,0.03965926278116185,On,0,0,Off,Off,0.0,22.222222222222285,0.0,0.0,0.0,0.0,0,0.0,1667.2815511111112,Off,0.0,0.0,31.160727768983065,51.666666666666686,46.10666666666668,0.0,49.26468426190126,0.0,0.0,0.0,31.160727768983065,48.54942435666399,49.26468426190126,48.19179440404537,12.43753247303448,21.78803826931926,0.0,0.6,-302.25638662121185,-503.35864108291577,-0.0,-0.0,163.7643376769044,0.0,1.0,0.018099457026689133,0.0,0.0,0.3368024961731198,65.99961422222222,37.33791678479943,0.20518579443459112,10.604694952740168,0.003254739550267274,-3.867379455179563,1.2130635526136866
2025-01-01 05:37:00,0.10146625464759063,0.06507994802898731,0.0,0.0016911042441265104,0.001084665800483122,0.0,0.011755578223755633,0.0,0.089710676423835,0.0,0.0,0.0,0.06507994802898731,0.0,1,0,0,Off,0,0,Off,0,0,Off,0.03389424699710062,0.025420685247825456,On,0.0,0,Off,0.003025725054824562,0.0,On,0.008729853168931071,0,On,0.002937412385185223,0,On,0.05287901704154915,0.03965926278116185,On,0,0,Off,Off,0.0,22.222222222222285,0.0,0.0,0.0,0.0,0,0.0,1667.2815511111112,Off,0.0,0.0,31.17783241744829,51.666666666666686,46.10666666666668,0.0,49.25989297246937,0.0,0.0,0.0,31.17783241744829,48.54505120958311,49.25989297246937,48.18763032813998,12.43753247303448,21.768951400756137,0.0,0.6,-301.2796658265648,-502.6353225087217,-0.0,-0.0,163.7643376769044,0.0,1.0,0.018089744212460897,0.0,0.0,0.3366217559402989,65.99961422222222,37.59131900525247,0.2054235415179255,10.596116901412024,0.003254712689035834,-3.83566114318813,1.2131420805514652
2025-01-01 05:38:00,0.10146625464759063,0.06507994802898731,0.0,0.0016911042441265104,0.001084665800483122,0.0,0.011755578223755633,0.0,0.089710676423835,0.0,0.0,0.0,0.06507994802898731,0.0,1,0,0,Off,0,0,Off,0,0,Off,0.03389424699710062,0.025420685247825456,On,0.0,0,Off,0.003025725054824562,0.0,On,0.008729853168931071,0,On,0.002937412385185223,0,On,0.05287901704154915,0.03965926278116185,On,0,0,Off,Off,0.0,22.222222222222285,0.0,0.0,0.0,0.0,0,0.0,1667.2815511111112,Off,0.0,0.0,31.194520782010272,51.666666666666686,46.10666666666668,0.0,49.25509923417835,0.0,0.0,0.0,31.194520782010272,48.54067566200811,49.25509923417835,48.183463875922996,12.43753247303448,21.75021992457081,0.0,0.6,-300.1280103880224,-501.92587521707287,-0.0,-0.0,163.7643376769044,0.0,1.0,0.0180802097312727,0.0,0.0,0.33644433420553826,65.99961422222222,38.03352715214605,0.205657146348481,10.58772235590845,0.003254686049831274,-3.8045111257756012,1.2132191564064667
2025-01-01 05:39:00,0.10146625464759063,0.06507994802898731,0.0,0.0016911042441265104,0.001084665800483122,0.0,0.011755578223755633,0.0,0.089710676423835,0.0,0.0,0.0,0.06507994802898731,0.0,1,0,0,Off,0,0,Off,0,0,Off,0.03389424699710062,0.025420685247825456,On,0.0,0,Off,0.003025725054824562,0.0,On,0.008729853168931071,0,On,0.002937412385185223,0,On,0.05287901704154915,0.03965926278116185,On,0,0,Off,Off,0.0,22.222222222222285,0.0,0.0,0.0,0.0,0,0.0,1667.2815511111112,Off,0.0,0.0,31.21080208463149,51.666666666666686,46.10666666666668,0.0,49.25030310891194,0.0,0.0,0.0,31.21080208463149,48.53629777236096,49.25030310891194,48.179295104085476,12.43753247303448,21.731835972905376,0.0,0.6,-299.21357747012905,-501.2299788404019,-0.0,-0.0,163.7643376769044,0.0,1.0,0.018070849716372118,0.0,0.0,0.3362701590146425,65.99961422222222,38.25206369336839,0.20588669101080384,10.57950726840891,0.003254659628646599,-3.7739170981771473,1.2132948119986213
2025-01-01 05:40:00,0.10146625464759063,0.06507994802898731,0.0,0.0016911042441265104,0.001084665800483122,0.0,0.011755578223755633,0.0,0.089710676423835,0.0,0.0,0.0,0.06507994802898731,0.0,1,0,0,Off,0,0,Off,0,0,Off,0.03389424699710062,0.025420685247825456,On,0.0,0,Off,0.003025725054824562,0.0,On,0.008729853168931071,0,On,0.002937412385185223,0,On,0.05287901704154915,0.03965926278116185,On,0,0,Off,Off,0.0,22.222222222222285,0.0,0.0,0.0,0.0,0,0.0,1667.2815511111112,Off,0.0,0.0,31.226702210694523,51.666666666666686,46.10666666666668,0.0,49.24550465718243,0.0,0.0,0.0,31.226702210694523,48.53191759776939,49.24550465718243,48.17512406806288,12.43753247303448,21.713777354683987,-0.008444867538297984,0.6,-298.22759611039487,-500.54677233733264,-0.0,-0.0,163.7643376769044,0.0,1.0,0.018061652999221915,0.0,0.0,0.33609902253865764,65.99961422222222,38.55483855003338,0.2061124388336141,10.571460114093853,0.0032546334215624952,-3.7438440904985093,1.2133691381142693
2025-01-01 05:41:00,0.10146625464759063,0.06507994802898731,0.0,0.0016911042441265104,0.001084665800483122,0.0,0.011755578223755633,0.0,0.089710676423835,0.0,0.0,0.0,0.06507994802898731,0.0,1,0,0,Off,0,0,Off,0,0,Off,0.03389424699710062,0.025420685247825456,On,0.0,0,Off,0.003025725054824562,0.0,On,0.008729853168931071,0,On,0.002937412385185223,0,On,0.05287901704154915,0.03965926278116185,On,0,0,Off,Off,0.0,22.222222222222285,0.0,0.0,0.0,0.0,0,0.0,1667.2815511111112,Off,0.0,0.0,31.242232941601642,51.666666666666686,46.10666666666668,0.0,49.24070393565397,0.0,0.0,0.0,31.242232941601642,48.52753519172834,49.24070393565397,48.17095081976553,12.43753247303448,21.696033997457384,-0.026188224764901236,0.6,-297.19715509266734,-499.8758549705414,-0.0,-0.0,163.7643376769044,0.0,1.0,0.01805261457170655,0.0,0.0,0.3359308315844116,65.99961422222222,38.91436220096961,0.20633450190389768,10.563575688567692,0.0032546074249059035,-3.7142762801576943,1.2134421757190568
2025-01-01 05:42:00,0.10146625464759063,0.06507994802898731,0.0,0.0016911042441265104,0.001084665800483122,0.0,0.011755578223755633,0.0,0.089710676423835,0.0,0.0,0.0,0.06507994802898731,0.0,1,0,0,Off,0,0,Off,0,0,Off,0.03389424699710062,0.025420685247825456,On,0.0,0,Off,0.003025725054824562,0.0,On,0.008729853168931071,0,On,0.002937412385185223,0,On,0.05287901704154915,0.03965926278116185,On,0,0,Off,Off,0.0,22.222222222222285,0.0,0.0,0.0,0.0,0,0.0,1667.2815511111112,Off,0.0,0.0,31.2574066495846,51.666666666666686,46.10666666666668,0.0,49.23590099923892,0.0,0.0,0.0,31.2574066495846,48.52315060607932,49.23590099923892,48.16677540949952,12.43753247303448,21.67859531919863,-0.043626903023653796,0.6,-296.3727797779958,-499.2168079006679,-0.0,-0.0,163.7643376769044,0.0,1.0,0.018043729158989125,0.0,0.0,0.3357654879954661,65.99961422222222,39.07969044576771,0.2065529995904155,10.555848519166528,0.0032545816351158656,-3.6851970256414894,1.213513967904258
2025-01-01 05:43:00,0.10146625464759063,0.06507994802898731,0.0,0.0016911042441265104,0.001084665800483122,0.0,0.011755578223755633,0.0,0.089710676423835,0.0,0.0,0.0,0.06507994802898731,0.0,1,0,0,Off,0,0,Off,0,0,Off,0.03389424699710062,0.025420685247825456,On,0.0,0,Off,0.003025725054824562,0.0,On,0.008729853168931071,0,On,0.002937412385185223,0,On,0.05287901704154915,0.03965926278116185,On,0,0,Off,Off,0.0,22.222222222222285,0.0,0.0,0.0,0.0,0,0.0,1667.2815511111112,Off,0.0,0.0,31.2722455714442,51.666666666666686,46.10666666666668,0.0,49.23109590101004,0.0,0.0,0.0,31.2722455714442,48.5187638909275,49.23109590101004,48.16259788588624,12.43753247303448,21.66144225774223,-0.06077996448005507,0.6,-295.48572588326397,-498.56889321112703,-0.0,-0.0,163.7643376769044,0.0,1.0,0.01803498715674319,0.0,0.0,0.33560281305037576,65.99961422222222,39.31882965095858,0.20676815934747145,10.548978334372244,0.0032545560487491757,-3.6565762526022247,1.2135845926977644
2025-01-01 05:44:00,0.10146625464759063,0.06507994802898731,0.0,0.0016911042441265104,0.001084665800483122,0.0,0.011755578223755633,0.0,0.089710676423835,0.0,0.0,0.0,0.06507994802898731,0.0,1,0,0,Off,0,0,Off,0,0,Off,0.03389424699710062,0.025420685247825456,On,0.0,0,Off,0.003025725054824562,0.0,On,0.008729853168931071,0,On,0.002937412385185223,0,On,0.05287901704154915,0.03965926278116185,On,0,0,Off,Off,0.0,22.222222222222285,0.0,0.0,0.0,0.0,0,0.0,1667.2815511111112,Off,0.0,0.0,31.286759644352227,51.666666666666686,46.10666666666668,0.0,49.22628869073435,0.0,0.0,0.0,31.286759644352227,48.51437509325733,49.22628869073435,48.158418294518825,12.43753247303448,21.64456631917927,-0.0776559030430164,0.6,-294.555429941107,-497.93177364234936,-0.0,-0.0,163.7643376769044,0.0,1.0,0.01802638433766257,0.0,0.0,0.3354427280856055,65.99961422222222,39.61200602433793,0.20698007616799213,10.541540971852127,0.003254530662574292,-3.6284005974032745,1.213654084661868
2025-01-01 05:45:00,0.10146625464759063,0.06507994802898731,0.0,0.0016911042441265104,0.001084665800483122,0.0,0.011755578223755633,0.0,0.089710676423835,0.0,0.0,0.0,0.06507994802898731,0.0,1,0,0,Off,0,0,Off,0,0,Off,0.03389424699710062,0.025420685247825456,On,0.0,0,Off,0.003025725054824562,0.0,On,0.008729853168931071,0,On,0.002937412385185223,0,On,0.05287901704154915,0.03965926278116185,On,0,0,Off,Off,0.0,22.222222222222285,0.0,0.0,0.0,0.0,0,0.0,1667.2815511111112,Off,0.0,0.0,31.30095918596122,51.666666666666686,46.10666666666668,0.0,49.22147941670125,0.0,0.0,0.0,31.30095918596122,48.50998425865862,49.22147941670125,48.15423667963731,12.43753247303448,21.62795868116959,-0.09426354105269397,0.6,-293.79954403265856,-497.30510045839685,-0.0,-0.0,163.7643376769044,0.0,1.0,0.018017916301354294,0.0,0.0,0.33528515121674657,65.99961422222222,39.741218748833944,0.20718884988091268,10.533533406196536,0.0032545054734543057,-3.600656166761599,1.2137224797335247
2025-01-01 05:46:00,0.10146625464759063,0.06507994802898731,0.0,0.0016911042441265104,0.001084665800483122,0.0,0.011755578223755633,0.0,0.089710676423835,0.0,0.0,0.0,0.06507994802898731,0.0,1,0,0,Off,0,0,Off,0,0,Off,0.03389424699710062,0.025420685247825456,On,0.0,0,Off,0.003025725054824562,0.0,On,0.008729853168931071,0,On,0.002937412385185223,0,On,0.05287901704154915,0.03965926278116185,On,0,0,Off,Off,0.0,22.222222222222285,0.0,0.0,0.0,0.0,0,0.0,1667.2815511111112,Off,0.0,0.0,31.314863134998287,51.666666666666686,46.10666666666668,0.0,49.21666812566602,0.0,0.0,0.0,31.314863134998287,48.5055914312732,49.21666812566602,48.1500530840768,12.43753247303448,21.61160311026377,-0.11061911195851692,0.6,-292.99637813541517,-496.6882463931957,-0.0,-0.0,163.7643376769044,0.0,1.0,0.018009574861673663,0.0,0.0,0.3351299301124907,65.99961422222222,39.92753058087616,0.20739467502472464,10.526364928099701,0.003254480478350582,-3.5733173220776244,1.2137898443900113
2025-01-01 05:47:00,0.10146625464759063,0.06507994802898731,0.0,0.0016911042441265104,0.001084665800483122,0.0,0.011755578223755633,0.0,0.089710676423835,0.0,0.0,0.0,0.06507994802898731,0.0,1,0,0,Off,0,0,Off,0,0,Off,0.03389424699710062,0.025420685247825456,On,0.0,0,Off,0.003025725054824562,0.0,On,0.008729853168931071,0,On,0.002937412385185223,0,On,0.05287901704154915,0.03965926278116185,On,0,0,Off,Off,0.0,22.222222222222285,0.0,0.0,0.0,0.0,0,0.0,1667.2815511111112,Off,0.0,0.0,31.32848025797973,51.666666666666686,46.10666666666668,0.0,49.21185486156847,0.0,0.0,0.0,31.32848025797973,48.50119665258502,49.21185486156847,48.145867548093314,12.43753247303448,21.59549211310585,-0.126730109116437,0.6,-292.15413593568195,-496.0809150046193,-0.0,-0.0,163.7643376769044,0.0,1.0,0.018001356282619573,0.0,0.0,0.33497699525171937,65.99961422222222,40.16244139203293,0.2075976361957307,10.519322545972575,0.003254455674404854,-3.546372254159831,1.213856209149089
2025-01-01 05:48:00,0.10146625464759063,0.06507994802898731,0.0,0.0016911042441265104,0.001084665800483122,0.0,0.011755578223755633,0.0,0.089710676423835,0.0,0.0,0.0,0.06507994802898731,0.0,1,0,0,Off,0,0,Off,0,0,Off,0.03389424699710062,0.025420685247825456,On,0.0,0,Off,0.003025725054824562,0.0,On,0.008729853168931071,0,On,0.002937412385185223,0,On,0.05287901704154915,0.03965926278116185,On,0,0,Off,Off,0.0,22.222222222222285,0.0,0.0,0.0,0.0,0,0.0,1667.2815511111112,Off,0.0,0.0,31.341819294925713,51.666666666666686,46.10666666666668,0.0,49.20703966704486,0.0,0.0,0.0,31.341819294925713,48.496799962847724,49.20703966704486,48.141680110749164,12.43753247303448,21.579618218049276,-0.142604004173009,0.6,-291.4571119006641,-495.48281142165905,-0.0,-0.0,163.7643376769044,0.0,1.0,0.017993256834637282,0.0,0.0,0.3348262772332707,65.99961422222222,40.26136184409053,0.20779781827186475,10.51240239654162,0.0032544310588424035,-3.5198091805881795,1.213921604457544
2025-01-01 05:49:00,0.10146625464759063,0.06507994802898731,0.0,0.0016911042441265104,0.001084665800483122,0.0,0.011755578223755633,0.0,0.089710676423835,0.0,0.0,0.0,0.06507994802898731,0.0,1,0,0,Off,0,0,Off,0,0,Off,0.03389424699710062,0.025420685247825456,On,0.0,0,Off,0.003025725054824562,0.0,On,0.008729853168931071,0,On,0.002937412385185223,0,On,0.05287901704154915,0.03965926278116185,On,0,0,Off,Off,0.0,22.222222222222285,0.0,0.0,0.0,0.0,0,0.0,1667.2815511111112,Off,0.0,0.0,31.354896310798708,51.666666666666686,46.10666666666668,0.0,49.20222258343189,0.0,0.0,0.0,31.354896310798708,48.492401401088344,49.20222258343189,48.13749080991657,12.43753247303448,21.563967656513416,-0.15825456570886942,0.6,-290.7255713672294,-494.89340441605344,-0.0,-0.0,163.7643376769044,0.0,1.0,0.017985269569673126,0.0,0.0,0.33467764676476786,65.99961422222222,40.403495371919604,0.20799538683237095,10.505597325051417,0.0032544066289718248,-3.4936063342364783,1.213986086718412
2025-01-01 05:50:00,0.10146625464759063,0.06507994802898731,0.0,0.0016911042441265104,0.001084665800483122,0.0,0.011755578223755633,0.0,0.089710676423835,0.0,0.0,0.0,0.06507994802898731,0.0,1,0,0,Off,0,0,Off,0,0,Off,0.03389424699710062,0.025420685247825456,On,0.0,0,Off,0.003025725054824562,0.0,On,0.008729853168931071,0,On,0.002937412385185223,0,On,0.05287901704154915,0.03965926278116185,On,0,0,Off,Off,0.0,22.222222222222285,0.0,0.0,0.0,0.0,0,0.0,1667.2815511111112,Off,0.0,0.0,31.367719092653388,51.666666666666686,46.10666666666668,0.0,49.19740364967799,0.0,0.0,0.0,31.367719092653388,48.48800100407934,49.19740364967799,48.133299681280015,12.43753247303448,21.548533772307906,-0.17368844991437982,0.6,-289.9589997780075,-494.3124315827556,-0.0,-0.0,163.7643376769044,0.0,1.0,0.0179773911634873,0.0,0.0,0.334531041987324,65.99961422222222,40.58909412784363,0.20819041769487137,10.49890388992717,0.0032543823822547887,-3.4677532090200422,1.214049683062538
2025-01-01 05:51:00,0.10146625464759063,0.06507994802898731,0.0,0.0016911042441265104,0.001084665800483122,0.0,0.011755578223755633,0.0,0.089710676423835,0.0,0.0,0.0,0.06507994802898731,0.0,1,0,0,Off,0,0,Off,0,0,Off,0.03389424699710062,0.025420685247825456,On,0.0,0,Off,0.003025725054824562,0.0,On,0.008729853168931071,0,On,0.002937412385185223,0,On,0.05287901704154915,0.03965926278116185,On,0,0,Off,Off,0.0,22.222222222222285,0.0,0.0,0.0,0.0,0,0.0,1667.2815511111112,Off,0.0,0.0,31.38029508572776,51.666666666666686,46.10666666666668,0.0,49.19258290357368,0.0,0.0,0.0,31.38029508572776,48.48359880750032,49.19258290357368,48.12910675946365,12.43753247303448,21.53331020205681,-0.18891202016547481,0.6,-289.31277386626755,-493.7396421593488,-0.0,-0.0,163.7643376769044,0.0,1.0,0.017969618437489305,0.0,0.0,0.3343864037523574,65.99961422222222,40.66253061617684,0.208382983408517,10.492318801116472,0.0032543583162272334,-3.442239756930835,1.214112419429722
2025-01-01 05:52:00,0.10146625464759063,0.06507994802898731,0.0,0.0016911042441265104,0.001084665800483122,0.0,0.011755578223755633,0.0,0.089710676423835,0.0,0.0,0.0,0.06507994802898731,0.0,1,0,0,Off,0,0,Off,0,0,Off,0.03389424699710062,0.025420685247825456,On,0.0,0,Off,0.003025725054824562,0.0,On,0.008729853168931071,0,On,0.002937412385185223,0,On,0.05287901704154915,0.03965926278116185,On,0,0,Off,Off,0.0,22.222222222222285,0.0,0.0,0.0,0.0,0,0.0,1667.2815511111112,Off,0.0,0.0,31.39263792917264,51.666666666666686,46.10666666666668,0.0,49.18776038180243,0.0,0.0,0.0,31.39263792917264,48.479194845986044,49.18776038180243,48.12491207807786,12.43753247303448,21.518285257626122,-0.2039369645961635,0.6,-288.64274891762676,-493.1745857683559,-0.0,-0.0,163.7643376769044,0.0,1.0,0.01796194548989989,0.0,0.0,0.33424362223701637,65.99961422222222,40.767499173824746,0.2085732249580182,10.485835984267911,0.0032543344284961186,-3.4170474824920625,1.2141743437147994
2025-01-01 05:53:00,0.10146625464759063,0.06507994802898731,0.0,0.0016911042441265104,0.001084665800483122,0.0,0.011755578223755633,0.0,0.089710676423835,0.0,0.0,0.0,0.06507994802898731,0.0,1,0,0,Off,0,0,Off,0,0,Off,0.03389424699710062,0.025420685247825456,On,0.0,0,Off,0.003025725054824562,0.0,On,0.008729853168931071,0,On,0.002937412385185223,0,On,0.05287901704154915,0.03965926278116185,On,0,0,Off,Off,0.0,22.222222222222285,0.0,0.0,0.0,0.0,0,0.0,1667.2815511111112,Off,0.0,0.0,31.404754590215962,51.666666666666686,46.10666666666668,0.0,49.18293611902003,0.0,0.0,0.0,31.404754590215962,48.4747891522571,49.18293611902003,48.12071566887564,12.43753247303448,21.503452983559377,-0.2187692386629081,0.6,-287.9414963162211,-492.6170284183429,-0.0,-0.0,163.7643376769044,0.0,1.0,0.017954369341590427,0.0,0.0,0.3341026420043916,65.99961422222222,40.91119442521736,0.20876121076032325,10.478747521976794,0.0032543107167984343,-3.392166972178355,1.2142354802117694
2025-01-01 05:54:00,0.10146625464759063,0.06507994802898731,0.0,0.0016911042441265104,0.001084665800483122,0.0,0.011755578223755633,0.0,0.089710676423835,0.0,0.0,0.0,0.06507994802898731,0.0,1,0,0,Off,0,0,Off,0,0,Off,0.03389424699710062,0.025420685247825456,On,0.0,0,Off,0.003025725054824562,0.0,On,0.008729853168931071,0,On,0.002937412385185223,0,On,0.05287901704154915,0.03965926278116185,On,0,0,Off,Off,0.0,22.222222222222285,0.0,0.0,0.0,0.0,0,0.0,1667.2815511111112,Off,0.0,0.0,31.41665144409169,51.666666666666686,46.10666666666668,0.0,49.178110148846294,0.0,0.0,0.0,31.41665144409169,48.47038175805629,49.178110148846294,48.116517562661286,12.43753247303448,21.48880793213108,-0.23341429009120418,0.6,-287.3392581209848,-492.0667557203197,-0.0,-0.0,163.7643376769044,0.0,1.0,0.017946887269587954,0.0,0.0,0.3339634123842288,65.99961422222222,40.96315992243037,0.20894700313075265,10.472460715741075,0.0032542871789376596,-3.3675896128450553,1.2142958511350597
2025-01-01 05:55:00,0.10146625464759063,0.06507994802898731,0.0,0.0016911042441265104,0.001084665800483122,0.0,0.011755578223755633,0.0,0.089710676423835,0.0,0.0,0.0,0.06507994802898731,0.0,1,0,0,Off,0,0,Off,0,0,Off,0.03389424699710062,0.025420685247825456,On,0.0,0,Off,0.003025725054824562,0.0,On,0.008729853168931071,0,On,0.002937412385185223,0,On,0.05287901704154915,0.03965926278116185,On,0,0,Off,Off,0.0,22.222222222222285,0.0,0.0,0.0,0.0,0,0.0,1667.2815511111112,Off,0.0,0.0,31.428340071405447,51.666666666666686,46.10666666666668,0.0,49.17328250395306,0.0,0.0,0.0,31.428340071405447,48.465972694231695,49.17328250395306,48.112317789371026,12.43753247303448,21.474340180685648,-0.24788204153663784,0.6,-286.7222475632567,-491.5233857390206,-0.0,-0.0,163.7643376769044,0.0,1.0,0.017939494261018315,0.0,0.0,0.3338258400948052,65.99961422222222,41.03680049885946,0.20913072206016245,10.4662651217809,0.0032542638127781346,-3.343299688544146,1.214355497155265
2025-01-01 05:56:00,0.10146625464759063,0.06507994802898731,0.0,0.0016911042441265104,0.001084665800483122,0.0,0.011755578223755633,0.0,0.089710676423835,0.0,0.0,0.0,0.06507994802898731,0.0,1,0,0,Off,0,0,Off,0,0,Off,0.03389424699710062,0.025420685247825456,On,0.0,0,Off,0.003025725054824562,0.0,On,0.008729853168931071,0,On,0.002937412385185223,0,On,0.05287901704154915,0.03965926278116185,On,0,0,Off,Off,0.0,22.222222222222285,0.0,0.0,0.0,0.0,0,0.0,1667.2815511111112,Off,0.0,0.0,31.439826749507493,51.666666666666686,46.10666666666668,0.0,49.1684532152905,0.0,0.0,0.0,31.439826749507493,48.461561990006196,49.1684532152905,48.108116377364055,12.43753247303448,21.46004436328974,-0.26217785893254586,0.6,-286.1081776522968,-490.9867083298681,-0.0,-0.0,163.7643376769044,0.0,1.0,0.01793218762743319,0.0,0.0,0.3336898751083162,65.99961422222222,41.11419300066696,0.20931242969991048,10.459454443404672,0.0032542406162946597,-3.3192887063105054,1.2144144401783425
2025-01-01 05:57:00,0.10146625464759063,0.06507994802898731,0.0,0.0016911042441265104,0.001084665800483122,0.0,0.011755578223755633,0.0,0.089710676423835,0.0,0.0,0.0,0.06507994802898731,0.0,1,0,0,Off,0,0,Off,0,0,Off,0.03389424699710062,0.025420685247825456,On,0.0,0,Off,0.003025725054824562,0.0,On,0.008729853168931071,0,On,0.002937412385185223,0,On,0.05287901704154915,0.03965926278116185,On,0,0,Off,Off,0.0,22.222222222222285,0.0,0.0,0.0,0.0,0,0.0,1667.2815511111112,Off,0.0,0.0,31.451118211092986,51.666666666666686,46.10666666666668,0.0,49.163622312875404,0.0,0.0,0.0,31.451118211092986,48.45714967372166,49.163622312875404,48.103913354144794,12.43753247303448,21.445914721520314,-0.2763075007019715,0.6,-285.48598086852115,-490.4564990741796,-0.0,-0.0,163.7643376769044,0.0,1.0,0.01792496447693227,0.0,0.0,0.33355546361103444,65.99961422222222,41.20618052875406,0.20949219357592272,10.453433165999847,0.0032542175875219757,-3.29554754642626,1.214472703739304
2025-01-01 05:58:00,0.10146625464759063,0.06507994802898731,0.0,0.0016911042441265104,0.001084665800483122,0.0,0.011755578223755633,0.0,0.089710676423835,0.0,0.0,0.0,0.06507994802898731,0.0,1,0,0,Off,0,0,Off,0,0,Off,0.03389424699710062,0.025420685247825456,On,0.0,0,Off,0.003025725054824562,0.0,On,0.008729853168931071,0,On,0.002937412385185223,0,On,0.05287901704154915,0.03965926278116185,On,0,0,Off,Off,0.0,22.222222222222285,0.0,0.0,0.0,0.0,0,0.0,1667.2815511111112,Off,0.0,0.0,31.462220520513846,51.666666666666686,46.10666666666668,0.0,49.15878982572349,0.0,0.0,0.0,31.462220520513846,48.452735772775085,49.15878982572349,48.09970874630089,12.43753247303448,21.431946070561555,-0.2902761516607306,0.6,-284.9352414331353,-489.93255552961017,-0.0,-0.0,163.7643376769044,0.0,1.0,0.017917822208045348,0.0,0.0,0.3334225571936813,65.99961422222222,41.23297641957045,0.209670074196425,10.447494651603044,0.003254194724559112,-3.2720679955745204,1.2145303090196178
2025-01-01 05:59:00,1.7687478057587018,0.06507994802898731,0.0,0.029479130095978363,0.001084665800483122,0.0,0.011755578223755633,0.0,0.089710676423835,1.6672815511111112,0.0,0.0,0.06507994802898731,0.0,1,0,0,Off,0,0,Off,0,0,Off,0.03389424699710062,0.025420685247825456,On,0.0,0,Off,0.003025725054824562,0.0,On,0.008729853168931071,0,On,0.002937412385185223,0,On,0.05287901704154915,0.03965926278116185,On,0,0,Off,On,1667.2815511111112,22.222222222222285,1.0,0.0,1.6672815511111112,0.0,1,1667.2815511111112,1667.2815511111112,Off,0.0,0.0,31.473142821543693,51.666666666666686,46.10666666666668,0.0,49.15395578194876,0.0,0.0,0.0,31.473142821543693,48.4483203137124,49.15395578194876,48.095502579594225,12.43753247303448,21.418130578012956,-0.3040916442093291,0.6,1382.9040128569325,-489.4145764288702,-0.0,-0.0,163.7643376769044,0.0,1.0,0.017910756862578193,0.0,0.0,0.33329108220047265,65.99961422222222,41.272700497787255,0.20984616642579987,10.440932581518844,0.003254172025563024,-3.24883763420576,1.214587288127726
2025-01-01 06:00:00,1.7710187329493303,0.06649220832053317,0.0,0.029516978882488838,0.001108203472008886,0.0,0.012143491692322884,0.0,0.09159369014589615,1.6672815511111112,0.0,0.0,0.06649220832053317,0.0,1,0,0,Off,0,0,Off,0,0,Off,0.03577726071916177,0.02683294553937132,On,0.0,0,Off,0.003413638523391813,0.0,On,0.008729853168931071,0,On,0.002937412385185223,0,On,0.05287901704154915,0.03965926278116185,On,0,0,Off,On,1667.2815511111112,22.222222222222285,1.0,0.0,1.6672815511111112,0.0,1,1667.2815511111112,1667.2815511111112,Off,0.0,0.0,31.413851571090913,51.666666666666686,46.10666666666668,0.0,49.14912020830581,0.0,0.0,0.0,31.413851571090913,48.44390332179627,49.14912020830581,48.091294878541504,12.43753247303448,21.464661797539446,-0.2575604246828398,0.6,1381.6697437831572,-491.1600252606405,-0.0,-0.0,166.03526486753282,0.0,1.0,0.017934547772680335,0.0,0.0,0.33373379370816136,65.99961422222222,39.51295306515358,0.2092474117200241,10.461708958813688,0.003254149488777944,-3.321381367380855,1.2143954736150007
2025-01-01 06:01:00,1.7710187329493303,0.06649220832053317,0.0,0.029516978882488838,0.001108203472008886,0.0,0.012143491692322884,0.0,0.09159369014589615,1.6672815511111112,0.0,0.0,0.06649220832053317,0.0,1,0,0,Off,0,0,Off,0,0,Off,0.03577726071916177,0.02683294553937132,On,0.0,0,Off,0.003413638523391813,0.0,On,0.008729853168931071,0,On,0.002937412385185223,0,On,0.05287901704154915,0.03965926278116185,On,0,0,Off,On,1667.2815511111112,22.222222222222285,1.0,0.0,1.6672815511111112,0.0,1,1667.2815511111112,1667.2815511111112,Off,0.0,0.0,31.35624318950648,51.666666666666686,46.10666666666668,0.0,49.14429354074509,0.0,0.0,0.0,31.35624318950648,48.439494650910405,49.14429354074509,48.087095205993066,12.43753247303448,21.509754936880373,-0.21246728534191206,0.6,1377.1897527067445,-492.85389328393484,-0.0,-0.0,166.03526486753282,0.0,1.0,0.017957588497564018,0.0,0.0,0.3341625454460185,65.99961422222222,36.726830012035244,0.20866891833666162,10.481718596782972,0.00325412644512677,-3.3915643445452126,1.2142096459471823
2025-01-01 06:02:00,1.7710187329493303,0.06649220832053317,0.0,0.029516978882488838,0.001108203472008886,0.0,0.012143491692322884,0.0,0.09159369014589615,1.6672815511111112,0.0,0.0,0.06649220832053317,0.0,1,0,0,Off,0,0,Off,0,0,Off,0.03577726071916177,0.02683294553937132,On,0.0,0,Off,0.003413638523391813,0.0,On,0.008729853168931071,0,On,0.002937412385185223,0,On,0.05287901704154915,0.03965926278116185,On,0,0,Off,On,1667.2815511111112,22.222222222222285,1.0,0.0,1.6672815511111112,0.0,1,1667.2815511111112,1667.2815511111112,Off,0.0,0.0,31.300368483097206,51.666666666666686,46.10666666666668,0.0,49.139475529008415,0.0,0.0,0.0,31.300368483097206,48.43509406487826,49.139475529008415,48.08290333281318,12.43753247303448,21.553366091602864,-0.16885613061942095,0.6,1373.8770678867722,-494.49430378930475,-0.0,-0.0,166.03526486753282,0.0,1.0,0.01797985806124619,0.0,0.0,0.3345769470839119,65.99961422222222,35.054555697433,0.2081110686477711,10.5009392411182,0.003254102910946843,-3.459322463312997,1.2140299805079655
2025-01-01 06:03:00,1.7710187329493303,0.06649220832053317,0.0,0.029516978882488838,0.001108203472008886,0.0,0.012143491692322884,0.0,0.09159369014589615,1.6672815511111112,0.0,0.0,0.06649220832053317,0.0,1,0,0,Off,0,0,Off,0,0,Off,0.03577726071916177,0.02683294553937132,On,0.0,0,Off,0.003413638523391813,0.0,On,0.008729853168931071,0,On,0.002937412385185223,0,On,0.05287901704154915,0.03965926278116185,On,0,0,Off,On,1667.2815511111112,22.222222222222285,1.0,0.0,1.6672815511111112,0.0,1,1667.2815511111112,1667.2815511111112,Off,0.0,0.0,31.24609485544161,51.666666666666686,46.10666666666668,0.0,49.134665915289325,0.0,0.0,0.0,31.24609485544161,48.43070132039304,49.134665915289325,48.0787190229449,12.43753247303448,21.595608983981492,-0.12661323824079318,0.6,1370.5367779647736,-496.0853195836948,-0.0,-0.0,166.03526486753282,0.0,1.0,0.018001415907759104,0.0,0.0,0.33497810478201073,65.99961422222222,33.305281569824366,0.20757224316185469,10.519431002117408,0.0032540789030386067,-3.5248412351901983,1.213856003495033
2025-01-01 06:04:00,1.7710187329493303,0.06649220832053317,0.0,0.029516978882488838,0.001108203472008886,0.0,0.012143491692322884,0.0,0.09159369014589615,1.6672815511111112,0.0,0.0,0.06649220832053317,0.0,1,0,0,Off,0,0,Off,0,0,Off,0.03577726071916177,0.02683294553937132,On,0.0,0,Off,0.003413638523391813,0.0,On,0.008729853168931071,0,On,0.002937412385185223,0,On,0.05287901704154915,0.03965926278116185,On,0,0,Off,On,1667.2815511111112,22.222222222222285,1.0,0.0,1.6672815511111112,0.0,1,1667.2815511111112,1667.2815511111112,Off,0.0,0.0,31.193346858867958,51.666666666666686,46.10666666666668,0.0,49.12986446149261,0.0,0.0,0.0,31.193346858867958,48.426316192756765,49.12986446149261,48.07454205838885,12.43753247303448,21.636548235908645,-0.08567398631364043,0.6,1367.367456855713,-497.6291797217492,-0.0,-0.0,166.03526486753282,0.0,1.0,0.01802229625911235,0.0,0.0,0.3353666553582173,65.99961422222222,31.679820598818097,0.20705146728577137,10.537228278162926,0.0032540544369199834,-3.5882278207780978,1.2136874439693972
2025-01-01 06:05:00,1.7710187329493303,0.06649220832053317,0.0,0.029516978882488838,0.001108203472008886,0.0,0.012143491692322884,0.0,0.09159369014589615,1.6672815511111112,0.0,0.0,0.06649220832053317,0.0,1,0,0,Off,0,0,Off,0,0,Off,0.03577726071916177,0.02683294553937132,On,0.0,0,Off,0.003413638523391813,0.0,On,0.008729853168931071,0,On,0.002937412385185223,0,On,0.05287901704154915,0.03965926278116185,On,0,0,Off,On,1667.2815511111112,22.222222222222285,1.0,0.0,1.6672815511111112,0.0,1,1667.2815511111112,1667.2815511111112,Off,0.0,0.0,31.142045269114433,51.666666666666686,46.10666666666668,0.0,49.12507094073996,0.0,0.0,0.0,31.142045269114433,48.421938467859896,49.12507094073996,48.07037223141987,12.43753247303448,21.67625172583082,-0.04597049639146533,0.6,1364.3508795925245,-499.1282646388647,-0.0,-0.0,166.03526486753282,0.0,1.0,0.018042534878143016,0.0,0.0,0.33574326430281565,65.99961422222222,30.16232825274504,0.20654774003928456,10.5543671270194,0.003254029527372541,-3.6495941191360792,1.2135240180353142
2025-01-01 06:06:00,1.7710187329493303,0.06649220832053317,0.0,0.029516978882488838,0.001108203472008886,0.0,0.012143491692322884,0.0,0.09159369014589615,1.6672815511111112,0.0,0.0,0.06649220832053317,0.0,1,0,0,Off,0,0,Off,0,0,Off,0.03577726071916177,0.02683294553937132,On,0.0,0,Off,0.003413638523391813,0.0,On,0.008729853168931071,0,On,0.002937412385185223,0,On,0.05287901704154915,0.03965926278116185,On,0,0,Off,On,1667.2815511111112,22.222222222222285,1.0,0.0,1.6672815511111112,0.0,1,1667.2815511111112,1667.2815511111112,Off,0.0,0.0,31.092116225946917,51.666666666666686,46.10666666666668,0.0,49.12028513793116,0.0,0.0,0.0,31.092116225946917,48.417567942711344,49.12028513793116,48.06620934510144,12.43753247303448,21.714782732923574,-0.007439489298711521,0.6,1361.473314453119,-500.5847987546966,-0.0,-0.0,166.03526486753282,0.0,1.0,0.01806216506952556,0.0,0.0,0.3361085513635406,65.99961422222222,28.74129722917163,0.20606013269810855,10.57159248379411,0.0032540041884071068,-3.709044354930686,1.2133654611609028
2025-01-01 06:07:00,1.7710187329493303,0.06649220832053317,0.0,0.029516978882488838,0.001108203472008886,0.0,0.012143491692322884,0.0,0.09159369014589615,1.6672815511111112,0.0,0.0,0.06649220832053317,0.0,1,0,0,Off,0,0,Off,0,0,Off,0.03577726071916177,0.02683294553937132,On,0.0,0,Off,0.003413638523391813,0.0,On,0.008729853168931071,0,On,0.002937412385185223,0,On,0.05287901704154915,0.03965926278116185,On,0,0,Off,On,1667.2815511111112,22.222222222222285,1.0,0.0,1.6672815511111112,0.0,1,1667.2815511111112,1667.2815511111112,Off,0.0,0.0,31.04349067604869,51.666666666666686,46.10666666666668,0.0,49.11550684894665,0.0,0.0,0.0,31.04349067604869,48.4132044246857,49.11550684894665,48.062053212555234,12.43753247303448,21.752200415286488,0.0,0.6,1358.7273917065497,-502.0008666338128,-0.0,-0.0,166.03526486753282,0.0,1.0,0.018081217935888468,0.0,0.0,0.3364630953115065,65.99961422222222,27.411442361718407,0.20558778120131588,10.587514277078,0.003253978433316284,-3.766675876188966,1.2132115261634897
2025-01-01 06:08:00,1.7710187329493303,0.06649220832053317,0.0,0.029516978882488838,0.001108203472008886,0.0,0.012143491692322884,0.0,0.09159369014589615,1.6672815511111112,0.0,0.0,0.06649220832053317,0.0,1,0,0,Off,0,0,Off,0,0,Off,0.03577726071916177,0.02683294553937132,On,0.0,0,Off,0.003413638523391813,0.0,On,0.008729853168931071,0,On,0.002937412385185223,0,On,0.05287901704154915,0.03965926278116185,On,0,0,Off,On,1667.2815511111112,22.222222222222285,1.0,0.0,1.6672815511111112,0.0,1,1667.2815511111112,1667.2815511111112,Off,0.0,0.0,30.996103792991963,51.666666666666686,46.10666666666668,0.0,49.11073587993295,0.0,0.0,0.0,30.996103792991963,48.408847730848606,49.11073587993295,48.05790365630644,12.43753247303448,21.788560307621314,0.0,0.6,1356.1052521785443,-503.3784301440752,-0.0,-0.0,166.03526486753282,0.0,1.0,0.018099722642144617,0.0,0.0,0.3368074388599804,65.99961422222222,26.16686634397555,0.20512987852774478,10.603585725536115,0.0032539522747215117,-3.822579977213241,1.2130619811211163
2025-01-01 06:09:00,1.7710187329493303,0.06649220832053317,0.0,0.029516978882488838,0.001108203472008886,0.0,0.012143491692322884,0.0,0.09159369014589615,1.6672815511111112,0.0,0.0,0.06649220832053317,0.0,1,0,0,Off,0,0,Off,0,0,Off,0.03577726071916177,0.02683294553937132,On,0.0,0,Off,0.003413638523391813,0.0,On,0.008729853168931071,0,On,0.002937412385185223,0,On,0.05287901704154915,0.03965926278116185,On,0,0,Off,On,1667.2815511111112,22.222222222222285,1.0,0.0,1.6672815511111112,0.0,1,1667.2815511111112,1667.2815511111112,Off,0.0,0.0,30.94989471649588,51.666666666666686,46.10666666666668,0.0,49.10597204667427,0.0,0.0,0.0,30.94989471649588,48.404497687363545,49.10597204667427,48.0537605077082,12.43753247303448,21.823914545016482,0.0,0.6,1353.5995377779777,-504.71933546196715,-0.0,-0.0,166.03526486753282,0.0,1.0,0.01811770653896283,0.0,0.0,0.3371420909619944,65.99961422222222,25.002057261300777,0.20468567069300878,10.619123106623434,0.0032539257246144756,-3.8768422840778847,1.2129166084161376
2025-01-01 06:10:00,1.7710187329493303,0.06649220832053317,0.0,0.029516978882488838,0.001108203472008886,0.0,0.012143491692322884,0.0,0.09159369014589615,1.6672815511111112,0.0,0.0,0.06649220832053317,0.0,1,0,0,Off,0,0,Off,0,0,Off,0.03577726071916177,0.02683294553937132,On,0.0,0,Off,0.003413638523391813,0.0,On,0.008729853168931071,0,On,0.002937412385185223,0,On,0.05287901704154915,0.03965926278116185,On,0,0,Off,On,1667.2815511111112,22.222222222222285,1.0,0.0,1.6672815511111112,0.0,1,1667.2815511111112,1667.2815511111112,Off,0.0,0.0,30.904806271348352,51.666666666666686,46.10666666666668,0.0,49.10121517400289,0.0,0.0,0.0,30.904806271348352,48.40015412893524,49.10121517400289,48.049623606401425,12.43753247303448,21.858312103657077,0.0,0.6,1351.2034476388594,-506.02532087590646,-0.0,-0.0,166.03526486753282,0.0,1.0,0.018135195293818192,0.0,0.0,0.3374675292489861,65.99961422222222,23.911952536121845,0.20425445266458295,10.6341523446779,0.003253898794395921,-3.929543163517476,1.2127752037130064
2025-01-01 06:11:00,1.7710187329493303,0.06649220832053317,0.0,0.029516978882488838,0.001108203472008886,0.0,0.012143491692322884,0.0,0.09159369014589615,1.6672815511111112,0.0,0.0,0.06649220832053317,0.0,1,0,0,Off,0,0,Off,0,0,Off,0.03577726071916177,0.02683294553937132,On,0.0,0,Off,0.003413638523391813,0.0,On,0.008729853168931071,0,On,0.002937412385185223,0,On,0.05287901704154915,0.03965926278116185,On,0,0,Off,On,1667.2815511111112,22.222222222222285,1.0,0.0,1.6672815511111112,0.0,1,1667.2815511111112,1667.2815511111112,Off,0.0,0.0,30.860784705702144,51.666666666666686,46.10666666666668,0.0,49.09646509525134,0.0,0.0,0.0,30.860784705702144,48.395816898292466,49.09646509525134,48.04549279981303,12.43753247303448,21.891799025577992,0.0,0.6,1348.910628132047,-507.2980241287341,-0.0,-0.0,166.03526486753282,0.0,1.0,0.01815221301297604,0.0,0.0,0.33778420230072925,65.99961422222222,22.891836282137135,0.20383556459593655,10.648697809638275,0.0032538714949116895,-3.980758103537827,1.2126375750051828
2025-01-01 06:12:00,1.7710187329493303,0.06649220832053317,0.0,0.029516978882488838,0.001108203472008886,0.0,0.012143491692322884,0.0,0.09159369014589615,1.6672815511111112,0.0,0.0,0.06649220832053317,0.0,1,0,0,Off,0,0,Off,0,0,Off,0.03577726071916177,0.02683294553937132,On,0.0,0,Off,0.003413638523391813,0.0,On,0.008729853168931071,0,On,0.002937412385185223,0,On,0.05287901704154915,0.03965926278116185,On,0,0,Off,On,1667.2815511111112,22.222222222222285,1.0,0.0,1.6672815511111112,0.0,1,1667.2815511111112,1667.2815511111112,Off,0.0,0.0,30.81777945237362,51.666666666666686,46.10666666666668,0.0,49.0917216517435,0.0,0.0,0.0,30.81777945237362,48.39148584570762,49.0917216517435,48.04136794268968,12.43753247303448,21.924418622932553,0.0,0.6,1346.7151507995127,-508.5389891107727,-0.0,-0.0,166.03526486753282,0.0,1.0,0.018168782352219186,0.0,0.0,0.33809253170579384,65.99961422222222,21.93732393164118,0.2034283884221259,10.662782425349512,0.00325384383648617,-4.030558058960619,1.2125035417493921
2025-01-01 06:13:00,1.7710187329493303,0.06649220832053317,0.0,0.029516978882488838,0.001108203472008886,0.0,0.012143491692322884,0.0,0.09159369014589615,1.6672815511111112,0.0,0.0,0.06649220832053317,0.0,1,0,0,Off,0,0,Off,0,0,Off,0.03577726071916177,0.02683294553937132,On,0.0,0,Off,0.003413638523391813,0.0,On,0.008729853168931071,0,On,0.002937412385185223,0,On,0.05287901704154915,0.03965926278116185,On,0,0,Off,On,1667.2815511111112,22.222222222222285,1.0,0.0,1.6672815511111112,0.0,1,1667.2815511111112,1667.2815511111112,Off,0.0,0.0,30.77574290951572,51.666666666666686,46.10666666666668,0.0,49.08698469232109,0.0,0.0,0.0,30.77574290951572,48.38716082854978,49.08698469232109,48.03724889666413,12.43753247303448,21.956211666527423,0.0,0.6,1344.6114804883614,-509.74967206861714,-0.0,-0.0,166.03526486753282,0.0,1.0,0.018184924618834933,0.0,0.0,0.3383929139593641,65.99961422222222,21.04433657833443,0.20303234474469845,10.677146478867513,0.0032538158289533987,-4.079009769721946,1.212372934067313
2025-01-01 06:14:00,1.7710187329493303,0.06649220832053317,0.0,0.029516978882488838,0.001108203472008886,0.0,0.012143491692322884,0.0,0.09159369014589615,1.6672815511111112,0.0,0.0,0.06649220832053317,0.0,1,0,0,Off,0,0,Off,0,0,Off,0.03577726071916177,0.02683294553937132,On,0.0,0,Off,0.003413638523391813,0.0,On,0.008729853168931071,0,On,0.002937412385185223,0,On,0.05287901704154915,0.03965926278116185,On,0,0,Off,On,1667.2815511111112,22.222222222222285,1.0,0.0,1.6672815511111112,0.0,1,1667.2815511111112,1667.2815511111112,Off,0.0,0.0,30.734630237576713,51.666666666666686,46.10666666666668,0.0,49.08225407290289,0.0,0.0,0.0,30.734630237576713,48.38284171086856,49.08225407290289,48.03313552985139,12.43753247303448,21.987216559582883,0.0,0.6,1342.5944453847737,-510.93144735308175,-0.0,-0.0,166.03526486753282,0.0,1.0,0.0182006598654358,0.0,0.0,0.33868572220909543,65.99961422222222,20.20907675921125,0.20264688998300254,10.690373824542363,0.003253787481685996,-4.126176053713952,1.2122455920104536
2025-01-01 06:15:00,1.7710187329493303,0.06649220832053317,0.0,0.029516978882488838,0.001108203472008886,0.0,0.012143491692322884,0.0,0.09159369014589615,1.6672815511111112,0.0,0.0,0.06649220832053317,0.0,1,0,0,Off,0,0,Off,0,0,Off,0.03577726071916177,0.02683294553937132,On,0.0,0,Off,0.003413638523391813,0.0,On,0.008729853168931071,0,On,0.002937412385185223,0,On,0.05287901704154915,0.03965926278116185,On,0,0,Off,On,1667.2815511111112,22.222222222222285,1.0,0.0,1.6672815511111112,0.0,1,1667.2815511111112,1667.2815511111112,Off,0.0,0.0,30.694399172376105,51.666666666666686,46.10666666666668,0.0,49.0775296560741,0.0,0.0,0.0,30.694399172376105,48.3785283630064,49.0775296560741,48.029027716472555,12.43753247303448,22.017469497985566,0.0,0.6,1340.659210288244,-512.0856127429848,-0.0,-0.0,166.03526486753282,0.0,1.0,0.018216006976333913,0.0,0.0,0.3389713078624058,65.99961422222222,19.428007052584732,0.20227151376656458,10.703921939230966,0.0032537588036221053,-4.172116076411445,1.2121213648827163
2025-01-01 06:16:00,1.7710187329493303,0.06649220832053317,0.0,0.029516978882488838,0.001108203472008886,0.0,0.012143491692322884,0.0,0.09159369014589615,1.6672815511111112,0.0,0.0,0.06649220832053317,0.0,1,0,0,Off,0,0,Off,0,0,Off,0.03577726071916177,0.02683294553937132,On,0.0,0,Off,0.003413638523391813,0.0,On,0.008729853168931071,0,On,0.002937412385185223,0,On,0.05287901704154915,0.03965926278116185,On,0,0,Off,On,1667.2815511111112,22.222222222222285,1.0,0.0,1.6672815511111112,0.0,1,1667.2815511111112,1667.2815511111112,Off,0.0,0.0,30.655009852896764,51.666666666666686,46.10666666666668,0.0,49.07281131070339,0.0,0.0,0.0,30.655009852896764,48.37422066123719,49.07281131070339,48.0249253365041,12.43753247303448,22.047004618233867,0.0,0.6,1338.8012519024317,-513.2133943803215,-0.0,-0.0,166.03526486753282,0.0,1.0,0.01823098374714546,0.0,0.0,0.33925000206779016,65.99961422222222,18.697830304109125,0.20190573654512525,10.716368622168128,0.003253729803290498,-4.216885599390313,1.2120001106154827
2025-01-01 06:17:00,1.7710187329493303,0.06649220832053317,0.0,0.029516978882488838,0.001108203472008886,0.0,0.012143491692322884,0.0,0.09159369014589615,1.6672815511111112,0.0,0.0,0.06649220832053317,0.0,1,0,0,Off,0,0,Off,0,0,Off,0.03577726071916177,0.02683294553937132,On,0.0,0,Off,0.003413638523391813,0.0,On,0.008729853168931071,0,On,0.002937412385185223,0,On,0.05287901704154915,0.03965926278116185,On,0,0,Off,On,1667.2815511111112,22.222222222222285,1.0,0.0,1.6672815511111112,0.0,1,1667.2815511111112,1667.2815511111112,Off,0.0,0.0,30.616424661565723,51.666666666666686,46.10666666666668,0.0,49.06809891158573,0.0,0.0,0.0,30.616424661565723,48.369918487428976,49.06809891158573,48.0208282753506,12.43753247303448,22.075854134126427,0.0,0.6,1337.0163361591328,-514.3159513479061,-0.0,-0.0,166.03526486753282,0.0,1.0,0.018245606958217423,0.0,0.0,0.3395221170811765,65.99961422222222,18.01547152839484,0.201549107395964,10.729172953259418,0.0032537004888339785,-4.260537209581859,1.2118816951906803
2025-01-01 06:18:00,1.7710187329493303,0.06649220832053317,0.0,0.029516978882488838,0.001108203472008886,0.0,0.012143491692322884,0.0,0.09159369014589615,1.6672815511111112,0.0,0.0,0.06649220832053317,0.0,1,0,0,Off,0,0,Off,0,0,Off,0.03577726071916177,0.02683294553937132,On,0.0,0,Off,0.003413638523391813,0.0,On,0.008729853168931071,0,On,0.002937412385185223,0,On,0.05287901704154915,0.03965926278116185,On,0,0,Off,On,1667.2815511111112,22.222222222222285,1.0,0.0,1.6672815511111112,0.0,1,1667.2815511111112,1667.2815511111112,Off,0.0,0.0,30.57860807690541,51.666666666666686,46.10666666666668,0.0,49.0633923391088,0.0,0.0,0.0,30.57860807690541,48.365621728729096,49.0633923391088,48.01673642353925,12.43753247303448,22.10404846315163,0.0,0.6,1335.3004973742677,-515.3943799181114,-0.0,-0.0,166.03526486753282,0.0,1.0,0.01825989244241457,0.0,0.0,0.3397879475273356,65.99961422222222,17.37806131373503,0.20120120201008038,10.741630382922057,0.003253670868031229,-4.303120530939115,1.211765992107705
2025-01-01 06:19:00,1.7710187329493303,0.06649220832053317,0.0,0.029516978882488838,0.001108203472008886,0.0,0.012143491692322884,0.0,0.09159369014589615,1.6672815511111112,0.0,0.0,0.06649220832053317,0.0,1,0,0,Off,0,0,Off,0,0,Off,0.03577726071916177,0.02683294553937132,On,0.0,0,Off,0.003413638523391813,0.0,On,0.008729853168931071,0,On,0.002937412385185223,0,On,0.05287901704154915,0.03965926278116185,On,0,0,Off,On,1667.2815511111112,22.222222222222285,1.0,0.0,1.6672815511111112,0.0,1,1667.2815511111112,1667.2815511111112,Off,0.0,0.0,30.541526537171528,51.666666666666686,46.10666666666668,0.0,49.05869147894144,0.0,0.0,0.0,30.541526537171528,48.361330277270056,49.05869147894144,48.012649676434364,12.43753247303448,22.131616343445128,0.0,0.6,1333.6500190707225,-516.4497174988055,-0.0,-0.0,166.03526486753282,0.0,1.0,0.01827385514775235,0.0,0.0,0.34004777156538046,65.99961422222222,16.782920590883975,0.20086162084082365,10.753031979118532,0.003253640948317205,-4.344682420028224,1.211652881890474
2025-01-01 06:20:00,1.7710187329493303,0.06649220832053317,0.0,0.029516978882488838,0.001108203472008886,0.0,0.012143491692322884,0.0,0.09159369014589615,1.6672815511111112,0.0,0.0,0.06649220832053317,0.0,1,0,0,Off,0,0,Off,0,0,Off,0.03577726071916177,0.02683294553937132,On,0.0,0,Off,0.003413638523391813,0.0,On,0.008729853168931071,0,On,0.002937412385185223,0,On,0.05287901704154915,0.03965926278116185,On,0,0,Off,On,1667.2815511111112,22.222222222222285,1.0,0.0,1.6672815511111112,0.0,1,1667.2815511111112,1667.2815511111112,Off,0.0,0.0,30.505148313948037,51.666666666666686,46.10666666666668,0.0,49.05399622174224,0.0,0.0,0.0,30.505148313948037,48.357044029894446,49.05399622174224,48.008567933970554,12.43753247303448,22.15858494210153,0.0,0.6,1332.2064601563761,-517.4829463003197,-0.0,-0.0,166.03526486753282,0.0,1.0,0.018287509195314883,0.0,0.0,0.34030185196652984,65.99961422222222,16.372590478051762,0.20052998740015157,10.76483940037842,0.0032536107368021944,-4.3852671469128275,1.2115422516312222
2025-01-01 06:21:00,1.7710187329493303,0.06649220832053317,0.0,0.029516978882488838,0.001108203472008886,0.0,0.012143491692322884,0.0,0.09159369014589615,1.6672815511111112,0.0,0.0,0.06649220832053317,0.0,1,0,0,Off,0,0,Off,0,0,Off,0.03577726071916177,0.02683294553937132,On,0.0,0,Off,0.003413638523391813,0.0,On,0.008729853168931071,0,On,0.002937412385185223,0,On,0.05287901704154915,0.03965926278116185,On,0,0,Off,On,1667.2815511111112,22.222222222222285,1.0,0.0,1.6672815511111112,0.0,1,1667.2815511111112,1667.2815511111112,Off,0.0,0.0,30.469437362231368,51.666666666666686,46.10666666666668,0.0,49.04930646288703,0.0,0.0,0.0,30.469437362231368,48.3527628878977,49.04930646288703,48.00449110040303,12.43753247303448,22.184985140721277,0.0,0.6,1330.492295398076,-518.4951956348787,-0.0,-0.0,166.03526486753282,0.0,1.0,0.018300870556635793,0.0,0.0,0.34055048593596426,65.99961422222222,15.670675054310706,0.20020588345771714,10.776345651869114,0.0032535802402896405,-4.424924700807562,1.2114339732989625
2025-01-01 06:22:00,1.7710187329493303,0.06649220832053317,0.0,0.029516978882488838,0.001108203472008886,0.0,0.012143491692322884,0.0,0.09159369014589615,1.6672815511111112,0.0,0.0,0.06649220832053317,0.0,1,0,0,Off,0,0,Off,0,0,Off,0.03577726071916177,0.02683294553937132,On,0.0,0,Off,0.003413638523391813,0.0,On,0.008729853168931071,0,On,0.002937412385185223,0,On,0.05287901704154915,0.03965926278116185,On,0,0,Off,On,1667.2815511111112,22.222222222222285,1.0,0.0,1.6672815511111112,0.0,1,1667.2815511111112,1667.2815511111112,Off,0.0,0.0,30.43437924196252,51.666666666666686,46.10666666666668,0.0,49.044622103110385,0.0,0.0,0.0,30.43437924196252,48.34848675763383,49.044622103110385,48.00041908489556,12.43753247303448,22.210829256744557,0.0,0.6,1329.0593115047832,-519.4868870699335,-0.0,-0.0,166.03526486753282,0.0,1.0,0.018313945782222847,0.0,0.0,0.34079379536835513,65.99961422222222,15.229382596072618,0.19988912048456625,10.787557307774321,0.0032535494652356765,-4.463675826657099,1.2113279951171492
2025-01-01 06:23:00,1.7710187329493303,0.06649220832053317,0.0,0.029516978882488838,0.001108203472008886,0.0,0.012143491692322884,0.0,0.09159369014589615,1.6672815511111112,0.0,0.0,0.06649220832053317,0.0,1,0,0,Off,0,0,Off,0,0,Off,0.03577726071916177,0.02683294553937132,On,0.0,0,Off,0.003413638523391813,0.0,On,0.008729853168931071,0,On,0.002937412385185223,0,On,0.05287901704154915,0.03965926278116185,On,0,0,Off,On,1667.2815511111112,22.222222222222285,1.0,0.0,1.6672815511111112,0.0,1,1667.2815511111112,1667.2815511111112,Off,0.0,0.0,30.39993731114851,51.666666666666686,46.10666666666668,0.0,49.039943045294386,0.0,0.0,0.0,30.39993731114851,48.34421554748344,49.039943045294386,47.99635179857797,12.43753247303448,22.236148691912405,0.0,0.6,1327.7600960379605,-520.4591778473177,-0.0,-0.0,166.03526486753282,0.0,1.0,0.018326751056549264,0.0,0.0,0.34103208143135466,65.99961422222222,14.902457906634197,0.19957928003507722,10.798490862608315,0.00325351841795417,-4.501571141088579,1.2112241871167646
2025-01-01 06:24:00,1.7710187329493303,0.06649220832053317,0.0,0.029516978882488838,0.001108203472008886,0.0,0.012143491692322884,0.0,0.09159369014589615,1.6672815511111112,0.0,0.0,0.06649220832053317,0.0,1,0,0,Off,0,0,Off,0,0,Off,0.03577726071916177,0.02683294553937132,On,0.0,0,Off,0.003413638523391813,0.0,On,0.008729853168931071,0,On,0.002937412385185223,0,On,0.05287901704154915,0.03965926278116185,On,0,0,Off,On,1667.2815511111112,22.222222222222285,1.0,0.0,1.6672815511111112,0.0,1,1667.2815511111112,1667.2815511111112,Off,0.0,0.0,30.366082786812466,51.666666666666686,46.10666666666668,0.0,49.0352691977685,0.0,0.0,0.0,30.366082786812466,48.33994917096948,49.0352691977685,47.99228915756998,12.43753247303448,22.260968098563925,0.0,0.6,1326.230525013986,-521.4129703443102,-0.0,-0.0,166.03526486753282,0.0,1.0,0.018339299123534086,0.0,0.0,0.3412655812693003,65.99961422222222,14.326679379652148,0.19927602903405256,10.809887335850306,0.003253487104406741,-4.5386505654802,1.21112244711294
2025-01-01 06:25:00,1.7710187329493303,0.06649220832053317,0.0,0.029516978882488838,0.001108203472008886,0.0,0.012143491692322884,0.0,0.09159369014589615,1.6672815511111112,0.0,0.0,0.06649220832053317,0.0,1,0,0,Off,0,0,Off,0,0,Off,0.03577726071916177,0.02683294553937132,On,0.0,0,Off,0.003413638523391813,0.0,On,0.008729853168931071,0,On,0.002937412385185223,0,On,0.05287901704154915,0.03965926278116185,On,0,0,Off,On,1667.2815511111112,22.222222222222285,1.0,0.0,1.6672815511111112,0.0,1,1667.2815511111112,1667.2815511111112,Off,0.0,0.0,30.332803404175333,51.666666666666686,46.10666666666668,0.0,49.030600473141405,0.0,0.0,0.0,30.332803404175333,48.33568754565439,49.030600473141405,47.98823108191088,12.43753247303448,22.285297935571492,0.0,0.6,1324.9400370298588,-522.3486245800383,-0.0,-0.0,166.03526486753282,0.0,1.0,0.018351595531815854,0.0,0.0,0.34149439813364907,65.99961422222222,13.97184563125306,0.1989792090948925,10.820296964799251,0.0032534555302775876,-4.574931687216807,1.211022731191639
2025-01-01 06:26:00,1.7710187329493303,0.06649220832053317,0.0,0.029516978882488838,0.001108203472008886,0.0,0.012143491692322884,0.0,0.09159369014589615,1.6672815511111112,0.0,0.0,0.06649220832053317,0.0,1,0,0,Off,0,0,Off,0,0,Off,0.03577726071916177,0.02683294553937132,On,0.0,0,Off,0.003413638523391813,0.0,On,0.008729853168931071,0,On,0.002937412385185223,0,On,0.05287901704154915,0.03965926278116185,On,0,0,Off,On,1667.2815511111112,22.222222222222285,1.0,0.0,1.6672815511111112,0.0,1,1667.2815511111112,1667.2815511111112,Off,0.0,0.0,30.300067975021047,51.666666666666686,46.10666666666668,0.0,49.025936785845836,0.0,0.0,0.0,30.300067975021047,48.33143059082183,49.025936785845836,47.984177493309836,12.43753247303448,22.3091649282204,0.0,0.6,1323.763702443776,-523.2671287994942,-0.0,-0.0,166.03526486753282,0.0,1.0,0.018363654034356806,0.0,0.0,0.3417187879454492,65.99961422222222,13.714015264626319,0.19868846671797724,10.830461071469507,0.003253423701130161,-4.6104575299333455,1.210924928820811
2025-01-01 06:27:00,1.7710187329493303,0.06649220832053317,0.0,0.029516978882488838,0.001108203472008886,0.0,0.012143491692322884,0.0,0.09159369014589615,1.6672815511111112,0.0,0.0,0.06649220832053317,0.0,1,0,0,Off,0,0,Off,0,0,Off,0.03577726071916177,0.02683294553937132,On,0.0,0,Off,0.003413638523391813,0.0,On,0.008729853168931071,0,On,0.002937412385185223,0,On,0.05287901704154915,0.03965926278116185,On,0,0,Off,On,1667.2815511111112,22.222222222222285,1.0,0.0,1.6672815511111112,0.0,1,1667.2815511111112,1667.2815511111112,Off,0.0,0.0,30.26785193342264,51.666666666666686,46.10666666666668,0.0,49.021278054951146,0.0,0.0,0.0,30.26785193342264,48.3271782301325,49.021278054951146,47.98012831772319,12.43753247303448,22.332590114346193,0.0,0.6,1322.3956780208212,-524.169255807981,-0.0,-0.0,166.03526486753282,0.0,1.0,0.018375485489136593,0.0,0.0,0.34193895275466507,65.99961422222222,13.248117850158152,0.19840351982437537,10.840390725978832,0.0032533916222282845,-4.645262118402901,1.2108289528644556
2025-01-01 06:28:00,1.7710187329493303,0.06649220832053317,0.0,0.029516978882488838,0.001108203472008886,0.0,0.012143491692322884,0.0,0.09159369014589615,1.6672815511111112,0.0,0.0,0.06649220832053317,0.0,1,0,0,Off,0,0,Off,0,0,Off,0.03577726071916177,0.02683294553937132,On,0.0,0,Off,0.003413638523391813,0.0,On,0.008729853168931071,0,On,0.002937412385185223,0,On,0.05287901704154915,0.03965926278116185,On,0,0,Off,On,1667.2815511111112,22.222222222222285,1.0,0.0,1.6672815511111112,0.0,1,1667.2815511111112,1667.2815511111112,Off,0.0,0.0,30.23614458998884,51.666666666666686,46.10666666666668,0.0,49.01662420317901,0.0,0.0,0.0,30.23614458998884,48.322930390694715,49.01662420317901,47.97608348445257,12.43753247303448,22.355582608381535,0.0,0.6,1321.3047346314547,-525.0553216961298,-0.0,-0.0,166.03526486753282,0.0,1.0,0.01838709471645629,0.0,0.0,0.34215498225953633,65.99961422222222,13.043240348940586,0.1981242322583264,10.850821742782918,0.0032533592985991575,-4.679360737989615,1.2107347651107532
2025-01-01 06:29:00,1.7710187329493303,0.06649220832053317,0.0,0.029516978882488838,0.001108203472008886,0.0,0.012143491692322884,0.0,0.09159369014589615,1.6672815511111112,0.0,0.0,0.06649220832053317,0.0,1,0,0,Off,0,0,Off,0,0,Off,0.03577726071916177,0.02683294553937132,On,0.0,0,Off,0.003413638523391813,0.0,On,0.008729853168931071,0,On,0.002937412385185223,0,On,0.05287901704154915,0.03965926278116185,On,0,0,Off,On,1667.2815511111112,22.222222222222285,1.0,0.0,1.6672815511111112,0.0,1,1667.2815511111112,1667.2815511111112,Off,0.0,0.0,30.204916230362333,51.666666666666686,46.10666666666668,0.0,49.01197515484085,0.0,0.0,0.0,30.204916230362333,48.31868700111694,49.01197515484085,47.972042924254986,12.43753247303448,22.37816787824936,0.0,0.6,1320.0488234606887,-525.9262750141995,-0.0,-0.0,166.03526486753282,0.0,1.0,0.01839849477966088,0.0,0.0,0.3423671195484161,65.99961422222222,12.658282496244155,0.19785027232455762,10.860306277195942,0.003253326735164884,-4.712794228618765,1.2106422603947167
2025-01-01 06:30:00,1.7710187329493303,0.06649220832053317,0.0,0.029516978882488838,0.001108203472008886,0.0,0.012143491692322884,0.0,0.09159369014589615,1.6672815511111112,0.0,0.0,0.06649220832053317,0.0,1,0,0,Off,0,0,Off,0,0,Off,0.03577726071916177,0.02683294553937132,On,0.0,0,Off,0.003413638523391813,0.0,On,0.008729853168931071,0,On,0.002937412385185223,0,On,0.05287901704154915,0.03965926278116185,On,0,0,Off,On,1667.2815511111112,22.222222222222285,1.0,0.0,1.6672815511111112,0.0,1,1667.2815511111112,1667.2815511111112,Off,0.0,0.0,30.17415689398051,51.666666666666686,46.10666666666668,0.0,49.00733083866553,0.0,0.0,0.0,30.17415689398051,48.3144479941778,49.00733083866553,47.96800657193394,12.43753247303448,22.400354417594663,0.0,0.0,1302.9487687775104,-543.3003939709407,-0.0,-0.0,166.03526486753282,0.0,1.0,0.018440487133207718,0.0,0.0,0.34314853135949436,65.99961422222222,12.932346769807168,0.1975815146738292,10.869579104325027,0.003253293936562706,0.2645649198337987,1.210551403155433
2025-01-01 06:31:00,1.7710187329493303,0.06649220832053317,0.0,0.029516978882488838,0.001108203472008886,0.0,0.012143491692322884,0.0,0.09159369014589615,1.6672815511111112,0.0,0.0,0.06649220832053317,0.0,1,0,0,Off,0,0,Off,0,0,Off,0.03577726071916177,0.02683294553937132,On,0.0,0,Off,0.003413638523391813,0.0,On,0.008729853168931071,0,On,0.002937412385185223,0,On,0.05287901704154915,0.03965926278116185,On,0,0,Off,On,1667.2815511111112,22.222222222222285,1.0,0.0,1.6672815511111112,0.0,1,1667.2815511111112,1667.2815511111112,Off,0.0,0.0,30.14467799574242,51.666666666666686,46.10666666666668,0.0,49.002691184863295,0.0,0.0,0.0,30.14467799574242,48.31021330405383,49.002691184863295,47.9639743636491,12.43753247303448,22.421444752883822,0.0,0.0,1302.9907254908194,-544.127704953776,-0.0,-0.0,166.03526486753282,0.0,1.0,0.018451195264297185,0.0,0.0,0.34334779287739314,65.99961422222222,13.801614465951168,0.1973284087650506,10.87907254332482,0.0032532957779354476,0.234216853562476,1.2104650235930146
2025-01-01 06:32:00,0.10373718183821903,0.06649220832053317,0.0,0.001728953030636984,0.001108203472008886,0.0,0.012143491692322884,0.0,0.09159369014589615,0.0,0.0,0.0,0.06649220832053317,0.0,1,0,0,Off,0,0,Off,0,0,Off,0.03577726071916177,0.02683294553937132,On,0.0,0,Off,0.003413638523391813,0.0,On,0.008729853168931071,0,On,0.002937412385185223,0,On,0.05287901704154915,0.03965926278116185,On,0,0,Off,Off,0.0,22.222222222222285,0.0,0.0,0.0,0.0,0,0.0,1667.2815511111112,Off,0.0,0.0,30.11556262559466,51.666666666666686,46.10666666666668,0.0,48.99805600304338,0.0,0.0,0.0,30.11556262559466,48.30598275104626,48.99805600304338,47.95994612504769,12.43753247303448,22.442226784398,0.0,0.0,-365.1559700544002,-544.9434110639066,-0.0,-0.0,166.03526486753282,0.0,1.0,0.018461743739551974,0.0,0.0,0.3435440834507178,65.99961422222222,13.752176141973614,0.19707934886515305,10.888402914603944,0.0032532974082018734,0.20433202465715206,1.2103799189402287
2025-01-01 06:33:00,0.10373718183821903,0.06649220832053317,0.0,0.001728953030636984,0.001108203472008886,0.0,0.012143491692322884,0.0,0.09159369014589615,0.0,0.0,0.0,0.06649220832053317,0.0,1,0,0,Off,0,0,Off,0,0,Off,0.03577726071916177,0.02683294553937132,On,0.0,0,Off,0.003413638523391813,0.0,On,0.008729853168931071,0,On,0.002937412385185223,0,On,0.05287901704154915,0.03965926278116185,On,0,0,Off,Off,0.0,22.222222222222285,0.0,0.0,0.0,0.0,0,0.0,1667.2815511111112,Off,0.0,0.0,30.156875773274795,51.666666666666686,46.10666666666668,0.0,48.99342523909922,0.0,0.0,0.0,30.156875773274795,48.30175628413696,48.99342523909922,47.95592180665582,12.43753247303448,22.40247990418557,0.0,0.0,-361.9824037455893,-543.3837478191222,-0.0,-0.0,166.03526486753282,0.0,1.0,0.018441566444686145,0.0,0.0,0.34316861565260587,65.99961422222222,15.366079206000052,0.197556274499244,10.870691893402581,0.0032532988305549477,0.26122744720735747,1.2105426938184534
2025-01-01 06:34:00,0.10373718183821903,0.06649220832053317,0.0,0.001728953030636984,0.001108203472008886,0.0,0.012143491692322884,0.0,0.09159369014589615,0.0,0.0,0.0,0.06649220832053317,0.0,1,0,0,Off,0,0,Off,0,0,Off,0.03577726071916177,0.02683294553937132,On,0.0,0,Off,0.003413638523391813,0.0,On,0.008729853168931071,0,On,0.002937412385185223,0,On,0.05287901704154915,0.03965926278116185,On,0,0,Off,Off,0.0,22.222222222222285,0.0,0.0,0.0,0.0,0,0.0,1667.2815511111112,Off,0.0,0.0,30.196619207249306,51.666666666666686,46.10666666666668,0.0,48.98878842505476,0.0,0.0,0.0,30.196619207249306,48.29752401927349,48.98878842505476,47.95189181638286,12.43753247303448,22.36407638077668,0.0,0.0,-357.9183423921263,-541.8784846382556,-0.0,-0.0,166.03526486753282,0.0,1.0,0.018422060320715923,0.0,0.0,0.34280563729175534,65.99961422222222,17.924877378596427,0.19801834282160508,10.854401097261205,0.0032533006487119494,0.3162043036121285,1.2107000085331074
2025-01-01 06:35:00,0.10373718183821903,0.06649220832053317,0.0,0.001728953030636984,0.001108203472008886,0.0,0.012143491692322884,0.0,0.09159369014589615,0.0,0.0,0.0,0.06649220832053317,0.0,1,0,0,Off,0,0,Off,0,0,Off,0.03577726071916177,0.02683294553937132,On,0.0,0,Off,0.003413638523391813,0.0,On,0.008729853168931071,0,On,0.002937412385185223,0,On,0.05287901704154915,0.03965926278116185,On,0,0,Off,Off,0.0,22.222222222222285,0.0,0.0,0.0,0.0,0,0.0,1667.2815511111112,Off,0.0,0.0,30.234836375332225,51.666666666666686,46.10666666666668,0.0,48.98414579427537,0.0,0.0,0.0,30.234836375332225,48.29328617675204,48.98414579427537,47.947856367990376,12.43753247303448,22.326979091566518,0.0,0.0,-355.2516770410813,-540.4259957560474,-0.0,-0.0,166.03526486753282,0.0,1.0,0.01840320758811613,0.0,0.0,0.34245481751909956,65.99961422222222,19.139053847433296,0.19846587746367997,10.838048139647455,0.0032533028492248463,0.3693136591975412,1.210852010946191
2025-01-01 06:36:00,0.10373718183821903,0.06649220832053317,0.0,0.001728953030636984,0.001108203472008886,0.0,0.012143491692322884,0.0,0.09159369014589615,0.0,0.0,0.0,0.06649220832053317,0.0,1,0,0,Off,0,0,Off,0,0,Off,0.03577726071916177,0.02683294553937132,On,0.0,0,Off,0.003413638523391813,0.0,On,0.008729853168931071,0,On,0.002937412385185223,0,On,0.05287901704154915,0.03965926278116185,On,0,0,Off,Off,0.0,22.222222222222285,0.0,0.0,0.0,0.0,0,0.0,1667.2815511111112,Off,0.0,0.0,30.27166221628549,51.666666666666686,46.10666666666668,0.0,48.97949757366579,0.0,0.0,0.0,30.27166221628549,48.28904297077122,48.97949757366579,47.943815669323946,12.43753247303448,22.29107227192186,0.0,0.0,-351.7712324766344,-539.0215929871647,-0.0,-0.0,166.03526486753282,0.0,1.0,0.01838495039786188,0.0,0.0,0.3421150798550541,65.99961422222222,21.21509564299751,0.19890016220707799,10.822305677651123,0.003253305419011033,0.4207197051839524,1.210999171563624
2025-01-01 06:37:00,0.10373718183821903,0.06649220832053317,0.0,0.001728953030636984,0.001108203472008886,0.0,0.012143491692322884,0.0,0.09159369014589615,0.0,0.0,0.0,0.06649220832053317,0.0,1,0,0,Off,0,0,Off,0,0,Off,0.03577726071916177,0.02683294553937132,On,0.0,0,Off,0.003413638523391813,0.0,On,0.008729853168931071,0,On,0.002937412385185223,0,On,0.05287901704154915,0.03965926278116185,On,0,0,Off,Off,0.0,22.222222222222285,0.0,0.0,0.0,0.0,0,0.0,1667.2815511111112,Off,0.0,0.0,30.30713233981701,51.666666666666686,46.10666666666668,0.0,48.974843970071746,0.0,0.0,0.0,30.30713233981701,48.28479459659216,48.974843970071746,47.939769909852366,12.43753247303448,22.256325511002203,0.0,0.0,-349.3300048779296,-537.6639451302786,-0.0,-0.0,166.03526486753282,0.0,1.0,0.01836727418344327,0.0,0.0,0.3417861532397253,65.99961422222222,22.298675384816256,0.19932146211375262,10.807158311954081,0.0032533083461389026,0.47046433039998115,1.2111416115313305
2025-01-01 06:38:00,0.10373718183821903,0.06649220832053317,0.0,0.001728953030636984,0.001108203472008886,0.0,0.012143491692322884,0.0,0.09159369014589615,0.0,0.0,0.0,0.06649220832053317,0.0,1,0,0,Off,0,0,Off,0,0,Off,0.03577726071916177,0.02683294553937132,On,0.0,0,Off,0.003413638523391813,0.0,On,0.008729853168931071,0,On,0.002937412385185223,0,On,0.05287901704154915,0.03965926278116185,On,0,0,Off,Off,0.0,22.222222222222285,0.0,0.0,0.0,0.0,0,0.0,1667.2815511111112,Off,0.0,0.0,30.341356691398072,51.666666666666686,46.10666666666668,0.0,48.97018518504366,0.0,0.0,0.0,30.341356691398072,48.280541244478414,48.97018518504366,47.9357192741958,12.43753247303448,22.222644501759557,0.0,0.0,-346.18209798946884,-536.3492373013652,-0.0,-0.0,166.03526486753282,0.0,1.0,0.018350131792828364,0.0,0.0,0.34146716024778295,65.99961422222222,24.131874444363547,0.19973082574692647,10.792557394837512,0.0032533116189765593,0.5186814210168189,1.2112797142527532
2025-01-01 06:39:00,0.10373718183821903,0.06649220832053317,0.0,0.001728953030636984,0.001108203472008886,0.0,0.012143491692322884,0.0,0.09159369014589615,0.0,0.0,0.0,0.06649220832053317,0.0,1,0,0,Off,0,0,Off,0,0,Off,0.03577726071916177,0.02683294553937132,On,0.0,0,Off,0.003413638523391813,0.0,On,0.008729853168931071,0,On,0.002937412385185223,0,On,0.05287901704154915,0.03965926278116185,On,0,0,Off,Off,0.0,22.222222222222285,0.0,0.0,0.0,0.0,0,0.0,1667.2815511111112,Off,0.0,0.0,30.37436657582762,51.666666666666686,46.10666666666668,0.0,48.96552140378806,0.0,0.0,0.0,30.37436657582762,48.27628308926366,48.96552140378806,47.93166393200146,12.43753247303448,22.190002512977834,0.0,0.0,-343.9624386718335,-535.0763068675028,-0.0,-0.0,166.03526486753282,0.0,1.0,0.018333510376568895,0.0,0.0,0.3411578617711564,65.99961422222222,25.078603328136403,0.2001284911104889,10.778489390426106,0.003253315226830399,0.56540793314829,1.2114135864017683
2025-01-01 06:40:00,0.10373718183821903,0.06649220832053317,0.0,0.001728953030636984,0.001108203472008886,0.0,0.012143491692322884,0.0,0.09159369014589615,0.0,0.0,0.0,0.06649220832053317,0.0,1,0,0,Off,0,0,Off,0,0,Off,0.03577726071916177,0.02683294553937132,On,0.0,0,Off,0.003413638523391813,0.0,On,0.008729853168931071,0,On,0.002937412385185223,0,On,0.05287901704154915,0.03965926278116185,On,0,0,Off,Off,0.0,22.222222222222285,0.0,0.0,0.0,0.0,0,0.0,1667.2815511111112,Off,0.0,0.0,30.40625898562472,51.666666666666686,46.10666666666668,0.0,48.96085280685626,0.0,0.0,0.0,30.40625898562472,48.27202030138818,48.96085280685626,47.92760404865414,12.43753247303448,22.158316350793022,0.0,0.0,-341.1209045353113,-533.8417999242473,-0.0,-0.0,166.03526486753282,0.0,1.0,0.018317368267967267,0.0,0.0,0.340857482457981,65.99961422222222,26.685630521403233,0.2005153911934907,10.764911368780421,0.00325331915927076,0.6107621826379239,1.2115435664843914
2025-01-01 06:41:00,0.10373718183821903,0.06649220832053317,0.0,0.001728953030636984,0.001108203472008886,0.0,0.012143491692322884,0.0,0.09159369014589615,0.0,0.0,0.0,0.06649220832053317,0.0,1,0,0,Off,0,0,Off,0,0,Off,0.03577726071916177,0.02683294553937132,On,0.0,0,Off,0.003413638523391813,0.0,On,0.008729853168931071,0,On,0.002937412385185223,0,On,0.05287901704154915,0.03965926278116185,On,0,0,Off,Off,0.0,22.222222222222285,0.0,0.0,0.0,0.0,0,0.0,1667.2815511111112,Off,0.0,0.0,30.437061221806776,51.666666666666686,46.10666666666668,0.0,48.95617956038118,0.0,0.0,0.0,30.437061221806776,48.267753037680166,48.95617956038118,47.92353977632967,12.43753247303448,22.12756270717222,0.0,0.0,-339.0954202378398,-532.6447076627293,-0.0,-0.0,166.03526486753282,0.0,1.0,0.0183016942332871,0.0,0.0,0.34056581326604884,65.99961422222222,27.514022557356697,0.2008917367864213,10.751087537234156,0.003253323406696454,0.6547764899460626,1.2116697476367786
2025-01-01 06:42:00,0.10373718183821903,0.06649220832053317,0.0,0.001728953030636984,0.001108203472008886,0.0,0.012143491692322884,0.0,0.09159369014589615,0.0,0.0,0.0,0.06649220832053317,0.0,1,0,0,Off,0,0,Off,0,0,Off,0.03577726071916177,0.02683294553937132,On,0.0,0,Off,0.003413638523391813,0.0,On,0.008729853168931071,0,On,0.002937412385185223,0,On,0.05287901704154915,0.03965926278116185,On,0,0,Off,Off,0.0,22.222222222222285,0.0,0.0,0.0,0.0,0,0.0,1667.2815511111112,Off,0.0,0.0,30.466858443983504,51.666666666666686,46.10666666666668,0.0,48.95150182643586,0.0,0.0,0.0,30.466858443983504,48.26348145113637,48.95150182643586,47.919471263486635,12.43753247303448,22.097668541035137,0.0,0.0,-336.52191134729094,-531.4820940794906,-0.0,-0.0,166.03526486753282,0.0,1.0,0.018286451637156184,0.0,0.0,0.3402821724685663,65.99961422222222,28.924917864666803,0.20125835304401668,10.738429094349943,0.0032533279597368125,0.6975548931233002,1.2117924272673253
2025-01-01 06:43:00,0.10373718183821903,0.06649220832053317,0.0,0.001728953030636984,0.001108203472008886,0.0,0.012143491692322884,0.0,0.09159369014589615,0.0,0.0,0.0,0.06649220832053317,0.0,1,0,0,Off,0,0,Off,0,0,Off,0.03577726071916177,0.02683294553937132,On,0.0,0,Off,0.003413638523391813,0.0,On,0.008729853168931071,0,On,0.002937412385185223,0,On,0.05287901704154915,0.03965926278116185,On,0,0,Off,Off,0.0,22.222222222222285,0.0,0.0,0.0,0.0,0,0.0,1667.2815511111112,Off,0.0,0.0,30.495674563965515,51.666666666666686,46.10666666666668,0.0,48.9468197544339,0.0,0.0,0.0,30.495674563965515,48.25920568280208,48.9468197544339,47.915398646986176,12.43753247303448,22.06861344159664,0.0,0.0,-334.66793663199905,-530.3530798249652,-0.0,-0.0,166.03526486753282,0.0,1.0,0.01827163061760705,0.0,0.0,0.3400063765497927,65.99961422222222,29.649878325433342,0.20161542726183268,10.725478584860605,0.0032533328097491413,0.7391257755377831,1.2119116870361428
2025-01-01 06:44:00,0.10373718183821903,0.06649220832053317,0.0,0.001728953030636984,0.001108203472008886,0.0,0.012143491692322884,0.0,0.09159369014589615,0.0,0.0,0.0,0.06649220832053317,0.0,1,0,0,Off,0,0,Off,0,0,Off,0.03577726071916177,0.02683294553937132,On,0.0,0,Off,0.003413638523391813,0.0,On,0.008729853168931071,0,On,0.002937412385185223,0,On,0.05287901704154915,0.03965926278116185,On,0,0,Off,Off,0.0,22.222222222222285,0.0,0.0,0.0,0.0,0,0.0,1667.2815511111112,Off,0.0,0.0,30.523584567953456,51.666666666666686,46.10666666666668,0.0,48.942133490233,0.0,0.0,0.0,30.523584567953456,48.25492587036677,48.942133490233,47.91132206043366,12.43753247303448,22.04033309649928,0.0,0.0,-332.3307751260054,-529.2550867862768,-0.0,-0.0,166.03526486753282,0.0,1.0,0.018257198873423596,0.0,0.0,0.3397378244347789,65.99961422222222,30.889046792738625,0.2019636909350615,10.712926726021275,0.003253337948292925,0.7795808753649605,1.2120277889839048
2025-01-01 06:45:00,0.10373718183821903,0.06649220832053317,0.0,0.001728953030636984,0.001108203472008886,0.0,0.012143491692322884,0.0,0.09159369014589615,0.0,0.0,0.0,0.06649220832053317,0.0,1,0,0,Off,0,0,Off,0,0,Off,0.03577726071916177,0.02683294553937132,On,0.0,0,Off,0.003413638523391813,0.0,On,0.008729853168931071,0,On,0.002937412385185223,0,On,0.05287901704154915,0.03965926278116185,On,0,0,Off,Off,0.0,22.222222222222285,0.0,0.0,0.0,0.0,0,0.0,1667.2815511111112,Off,0.0,0.0,30.550609502667786,51.666666666666686,46.10666666666668,0.0,48.937443168543695,0.0,0.0,0.0,30.550609502667786,48.25064214099623,48.937443168543695,47.9072416272225,12.43753247303448,22.012809543518607,0.0,0.0,-330.628627551412,-528.1873445301582,-0.0,-0.0,166.03526486753282,0.0,1.0,0.01824314770484815,0.0,0.0,0.339476354234685,65.99961422222222,31.523452111213338,0.20230331119455874,10.7014848503233,0.003253343367569131,0.8189452388437142,1.2121408050595865
2025-01-01 06:46:00,0.10373718183821903,0.06649220832053317,0.0,0.001728953030636984,0.001108203472008886,0.0,0.012143491692322884,0.0,0.09159369014589615,0.0,0.0,0.0,0.06649220832053317,0.0,1,0,0,Off,0,0,Off,0,0,Off,0.03577726071916177,0.02683294553937132,On,0.0,0,Off,0.003413638523391813,0.0,On,0.008729853168931071,0,On,0.002937412385185223,0,On,0.05287901704154915,0.03965926278116185,On,0,0,Off,Off,0.0,22.222222222222285,0.0,0.0,0.0,0.0,0,0.0,1667.2815511111112,Off,0.0,0.0,30.576815526193634,51.666666666666686,46.10666666666668,0.0,48.932748920946636,0.0,0.0,0.0,30.576815526193634,48.24635461890251,48.932748920946636,47.90315746788045,12.43753247303448,21.98598604456292,0.0,0.0,-328.5002721724244,-527.1475842879478,-0.0,-0.0,166.03526486753282,0.0,1.0,0.018229448579057162,0.0,0.0,0.3392214349984344,65.99961422222222,32.612047247990525,0.20263493742824576,10.689681796018348,0.0032533490599569183,0.8572999096810288,1.2122509665838264
2025-01-01 06:47:00,0.10373718183821903,0.06649220832053317,0.0,0.001728953030636984,0.001108203472008886,0.0,0.012143491692322884,0.0,0.09159369014589615,0.0,0.0,0.0,0.06649220832053317,0.0,1,0,0,Off,0,0,Off,0,0,Off,0.03577726071916177,0.02683294553937132,On,0.0,0,Off,0.003413638523391813,0.0,On,0.008729853168931071,0,On,0.002937412385185223,0,On,0.05287901704154915,0.03965926278116185,On,0,0,Off,Off,0.0,22.222222222222285,0.0,0.0,0.0,0.0,0,0.0,1667.2815511111112,Off,0.0,0.0,30.602221252419206,51.666666666666686,46.10666666666668,0.0,48.92805086918766,0.0,0.0,0.0,30.602221252419206,48.242063419012936,48.92805086918766,47.89906969392558,12.43753247303448,21.959846716107506,0.0,0.0,-326.93285380101474,-526.1351276954431,-0.0,-0.0,166.03526486753282,0.0,1.0,0.018216093785265598,0.0,0.0,0.3389729232404162,65.99961422222222,33.167009026895464,0.20295871939942817,10.678230796285751,0.003253355018401798,0.8946670931587983,1.212358337251484
2025-01-01 06:48:00,0.10373718183821903,0.06649220832053317,0.0,0.001728953030636984,0.001108203472008886,0.0,0.012143491692322884,0.0,0.09159369014589615,0.0,0.0,0.0,0.06649220832053317,0.0,1,0,0,Off,0,0,Off,0,0,Off,0.03577726071916177,0.02683294553937132,On,0.0,0,Off,0.003413638523391813,0.0,On,0.008729853168931071,0,On,0.002937412385185223,0,On,0.05287901704154915,0.03965926278116185,On,0,0,Off,Off,0.0,22.222222222222285,0.0,0.0,0.0,0.0,0,0.0,1667.2815511111112,Off,0.0,0.0,30.626885162038445,51.666666666666686,46.10666666666668,0.0,48.92334913224444,0.0,0.0,0.0,30.626885162038445,48.23776865364254,48.92334913224444,47.894978414341594,12.43753247303448,21.93434140680762,0.0,0.0,-324.98941964448284,-525.1479740283723,-0.0,-0.0,166.03526486753282,0.0,1.0,0.018203058073715406,0.0,0.0,0.3387303491022516,65.99961422222222,34.123289516356635,0.2032752344227275,10.667105889577197,0.0032533612360070773,0.9311185156261852,1.212463121644407
2025-01-01 06:49:00,0.10373718183821903,0.06649220832053317,0.0,0.001728953030636984,0.001108203472008886,0.0,0.012143491692322884,0.0,0.09159369014589615,0.0,0.0,0.0,0.06649220832053317,0.0,1,0,0,Off,0,0,Off,0,0,Off,0.03577726071916177,0.02683294553937132,On,0.0,0,Off,0.003413638523391813,0.0,On,0.008729853168931071,0,On,0.002937412385185223,0,On,0.05287901704154915,0.03965926278116185,On,0,0,Off,Off,0.0,22.222222222222285,0.0,0.0,0.0,0.0,0,0.0,1667.2815511111112,Off,0.0,0.0,30.65082379716319,51.666666666666686,46.10666666666668,0.0,48.9186438204011,0.0,0.0,0.0,30.65082379716319,48.23347042689906,48.9186438204011,47.89088373014804,12.43753247303448,21.90945600312438,0.0,0.0,-323.5418255323259,-524.1855230140407,-0.0,-0.0,166.03526486753282,0.0,1.0,0.018190334577505077,0.0,0.0,0.3384935848016779,65.99961422222222,34.60843261418194,0.20358461728145488,10.656299881772158,0.0032533677063770203,0.9666739570768537,1.212565376421583
2025-01-01 06:50:00,0.10373718183821903,0.06649220832053317,0.0,0.001728953030636984,0.001108203472008886,0.0,0.012143491692322884,0.0,0.09159369014589615,0.0,0.0,0.0,0.06649220832053317,0.0,1,0,0,Off,0,0,Off,0,0,Off,0.03577726071916177,0.02683294553937132,On,0.0,0,Off,0.003413638523391813,0.0,On,0.008729853168931071,0,On,0.002937412385185223,0,On,0.05287901704154915,0.03965926278116185,On,0,0,Off,Off,0.0,22.222222222222285,0.0,0.0,0.0,0.0,0,0.0,1667.2815511111112,Off,0.0,0.0,30.67408894273489,51.666666666666686,46.10666666666668,0.0,48.91393504148171,0.0,0.0,0.0,30.67408894273489,48.22916884056869,48.91393504148171,47.88678574011219,12.43753247303448,21.885146098025437,0.0,0.0,-321.76253045746114,-523.2460069046913,-0.0,-0.0,166.03526486753282,0.0,1.0,0.018177900914919828,0.0,0.0,0.3382622138501012,65.99961422222222,35.44821157969731,0.20388738188732952,10.645073190383696,0.003253374423256294,1.0013970041185554,1.2126652828264712
2025-01-01 06:51:00,0.10373718183821903,0.06649220832053317,0.0,0.001728953030636984,0.001108203472008886,0.0,0.012143491692322884,0.0,0.09159369014589615,0.0,0.0,0.0,0.06649220832053317,0.0,1,0,0,Off,0,0,Off,0,0,Off,0.03577726071916177,0.02683294553937132,On,0.0,0,Off,0.003413638523391813,0.0,On,0.008729853168931071,0,On,0.002937412385185223,0,On,0.05287901704154915,0.03965926278116185,On,0,0,Off,Off,0.0,22.222222222222285,0.0,0.0,0.0,0.0,0,0.0,1667.2815511111112,Off,0.0,0.0,30.69669537116153,51.666666666666686,46.10666666666668,0.0,48.90922289561209,0.0,0.0,0.0,30.69669537116153,48.22486398917006,48.90922289561209,47.882684535949046,12.43753247303448,21.861399089375176,0.0,0.0,-320.4217386486872,-522.3288918766896,-0.0,-0.0,166.03526486753282,0.0,1.0,0.018165750941030612,0.0,0.0,0.33803612190003374,65.99961422222222,35.87188836046954,0.204183650084708,10.634853297320301,0.0032533813808334417,1.0353053608244986,1.2127628915042372
2025-01-01 06:52:00,0.10373718183821903,0.06649220832053317,0.0,0.001728953030636984,0.001108203472008886,0.0,0.012143491692322884,0.0,0.09159369014589615,0.0,0.0,0.0,0.06649220832053317,0.0,1,0,0,Off,0,0,Off,0,0,Off,0.03577726071916177,0.02683294553937132,On,0.0,0,Off,0.003413638523391813,0.0,On,0.008729853168931071,0,On,0.002937412385185223,0,On,0.05287901704154915,0.03965926278116185,On,0,0,Off,Off,0.0,22.222222222222285,0.0,0.0,0.0,0.0,0,0.0,1667.2815511111112,Off,0.0,0.0,30.718689012824463,51.666666666666686,46.10666666666668,0.0,48.90450748072118,0.0,0.0,0.0,30.718689012824463,48.22055596514859,48.90450748072118,47.8785802073623,12.43753247303448,21.8381755928963,0.0,0.0,-318.78845610589735,-521.4326132546706,-0.0,-0.0,166.03526486753282,0.0,1.0,0.018153864785887222,0.0,0.0,0.3378149392028793,65.99961422222222,36.60889228124043,0.2044738798983299,10.6249024754098,0.0032533885734225367,1.0684554849899224,1.2128583632757237
2025-01-01 06:53:00,0.10373718183821903,0.06649220832053317,0.0,0.001728953030636984,0.001108203472008886,0.0,0.012143491692322884,0.0,0.09159369014589615,0.0,0.0,0.0,0.06649220832053317,0.0,1,0,0,Off,0,0,Off,0,0,Off,0.03577726071916177,0.02683294553937132,On,0.0,0,Off,0.003413638523391813,0.0,On,0.008729853168931071,0,On,0.002937412385185223,0,On,0.05287901704154915,0.03965926278116185,On,0,0,Off,Off,0.0,22.222222222222285,0.0,0.0,0.0,0.0,0,0.0,1667.2815511111112,Off,0.0,0.0,30.740083124334813,51.666666666666686,46.10666666666668,0.0,48.89978888790999,0.0,0.0,0.0,30.740083124334813,48.21624485450377,48.89978888790999,47.87447283780067,12.43753247303448,21.81546430063757,0.0,0.0,-317.54306288853263,-520.5566939340968,-0.0,-0.0,166.03526486753282,0.0,1.0,0.018142236923828655,0.0,0.0,0.3375985629347566,65.99961422222222,36.97836617803132,0.20475818197991608,10.615214960781802,0.003253395995731576,1.1008632991859708,1.212951743632081
2025-01-01 06:54:00,0.10373718183821903,0.06649220832053317,0.0,0.001728953030636984,0.001108203472008886,0.0,0.012143491692322884,0.0,0.09159369014589615,0.0,0.0,0.0,0.06649220832053317,0.0,1,0,0,Off,0,0,Off,0,0,Off,0.03577726071916177,0.02683294553937132,On,0.0,0,Off,0.003413638523391813,0.0,On,0.008729853168931071,0,On,0.002937412385185223,0,On,0.05287901704154915,0.03965926278116185,On,0,0,Off,Off,0.0,22.222222222222285,0.0,0.0,0.0,0.0,0,0.0,1667.2815511111112,Off,0.0,0.0,30.760918503726902,51.666666666666686,46.10666666666668,0.0,48.895067206308035,0.0,0.0,0.0,30.760918503726902,48.211930741374644,48.895067206308035,47.87036250890795,12.43753247303448,21.793230231236993,0.0,0.0,-316.03994420201764,-519.6997467285393,-0.0,-0.0,166.03526486753282,0.0,1.0,0.018130849689970727,0.0,0.0,0.33738666437988823,65.99961422222222,37.62453765898878,0.2050369649954019,10.605058853912192,0.0032534036425813347,1.1325790026424125,1.213043175478874
2025-01-01 06:55:00,0.10373718183821903,0.06649220832053317,0.0,0.001728953030636984,0.001108203472008886,0.0,0.012143491692322884,0.0,0.09159369014589615,0.0,0.0,0.0,0.06649220832053317,0.0,1,0,0,Off,0,0,Off,0,0,Off,0.03577726071916177,0.02683294553937132,On,0.0,0,Off,0.003413638523391813,0.0,On,0.008729853168931071,0,On,0.002937412385185223,0,On,0.05287901704154915,0.03965926278116185,On,0,0,Off,Off,0.0,22.222222222222285,0.0,0.0,0.0,0.0,0,0.0,1667.2815511111112,Off,0.0,0.0,30.78120710597782,51.666666666666686,46.10666666666668,0.0,48.890342518979836,0.0,0.0,0.0,30.78120710597782,48.20761370417458,48.890342518979836,47.86624929677195,12.43753247303448,21.771463187908505,0.0,0.0,-314.8799403656261,-518.861343093312,-0.0,-0.0,166.03526486753282,0.0,1.0,0.018119698091157363,0.0,0.0,0.3371791506234742,65.99961422222222,37.946137860153144,0.20531032989999534,10.595857185323919,0.0032534115091426884,1.163616985230423,1.2131326998786458
2025-01-01 06:56:00,0.10373718183821903,0.06649220832053317,0.0,0.001728953030636984,0.001108203472008886,0.0,0.012143491692322884,0.0,0.09159369014589615,0.0,0.0,0.0,0.06649220832053317,0.0,1,0,0,Off,0,0,Off,0,0,Off,0.03577726071916177,0.02683294553937132,On,0.0,0,Off,0.003413638523391813,0.0,On,0.008729853168931071,0,On,0.002937412385185223,0,On,0.05287901704154915,0.03965926278116185,On,0,0,Off,Off,0.0,22.222222222222285,0.0,0.0,0.0,0.0,0,0.0,1667.2815511111112,Off,0.0,0.0,30.80098521904527,51.666666666666686,46.10666666666668,0.0,48.88561490721199,0.0,0.0,0.0,30.80098521904527,48.20329381963916,48.88561490721199,47.86213327585274,12.43753247303448,21.750132058200318,0.0,0.0,-313.49309605637916,-518.0402513744017,-0.0,-0.0,166.03526486753282,0.0,1.0,0.018108766402825164,0.0,0.0,0.33697572905606243,65.99961422222222,38.511890450489716,0.20557864168282555,10.58616691343044,0.0032534195906883294,1.1940219388232587,1.2132204439838967
2025-01-01 06:57:00,0.10373718183821903,0.06649220832053317,0.0,0.001728953030636984,0.001108203472008886,0.0,0.012143491692322884,0.0,0.09159369014589615,0.0,0.0,0.0,0.06649220832053317,0.0,1,0,0,Off,0,0,Off,0,0,Off,0.03577726071916177,0.02683294553937132,On,0.0,0,Off,0.003413638523391813,0.0,On,0.008729853168931071,0,On,0.002937412385185223,0,On,0.05287901704154915,0.03965926278116185,On,0,0,Off,Off,0.0,22.222222222222285,0.0,0.0,0.0,0.0,0,0.0,1667.2815511111112,Off,0.0,0.0,30.82026367730654,51.666666666666686,46.10666666666668,0.0,48.88088444689653,0.0,0.0,0.0,30.82026367730654,48.198971159411265,48.88088444689653,47.858014515668636,12.43753247303448,21.729227601853925,0.0,0.0,-312.4096770047587,-517.2360847230663,-0.0,-0.0,166.03526486753282,0.0,1.0,0.01809805009083692,0.0,0.0,0.3367763153044737,65.99961422222222,38.79114285077472,0.2058419928859019,10.577408895475784,0.003253427882802514,1.2238069313938917,1.2133064450422264
2025-01-01 06:58:00,0.10373718183821903,0.06649220832053317,0.0,0.001728953030636984,0.001108203472008886,0.0,0.012143491692322884,0.0,0.09159369014589615,0.0,0.0,0.0,0.06649220832053317,0.0,1,0,0,Off,0,0,Off,0,0,Off,0.03577726071916177,0.02683294553937132,On,0.0,0,Off,0.003413638523391813,0.0,On,0.008729853168931071,0,On,0.002937412385185223,0,On,0.05287901704154915,0.03965926278116185,On,0,0,Off,Off,0.0,22.222222222222285,0.0,0.0,0.0,0.0,0,0.0,1667.2815511111112,Off,0.0,0.0,30.839074796294334,51.666666666666686,46.10666666666668,0.0,48.876151212314234,0.0,0.0,0.0,30.839074796294334,48.19464579361327,48.876151212314234,47.85389308426279,12.43753247303448,21.708722113998075,-0.01350010822421055,0.0,-311.12690704822626,-516.4477481170596,-0.0,-0.0,166.03526486753282,0.0,1.0,0.01808753514181727,0.0,0.0,0.3365806486017805,65.99961422222222,39.28557620130057,0.20610070977705713,10.568144463635246,0.003253436381161868,1.2530117976229358,1.213390816322694
2025-01-01 06:59:00,0.10373718183821903,0.06649220832053317,0.0,0.001728953030636984,0.001108203472008886,0.0,0.012143491692322884,0.0,0.09159369014589615,0.0,0.0,0.0,0.06649220832053317,0.0,1,0,0,Off,0,0,Off,0,0,Off,0.03577726071916177,0.02683294553937132,On,0.0,0,Off,0.003413638523391813,0.0,On,0.008729853168931071,0,On,0.002937412385185223,0,On,0.05287901704154915,0.03965926278116185,On,0,0,Off,Off,0.0,22.222222222222285,0.0,0.0,0.0,0.0,0,0.0,1667.2815511111112,Off,0.0,0.0,30.857428442721048,51.666666666666686,46.10666666666668,0.0,48.87141527294182,0.0,0.0,0.0,30.857428442721048,48.19031778783233,48.87141527294182,47.84976904527758,12.43753247303448,21.68860717989473,-0.03361504232755408,0.0,-310.1123112277453,-515.6748906118601,-0.0,-0.0,166.03526486753282,0.0,1.0,0.018077217418253307,0.0,0.0,0.33638865195535933,65.99961422222222,39.527314516581896,0.2063548775872687,10.559081755746437,0.003253445081720614,1.2816484626354632,1.2134735917784245
2025-01-01 07:00:00,0.10538744747913983,0.06790446861207904,0.0,0.0017564574579856638,0.0011317411435346507,0.0,0.011910743611182533,0.0,0.0934767038679573,0.0,0.0,0.0,0.06790446861207904,0.0,1,0,0,Off,0,0,Off,0,0,Off,0.03766027444122292,0.02824520583091718,On,0.0,0,Off,0.0031808904422514625,0.0,On,0.008729853168931071,0,On,0.002937412385185223,0,On,0.05287901704154915,0.03965926278116185,On,0,0,Off,Off,0.0,22.222222222222285,0.0,0.0,0.0,0.0,0,0.0,1667.2815511111112,Off,0.0,0.0,30.87535342562086,51.666666666666686,46.10666666666668,0.0,48.86667669678863,0.0,0.0,0.0,30.87535342562086,48.185987206270866,48.86667669678863,47.84564246101199,12.43753247303448,21.66885810265205,-0.05336411957023657,0.0,-307.27261042224654,-514.9165375000362,-0.0,-0.0,167.6855305084536,0.0,1.0,0.018067084419145507,0.0,0.0,0.3362000927412241,65.99961422222222,39.958396569335946,0.206604788193479,10.550917923030266,0.003253453980517184,1.309752468054722,1.2135548724158487
2025-01-01 07:01:00,0.10538744747913983,0.06790446861207904,0.0,0.0017564574579856638,0.0011317411435346507,0.0,0.011910743611182533,0.0,0.0934767038679573,0.0,0.0,0.0,0.06790446861207904,0.0,1,0,0,Off,0,0,Off,0,0,Off,0.03766027444122292,0.02824520583091718,On,0.0,0,Off,0.0031808904422514625,0.0,On,0.008729853168931071,0,On,0.002937412385185223,0,On,0.05287901704154915,0.03965926278116185,On,0,0,Off,Off,0.0,22.222222222222285,0.0,0.0,0.0,0.0,0,0.0,1667.2815511111112,Off,0.0,0.0,30.892789450312037,51.666666666666686,46.10666666666668,0.0,48.86193554758124,0.0,0.0,0.0,30.892789450312037,48.181654109088235,48.86193554758124,47.84151338984174,12.43753247303448,21.649526765604932,-0.07269545661735322,0.0,-306.3240551020532,-514.174654843722,-0.0,-0.0,167.6855305084536,0.0,1.0,0.01805716293521812,0.0,0.0,0.3360154694927168,65.99961422222222,40.16506923321514,0.2068497666486159,10.542259564186603,0.0032534630738376025,1.337248362776695,1.213634444040635
2025-01-01 07:02:00,0.10538744747913983,0.06790446861207904,0.0,0.0017564574579856638,0.0011317411435346507,0.0,0.011910743611182533,0.0,0.0934767038679573,0.0,0.0,0.0,0.06790446861207904,0.0,1,0,0,Off,0,0,Off,0,0,Off,0.03766027444122292,0.02824520583091718,On,0.0,0,Off,0.0031808904422514625,0.0,On,0.008729853168931071,0,On,0.002937412385185223,0,On,0.05287901704154915,0.03965926278116185,On,0,0,Off,Off,0.0,22.222222222222285,0.0,0.0,0.0,0.0,0,0.0,1667.2815511111112,Off,0.0,0.0,30.909833477467675,51.666666666666686,46.10666666666668,0.0,48.85719189800711,0.0,0.0,0.0,30.909833477467675,48.17731856490562,48.85719189800711,47.83738189835487,12.43753247303448,21.630529900195327,-0.0916923220269581,0.0,-305.223511371633,-513.4460223196725,-0.0,-0.0,167.6855305084536,0.0,1.0,0.018047410390595698,0.0,0.0,0.3358339899395994,65.99961422222222,40.5369804395859,0.20709084691360388,10.53377384686343,0.0032534723574471924,1.3642566479163742,1.2137126488265138
2025-01-01 07:03:00,0.10538744747913983,0.06790446861207904,0.0,0.0017564574579856638,0.0011317411435346507,0.0,0.011910743611182533,0.0,0.0934767038679573,0.0,0.0,0.0,0.06790446861207904,0.0,1,0,0,Off,0,0,Off,0,0,Off,0.03766027444122292,0.02824520583091718,On,0.0,0,Off,0.0031808904422514625,0.0,On,0.008729853168931071,0,On,0.002937412385185223,0,On,0.05287901704154915,0.03965926278116185,On,0,0,Off,Off,0.0,22.222222222222285,0.0,0.0,0.0,0.0,0,0.0,1667.2815511111112,Off,0.0,0.0,30.926493757807513,51.666666666666686,46.10666666666668,0.0,48.85244580634138,0.0,0.0,0.0,30.926493757807513,48.172980628736575,48.85244580634138,47.833248039934176,12.43753247303448,21.61186047002907,-0.11036175219321365,0.0,-304.33022596325816,-512.7303487100494,-0.0,-0.0,167.6855305084536,0.0,1.0,0.018037823311305247,0.0,0.0,0.3356555894366853,65.99961422222222,40.7145922383376,0.20732810187199183,10.525457151155237,0.003253481827946747,1.3907873353273852,1.2137895152204001
2025-01-01 07:04:00,0.10538744747913983,0.06790446861207904,0.0,0.0017564574579856638,0.0011317411435346507,0.0,0.011910743611182533,0.0,0.0934767038679573,0.0,0.0,0.0,0.06790446861207904,0.0,1,0,0,Off,0,0,Off,0,0,Off,0.03766027444122292,0.02824520583091718,On,0.0,0,Off,0.0031808904422514625,0.0,On,0.008729853168931071,0,On,0.002937412385185223,0,On,0.05287901704154915,0.03965926278116185,On,0,0,Off,Off,0.0,22.222222222222285,0.0,0.0,0.0,0.0,0,0.0,1667.2815511111112,Off,0.0,0.0,30.942793094119626,51.666666666666686,46.10666666666668,0.0,48.84769732963214,0.0,0.0,0.0,30.942793094119626,48.16864035443677,48.84769732963214,47.829111866839085,12.43753247303448,21.593498930171794,-0.12872329205049127,0.0,-303.30447865445933,-512.026864645681,-0.0,-0.0,167.6855305084536,0.0,1.0,0.018028391791326606,0.0,0.0,0.3354800836484824,65.99961422222222,41.03685548276806,0.20756176397020812,10.51729932167785,0.0032534914820076186,1.4168685999383934,1.213865123207647
2025-01-01 07:05:00,0.10538744747913983,0.06790446861207904,0.0,0.0017564574579856638,0.0011317411435346507,0.0,0.011910743611182533,0.0,0.0934767038679573,0.0,0.0,0.0,0.06790446861207904,0.0,1,0,0,Off,0,0,Off,0,0,Off,0.03766027444122292,0.02824520583091718,On,0.0,0,Off,0.0031808904422514625,0.0,On,0.008729853168931071,0,On,0.002937412385185223,0,On,0.05287901704154915,0.03965926278116185,On,0,0,Off,Off,0.0,22.222222222222285,0.0,0.0,0.0,0.0,0,0.0,1667.2815511111112,Off,0.0,0.0,30.95873911498835,51.666666666666686,46.10666666666668,0.0,48.842946521537556,0.0,0.0,0.0,30.95873911498835,48.164297792661664,48.842946521537556,47.82497342822372,12.43753247303448,21.575438774671426,-0.1467834475508596,0.0,-302.461448055304,-511.33530187442534,-0.0,-0.0,167.6855305084536,0.0,1.0,0.0180191126121334,0.0,0.0,0.335307412683265,65.99961422222222,41.1883233106677,0.20779190133345962,10.510004134686081,0.0032535013164973125,1.4425097161045992,1.213939499115646
2025-01-01 07:06:00,0.10538744747913983,0.06790446861207904,0.0,0.0017564574579856638,0.0011317411435346507,0.0,0.011910743611182533,0.0,0.0934767038679573,0.0,0.0,0.0,0.06790446861207904,0.0,1,0,0,Off,0,0,Off,0,0,Off,0.03766027444122292,0.02824520583091718,On,0.0,0,Off,0.0031808904422514625,0.0,On,0.008729853168931071,0,On,0.002937412385185223,0,On,0.05287901704154915,0.03965926278116185,On,0,0,Off,Off,0.0,22.222222222222285,0.0,0.0,0.0,0.0,0,0.0,1667.2815511111112,Off,0.0,0.0,30.97435220935557,51.666666666666686,46.10666666666668,0.0,48.83819343458128,0.0,0.0,0.0,30.97435220935557,48.159952992996125,48.83819343458128,47.82083277220355,12.43753247303448,21.55766252892241,-0.16455969329987497,0.0,-301.5033835812154,-510.6549733042493,-0.0,-0.0,167.6855305084536,0.0,1.0,0.0180099769120176,0.0,0.0,0.3351374116385512,65.99961422222222,41.466059214580255,0.20801872235406374,10.50214771758823,0.003253511328348634,1.4677358938155545,1.214012714476475
2025-01-01 07:07:00,0.10538744747913983,0.06790446861207904,0.0,0.0017564574579856638,0.0011317411435346507,0.0,0.011910743611182533,0.0,0.0934767038679573,0.0,0.0,0.0,0.06790446861207904,0.0,1,0,0,Off,0,0,Off,0,0,Off,0.03766027444122292,0.02824520583091718,On,0.0,0,Off,0.0031808904422514625,0.0,On,0.008729853168931071,0,On,0.002937412385185223,0,On,0.05287901704154915,0.03965926278116185,On,0,0,Off,Off,0.0,22.222222222222285,0.0,0.0,0.0,0.0,0,0.0,1667.2815511111112,Off,0.0,0.0,30.98963945941195,51.666666666666686,46.10666666666668,0.0,48.83343811825584,0.0,0.0,0.0,30.98963945941195,48.155606002163594,48.83343811825584,47.81668994411748,12.43753247303448,21.540164152700605,-0.18205806952168047,0.0,-300.705826035801,-509.9856308055645,-0.0,-0.0,167.6855305084536,0.0,1.0,0.018000981696980292,0.0,0.0,0.33497002480071886,65.99961422222222,41.59427426130989,0.20824229095310268,10.49443463731108,0.003253521514669852,1.492555758893506,1.2140847937555515
2025-01-01 07:08:00,0.10538744747913983,0.06790446861207904,0.0,0.0017564574579856638,0.0011317411435346507,0.0,0.011910743611182533,0.0,0.0934767038679573,0.0,0.0,0.0,0.06790446861207904,0.0,1,0,0,Off,0,0,Off,0,0,Off,0.03766027444122292,0.02824520583091718,On,0.0,0,Off,0.0031808904422514625,0.0,On,0.008729853168931071,0,On,0.002937412385185223,0,On,0.05287901704154915,0.03965926278116185,On,0,0,Off,Off,0.0,22.222222222222285,0.0,0.0,0.0,0.0,0,0.0,1667.2815511111112,Off,0.0,0.0,31.00461909441332,51.666666666666686,46.10666666666668,0.0,48.828680621000544,0.0,0.0,0.0,31.00461909441332,48.1512568658936,48.828680621000544,47.81254498834013,12.43753247303448,21.522928023779222,-0.19929419844306295,0.0,-299.80889152455234,-509.32666074458155,-0.0,-0.0,167.6855305084536,0.0,1.0,0.017992119040690605,0.0,0.0,0.33480510467318747,65.99961422222222,41.8322387115756,0.20846279388648445,10.486856775029782,0.003253531872629912,1.5169918655846397,1.214155800917698
2025-01-01 07:09:00,0.10538744747913983,0.06790446861207904,0.0,0.0017564574579856638,0.0011317411435346507,0.0,0.011910743611182533,0.0,0.0934767038679573,0.0,0.0,0.0,0.06790446861207904,0.0,1,0,0,Off,0,0,Off,0,0,Off,0.03766027444122292,0.02824520583091718,On,0.0,0,Off,0.0031808904422514625,0.0,On,0.008729853168931071,0,On,0.002937412385185223,0,On,0.05287901704154915,0.03965926278116185,On,0,0,Off,Off,0.0,22.222222222222285,0.0,0.0,0.0,0.0,0,0.0,1667.2815511111112,Off,0.0,0.0,31.01929771938409,51.666666666666686,46.10666666666668,0.0,48.82392098854463,0.0,0.0,0.0,31.01929771938409,48.14690562735733,48.82392098854463,47.80839794676368,12.43753247303448,21.505948508457948,-0.21627371376433757,0.0,-299.052580136786,-508.6778325397523,-0.0,-0.0,167.6855305084536,0.0,1.0,0.01798338614522401,0.0,0.0,0.33464259919097156,65.99961422222222,41.939721894512694,0.20868029139707137,10.479411229283967,0.003253542399554702,1.5410522729912837,1.2142257588026346
2025-01-01 07:10:00,0.10538744747913983,0.06790446861207904,0.0,0.0017564574579856638,0.0011317411435346507,0.0,0.011910743611182533,0.0,0.0934767038679573,0.0,0.0,0.0,0.06790446861207904,0.0,1,0,0,Off,0,0,Off,0,0,Off,0.03766027444122292,0.02824520583091718,On,0.0,0,Off,0.0031808904422514625,0.0,On,0.008729853168931071,0,On,0.002937412385185223,0,On,0.05287901704154915,0.03965926278116185,On,0,0,Off,Off,0.0,22.222222222222285,0.0,0.0,0.0,0.0,0,0.0,1667.2815511111112,Off,0.0,0.0,31.03369163824114,51.666666666666686,46.10666666666668,0.0,48.819159265635044,0.0,0.0,0.0,31.03369163824114,48.14255232879901,48.819159265635044,47.804248860381,12.43753247303448,21.489211635873872,-0.23301058634841354,0.0,-298.2665820581293,-508.0385979226261,-0.0,-0.0,167.6855305084536,0.0,1.0,0.017974775918897148,0.0,0.0,0.3344823763889711,65.99961422222222,42.0864853560432,0.20889495086382595,10.47209073908061,0.003253553092826748,1.564757165463558,1.214294724626111
2025-01-01 07:11:00,0.10538744747913983,0.06790446861207904,0.0,0.0017564574579856638,0.0011317411435346507,0.0,0.011910743611182533,0.0,0.0934767038679573,0.0,0.0,0.0,0.06790446861207904,0.0,1,0,0,Off,0,0,Off,0,0,Off,0.03766027444122292,0.02824520583091718,On,0.0,0,Off,0.0031808904422514625,0.0,On,0.008729853168931071,0,On,0.002937412385185223,0,On,0.05287901704154915,0.03965926278116185,On,0,0,Off,Off,0.0,22.222222222222285,0.0,0.0,0.0,0.0,0,0.0,1667.2815511111112,Off,0.0,0.0,31.047809330617078,51.666666666666686,46.10666666666668,0.0,48.81439549459492,0.0,0.0,0.0,31.047809330617078,48.13819701017478,48.81439549459492,47.800097767964715,12.43753247303448,21.472710157899073,-0.2495120643232127,0.0,-297.4384972584471,-507.4086664648544,-0.0,-0.0,167.6855305084536,0.0,1.0,0.017966284721510437,0.0,0.0,0.3343243685287836,65.99961422222222,42.284638697953696,0.2091068545368956,10.464891554989812,0.0032535639499689977,1.5881169697849737,1.2143627279254843
2025-01-01 07:12:00,0.10538744747913983,0.06790446861207904,0.0,0.0017564574579856638,0.0011317411435346507,0.0,0.011910743611182533,0.0,0.0934767038679573,0.0,0.0,0.0,0.06790446861207904,0.0,1,0,0,Off,0,0,Off,0,0,Off,0.03766027444122292,0.02824520583091718,On,0.0,0,Off,0.0031808904422514625,0.0,On,0.008729853168931071,0,On,0.002937412385185223,0,On,0.05287901704154915,0.03965926278116185,On,0,0,Off,Off,0.0,22.222222222222285,0.0,0.0,0.0,0.0,0,0.0,1667.2815511111112,Off,0.0,0.0,31.06165840454064,51.666666666666686,46.10666666666668,0.0,48.8096297164865,0.0,0.0,0.0,31.06165840454064,48.1338397102507,48.8096297164865,47.795944707132804,12.43753247303448,21.456437574248124,-0.26578464797416146,0.0,-296.7433888033529,-506.7877769975012,-0.0,-0.0,167.6855305084536,0.0,1.0,0.01795790929309049,0.0,0.0,0.3341685149474194,65.99961422222222,42.3588576856947,0.20931607562819496,10.457106832542586,0.003253574968577297,1.6111410343183759,1.214429795173315
2025-01-01 07:13:00,0.10538744747913983,0.06790446861207904,0.0,0.0017564574579856638,0.0011317411435346507,0.0,0.011910743611182533,0.0,0.0934767038679573,0.0,0.0,0.0,0.06790446861207904,0.0,1,0,0,Off,0,0,Off,0,0,Off,0.03766027444122292,0.02824520583091718,On,0.0,0,Off,0.0031808904422514625,0.0,On,0.008729853168931071,0,On,0.002937412385185223,0,On,0.05287901704154915,0.03965926278116185,On,0,0,Off,Off,0.0,22.222222222222285,0.0,0.0,0.0,0.0,0,0.0,1667.2815511111112,Off,0.0,0.0,31.07525349469069,51.666666666666686,46.10666666666668,0.0,48.804861971240726,0.0,0.0,0.0,31.07525349469069,48.12948046672512,48.804861971240726,47.79178971446732,12.43753247303448,21.44038134425613,-0.28184087796615387,0.0,-296.0240922487518,-506.17543870294566,-0.0,-0.0,167.6855305084536,0.0,1.0,0.01794964325934765,0.0,0.0,0.3340146970293495,65.99961422222222,42.46581594574029,0.20952276537474293,10.450137511606915,0.003253586146312892,1.633847501042052,1.2144959777607607
2025-01-01 07:14:00,0.10538744747913983,0.06790446861207904,0.0,0.0017564574579856638,0.0011317411435346507,0.0,0.011910743611182533,0.0,0.0934767038679573,0.0,0.0,0.0,0.06790446861207904,0.0,1,0,0,Off,0,0,Off,0,0,Off,0.03766027444122292,0.02824520583091718,On,0.0,0,Off,0.0031808904422514625,0.0,On,0.008729853168931071,0,On,0.002937412385185223,0,On,0.05287901704154915,0.03965926278116185,On,0,0,Off,Off,0.0,22.222222222222285,0.0,0.0,0.0,0.0,0,0.0,1667.2815511111112,Off,0.0,0.0,31.08860198381151,51.666666666666686,46.10666666666668,0.0,48.800092296612874,0.0,0.0,0.0,31.08860198381151,48.125119315242536,48.800092296612874,47.78763282455737,12.43753247303448,21.424535158183684,-0.2976870640386018,0.0,-295.2635685175296,-505.5713993026227,-0.0,-0.0,167.6855305084536,0.0,1.0,0.017941483447856885,0.0,0.0,0.333862855740722,65.99961422222222,42.62230027663939,0.209726995776664,10.443276345786606,0.0032535974809631647,1.6562454600227776,1.2145613014146641
2025-01-01 07:15:00,1.772668998590251,0.06790446861207904,0.0,0.029544483309837517,0.0011317411435346507,0.0,0.011910743611182533,0.0,0.0934767038679573,1.6672815511111112,0.0,0.0,0.06790446861207904,0.0,1,0,0,Off,0,0,Off,0,0,Off,0.03766027444122292,0.02824520583091718,On,0.0,0,Off,0.0031808904422514625,0.0,On,0.008729853168931071,0,On,0.002937412385185223,0,On,0.05287901704154915,0.03965926278116185,On,0,0,Off,On,1667.2815511111112,22.222222222222285,1.0,0.0,1.6672815511111112,0.0,1,1667.2815511111112,1667.2815511111112,Off,0.0,0.0,31.101710249280405,51.666666666666686,46.10666666666668,0.0,48.79532072926042,0.0,0.0,0.0,31.101710249280405,48.120756290411336,48.79532072926042,47.7834740709868,12.43753247303448,21.408893569394305,-0.3133286528279804,0.0,1372.6663513751855,-504.97544000001517,-0.0,-0.0,167.6855305084536,0.0,1.0,0.017933427126875977,0.0,0.0,0.3337129402481002,65.99961422222222,42.674709755636,0.20992882818766792,10.436520520942619,0.0032536089703790144,1.678342752672027,1.2146257883176645
2025-01-01 07:16:00,1.772668998590251,0.06790446861207904,0.0,0.029544483309837517,0.0011317411435346507,0.0,0.011910743611182533,0.0,0.0934767038679573,1.6672815511111112,0.0,0.0,0.06790446861207904,0.0,1,0,0,Off,0,0,Off,0,0,Off,0.03766027444122292,0.02824520583091718,On,0.0,0,Off,0.0031808904422514625,0.0,On,0.008729853168931071,0,On,0.002937412385185223,0,On,0.05287901704154915,0.03965926278116185,On,0,0,Off,On,1667.2815511111112,22.222222222222285,1.0,0.0,1.6672815511111112,0.0,1,1667.2815511111112,1667.2815511111112,Off,0.0,0.0,31.04455188980423,51.666666666666686,46.10666666666668,0.0,48.79054730489252,0.0,0.0,0.0,31.04455188980423,48.1163914259449,48.79054730489252,47.77931348647109,12.43753247303448,21.45364400179979,-0.26857822042249424,0.0,1369.232382816743,-506.68121706763776,-0.0,-0.0,167.6855305084536,0.0,1.0,0.017956471252202115,0.0,0.0,0.33414175526285594,65.99961422222222,40.94651826481592,0.20935481763078528,10.456429544132725,0.003253620612466197,1.61257364423226,1.2144412775659943
2025-01-01 07:17:00,1.772668998590251,0.06790446861207904,0.0,0.029544483309837517,0.0011317411435346507,0.0,0.011910743611182533,0.0,0.0934767038679573,1.6672815511111112,0.0,0.0,0.06790446861207904,0.0,1,0,0,Off,0,0,Off,0,0,Off,0.03766027444122292,0.02824520583091718,On,0.0,0,Off,0.0031808904422514625,0.0,On,0.008729853168931071,0,On,0.002937412385185223,0,On,0.05287901704154915,0.03965926278116185,On,0,0,Off,On,1667.2815511111112,22.222222222222285,1.0,0.0,1.6672815511111112,0.0,1,1667.2815511111112,1667.2815511111112,Off,0.0,0.0,30.989121359955156,51.666666666666686,46.10666666666668,0.0,48.78578246735257,0.0,0.0,0.0,30.989121359955156,48.112034583175344,48.78578246735257,47.775160641086735,12.43753247303448,21.49691741047311,-0.22530481174917583,0.0,1364.8605739211998,-508.33286639594024,-0.0,-0.0,167.6855305084536,0.0,1.0,0.017978740390440038,0.0,0.0,0.33455614898389946,65.99961422222222,38.226358697575435,0.2088014283358081,10.475552057211722,0.003253631800035141,1.5490183861610698,1.214262910092401
2025-01-01 07:18:00,1.772668998590251,0.06790446861207904,0.0,0.029544483309837517,0.0011317411435346507,0.0,0.011910743611182533,0.0,0.0934767038679573,1.6672815511111112,0.0,0.0,0.06790446861207904,0.0,1,0,0,Off,0,0,Off,0,0,Off,0.03766027444122292,0.02824520583091718,On,0.0,0,Off,0.0031808904422514625,0.0,On,0.008729853168931071,0,On,0.002937412385185223,0,On,0.05287901704154915,0.03965926278116185,On,0,0,Off,On,1667.2815511111112,22.222222222222285,1.0,0.0,1.6672815511111112,0.0,1,1667.2815511111112,1667.2815511111112,Off,0.0,0.0,30.9353717782934,51.666666666666686,46.10666666666668,0.0,48.781025959704245,0.0,0.0,0.0,30.9353717782934,48.10768551961626,48.781025959704245,47.77101529957228,12.43753247303448,21.538753846887037,-0.18346837533524862,0.0,1361.9934651022786,-509.93169941112274,-0.0,-0.0,167.6855305084536,0.0,1.0,0.01800025661490857,0.0,0.0,0.3349565321610598,65.99961422222222,36.958082893836526,0.20826797639032657,10.493909691732755,0.003253642548254723,1.4876139250096154,1.2140905154890522
2025-01-01 07:19:00,1.772668998590251,0.06790446861207904,0.0,0.029544483309837517,0.0011317411435346507,0.0,0.011910743611182533,0.0,0.0934767038679573,1.6672815511111112,0.0,0.0,0.06790446861207904,0.0,1,0,0,Off,0,0,Off,0,0,Off,0.03766027444122292,0.02824520583091718,On,0.0,0,Off,0.0031808904422514625,0.0,On,0.008729853168931071,0,On,0.002937412385185223,0,On,0.05287901704154915,0.03965926278116185,On,0,0,Off,On,1667.2815511111112,22.222222222222285,1.0,0.0,1.6672815511111112,0.0,1,1667.2815511111112,1667.2815511111112,Off,0.0,0.0,30.883158460990476,51.666666666666686,46.10666666666668,0.0,48.77627753198251,0.0,0.0,0.0,30.883158460990476,48.10334399936066,48.77627753198251,47.76687723304974,12.43753247303448,21.579277429857015,-0.14294479236527025,0.0,1358.2568855743762,-511.48226128312484,-0.0,-0.0,167.6855305084536,0.0,1.0,0.018021085090692876,0.0,0.0,0.33534411741432407,65.99961422222222,34.77206523793616,0.20775272157067642,10.511567972150406,0.0032536528718710507,1.4281754800910884,1.2139235774623796
2025-01-01 07:20:00,1.772668998590251,0.06790446861207904,0.0,0.029544483309837517,0.0011317411435346507,0.0,0.011910743611182533,0.0,0.0934767038679573,1.6672815511111112,0.0,0.0,0.06790446861207904,0.0,1,0,0,Off,0,0,Off,0,0,Off,0.03766027444122292,0.02824520583091718,On,0.0,0,Off,0.0031808904422514625,0.0,On,0.008729853168931071,0,On,0.002937412385185223,0,On,0.05287901704154915,0.03965926278116185,On,0,0,Off,On,1667.2815511111112,22.222222222222285,1.0,0.0,1.6672815511111112,0.0,1,1667.2815511111112,1667.2815511111112,Off,0.0,0.0,30.832443298793365,51.666666666666686,46.10666666666668,0.0,48.771536955730056,0.0,0.0,0.0,30.832443298793365,48.099009806806706,48.771536955730056,47.76274623234503,12.43753247303448,21.618520698153095,-0.10370152406919075,0.0,1355.2912503762655,-512.9856162742478,-0.0,-0.0,167.6855305084536,0.0,1.0,0.01804124375463022,0.0,0.0,0.3357192385200899,65.99961422222222,33.30978503094853,0.20725510810586598,10.528544516146793,0.003253662784364497,1.370651750899473,1.2137619575373253
2025-01-01 07:21:00,1.772668998590251,0.06790446861207904,0.0,0.029544483309837517,0.0011317411435346507,0.0,0.011910743611182533,0.0,0.0934767038679573,1.6672815511111112,0.0,0.0,0.06790446861207904,0.0,1,0,0,Off,0,0,Off,0,0,Off,0.03766027444122292,0.02824520583091718,On,0.0,0,Off,0.0031808904422514625,0.0,On,0.008729853168931071,0,On,0.002937412385185223,0,On,0.05287901704154915,0.03965926278116185,On,0,0,Off,On,1667.2815511111112,22.222222222222285,1.0,0.0,1.6672815511111112,0.0,1,1667.2815511111112,1667.2815511111112,Off,0.0,0.0,30.783122698749004,51.666666666666686,46.10666666666668,0.0,48.7668040081567,0.0,0.0,0.0,30.783122698749004,48.09468273170087,48.7668040081567,47.758622093472965,12.43753247303448,21.65657247885129,-0.06564974337099372,0.0,1352.3377149179141,-514.4450003984181,-0.0,-0.0,167.6855305084536,0.0,1.0,0.01806077935268151,0.0,0.0,0.3360827653473426,65.99961422222222,31.81563369676759,0.20677387803509586,10.545595890816703,0.0032536722988715195,1.3149100556344389,1.213605285807797
2025-01-01 07:22:00,1.772668998590251,0.06790446861207904,0.0,0.029544483309837517,0.0011317411435346507,0.0,0.011910743611182533,0.0,0.0934767038679573,1.6672815511111112,0.0,0.0,0.06790446861207904,0.0,1,0,0,Off,0,0,Off,0,0,Off,0.03766027444122292,0.02824520583091718,On,0.0,0,Off,0.0031808904422514625,0.0,On,0.008729853168931071,0,On,0.002937412385185223,0,On,0.05287901704154915,0.03965926278116185,On,0,0,Off,On,1667.2815511111112,22.222222222222285,1.0,0.0,1.6672815511111112,0.0,1,1667.2815511111112,1667.2815511111112,Off,0.0,0.0,30.735130490604284,51.666666666666686,46.10666666666668,0.0,48.76207848187222,0.0,0.0,0.0,30.735130490604284,48.090362578328055,48.76207848187222,47.75450462655598,12.43753247303448,21.693489448907172,-0.028732773315113036,0.0,1349.532531198155,-515.8624352582824,-0.0,-0.0,167.6855305084536,0.0,1.0,0.018079721999236485,0.0,0.0,0.3364352582776241,65.99961422222222,30.42788483687282,0.20630819528310543,10.562044915351704,0.003253681427620697,1.2608647383498488,1.2134533251908237
2025-01-01 07:23:00,1.772668998590251,0.06790446861207904,0.0,0.029544483309837517,0.0011317411435346507,0.0,0.011910743611182533,0.0,0.0934767038679573,1.6672815511111112,0.0,0.0,0.06790446861207904,0.0,1,0,0,Off,0,0,Off,0,0,Off,0.03766027444122292,0.02824520583091718,On,0.0,0,Off,0.0031808904422514625,0.0,On,0.008729853168931071,0,On,0.002937412385185223,0,On,0.05287901704154915,0.03965926278116185,On,0,0,Off,On,1667.2815511111112,22.222222222222285,1.0,0.0,1.6672815511111112,0.0,1,1667.2815511111112,1667.2815511111112,Off,0.0,0.0,30.688398682118876,51.666666666666686,46.10666666666668,0.0,48.757360179324024,0.0,0.0,0.0,30.688398682118876,48.08604916025958,48.757360179324024,47.75039365072736,12.43753247303448,21.72932986060165,0.0,0.0,1346.858354810278,-517.2400172731769,-0.0,-0.0,167.6855305084536,0.0,1.0,0.018098102519951722,0.0,0.0,0.3367772909280359,65.99961422222222,29.131290463890153,0.20585721529854667,10.57721062736464,0.003253690182257035,1.2084281564827857,1.2133058324701123
2025-01-01 07:24:00,1.772668998590251,0.06790446861207904,0.0,0.029544483309837517,0.0011317411435346507,0.0,0.011910743611182533,0.0,0.0934767038679573,1.6672815511111112,0.0,0.0,0.06790446861207904,0.0,1,0,0,Off,0,0,Off,0,0,Off,0.03766027444122292,0.02824520583091718,On,0.0,0,Off,0.0031808904422514625,0.0,On,0.008729853168931071,0,On,0.002937412385185223,0,On,0.05287901704154915,0.03965926278116185,On,0,0,Off,On,1667.2815511111112,22.222222222222285,1.0,0.0,1.6672815511111112,0.0,1,1667.2815511111112,1667.2815511111112,Off,0.0,0.0,30.64286389024476,51.666666666666686,46.10666666666668,0.0,48.752648913067766,0.0,0.0,0.0,30.64286389024476,48.08174230060891,48.752648913067766,47.74628899437948,12.43753247303448,21.764148014248644,0.0,0.0,1344.3048931722856,-518.5797044698844,-0.0,-0.0,167.6855305084536,0.0,1.0,0.018115949622540536,0.0,0.0,0.33710939750407887,65.99961422222222,27.917516022605376,0.20542015403069447,10.592544309943303,0.003253698573827346,1.1575186755445979,1.213162581022928
2025-01-01 07:25:00,1.772668998590251,0.06790446861207904,0.0,0.029544483309837517,0.0011317411435346507,0.0,0.011910743611182533,0.0,0.0934767038679573,1.6672815511111112,0.0,0.0,0.06790446861207904,0.0,1,0,0,Off,0,0,Off,0,0,Off,0.03766027444122292,0.02824520583091718,On,0.0,0,Off,0.0031808904422514625,0.0,On,0.008729853168931071,0,On,0.002937412385185223,0,On,0.05287901704154915,0.03965926278116185,On,0,0,Off,On,1667.2815511111112,22.222222222222285,1.0,0.0,1.6672815511111112,0.0,1,1667.2815511111112,1667.2815511111112,Off,0.0,0.0,30.598466737993792,51.666666666666686,46.10666666666668,0.0,48.7479445050822,0.0,0.0,0.0,30.598466737993792,48.07744183138479,48.7479445050822,47.74219049453609,12.43753247303448,21.797994775746865,0.0,0.0,1341.865668898839,-519.8833349494898,-0.0,-0.0,167.6855305084536,0.0,1.0,0.018133290171939924,0.0,0.0,0.3374320779200778,65.99961422222222,26.78192222876409,0.204996280256012,10.607362181381063,0.003253706612821032,1.1080598903386625,1.213023358655472
2025-01-01 07:26:00,1.772668998590251,0.06790446861207904,0.0,0.029544483309837517,0.0011317411435346507,0.0,0.011910743611182533,0.0,0.0934767038679573,1.6672815511111112,0.0,0.0,0.06790446861207904,0.0,1,0,0,Off,0,0,Off,0,0,Off,0.03766027444122292,0.02824520583091718,On,0.0,0,Off,0.0031808904422514625,0.0,On,0.008729853168931071,0,On,0.002937412385185223,0,On,0.05287901704154915,0.03965926278116185,On,0,0,Off,On,1667.2815511111112,22.222222222222285,1.0,0.0,1.6672815511111112,0.0,1,1667.2815511111112,1667.2815511111112,Off,0.0,0.0,30.555151436389824,51.666666666666686,46.10666666666668,0.0,48.74324678617362,0.0,0.0,0.0,30.555151436389824,48.07314759292904,48.74324678617362,47.73809799630675,12.43753247303448,21.830917935588662,0.0,0.0,1339.533922471324,-521.1526394586712,-0.0,-0.0,167.6855305084536,0.0,1.0,0.018150149382810146,0.0,0.0,0.33774580138129695,65.99961422222222,25.71948031043054,0.20458491006334611,10.621689537167097,0.003253714309205559,1.059980079920461,1.2128879660955152
2025-01-01 07:27:00,1.772668998590251,0.06790446861207904,0.0,0.029544483309837517,0.0011317411435346507,0.0,0.011910743611182533,0.0,0.0934767038679573,1.6672815511111112,0.0,0.0,0.06790446861207904,0.0,1,0,0,Off,0,0,Off,0,0,Off,0.03766027444122292,0.02824520583091718,On,0.0,0,Off,0.0031808904422514625,0.0,On,0.008729853168931071,0,On,0.002937412385185223,0,On,0.05287901704154915,0.03965926278116185,On,0,0,Off,On,1667.2815511111112,22.222222222222285,1.0,0.0,1.6672815511111112,0.0,1,1667.2815511111112,1667.2815511111112,Off,0.0,0.0,30.512865561547013,51.666666666666686,46.10666666666668,0.0,48.73855559544244,0.0,0.0,0.0,30.512865561547013,48.06885943341297,48.73855559544244,47.73401135239824,12.43753247303448,21.862962399765678,0.0,0.0,1337.3033655548634,-522.3892476365475,-0.0,-0.0,167.6855305084536,0.0,1.0,0.01816655092487653,0.0,0.0,0.3380510083441854,65.99961422222222,24.725531571846112,0.20418540356977585,10.636266018849625,0.003253721672458234,1.0132119089201448,1.2127562161801404
2025-01-01 07:28:00,1.772668998590251,0.06790446861207904,0.0,0.029544483309837517,0.0011317411435346507,0.0,0.011910743611182533,0.0,0.0934767038679573,1.6672815511111112,0.0,0.0,0.06790446861207904,0.0,1,0,0,Off,0,0,Off,0,0,Off,0.03766027444122292,0.02824520583091718,On,0.0,0,Off,0.0031808904422514625,0.0,On,0.008729853168931071,0,On,0.002937412385185223,0,On,0.05287901704154915,0.03965926278116185,On,0,0,Off,On,1667.2815511111112,22.222222222222285,1.0,0.0,1.6672815511111112,0.0,1,1667.2815511111112,1667.2815511111112,Off,0.0,0.0,30.47155981850001,51.666666666666686,46.10666666666668,0.0,48.733870779782954,0.0,0.0,0.0,30.47155981850001,48.06457720836517,48.733870779782954,47.72993042265629,12.43753247303448,21.89417039241616,0.0,0.0,1335.168160423506,-523.5946948312113,-0.0,-0.0,167.6855305084536,0.0,1.0,0.01818251703347463,0.0,0.0,0.33834811257344943,65.99961422222222,23.795773635152663,0.2037971615860356,10.649683176477083,0.003253728711595976,0.967692114202283,1.2126279329980405
2025-01-01 07:29:00,1.772668998590251,0.06790446861207904,0.0,0.029544483309837517,0.0011317411435346507,0.0,0.011910743611182533,0.0,0.0934767038679573,1.6672815511111112,0.0,0.0,0.06790446861207904,0.0,1,0,0,Off,0,0,Off,0,0,Off,0.03766027444122292,0.02824520583091718,On,0.0,0,Off,0.0031808904422514625,0.0,On,0.008729853168931071,0,On,0.002937412385185223,0,On,0.05287901704154915,0.03965926278116185,On,0,0,Off,On,1667.2815511111112,22.222222222222285,1.0,0.0,1.6672815511111112,0.0,1,1667.2815511111112,1667.2815511111112,Off,0.0,0.0,30.431187822754524,51.666666666666686,46.10666666666668,0.0,48.72919219341818,0.0,0.0,0.0,30.431187822754524,48.06030078023236,48.72919219341818,47.72585507363945,12.43753247303448,21.92458164292253,0.0,0.0,1333.1228510475573,-524.7704284237033,-0.0,-0.0,167.6855305084536,0.0,1.0,0.018198068611395835,0.0,0.0,0.33863750303723894,65.99961422222222,22.926197851695953,0.203419622564092,10.663394686682699,0.003253735435202984,0.9233612161557156,1.2125029510983802
2025-01-01 07:30:00,1.772668998590251,0.06790446861207904,0.0,0.029544483309837517,0.0011317411435346507,0.0,0.011910743611182533,0.0,0.0934767038679573,1.6672815511111112,0.0,0.0,0.06790446861207904,0.0,1,0,0,Off,0,0,Off,0,0,Off,0.03766027444122292,0.02824520583091718,On,0.0,0,Off,0.0031808904422514625,0.0,On,0.008729853168931071,0,On,0.002937412385185223,0,On,0.05287901704154915,0.03965926278116185,On,0,0,Off,On,1667.2815511111112,22.222222222222285,1.0,0.0,1.6672815511111112,0.0,1,1667.2815511111112,1667.2815511111112,Off,0.0,0.0,30.39170590111083,51.666666666666686,46.10666666666668,0.0,48.724519697467166,0.0,0.0,0.0,30.39170590111083,48.05603001797091,48.724519697467166,47.72178517822279,12.43753247303448,21.954233557003246,0.0,-1.1,1279.7418031025754,-579.3320174472765,-0.0,-0.0,167.6855305084536,2.409187509205922,1.0,0.019037003116479875,0.0,0.0,0.3542487578401546,65.99961422222222,24.10673893028725,0.20305225982207828,10.675985743162602,0.003253741851456451,14.836416311439525,1.212381114767774
2025-01-01 07:31:00,1.772668998590251,0.06790446861207904,0.0,0.029544483309837517,0.0011317411435346507,0.0,0.011910743611182533,0.0,0.0934767038679573,1.6672815511111112,0.0,0.0,0.06790446861207904,0.0,1,0,0,Off,0,0,Off,0,0,Off,0.03766027444122292,0.02824520583091718,On,0.0,0,Off,0.0031808904422514625,0.0,On,0.008729853168931071,0,On,0.002937412385185223,0,On,0.05287901704154915,0.03965926278116185,On,0,0,Off,On,1667.2815511111112,22.222222222222285,1.0,0.0,1.6672815511111112,0.0,1,1667.2815511111112,1667.2815511111112,Off,0.0,0.0,30.355529313702394,51.666666666666686,46.10666666666668,0.0,48.71985315954193,0.0,0.0,0.0,30.355529313702394,48.05176479666639,48.71985315954193,47.71772061522863,12.43753247303448,21.98105010381469,0.0,-1.1,1279.3915848473043,-580.4111944943313,-0.0,-0.0,167.6855305084536,2.424681911033573,1.0,0.019050305957161277,0.0,0.0,0.35449630283231004,65.99961422222222,24.835697722070798,0.2027266989952239,10.687981895327008,0.0032538449571233555,14.803885040026419,1.2122708786230283
2025-01-01 07:32:00,1.772668998590251,0.06790446861207904,0.0,0.029544483309837517,0.0011317411435346507,0.0,0.011910743611182533,0.0,0.0934767038679573,1.6672815511111112,0.0,0.0,0.06790446861207904,0.0,1,0,0,Off,0,0,Off,0,0,Off,0.03766027444122292,0.02824520583091718,On,0.0,0,Off,0.0031808904422514625,0.0,On,0.008729853168931071,0,On,0.002937412385185223,0,On,0.05287901704154915,0.03965926278116185,On,0,0,Off,On,1667.2815511111112,22.222222222222285,1.0,0.0,1.6672815511111112,0.0,1,1667.2815511111112,1667.2815511111112,Off,0.0,0.0,30.320037520471185,51.666666666666686,46.10666666666668,0.0,48.71519208827222,0.0,0.0,0.0,30.320037520471185,48.04750465244283,48.71519208827222,47.71366093452814,12.43753247303448,22.007283161544475,0.0,-1.1,1278.088971978497,-581.467664249719,-0.0,-0.0,167.6855305084536,2.4401912823663636,1.0,0.01906331484779103,0.0,0.0,0.3547383778752288,65.99961422222222,24.589554608651262,0.20240891817294318,10.69966888707142,0.0032539478460694177,14.771937515105837,1.212163058957863
2025-01-01 07:33:00,1.772668998590251,0.06790446861207904,0.0,0.029544483309837517,0.0011317411435346507,0.0,0.011910743611182533,0.0,0.0934767038679573,1.6672815511111112,0.0,0.0,0.06790446861207904,0.0,1,0,0,Off,0,0,Off,0,0,Off,0.03766027444122292,0.02824520583091718,On,0.0,0,Off,0.0031808904422514625,0.0,On,0.008729853168931071,0,On,0.002937412385185223,0,On,0.05287901704154915,0.03965926278116185,On,0,0,Off,On,1667.2815511111112,22.222222222222285,1.0,0.0,1.6672815511111112,0.0,1,1667.2815511111112,1667.2815511111112,Off,0.0,0.0,30.28524237115242,51.666666666666686,46.10666666666668,0.0,48.71053638178895,0.0,0.0,0.0,30.28524237115242,48.043249489195105,48.71053638178895,47.70960604289819,12.43753247303448,22.03292244921225,0.0,-1.1,1276.2203943369175,-582.5009608666559,-0.0,-0.0,167.6855305084536,2.4557139771970307,1.0,0.01907602499497732,0.0,0.0,0.3549748937714106,65.99961422222222,23.754273584008708,0.2020990049650582,10.71104153086105,0.003254050522108016,14.74058326957535,1.2120576967008272
2025-01-01 07:34:00,1.772668998590251,0.06790446861207904,0.0,0.029544483309837517,0.0011317411435346507,0.0,0.011910743611182533,0.0,0.0934767038679573,1.6672815511111112,0.0,0.0,0.06790446861207904,0.0,1,0,0,Off,0,0,Off,0,0,Off,0.03766027444122292,0.02824520583091718,On,0.0,0,Off,0.0031808904422514625,0.0,On,0.008729853168931071,0,On,0.002937412385185223,0,On,0.05287901704154915,0.03965926278116185,On,0,0,Off,On,1667.2815511111112,22.222222222222285,1.0,0.0,1.6672815511111112,0.0,1,1667.2815511111112,1667.2815511111112,Off,0.0,0.0,30.251139339721174,51.666666666666686,46.10666666666668,0.0,48.70588593646308,0.0,0.0,0.0,30.251139339721174,48.03899920915508,48.70588593646308,47.705555845501074,12.43753247303448,22.057971758864802,0.0,-1.1,1274.7954708525456,-583.5111862811787,-0.0,-0.0,167.6855305084536,2.471248360244993,1.0,0.019088438577610382,0.0,0.0,0.3552058910665837,65.99961422222222,23.339575514159492,0.2017968739917553,10.722101970957091,0.003254152989117626,14.709818092199132,1.2119547750050619
2025-01-01 07:35:00,1.772668998590251,0.06790446861207904,0.0,0.029544483309837517,0.0011317411435346507,0.0,0.011910743611182533,0.0,0.0934767038679573,1.6672815511111112,0.0,0.0,0.06790446861207904,0.0,1,0,0,Off,0,0,Off,0,0,Off,0.03766027444122292,0.02824520583091718,On,0.0,0,Off,0.0031808904422514625,0.0,On,0.008729853168931071,0,On,0.002937412385185223,0,On,0.05287901704154915,0.03965926278116185,On,0,0,Off,On,1667.2815511111112,22.222222222222285,1.0,0.0,1.6672815511111112,0.0,1,1667.2815511111112,1667.2815511111112,Off,0.0,0.0,30.217682266832586,51.666666666666686,46.10666666666668,0.0,48.70124064933959,0.0,0.0,0.0,30.217682266832586,48.034753715189794,48.70124064933959,47.7015102481149,12.43753247303448,22.08247066701919,0.0,-1.1,1273.1065792168943,-584.499888694484,-0.0,-0.0,167.6855305084536,2.486792807519003,1.0,0.019100575489685842,0.0,0.0,0.3554317399567919,65.99961422222222,22.639386291813473,0.2015020016612642,10.732870980110139,0.003254255250951151,14.679602840588334,1.2118541301779664
2025-01-01 07:36:00,1.772668998590251,0.06790446861207904,0.0,0.029544483309837517,0.0011317411435346507,0.0,0.011910743611182533,0.0,0.0934767038679573,1.6672815511111112,0.0,0.0,0.06790446861207904,0.0,1,0,0,Off,0,0,Off,0,0,Off,0.03766027444122292,0.02824520583091718,On,0.0,0,Off,0.0031808904422514625,0.0,On,0.008729853168931071,0,On,0.002937412385185223,0,On,0.05287901704154915,0.03965926278116185,On,0,0,Off,On,1667.2815511111112,22.222222222222285,1.0,0.0,1.6672815511111112,0.0,1,1667.2815511111112,1667.2815511111112,Off,0.0,0.0,30.18485674634941,51.666666666666686,46.10666666666668,0.0,48.696600424325474,0.0,0.0,0.0,30.18485674634941,48.03051291664439,48.696600424325474,47.697469162803856,12.43753247303448,22.1064314648304,0.0,-1.1,1271.804626012121,-585.4675194571104,-0.0,-0.0,167.6855305084536,2.5023457065763033,1.0,0.01911244208245211,0.0,0.0,0.3556525586288027,65.99961422222222,22.305063849666716,0.2012142031239086,10.743355113470582,0.0032543573112053643,14.649925066215747,1.2117557106434216
2025-01-01 07:37:00,1.772668998590251,0.06790446861207904,0.0,0.029544483309837517,0.0011317411435346507,0.0,0.011910743611182533,0.0,0.0934767038679573,1.6672815511111112,0.0,0.0,0.06790446861207904,0.0,1,0,0,Off,0,0,Off,0,0,Off,0.03766027444122292,0.02824520583091718,On,0.0,0,Off,0.0031808904422514625,0.0,On,0.008729853168931071,0,On,0.002937412385185223,0,On,0.05287901704154915,0.03965926278116185,On,0,0,Off,On,1667.2815511111112,22.222222222222285,1.0,0.0,1.6672815511111112,0.0,1,1667.2815511111112,1667.2815511111112,Off,0.0,0.0,30.152622043709858,51.666666666666686,46.10666666666668,0.0,48.69196516747017,0.0,0.0,0.0,30.152622043709858,48.02627672488578,48.69196516747017,47.69343250359359,12.43753247303448,22.12988907473087,0.0,-1.1,1270.260279774239,-586.4154470683764,-0.0,-0.0,167.6855305084536,2.5179054570727515,1.0,0.01912405589630467,0.0,0.0,0.35586867348185397,65.99961422222222,21.708645223050688,0.20093301825658186,10.753572699580795,0.0032544591733968506,14.62075024707531,1.2116593720174076
2025-01-01 07:38:00,1.772668998590251,0.06790446861207904,0.0,0.029544483309837517,0.0011317411435346507,0.0,0.011910743611182533,0.0,0.0934767038679573,1.6672815511111112,0.0,0.0,0.06790446861207904,0.0,1,0,0,Off,0,0,Off,0,0,Off,0.03766027444122292,0.02824520583091718,On,0.0,0,Off,0.0031808904422514625,0.0,On,0.008729853168931071,0,On,0.002937412385185223,0,On,0.05287901704154915,0.03965926278116185,On,0,0,Off,On,1667.2815511111112,22.222222222222285,1.0,0.0,1.6672815511111112,0.0,1,1667.2815511111112,1667.2815511111112,Off,0.0,0.0,30.120965537078703,51.666666666666686,46.10666666666668,0.0,48.68733479087875,0.0,0.0,0.0,30.120965537078703,48.02204505699763,48.68733479087875,47.68940019005707,12.43753247303448,22.152854262023226,0.0,-1.1,1269.0454669720257,-587.3440674515231,-0.0,-0.0,167.6855305084536,2.5334704711449323,1.0,0.01913542249016816,0.0,0.0,0.35608018795881113,65.99961422222222,21.42245280398398,0.20065828572620795,10.763529483880488,0.0032545608408162045,14.592067485631095,1.2115650691413935
2025-01-01 07:39:00,1.772668998590251,0.06790446861207904,0.0,0.029544483309837517,0.0011317411435346507,0.0,0.011910743611182533,0.0,0.0934767038679573,1.6672815511111112,0.0,0.0,0.06790446861207904,0.0,1,0,0,Off,0,0,Off,0,0,Off,0.03766027444122292,0.02824520583091718,On,0.0,0,Off,0.0031808904422514625,0.0,On,0.008729853168931071,0,On,0.002937412385185223,0,On,0.05287901704154915,0.03965926278116185,On,0,0,Off,On,1667.2815511111112,22.222222222222285,1.0,0.0,1.6672815511111112,0.0,1,1667.2815511111112,1667.2815511111112,Off,0.0,0.0,30.089851462058004,51.666666666666686,46.10666666666668,0.0,48.68270920853339,0.0,0.0,0.0,30.089851462058004,48.01781783183496,48.68270920853339,47.68537214348576,12.43753247303448,22.175357684836435,0.0,-1.1,1267.6169318956584,-588.2545836089444,-0.0,-0.0,167.6855305084536,2.5490391737927633,1.0,0.0191465572529823,0.0,0.0,0.3562873884236963,65.99961422222222,20.904433885038067,0.2003896028979619,10.773241556958464,0.0032546623166838083,14.56384648571925,1.2114726753017462
2025-01-01 07:40:00,1.772668998590251,0.06790446861207904,0.0,0.029544483309837517,0.0011317411435346507,0.0,0.011910743611182533,0.0,0.0934767038679573,1.6672815511111112,0.0,0.0,0.06790446861207904,0.0,1,0,0,Off,0,0,Off,0,0,Off,0.03766027444122292,0.02824520583091718,On,0.0,0,Off,0.0031808904422514625,0.0,On,0.008729853168931071,0,On,0.002937412385185223,0,On,0.05287901704154915,0.03965926278116185,On,0,0,Off,On,1667.2815511111112,22.222222222222285,1.0,0.0,1.6672815511111112,0.0,1,1667.2815511111112,1667.2815511111112,Off,0.0,0.0,30.059268332449278,51.666666666666686,46.10666666666668,0.0,48.67808833973308,0.0,0.0,0.0,30.059268332449278,48.01359497327206,48.67808833973308,47.681348290041555,12.43753247303448,22.19740913916102,0.0,-1.1,1266.4787254832354,-589.1473574920468,-0.0,-0.0,167.6855305084536,2.564610013832944,1.0,0.019157465233053905,0.0,0.0,0.356490368817578,65.99961422222222,20.659001355717578,0.20012682432234374,10.783440110248577,0.0032547636040216542,14.536077347012085,1.2113821494477852
2025-01-01 07:41:00,1.772668998590251,0.06790446861207904,0.0,0.029544483309837517,0.0011317411435346507,0.0,0.011910743611182533,0.0,0.0934767038679573,1.6672815511111112,0.0,0.0,0.06790446861207904,0.0,1,0,0,Off,0,0,Off,0,0,Off,0.03766027444122292,0.02824520583091718,On,0.0,0,Off,0.0031808904422514625,0.0,On,0.008729853168931071,0,On,0.002937412385185223,0,On,0.05287901704154915,0.03965926278116185,On,0,0,Off,On,1667.2815511111112,22.222222222222285,1.0,0.0,1.6672815511111112,0.0,1,1667.2815511111112,1667.2815511111112,Off,0.0,0.0,30.029184263374432,51.666666666666686,46.10666666666668,0.0,48.673472105485025,0.0,0.0,0.0,30.029184263374432,48.00937640679517,48.673472105485025,47.67732855745025,12.43753247303448,22.21903595531167,0.0,-1.1,1265.1539877660837,-590.0234632504973,-0.0,-0.0,167.6855305084536,2.5801814223473483,1.0,0.019168160138626246,0.0,0.0,0.3566893842293547,65.99961422222222,20.21036939701625,0.19986959244460314,10.792688207155333,0.0032548647057878857,14.50873307390049,1.211293378663172
2025-01-01 07:42:00,1.772668998590251,0.06790446861207904,0.0,0.029544483309837517,0.0011317411435346507,0.0,0.011910743611182533,0.0,0.0934767038679573,1.6672815511111112,0.0,0.0,0.06790446861207904,0.0,1,0,0,Off,0,0,Off,0,0,Off,0.03766027444122292,0.02824520583091718,On,0.0,0,Off,0.0031808904422514625,0.0,On,0.008729853168931071,0,On,0.002937412385185223,0,On,0.05287901704154915,0.03965926278116185,On,0,0,Off,On,1667.2815511111112,22.222222222222285,1.0,0.0,1.6672815511111112,0.0,1,1667.2815511111112,1667.2815511111112,Off,0.0,0.0,29.999588686007936,51.666666666666686,46.10666666666668,0.0,48.66886043153656,0.0,0.0,0.0,29.999588686007936,48.00516206236534,48.66886043153656,47.673312877779736,12.43753247303448,22.240247147034207,0.0,-1.1,1264.0851462980272,-590.8832356443006,-0.0,-0.0,167.6855305084536,2.5957518758264384,1.0,0.019178646604650084,0.0,0.0,0.35688452090818734,65.99961422222222,20.001300322763008,0.19961777479324946,10.802443207315093,0.0032549656247638,14.481804572782675,1.2112063252179461
2025-01-01 07:43:00,1.772668998590251,0.06790446861207904,0.0,0.029544483309837517,0.0011317411435346507,0.0,0.011910743611182533,0.0,0.0934767038679573,1.6672815511111112,0.0,0.0,0.06790446861207904,0.0,1,0,0,Off,0,0,Off,0,0,Off,0.03766027444122292,0.02824520583091718,On,0.0,0,Off,0.0031808904422514625,0.0,On,0.008729853168931071,0,On,0.002937412385185223,0,On,0.05287901704154915,0.03965926278116185,On,0,0,Off,On,1667.2815511111112,22.222222222222285,1.0,0.0,1.6672815511111112,0.0,1,1667.2815511111112,1667.2815511111112,Off,0.0,0.0,29.970453131866535,51.666666666666686,46.10666666666668,0.0,48.66425324520681,0.0,0.0,0.0,29.970453131866535,48.00095187142684,48.66425324520681,47.66930118453686,12.43753247303448,22.26106711408539,0.0,-1.1,1262.8540179162103,-591.7276350733666,-0.0,-0.0,167.6855305084536,2.611319854743091,1.0,0.019188936860977262,0.0,0.0,0.3570760064324296,65.99961422222222,19.61457137001227,0.1993710532881927,10.811264041958804,0.003255066363671982,14.455267752201284,1.211120888339073
2025-01-01 07:44:00,1.772668998590251,0.06790446861207904,0.0,0.029544483309837517,0.0011317411435346507,0.0,0.011910743611182533,0.0,0.0934767038679573,1.6672815511111112,0.0,0.0,0.06790446861207904,0.0,1,0,0,Off,0,0,Off,0,0,Off,0.03766027444122292,0.02824520583091718,On,0.0,0,Off,0.0031808904422514625,0.0,On,0.008729853168931071,0,On,0.002937412385185223,0,On,0.05287901704154915,0.03965926278116185,On,0,0,Off,On,1667.2815511111112,22.222222222222285,1.0,0.0,1.6672815511111112,0.0,1,1667.2815511111112,1667.2815511111112,Off,0.0,0.0,29.94176783284727,51.666666666666686,46.10666666666668,0.0,48.65965047804713,0.0,0.0,0.0,29.94176783284727,47.99674576941928,48.65965047804713,47.665293415105346,12.43753247303448,22.281504187437,0.0,-1.1,1261.847945426014,-592.5569724828626,-0.0,-0.0,167.6855305084536,2.6268838543173385,1.0,0.019199035182278515,0.0,0.0,0.35726392034699644,65.99961422222222,19.437836289311882,0.19912930671258072,10.820610251685295,0.0032551669250771385,14.429114221730753,1.211037033193049
2025-01-01 07:45:00,1.772668998590251,0.06790446861207904,0.0,0.029544483309837517,0.0011317411435346507,0.0,0.011910743611182533,0.0,0.0934767038679573,1.6672815511111112,0.0,0.0,0.06790446861207904,0.0,1,0,0,Off,0,0,Off,0,0,Off,0.03766027444122292,0.02824520583091718,On,0.0,0,Off,0.0031808904422514625,0.0,On,0.008729853168931071,0,On,0.002937412385185223,0,On,0.05287901704154915,0.03965926278116185,On,0,0,Off,On,1667.2815511111112,22.222222222222285,1.0,0.0,1.6672815511111112,0.0,1,1667.2815511111112,1667.2815511111112,Off,0.0,0.0,29.913507358693057,51.666666666666686,46.10666666666668,0.0,48.6550520630616,0.0,0.0,0.0,29.913507358693057,47.992543693153095,48.6550520630616,47.66128950819885,12.43753247303448,22.301580161101054,0.0,-1.1,1260.7012576671307,-593.3721068650553,-0.0,-0.0,167.6855305084536,2.6424423849860212,1.0,0.019208952485459688,0.0,0.0,0.3574484657983765,65.99961422222222,19.10628291262138,0.19889225187463766,10.829036904552119,0.003255267311489744,14.403322469941717,1.210954669797601
2025-01-01 07:46:00,1.772668998590251,0.06790446861207904,0.0,0.029544483309837517,0.0011317411435346507,0.0,0.011910743611182533,0.0,0.0934767038679573,1.6672815511111112,0.0,0.0,0.06790446861207904,0.0,1,0,0,Off,0,0,Off,0,0,Off,0.03766027444122292,0.02824520583091718,On,0.0,0,Off,0.0031808904422514625,0.0,On,0.008729853168931071,0,On,0.002937412385185223,0,On,0.05287901704154915,0.03965926278116185,On,0,0,Off,On,1667.2815511111112,22.222222222222285,1.0,0.0,1.6672815511111112,0.0,1,1667.2815511111112,1667.2815511111112,Off,0.0,0.0,29.885662641186386,51.666666666666686,46.10666666666668,0.0,48.6504579370349,0.0,0.0,0.0,29.885662641186386,47.98834558300771,48.6504579370349,47.65728940599411,12.43753247303448,22.32130276939449,0.0,-1.1,1259.7520612760136,-594.1733282942351,-0.0,-0.0,167.6855305084536,2.6579939725603214,1.0,0.019218692730735124,0.0,0.0,0.35762971647994496,65.99961422222222,18.958307950683917,0.19865977733785933,10.838005673413605,0.0032553675252792575,14.377884720157905,1.2108737658488746
2025-01-01 07:47:00,1.772668998590251,0.06790446861207904,0.0,0.029544483309837517,0.0011317411435346507,0.0,0.011910743611182533,0.0,0.0934767038679573,1.6672815511111112,0.0,0.0,0.06790446861207904,0.0,1,0,0,Off,0,0,Off,0,0,Off,0.03766027444122292,0.02824520583091718,On,0.0,0,Off,0.0031808904422514625,0.0,On,0.008729853168931071,0,On,0.002937412385185223,0,On,0.05287901704154915,0.03965926278116185,On,0,0,Off,On,1667.2815511111112,22.222222222222285,1.0,0.0,1.6672815511111112,0.0,1,1667.2815511111112,1667.2815511111112,Off,0.0,0.0,29.858210951964534,51.666666666666686,46.10666666666668,0.0,48.64586803810032,0.0,0.0,0.0,29.858210951964534,47.98415138063514,48.64586803810032,47.65329305190255,12.43753247303448,22.340691488730105,0.0,-1.1,1258.6816682747599,-594.9614053517345,-0.0,-0.0,167.6855305084536,2.6735371586704524,1.0,0.01922826566854489,0.0,0.0,0.3578078538320923,65.99961422222222,18.675992006929555,0.19843163076885287,10.8460680051758,0.003255467568764816,14.352781753899254,1.2107942409566947
2025-01-01 07:48:00,1.772668998590251,0.06790446861207904,0.0,0.029544483309837517,0.0011317411435346507,0.0,0.011910743611182533,0.0,0.0934767038679573,1.6672815511111112,0.0,0.0,0.06790446861207904,0.0,1,0,0,Off,0,0,Off,0,0,Off,0.03766027444122292,0.02824520583091718,On,0.0,0,Off,0.0031808904422514625,0.0,On,0.008729853168931071,0,On,0.002937412385185223,0,On,0.05287901704154915,0.03965926278116185,On,0,0,Off,On,1667.2815511111112,22.222222222222285,1.0,0.0,1.6672815511111112,0.0,1,1667.2815511111112,1667.2815511111112,Off,0.0,0.0,29.831143835612686,51.666666666666686,46.10666666666668,0.0,48.64128230777009,0.0,0.0,0.0,29.831143835612686,47.97996103087716,48.64128230777009,47.6493003924307,12.43753247303448,22.35975353129509,0.0,-1.1,1257.78409920629,-595.7366098041778,-0.0,-0.0,167.6855305084536,2.689070501048345,1.0,0.019237674984204534,0.0,0.0,0.35798294643275846,65.99961422222222,18.553627390903074,0.19820770924906847,10.854687657379962,0.003255567444139535,14.32800633101959,1.2107160650298174
2025-01-01 07:49:00,1.772668998590251,0.06790446861207904,0.0,0.029544483309837517,0.0011317411435346507,0.0,0.011910743611182533,0.0,0.0934767038679573,1.6672815511111112,0.0,0.0,0.06790446861207904,0.0,1,0,0,Off,0,0,Off,0,0,Off,0.03766027444122292,0.02824520583091718,On,0.0,0,Off,0.0031808904422514625,0.0,On,0.008729853168931071,0,On,0.002937412385185223,0,On,0.05287901704154915,0.03965926278116185,On,0,0,Off,On,1667.2815511111112,22.222222222222285,1.0,0.0,1.6672815511111112,0.0,1,1667.2815511111112,1667.2815511111112,Off,0.0,0.0,29.804440971386878,51.666666666666686,46.10666666666668,0.0,48.63670068881394,0.0,0.0,0.0,29.804440971386878,47.97577447976221,48.63670068881394,47.64531137523634,12.43753247303448,22.37850630859011,0.0,-1.1,1256.7827576796699,-596.4996294969505,-0.0,-0.0,167.6855305084536,2.7045925738100287,1.0,0.01924692938995283,0.0,0.0,0.3581551564030371,65.99961422222222,18.315305557055716,0.1979877877950682,10.863144061750496,0.0032556671535496308,14.30354127453813,1.210639166219792
2025-01-01 07:50:00,1.772668998590251,0.06790446861207904,0.0,0.029544483309837517,0.0011317411435346507,0.0,0.011910743611182533,0.0,0.0934767038679573,1.6672815511111112,0.0,0.0,0.06790446861207904,0.0,1,0,0,Off,0,0,Off,0,0,Off,0.03766027444122292,0.02824520583091718,On,0.0,0,Off,0.0031808904422514625,0.0,On,0.008729853168931071,0,On,0.002937412385185223,0,On,0.05287901704154915,0.03965926278116185,On,0,0,Off,On,1667.2815511111112,22.222222222222285,1.0,0.0,1.6672815511111112,0.0,1,1667.2815511111112,1667.2815511111112,Off,0.0,0.0,29.778094441642065,51.666666666666686,46.10666666666668,0.0,48.6321231270226,0.0,0.0,0.0,29.778094441642065,47.97159167617052,48.6321231270226,47.64132595074449,12.43753247303448,22.39695657466182,0.0,-1.1,1255.9321303682418,-597.2507200983523,-0.0,-0.0,167.6855305084536,2.7201019678595943,1.0,0.019256032330117922,0.0,0.0,0.3583245478364705,65.99961422222222,18.215768847029317,0.19777177092996023,10.871440786833517,0.003255766699028654,14.279379814631273,1.2105635163759774
2025-01-01 07:51:00,1.772668998590251,0.06790446861207904,0.0,0.029544483309837517,0.0011317411435346507,0.0,0.011910743611182533,0.0,0.0934767038679573,1.6672815511111112,0.0,0.0,0.06790446861207904,0.0,1,0,0,Off,0,0,Off,0,0,Off,0.03766027444122292,0.02824520583091718,On,0.0,0,Off,0.0031808904422514625,0.0,On,0.008729853168931071,0,On,0.002937412385185223,0,On,0.05287901704154915,0.03965926278116185,On,0,0,Off,On,1667.2815511111112,22.222222222222285,1.0,0.0,1.6672815511111112,0.0,1,1667.2815511111112,1667.2815511111112,Off,0.0,0.0,29.75208607463754,51.666666666666686,46.10666666666668,0.0,48.62754956936436,0.0,0.0,0.0,29.75208607463754,47.967412570093565,48.62754956936436,47.63734407045817,12.43753247303448,22.415119897824987,0.0,-1.1,1254.9933861954605,-597.9904972325627,-0.0,-0.0,167.6855305084536,2.735597301385473,1.0,0.0192649915911342,0.0,0.0,0.3584912656263854,65.99961422222222,18.01680180845844,0.1975594579621114,10.878853492915272,0.0032558660825662564,14.25550659541467,1.2104890512705961
2025-01-01 07:52:00,0.10538744747913983,0.06790446861207904,0.0,0.0017564574579856638,0.0011317411435346507,0.0,0.011910743611182533,0.0,0.0934767038679573,0.0,0.0,0.0,0.06790446861207904,0.0,1,0,0,Off,0,0,Off,0,0,Off,0.03766027444122292,0.02824520583091718,On,0.0,0,Off,0.0031808904422514625,0.0,On,0.008729853168931071,0,On,0.002937412385185223,0,On,0.05287901704154915,0.03965926278116185,On,0,0,Off,Off,0.0,22.222222222222285,0.0,0.0,0.0,0.0,0,0.0,1667.2815511111112,Off,0.0,0.0,29.726408425996013,51.666666666666686,46.10666666666668,0.0,48.622979965509025,0.0,0.0,0.0,29.726408425996013,47.963237114073024,48.622979965509025,47.63336568835502,12.43753247303448,22.433002629063825,0.0,-1.1,-413.09604086509216,-598.7192023779238,-0.0,-0.0,167.6855305084536,2.751077178698198,1.0,0.019273810405488888,0.0,0.0,0.35865536992429703,65.99961422222222,17.93763100437797,0.1973507599358814,10.886849968645588,0.0032559653060513453,14.231915260474398,1.2104157444596486
2025-01-01 07:53:00,0.10538744747913983,0.06790446861207904,0.0,0.0017564574579856638,0.0011317411435346507,0.0,0.011910743611182533,0.0,0.0934767038679573,0.0,0.0,0.0,0.06790446861207904,0.0,1,0,0,Off,0,0,Off,0,0,Off,0.03766027444122292,0.02824520583091718,On,0.0,0,Off,0.0031808904422514625,0.0,On,0.008729853168931071,0,On,0.002937412385185223,0,On,0.05287901704154915,0.03965926278116185,On,0,0,Off,Off,0.0,22.222222222222285,0.0,0.0,0.0,0.0,0,0.0,1667.2815511111112,Off,0.0,0.0,29.771084215199,51.666666666666686,46.10666666666668,0.0,48.61841426623353,0.0,0.0,0.0,29.771084215199,47.959065261695336,48.61841426623353,47.629390759426244,12.43753247303448,22.390420496118892,0.0,-1.1,-409.0457295384797,-596.9846002722701,-0.0,-0.0,167.6855305084536,6.361951442873015,1.0,0.019252807825089778,0.0,0.0,0.3582645448573314,65.99961422222222,20.25334022533675,0.1978683921341334,10.868570125986224,0.0032560643713315652,14.267299244284988,1.2105900716168738
2025-01-01 07:54:00,0.10538744747913983,0.06790446861207904,0.0,0.0017564574579856638,0.0011317411435346507,0.0,0.011910743611182533,0.0,0.0934767038679573,0.0,0.0,0.0,0.06790446861207904,0.0,1,0,0,Off,0,0,Off,0,0,Off,0.03766027444122292,0.02824520583091718,On,0.0,0,Off,0.0031808904422514625,0.0,On,0.008729853168931071,0,On,0.002937412385185223,0,On,0.05287901704154915,0.03965926278116185,On,0,0,Off,Off,0.0,22.222222222222285,0.0,0.0,0.0,0.0,0,0.0,1667.2815511111112,Off,0.0,0.0,29.814081896462604,51.666666666666686,46.10666666666668,0.0,48.61384201472798,0.0,0.0,0.0,29.814081896462604,47.95488713944493,48.61384201472798,47.625409701803406,12.43753247303448,22.34927441152941,0.0,-1.1,-404.70946156973537,-595.3104010814296,-0.0,-0.0,167.6855305084536,6.374198528299515,1.0,0.019232502616207542,0.0,0.0,0.3578866967800786,65.99961422222222,22.915409003240597,0.19837023309125892,10.851023762782033,0.0032561636686109867,14.301303001138475,1.2107585648518162
2025-01-01 07:55:00,0.10538744747913983,0.06790446861207904,0.0,0.0017564574579856638,0.0011317411435346507,0.0,0.011910743611182533,0.0,0.0934767038679573,0.0,0.0,0.0,0.06790446861207904,0.0,1,0,0,Off,0,0,Off,0,0,Off,0.03766027444122292,0.02824520583091718,On,0.0,0,Off,0.0031808904422514625,0.0,On,0.008729853168931071,0,On,0.002937412385185223,0,On,0.05287901704154915,0.03965926278116185,On,0,0,Off,Off,0.0,22.222222222222285,0.0,0.0,0.0,0.0,0,0.0,1667.2815511111112,Off,0.0,0.0,29.85547235871011,51.666666666666686,46.10666666666668,0.0,48.60926346047531,0.0,0.0,0.0,29.85547235871011,47.95070298283019,48.60926346047531,47.621422744007624,12.43753247303448,22.309503682520255,0.0,-1.1,-401.8311176547735,-593.693944341235,-0.0,-0.0,167.6855305084536,6.386832033556144,1.0,0.019212865908556812,0.0,0.0,0.3575212884618271,65.99961422222222,24.17729617800787,0.19885687339056116,10.833450757089892,0.0032562631886976345,14.333983585096963,1.2109214680223588
2025-01-01 07:56:00,0.10538744747913983,0.06790446861207904,0.0,0.0017564574579856638,0.0011317411435346507,0.0,0.011910743611182533,0.0,0.0934767038679573,0.0,0.0,0.0,0.06790446861207904,0.0,1,0,0,Off,0,0,Off,0,0,Off,0.03766027444122292,0.02824520583091718,On,0.0,0,Off,0.0031808904422514625,0.0,On,0.008729853168931071,0,On,0.002937412385185223,0,On,0.05287901704154915,0.03965926278116185,On,0,0,Off,Off,0.0,22.222222222222285,0.0,0.0,0.0,0.0,0,0.0,1667.2815511111112,Off,0.0,0.0,29.895396095233075,51.666666666666686,46.10666666666668,0.0,48.60467884241899,0.0,0.0,0.0,29.895396095233075,47.94651301741083,48.60467884241899,47.61743010490675,12.43753247303448,22.27098778154783,0.0,-1.1,-398.1066536316681,-592.1301584464873,-0.0,-0.0,167.6855305084536,6.399840166554133,1.0,0.019193839171843398,0.0,0.0,0.35716723074563944,65.99961422222222,26.337974306365496,0.19932964167372633,10.817248679409548,0.0032563629227834803,14.365456738721367,1.211079270704882
2025-01-01 07:57:00,0.10538744747913983,0.06790446861207904,0.0,0.0017564574579856638,0.0011317411435346507,0.0,0.011910743611182533,0.0,0.0934767038679573,0.0,0.0,0.0,0.06790446861207904,0.0,1,0,0,Off,0,0,Off,0,0,Off,0.03766027444122292,0.02824520583091718,On,0.0,0,Off,0.0031808904422514625,0.0,On,0.008729853168931071,0,On,0.002937412385185223,0,On,0.05287901704154915,0.03965926278116185,On,0,0,Off,Off,0.0,22.222222222222285,0.0,0.0,0.0,0.0,0,0.0,1667.2815511111112,Off,0.0,0.0,29.933890137635423,51.666666666666686,46.10666666666668,0.0,48.60008837861776,0.0,0.0,0.0,29.933890137635423,47.94231744902953,48.60008837861776,47.61343198423542,12.43753247303448,22.233695086370787,0.0,-1.1,-395.14459391313403,-590.6176018227901,-0.0,-0.0,167.6855305084536,6.413211006035097,1.0,0.019175407679959785,0.0,0.0,0.35682424960176085,65.99961422222222,27.7874774012025,0.19978880413089023,10.800944321906655,0.0032564628628318315,14.395751549342801,1.2112320985671468
2025-01-01 07:58:00,0.10538744747913983,0.06790446861207904,0.0,0.0017564574579856638,0.0011317411435346507,0.0,0.011910743611182533,0.0,0.0934767038679573,0.0,0.0,0.0,0.06790446861207904,0.0,1,0,0,Off,0,0,Off,0,0,Off,0.03766027444122292,0.02824520583091718,On,0.0,0,Off,0.0031808904422514625,0.0,On,0.008729853168931071,0,On,0.002937412385185223,0,On,0.05287901704154915,0.03965926278116185,On,0,0,Off,Off,0.0,22.222222222222285,0.0,0.0,0.0,0.0,0,0.0,1667.2815511111112,Off,0.0,0.0,29.971055717864367,51.666666666666686,46.10666666666668,0.0,48.595492281623564,0.0,0.0,0.0,29.971055717864367,47.93811647833188,48.595492281623564,47.60942857668604,12.43753247303448,22.197538789597193,0.0,-1.1,-392.19615955052336,-589.1526081066463,-0.0,-0.0,167.6855305084536,6.42693212006577,1.0,0.019157529356778,0.0,0.0,0.3564915620594696,65.99961422222222,29.270918047669333,0.20023530705403442,10.785222184651381,0.003256563001003682,14.424951234683082,1.211380303875612
2025-01-01 07:59:00,0.10538744747913983,0.06790446861207904,0.0,0.0017564574579856638,0.0011317411435346507,0.0,0.011910743611182533,0.0,0.0934767038679573,0.0,0.0,0.0,0.06790446861207904,0.0,1,0,0,Off,0,0,Off,0,0,Off,0.03766027444122292,0.02824520583091718,On,0.0,0,Off,0.0031808904422514625,0.0,On,0.008729853168931071,0,On,0.002937412385185223,0,On,0.05287901704154915,0.03965926278116185,On,0,0,Off,Off,0.0,22.222222222222285,0.0,0.0,0.0,0.0,0,0.0,1667.2815511111112,Off,0.0,0.0,30.006957148019403,51.666666666666686,46.10666666666668,0.0,48.59089074893942,0.0,0.0,0.0,30.006957148019403,47.93391029175641,48.59089074893942,47.605420063164914,12.43753247303448,22.162463802007863,0.0,-1.1,-389.39865717352495,-587.7328125223625,-0.0,-0.0,167.6855305084536,6.4409903818127,1.0,0.019140177717240962,0.0,0.0,0.35616867527341006,65.99961422222222,30.648624840383853,0.20066972241959502,10.770054010623541,0.003256663330015059,14.453108167460957,1.2115241092311475
2025-01-01 08:00:00,0.1055531274030359,0.06861059875785196,0.0,0.0017592187900505984,0.0011435099792975326,0.0,0.01113491667404803,0.0,0.09441821072898786,0.0,0.0,0.0,0.06861059875785196,0.0,1,0,0,Off,0,0,Off,0,0,Off,0.03860178130225349,0.02895133597669011,On,0.0,0,Off,0.0024050635051169594,0.0,On,0.008729853168931071,0,On,0.002937412385185223,0,On,0.05287901704154915,0.03965926278116185,On,0,0,Off,Off,0.0,22.222222222222285,0.0,0.0,0.0,0.0,0,0.0,1667.2815511111112,Off,0.0,0.0,30.04166068415376,51.666666666666686,46.10666666666668,0.0,48.586283968507075,0.0,0.0,0.0,30.04166068415376,47.929699066716005,48.586283968507075,47.60140661582047,12.43753247303448,22.12841335453427,0.0,-1.1,-386.567229527098,-586.3557948575026,-0.0,-0.0,167.85121043234966,6.455371952279902,1.0,0.01912332537448727,0.0,0.0,0.35585507961706314,65.99961422222222,31.937354898054913,0.2010926518590522,10.75541064239091,0.0032567638429325998,14.480276514731013,1.2116637444406835
2025-01-01 08:01:00,0.1055531274030359,0.06861059875785196,0.0,0.0017592187900505984,0.0011435099792975326,0.0,0.01113491667404803,0.0,0.09441821072898786,0.0,0.0,0.0,0.06861059875785196,0.0,1,0,0,Off,0,0,Off,0,0,Off,0.03860178130225349,0.02895133597669011,On,0.0,0,Off,0.0024050635051169594,0.0,On,0.008729853168931071,0,On,0.002937412385185223,0,On,0.05287901704154915,0.03965926278116185,On,0,0,Off,Off,0.0,22.222222222222285,0.0,0.0,0.0,0.0,0,0.0,1667.2815511111112,Off,0.0,0.0,30.075221003824606,51.666666666666686,46.10666666666668,0.0,48.58167211841817,0.0,0.0,0.0,30.075221003824606,47.92548297132504,48.58167211841817,47.59738839777848,12.43753247303448,22.095340620424654,0.0,-1.1,-384.02365579605816,-585.0195485072786,-0.0,-0.0,167.85121043234966,6.470062378758259,1.0,0.019106949797224812,0.0,0.0,0.3555503558184354,65.99961422222222,33.144682278870754,0.20150458374413527,10.741268070353993,0.0032568645331849744,14.506500839105787,1.2117993988073452
2025-01-01 08:02:00,0.1055531274030359,0.06861059875785196,0.0,0.0017592187900505984,0.0011435099792975326,0.0,0.01113491667404803,0.0,0.09441821072898786,0.0,0.0,0.0,0.06861059875785196,0.0,1,0,0,Off,0,0,Off,0,0,Off,0.03860178130225349,0.02895133597669011,On,0.0,0,Off,0.0024050635051169594,0.0,On,0.008729853168931071,0,On,0.002937412385185223,0,On,0.05287901704154915,0.03965926278116185,On,0,0,Off,Off,0.0,22.222222222222285,0.0,0.0,0.0,0.0,0,0.0,1667.2815511111112,Off,0.0,0.0,30.107702973153273,51.666666666666686,46.10666666666668,0.0,48.57705536863531,0.0,0.0,0.0,30.107702973153273,47.92126216602438,48.57705536863531,47.593365564718916,12.43753247303448,22.063190008276354,0.0,-1.1,-381.59498609108493,-583.7217232787945,-0.0,-0.0,167.85121043234966,6.485046770435749,1.0,0.019091024054904208,0.0,0.0,0.35525400274225855,65.99961422222222,34.27552675535981,0.20190612169281505,10.72687607801814,0.003256965394499035,14.531834423216761,1.2119312978679255
2025-01-01 08:03:00,0.1055531274030359,0.06861059875785196,0.0,0.0017592187900505984,0.0011435099792975326,0.0,0.01113491667404803,0.0,0.09441821072898786,0.0,0.0,0.0,0.06861059875785196,0.0,1,0,0,Off,0,0,Off,0,0,Off,0.03860178130225349,0.02895133597669011,On,0.0,0,Off,0.0024050635051169594,0.0,On,0.008729853168931071,0,On,0.002937412385185223,0,On,0.05287901704154915,0.03965926278116185,On,0,0,Off,Off,0.0,22.222222222222285,0.0,0.0,0.0,0.0,0,0.0,1667.2815511111112,Off,0.0,0.0,30.13916075616182,51.666666666666686,46.10666666666668,0.0,48.572433879477806,0.0,0.0,0.0,30.13916075616182,47.91703680215144,48.572433879477806,47.58933826348827,12.43753247303448,22.031915115935405,0.0,-1.1,-379.27433147283284,-582.4603502343359,-0.0,-0.0,167.85121043234966,6.500309950989884,1.0,0.01907552571037545,0.0,0.0,0.3549656028683762,65.99961422222222,35.33480832915341,0.20229776394412685,10.713655037982655,0.003257066420957051,14.55632165993389,1.2120596296974888
2025-01-01 08:04:00,0.1055531274030359,0.06861059875785196,0.0,0.0017592187900505984,0.0011435099792975326,0.0,0.01113491667404803,0.0,0.09441821072898786,0.0,0.0,0.0,0.06861059875785196,0.0,1,0,0,Off,0,0,Off,0,0,Off,0.03860178130225349,0.02895133597669011,On,0.0,0,Off,0.0024050635051169594,0.0,On,0.008729853168931071,0,On,0.002937412385185223,0,On,0.05287901704154915,0.03965926278116185,On,0,0,Off,Off,0.0,22.222222222222285,0.0,0.0,0.0,0.0,0,0.0,1667.2815511111112,Off,0.0,0.0,30.169645209330906,51.666666666666686,46.10666666666668,0.0,48.5678078032125,0.0,0.0,0.0,30.169645209330906,47.91280702344223,48.5678078032125,47.58530663355709,12.43753247303448,22.00147237648284,0.0,-1.1,-377.28757023611564,-581.2335836551885,-0.0,-0.0,167.85121043234966,6.51583671219343,1.0,0.01906043368119693,0.0,0.0,0.3546847638856295,65.99961422222222,36.094802986723124,0.2026799803460667,10.700140240474974,0.0032571676069376478,14.580004266830567,1.2121845709528156
2025-01-01 08:05:00,0.1055531274030359,0.06861059875785196,0.0,0.0017592187900505984,0.0011435099792975326,0.0,0.01113491667404803,0.0,0.09441821072898786,0.0,0.0,0.0,0.06861059875785196,0.0,1,0,0,Off,0,0,Off,0,0,Off,0.03860178130225349,0.02895133597669011,On,0.0,0,Off,0.0024050635051169594,0.0,On,0.008729853168931071,0,On,0.002937412385185223,0,On,0.05287901704154915,0.03965926278116185,On,0,0,Off,Off,0.0,22.222222222222285,0.0,0.0,0.0,0.0,0,0.0,1667.2815511111112,Off,0.0,0.0,30.19921372922481,51.666666666666686,46.10666666666668,0.0,48.56317728454544,0.0,0.0,0.0,30.19921372922481,47.9085729664954,48.56317728454544,47.581270807470375,12.43753247303448,21.97181259463836,0.0,-1.1,-374.86450114294183,-580.0393595075537,-0.0,-0.0,167.85121043234966,6.531611950716331,1.0,0.01904572404637061,0.0,0.0,0.35441104066177836,65.99961422222222,37.323647932262205,0.20305331655863243,10.687746699742569,0.003257268947097838,14.602929593692398,1.21230632161684
2025-01-01 08:06:00,0.1055531274030359,0.06861059875785196,0.0,0.0017592187900505984,0.0011435099792975326,0.0,0.01113491667404803,0.0,0.09441821072898786,0.0,0.0,0.0,0.06861059875785196,0.0,1,0,0,Off,0,0,Off,0,0,Off,0.03860178130225349,0.02895133597669011,On,0.0,0,Off,0.0024050635051169594,0.0,On,0.008729853168931071,0,On,0.002937412385185223,0,On,0.05287901704154915,0.03965926278116185,On,0,0,Off,Off,0.0,22.222222222222285,0.0,0.0,0.0,0.0,0,0.0,1667.2815511111112,Off,0.0,0.0,30.22788870532607,51.666666666666686,46.10666666666668,0.0,48.558542459649914,0.0,0.0,0.0,30.22788870532607,47.90433475985452,48.558542459649914,47.577230909956825,12.43753247303448,21.9429166555051,0.0,-1.1,-373.0902461022114,-578.8768320090173,-0.0,-0.0,167.85121043234966,6.547620829005252,1.0,0.019031387762839126,0.0,0.0,0.35414426491971446,65.99961422222222,37.93537547445623,0.20341795123911663,10.675026172172833,0.0032573704364099163,14.625115516658912,1.2124249582979316
2025-01-01 08:07:00,0.1055531274030359,0.06861059875785196,0.0,0.0017592187900505984,0.0011435099792975326,0.0,0.01113491667404803,0.0,0.09441821072898786,0.0,0.0,0.0,0.06861059875785196,0.0,1,0,0,Off,0,0,Off,0,0,Off,0.03860178130225349,0.02895133597669011,On,0.0,0,Off,0.0024050635051169594,0.0,On,0.008729853168931071,0,On,0.002937412385185223,0,On,0.05287901704154915,0.03965926278116185,On,0,0,Off,Off,0.0,22.222222222222285,0.0,0.0,0.0,0.0,0,0.0,1667.2815511111112,Off,0.0,0.0,30.25573624125935,51.666666666666686,46.10666666666668,0.0,48.55390346136972,0.0,0.0,0.0,30.25573624125935,47.900092528920986,48.55390346136972,47.57318706269662,12.43753247303448,21.91472786894264,0.0,-1.1,-370.8953171684439,-577.7436498258395,-0.0,-0.0,167.85121043234966,6.563848897551536,1.0,0.019017397110170926,0.0,0.0,0.3538839208257014,65.99961422222222,38.99712222504591,0.20377453356958214,10.66266903284945,0.0032574720699666744,14.646616933030305,1.2125407121262062
2025-01-01 08:08:00,0.1055531274030359,0.06861059875785196,0.0,0.0017592187900505984,0.0011435099792975326,0.0,0.01113491667404803,0.0,0.09441821072898786,0.0,0.0,0.0,0.06861059875785196,0.0,1,0,0,Off,0,0,Off,0,0,Off,0.03860178130225349,0.02895133597669011,On,0.0,0,Off,0.0024050635051169594,0.0,On,0.008729853168931071,0,On,0.002937412385185223,0,On,0.05287901704154915,0.03965926278116185,On,0,0,Off,Off,0.0,22.222222222222285,0.0,0.0,0.0,0.0,0,0.0,1667.2815511111112,Off,0.0,0.0,30.282774601400458,51.666666666666686,46.10666666666668,0.0,48.549260412721914,0.0,0.0,0.0,30.282774601400458,47.895846389819084,48.549260412721914,47.56913937836767,12.43753247303448,21.887230653152965,0.0,-1.1,-369.08551589476747,-576.6391210859214,-0.0,-0.0,167.85121043234966,6.5802821883374,1.0,0.019003744731309502,0.0,0.0,0.3536298714764614,65.99961422222222,39.70239475880423,0.20412320712988152,10.650667346715242,0.0032575738432255134,14.667448385109953,1.2126536454902086
2025-01-01 08:09:00,0.1055531274030359,0.06861059875785196,0.0,0.0017592187900505984,0.0011435099792975326,0.0,0.01113491667404803,0.0,0.09441821072898786,0.0,0.0,0.0,0.06861059875785196,0.0,1,0,0,Off,0,0,Off,0,0,Off,0.03860178130225349,0.02895133597669011,On,0.0,0,Off,0.0024050635051169594,0.0,On,0.008729853168931071,0,On,0.002937412385185223,0,On,0.05287901704154915,0.03965926278116185,On,0,0,Off,Off,0.0,22.222222222222285,0.0,0.0,0.0,0.0,0,0.0,1667.2815511111112,Off,0.0,0.0,30.30905445815804,51.666666666666686,46.10666666666668,0.0,48.544613434007346,0.0,0.0,0.0,30.30905445815804,47.891596456109866,48.544613434007346,47.565087967161126,12.43753247303448,21.86038156910163,0.0,-1.1,-367.4642691619887,-575.561439664709,-0.0,-0.0,167.85121043234966,6.5969072819589,1.0,0.018990409411143886,0.0,0.0,0.3533817220920669,65.99961422222222,40.2459600703707,0.2044644658263919,10.638998651598296,0.003257675751741928,14.687651893010656,1.2127639353846469
2025-01-01 08:10:00,0.1055531274030359,0.06861059875785196,0.0,0.0017592187900505984,0.0011435099792975326,0.0,0.01113491667404803,0.0,0.09441821072898786,0.0,0.0,0.0,0.06861059875785196,0.0,1,0,0,Off,0,0,Off,0,0,Off,0.03860178130225349,0.02895133597669011,On,0.0,0,Off,0.0024050635051169594,0.0,On,0.008729853168931071,0,On,0.002937412385185223,0,On,0.05287901704154915,0.03965926278116185,On,0,0,Off,Off,0.0,22.222222222222285,0.0,0.0,0.0,0.0,0,0.0,1667.2815511111112,Off,0.0,0.0,30.334615683603328,51.666666666666686,46.10666666666668,0.0,48.53996263799384,0.0,0.0,0.0,30.334615683603328,47.887342834242915,48.53996263799384,47.56103293236746,12.43753247303448,21.83414645360147,0.0,-1.1,-365.51618723600296,-574.5091779649383,-0.0,-0.0,167.85121043234966,6.613711351982166,1.0,0.018977374506072755,0.0,0.0,0.35313916296121217,65.99961422222222,41.14178029658568,0.2047986925587891,10.627645306134067,0.0032577777913506334,14.707260420730893,1.2128717208308408
2025-01-01 08:11:00,0.1055531274030359,0.06861059875785196,0.0,0.0017592187900505984,0.0011435099792975326,0.0,0.01113491667404803,0.0,0.09441821072898786,0.0,0.0,0.0,0.06861059875785196,0.0,1,0,0,Off,0,0,Off,0,0,Off,0.03860178130225349,0.02895133597669011,On,0.0,0,Off,0.0024050635051169594,0.0,On,0.008729853168931071,0,On,0.002937412385185223,0,On,0.05287901704154915,0.03965926278116185,On,0,0,Off,Off,0.0,22.222222222222285,0.0,0.0,0.0,0.0,0,0.0,1667.2815511111112,Off,0.0,0.0,30.35947472363519,51.666666666666686,46.10666666666668,0.0,48.53530813152156,0.0,0.0,0.0,30.35947472363519,47.88308562507213,48.53530813152156,47.55697437184742,12.43753247303448,21.808511272510962,0.0,-1.1,-364.052104653651,-573.4817201347881,-0.0,-0.0,167.85121043234966,6.630682189813668,1.0,0.018964633348531604,0.0,0.0,0.3529020700109835,65.99961422222222,41.57840504878746,0.20512602197472993,10.616600153513758,0.0032578799581056174,14.726287153562478,1.2129770582038315
2025-01-01 08:12:00,0.1055531274030359,0.06861059875785196,0.0,0.0017592187900505984,0.0011435099792975326,0.0,0.01113491667404803,0.0,0.09441821072898786,0.0,0.0,0.0,0.06861059875785196,0.0,1,0,0,Off,0,0,Off,0,0,Off,0.03860178130225349,0.02895133597669011,On,0.0,0,Off,0.0024050635051169594,0.0,On,0.008729853168931071,0,On,0.002937412385185223,0,On,0.05287901704154915,0.03965926278116185,On,0,0,Off,Off,0.0,22.222222222222285,0.0,0.0,0.0,0.0,0,0.0,1667.2815511111112,Off,0.0,0.0,30.383680801611998,51.666666666666686,46.10666666666668,0.0,48.53065001898496,0.0,0.0,0.0,30.383680801611998,47.87882492714334,48.53065001898496,47.552912381222534,12.43753247303448,21.783433817253766,0.0,-1.1,-362.28118061527994,-572.4773250694685,-0.0,-0.0,167.85121043234966,6.647808214371564,1.0,0.018952165245015418,0.0,0.0,0.3526700581677219,65.99961422222222,42.34493402183892,0.20544694442801564,10.605841337273622,0.0032579822481495404,14.744773101374346,1.213080119831834
2025-01-01 08:13:00,0.1055531274030359,0.06861059875785196,0.0,0.0017592187900505984,0.0011435099792975326,0.0,0.01113491667404803,0.0,0.09441821072898786,0.0,0.0,0.0,0.06861059875785196,0.0,1,0,0,Off,0,0,Off,0,0,Off,0.03860178130225349,0.02895133597669011,On,0.0,0,Off,0.0024050635051169594,0.0,On,0.008729853168931071,0,On,0.002937412385185223,0,On,0.05287901704154915,0.03965926278116185,On,0,0,Off,Off,0.0,22.222222222222285,0.0,0.0,0.0,0.0,0,0.0,1667.2815511111112,Off,0.0,0.0,30.40724782291138,51.666666666666686,46.10666666666668,0.0,48.52598839746102,0.0,0.0,0.0,30.40724782291138,47.8745608320943,48.52598839746102,47.548847049410945,12.43753247303448,21.75890222810045,0.0,-1.1,-360.91515122094114,-571.495471713787,-0.0,-0.0,167.85121043234966,6.6650784694312675,1.0,0.01893996456497937,0.0,0.0,0.3524430226558227,65.99961422222222,42.729110060496154,0.20576157309192747,10.595362817518915,0.003258084657897099,14.762729398763906,1.213180953340133
2025-01-01 08:14:00,0.1055531274030359,0.06861059875785196,0.0,0.0017592187900505984,0.0011435099792975326,0.0,0.01113491667404803,0.0,0.09441821072898786,0.0,0.0,0.0,0.06861059875785196,0.0,1,0,0,Off,0,0,Off,0,0,Off,0.03860178130225349,0.02895133597669011,On,0.0,0,Off,0.0024050635051169594,0.0,On,0.008729853168931071,0,On,0.002937412385185223,0,On,0.05287901704154915,0.03965926278116185,On,0,0,Off,Off,0.0,22.222222222222285,0.0,0.0,0.0,0.0,0,0.0,1667.2815511111112,Off,0.0,0.0,30.430218519800526,51.666666666666686,46.10666666666668,0.0,48.52132336195876,0.0,0.0,0.0,30.430218519800526,47.870293429611266,48.52132336195876,47.544778463437524,12.43753247303448,21.73487986652306,0.0,-1.1,-359.28081568991684,-570.5346505455965,-0.0,-0.0,167.85121043234966,6.682482623449847,1.0,0.018928013335480377,0.0,0.0,0.35222062902701595,65.99961422222222,43.402624423329996,0.20607033491163973,10.58443415629468,0.0032581871838378807,14.780191673176493,1.2132797083614646
2025-01-01 08:15:00,0.1055531274030359,0.06861059875785196,0.0,0.0017592187900505984,0.0011435099792975326,0.0,0.01113491667404803,0.0,0.09441821072898786,0.0,0.0,0.0,0.06861059875785196,0.0,1,0,0,Off,0,0,Off,0,0,Off,0.03860178130225349,0.02895133597669011,On,0.0,0,Off,0.0024050635051169594,0.0,On,0.008729853168931071,0,On,0.002937412385185223,0,On,0.05287901704154915,0.03965926278116185,On,0,0,Off,Off,0.0,22.222222222222285,0.0,0.0,0.0,0.0,0,0.0,1667.2815511111112,Off,0.0,0.0,30.45260555549585,51.666666666666686,46.10666666666668,0.0,48.5166550011346,0.0,0.0,0.0,30.45260555549585,47.86602280338337,48.5166550011346,47.540706704507755,12.43753247303448,21.711355932517687,-0.010866289704598131,-1.1,-358.0064902961194,-569.5943892904448,-0.0,-0.0,167.85121043234966,6.7000109042835705,1.0,0.018916306416578037,0.0,0.0,0.3520027816350754,65.99961422222222,43.736688561975704,0.20637333455002044,10.574473512484246,0.0032582898226977412,14.797170091348402,1.2133764283213866
2025-01-01 08:16:00,0.1055531274030359,0.06861059875785196,0.0,0.0017592187900505984,0.0011435099792975326,0.0,0.01113491667404803,0.0,0.09441821072898786,0.0,0.0,0.0,0.06861059875785196,0.0,1,0,0,Off,0,0,Off,0,0,Off,0.03860178130225349,0.02895133597669011,On,0.0,0,Off,0.0024050635051169594,0.0,On,0.008729853168931071,0,On,0.002937412385185223,0,On,0.05287901704154915,0.03965926278116185,On,0,0,Off,Off,0.0,22.222222222222285,0.0,0.0,0.0,0.0,0,0.0,1667.2815511111112,Off,0.0,0.0,30.474447044870235,51.666666666666686,46.10666666666668,0.0,48.51198340176174,0.0,0.0,0.0,30.474447044870235,47.86174903532257,48.51198340176174,47.536631852102985,12.43753247303448,21.68829774857293,-0.03392447364935691,-1.1,-356.49591222866025,-568.6733440227708,-0.0,-0.0,167.85121043234966,6.7176541456456,1.0,0.01890482776471191,0.0,0.0,0.35178918193451464,65.99961422222222,44.32622136176093,0.2066709545687678,10.564751752726163,0.0032583925712708333,14.813696465020836,1.2134712467360194
2025-01-01 08:17:00,0.1055531274030359,0.06861059875785196,0.0,0.0017592187900505984,0.0011435099792975326,0.0,0.01113491667404803,0.0,0.09441821072898786,0.0,0.0,0.0,0.06861059875785196,0.0,1,0,0,Off,0,0,Off,0,0,Off,0.03860178130225349,0.02895133597669011,On,0.0,0,Off,0.0024050635051169594,0.0,On,0.008729853168931071,0,On,0.002937412385185223,0,On,0.05287901704154915,0.03965926278116185,On,0,0,Off,Off,0.0,22.222222222222285,0.0,0.0,0.0,0.0,0,0.0,1667.2815511111112,Off,0.0,0.0,30.495754480754613,51.666666666666686,46.10666666666668,0.0,48.5073086449472,0.0,0.0,0.0,30.495754480754613,47.85747220199172,48.5073086449472,47.53255398051398,12.43753247303448,21.665695513254196,-0.05652670896808942,-1.1,-355.3036057775562,-567.7710878186971,-0.0,-0.0,167.85121043234966,6.735403714137655,1.0,0.01889357270570133,0.0,0.0,0.35157974294616545,65.99961422222222,44.61627160879121,0.20696329116412615,10.554554563482274,0.003258495426562189,14.829780041673903,1.2135642030581215
2025-01-01 08:18:00,0.1055531274030359,0.06861059875785196,0.0,0.0017592187900505984,0.0011435099792975326,0.0,0.01113491667404803,0.0,0.09441821072898786,0.0,0.0,0.0,0.06861059875785196,0.0,1,0,0,Off,0,0,Off,0,0,Off,0.03860178130225349,0.02895133597669011,On,0.0,0,Off,0.0024050635051169594,0.0,On,0.008729853168931071,0,On,0.002937412385185223,0,On,0.05287901704154915,0.03965926278116185,On,0,0,Off,Off,0.0,22.222222222222285,0.0,0.0,0.0,0.0,0,0.0,1667.2815511111112,Off,0.0,0.0,30.51656182508581,51.666666666666686,46.10666666666668,0.0,48.50263081008878,0.0,0.0,0.0,30.51656182508581,47.85319237834075,48.50263081008878,47.528473162466746,12.43753247303448,21.643520111592203,-0.0787021106300827,-1.1,-353.9038156908997,-566.886425175395,-0.0,-0.0,167.85121043234966,6.753251492514065,1.0,0.018882526934195138,0.0,0.0,0.3513741984698887,65.99961422222222,45.13139905214556,0.20725068660081244,10.545286192371655,0.003258598385638899,14.84544919431048,1.2136554162955888
2025-01-01 08:19:00,0.1055531274030359,0.06861059875785196,0.0,0.0017592187900505984,0.0011435099792975326,0.0,0.01113491667404803,0.0,0.09441821072898786,0.0,0.0,0.0,0.06861059875785196,0.0,1,0,0,Off,0,0,Off,0,0,Off,0.03860178130225349,0.02895133597669011,On,0.0,0,Off,0.0024050635051169594,0.0,On,0.008729853168931071,0,On,0.002937412385185223,0,On,0.05287901704154915,0.03965926278116185,On,0,0,Off,Off,0.0,22.222222222222285,0.0,0.0,0.0,0.0,0,0.0,1667.2815511111112,Off,0.0,0.0,30.53687956912493,51.666666666666686,46.10666666666668,0.0,48.4979499715355,0.0,0.0,0.0,30.53687956912493,47.84890963455334,48.4979499715355,47.52438946606226,12.43753247303448,21.621762596707413,-0.10045962551487264,-1.1,-352.7853482530073,-566.0189679370989,-0.0,-0.0,167.85121043234966,6.771189850475866,1.0,0.01887168617479876,0.0,0.0,0.3511724689472998,65.99961422222222,45.382409251741876,0.20753322981115702,10.535524102952415,0.003258701445756071,14.860712383448668,1.2137449225002535
2025-01-01 08:20:00,0.1055531274030359,0.06861059875785196,0.0,0.0017592187900505984,0.0011435099792975326,0.0,0.01113491667404803,0.0,0.09441821072898786,0.0,0.0,0.0,0.06861059875785196,0.0,1,0,0,Off,0,0,Off,0,0,Off,0.03860178130225349,0.02895133597669011,On,0.0,0,Off,0.0024050635051169594,0.0,On,0.008729853168931071,0,On,0.002937412385185223,0,On,0.05287901704154915,0.03965926278116185,On,0,0,Off,Off,0.0,22.222222222222285,0.0,0.0,0.0,0.0,0,0.0,1667.2815511111112,Off,0.0,0.0,30.556738011544457,51.666666666666686,46.10666666666668,0.0,48.49326620207608,0.0,0.0,0.0,30.556738011544457,47.844624039340765,48.49326620207608,47.52030295797311,12.43753247303448,21.60039699574197,-0.1218252264803148,-1.1,-351.48504964141017,-565.1676511925414,-0.0,-0.0,167.85121043234966,6.789211615544404,1.0,0.01886103765702,0.0,0.0,0.35097431673957663,65.99961422222222,45.8313911187815,0.20781122728868215,10.526671417076383,0.0032588046042255335,14.875594944866432,1.2138328278760482
2025-01-01 08:21:00,0.1055531274030359,0.06861059875785196,0.0,0.0017592187900505984,0.0011435099792975326,0.0,0.01113491667404803,0.0,0.09441821072898786,0.0,0.0,0.0,0.06861059875785196,0.0,1,0,0,Off,0,0,Off,0,0,Off,0.03860178130225349,0.02895133597669011,On,0.0,0,Off,0.0024050635051169594,0.0,On,0.008729853168931071,0,On,0.002937412385185223,0,On,0.05287901704154915,0.03965926278116185,On,0,0,Off,Off,0.0,22.222222222222285,0.0,0.0,0.0,0.0,0,0.0,1667.2815511111112,Off,0.0,0.0,30.576146775039426,51.666666666666686,46.10666666666668,0.0,48.488579569995004,0.0,0.0,0.0,30.576146775039426,47.84033565716217,48.488579569995004,47.51621370074575,12.43753247303448,21.579415102684862,-0.14280711953742298,-1.1,-350.4331531560675,-564.33212032771,-0.0,-0.0,167.85121043234966,6.807310044054346,1.0,0.018850577451558135,0.0,0.0,0.3507796687285979,65.99961422222222,46.047756739292794,0.20808476162702952,10.51730867964049,0.00325890785852695,14.8901046561712,1.2139191655245745
2025-01-01 08:22:00,0.1055531274030359,0.06861059875785196,0.0,0.0017592187900505984,0.0011435099792975326,0.0,0.01113491667404803,0.0,0.09441821072898786,0.0,0.0,0.0,0.06861059875785196,0.0,1,0,0,Off,0,0,Off,0,0,Off,0.03860178130225349,0.02895133597669011,On,0.0,0,Off,0.0024050635051169594,0.0,On,0.008729853168931071,0,On,0.002937412385185223,0,On,0.05287901704154915,0.03965926278116185,On,0,0,Off,Off,0.0,22.222222222222285,0.0,0.0,0.0,0.0,0,0.0,1667.2815511111112,Off,0.0,0.0,30.595132914247156,51.666666666666686,46.10666666666668,0.0,48.48389014214567,0.0,0.0,0.0,30.595132914247156,47.83604455112622,48.48389014214567,47.5121217556165,12.43753247303448,21.558793727401955,-0.16342849482033017,-1.1,-349.2223603740003,-563.5114258143249,-0.0,-0.0,167.85121043234966,6.825478793343262,1.0,0.018840294148768578,0.0,0.0,0.3505883125987803,65.99961422222222,46.437855007974875,0.2083541074404317,10.508131799849513,0.003259011206192076,14.904264159531653,1.2140040303034663
2025-01-01 08:23:00,0.1055531274030359,0.06861059875785196,0.0,0.0017592187900505984,0.0011435099792975326,0.0,0.01113491667404803,0.0,0.09441821072898786,0.0,0.0,0.0,0.06861059875785196,0.0,1,0,0,Off,0,0,Off,0,0,Off,0.03860178130225349,0.02895133597669011,On,0.0,0,Off,0.0024050635051169594,0.0,On,0.008729853168931071,0,On,0.002937412385185223,0,On,0.05287901704154915,0.03965926278116185,On,0,0,Off,Off,0.0,22.222222222222285,0.0,0.0,0.0,0.0,0,0.0,1667.2815511111112,Off,0.0,0.0,30.613705297516777,51.666666666666686,46.10666666666668,0.0,48.47919798135946,0.0,0.0,0.0,30.613705297516777,47.831750780544695,48.47919798135946,47.50802718013732,12.43753247303448,21.538525307016066,-0.18369691520621956,-1.1,-348.23059771036327,-562.7052421071169,-0.0,-0.0,167.85121043234966,6.843711894891009,1.0,0.018830184120036963,0.0,0.0,0.350400180827304,65.99961422222222,46.623433964403915,0.20861934179257072,10.499842258549538,0.003259114644902613,14.91808063932164,1.214087452752056
2025-01-01 08:24:00,0.1055531274030359,0.06861059875785196,0.0,0.0017592187900505984,0.0011435099792975326,0.0,0.01113491667404803,0.0,0.09441821072898786,0.0,0.0,0.0,0.06861059875785196,0.0,1,0,0,Off,0,0,Off,0,0,Off,0.03860178130225349,0.02895133597669011,On,0.0,0,Off,0.0024050635051169594,0.0,On,0.008729853168931071,0,On,0.002937412385185223,0,On,0.05287901704154915,0.03965926278116185,On,0,0,Off,Off,0.0,22.222222222222285,0.0,0.0,0.0,0.0,0,0.0,1667.2815511111112,Off,0.0,0.0,30.63188810086052,51.666666666666686,46.10666666666668,0.0,48.47450314914886,0.0,0.0,0.0,30.63188810086052,47.82745440348478,48.47450314914886,47.50393003065275,12.43753247303448,21.518589120518303,-0.20363310170398208,-1.1,-347.1004751400851,-561.9127218304882,-0.0,-0.0,167.85121043234966,6.862003728774206,1.0,0.01882023716449845,0.0,0.0,0.3502150835920801,65.99961422222222,46.96103625805337,0.2088807108433974,10.49101793135281,0.003259218172388334,14.931574344443536,1.214169517654646
2025-01-01 08:25:00,0.1055531274030359,0.06861059875785196,0.0,0.0017592187900505984,0.0011435099792975326,0.0,0.01113491667404803,0.0,0.09441821072898786,0.0,0.0,0.0,0.06861059875785196,0.0,1,0,0,Off,0,0,Off,0,0,Off,0.03860178130225349,0.02895133597669011,On,0.0,0,Off,0.0024050635051169594,0.0,On,0.008729853168931071,0,On,0.002937412385185223,0,On,0.05287901704154915,0.03965926278116185,On,0,0,Off,Off,0.0,22.222222222222285,0.0,0.0,0.0,0.0,0,0.0,1667.2815511111112,Off,0.0,0.0,30.649689535861512,51.666666666666686,46.10666666666668,0.0,48.46980570343226,0.0,0.0,0.0,30.649689535861512,47.82315547462075,48.46980570343226,47.499830360215,12.43753247303448,21.498978164806495,-0.22324405741579056,-1.1,-346.16313058937624,-561.133564703689,-0.0,-0.0,167.85121043234966,6.880349012000887,1.0,0.018810449915438794,0.0,0.0,0.350032958243839,65.99961422222222,47.119223681963064,0.20913828682326965,10.482361215707996,0.0032593217865130733,14.94475194264282,1.2142502533194692
2025-01-01 08:26:00,0.1055531274030359,0.06861059875785196,0.0,0.0017592187900505984,0.0011435099792975326,0.0,0.01113491667404803,0.0,0.09441821072898786,0.0,0.0,0.0,0.06861059875785196,0.0,1,0,0,Off,0,0,Off,0,0,Off,0.03860178130225349,0.02895133597669011,On,0.0,0,Off,0.0024050635051169594,0.0,On,0.008729853168931071,0,On,0.002937412385185223,0,On,0.05287901704154915,0.03965926278116185,On,0,0,Off,Off,0.0,22.222222222222285,0.0,0.0,0.0,0.0,0,0.0,1667.2815511111112,Off,0.0,0.0,30.667131219125956,51.666666666666686,46.10666666666668,0.0,48.465105700906825,0.0,0.0,0.0,30.667131219125956,47.81885404747446,48.465105700906825,47.495728220758274,12.43753247303448,21.47967391416879,-0.2425483080534967,-1.1,-345.1058438238607,-560.3670139835409,-0.0,-0.0,167.85121043234966,6.898742726399349,1.0,0.01880081324780952,0.0,0.0,0.3498536349797464,65.99961422222222,47.40995972733053,0.20939229045155802,10.473862485934763,0.003259425485185238,14.957631552215236,1.2143297355698333
2025-01-01 08:27:00,0.1055531274030359,0.06861059875785196,0.0,0.0017592187900505984,0.0011435099792975326,0.0,0.01113491667404803,0.0,0.09441821072898786,0.0,0.0,0.0,0.06861059875785196,0.0,1,0,0,Off,0,0,Off,0,0,Off,0.03860178130225349,0.02895133597669011,On,0.0,0,Off,0.0024050635051169594,0.0,On,0.008729853168931071,0,On,0.002937412385185223,0,On,0.05287901704154915,0.03965926278116185,On,0,0,Off,Off,0.0,22.222222222222285,0.0,0.0,0.0,0.0,0,0.0,1667.2815511111112,Off,0.0,0.0,30.68422078911094,51.666666666666686,46.10666666666668,0.0,48.4604031950561,0.0,0.0,0.0,30.68422078911094,47.81455017253404,48.4604031950561,47.49162366127301,12.43753247303448,21.460669853931055,-0.2615523682912304,-1.1,-344.2178327385455,-559.6127914066388,-0.0,-0.0,167.85121043234966,6.91718017136638,1.0,0.018791324023551968,0.0,0.0,0.34967705540545435,65.99961422222222,47.54374823574368,0.209642789727192,10.465518389722478,0.0032595292664331604,14.970219389942262,1.2144079907665484
2025-01-01 08:28:00,0.1055531274030359,0.06861059875785196,0.0,0.0017592187900505984,0.0011435099792975326,0.0,0.01113491667404803,0.0,0.09441821072898786,0.0,0.0,0.0,0.06861059875785196,0.0,1,0,0,Off,0,0,Off,0,0,Off,0.03860178130225349,0.02895133597669011,On,0.0,0,Off,0.0024050635051169594,0.0,On,0.008729853168931071,0,On,0.002937412385185223,0,On,0.05287901704154915,0.03965926278116185,On,0,0,Off,Off,0.0,22.222222222222285,0.0,0.0,0.0,0.0,0,0.0,1667.2815511111112,Off,0.0,0.0,30.700977582305875,51.666666666666686,46.10666666666668,0.0,48.45569823822765,0.0,0.0,0.0,30.700977582305875,47.81024389921565,48.45569823822765,47.487516729709654,12.43753247303448,21.44194941399608,-0.28027280822620426,-1.1,-343.2264215806414,-558.8702208050674,-0.0,-0.0,167.85121043234966,6.935656894881508,1.0,0.018781974076901586,0.0,0.0,0.3495030675688971,65.99961422222222,47.79258879207636,0.2098899825859796,10.457320317070664,0.0032596331283266926,14.982531673758647,1.2144850867462254
2025-01-01 08:29:00,0.1055531274030359,0.06861059875785196,0.0,0.0017592187900505984,0.0011435099792975326,0.0,0.01113491667404803,0.0,0.09441821072898786,0.0,0.0,0.0,0.06861059875785196,0.0,1,0,0,Off,0,0,Off,0,0,Off,0.03860178130225349,0.02895133597669011,On,0.0,0,Off,0.0024050635051169594,0.0,On,0.008729853168931071,0,On,0.002937412385185223,0,On,0.05287901704154915,0.03965926278116185,On,0,0,Off,Off,0.0,22.222222222222285,0.0,0.0,0.0,0.0,0,0.0,1667.2815511111112,Off,0.0,0.0,30.717408735648807,51.666666666666686,46.10666666666668,0.0,48.45099087989436,0.0,0.0,0.0,30.717408735648807,47.805935274221724,48.45099087989436,47.483407471385405,12.43753247303448,21.423506506930416,-0.2987157152918698,-1.1,-342.38321213642223,-558.1390431547574,-0.0,-0.0,167.85121043234966,6.954168687367494,1.0,0.01877276046990851,0.0,0.0,0.3493316167994375,65.99961422222222,47.90462058598541,0.2101339333158795,10.449966924280293,0.0032597370690430104,14.994574225870497,1.2145610481657034
2025-01-01 08:30:00,1.772834678514147,0.06861059875785196,0.0,0.02954724464190245,0.0011435099792975326,0.0,0.01113491667404803,0.0,0.09441821072898786,1.6672815511111112,0.0,0.0,0.06861059875785196,0.0,1,0,0,Off,0,0,Off,0,0,Off,0.03860178130225349,0.02895133597669011,On,0.0,0,Off,0.0024050635051169594,0.0,On,0.008729853168931071,0,On,0.002937412385185223,0,On,0.05287901704154915,0.03965926278116185,On,0,0,Off,On,1667.2815511111112,22.222222222222285,1.0,0.0,1.6672815511111112,0.0,1,1667.2815511111112,1667.2815511111112,Off,0.0,0.0,30.733531550660434,51.666666666666686,46.10666666666668,0.0,48.44628116846774,0.0,0.0,0.0,30.733531550660434,47.80162434325308,48.44628116846774,47.479295930645755,12.43753247303448,21.405326307996027,-0.31689591422625796,-1.7,1340.2454764565289,-582.9404768827509,-0.0,-0.0,167.85121043234966,238.84245609155158,1.0,0.019062344603755898,0.0,0.0,0.354720323156104,65.99961422222222,88.05319179581896,0.21037481941579836,10.44204636151202,0.003259841086798139,34.072199438233575,1.2146359357301288
2025-01-01 08:31:00,1.772834678514147,0.06861059875785196,0.0,0.02954724464190245,0.0011435099792975326,0.0,0.01113491667404803,0.0,0.09441821072898786,1.6672815511111112,0.0,0.0,0.06861059875785196,0.0,1,0,0,Off,0,0,Off,0,0,Off,0.03860178130225349,0.02895133597669011,On,0.0,0,Off,0.0024050635051169594,0.0,On,0.008729853168931071,0,On,0.002937412385185223,0,On,0.05287901704154915,0.03965926278116185,On,0,0,Off,On,1667.2815511111112,22.222222222222285,1.0,0.0,1.6672815511111112,0.0,1,1667.2815511111112,1667.2815511111112,Off,0.0,0.0,30.67875833351074,51.666666666666686,46.10666666666668,0.0,48.44156914978713,0.0,0.0,0.0,30.67875833351074,47.79731114958243,48.44156914978713,47.475182149480084,12.43753247303448,21.448078679168155,-0.27414354305413013,-1.7,1337.3587477860565,-584.6683658656023,-0.0,-0.0,167.85121043234966,240.36389376493895,1.0,0.019083536388366,0.0,0.0,0.35511466901656386,65.99961422222222,86.89435210819791,0.21004356556852374,10.468972313498096,0.003260077431967699,34.0373298483542,1.2156397262776923
2025-01-01 08:32:00,1.772834678514147,0.06861059875785196,0.0,0.02954724464190245,0.0011435099792975326,0.0,0.01113491667404803,0.0,0.09441821072898786,1.6672815511111112,0.0,0.0,0.06861059875785196,0.0,1,0,0,Off,0,0,Off,0,0,Off,0.03860178130225349,0.02895133597669011,On,0.0,0,Off,0.0024050635051169594,0.0,On,0.008729853168931071,0,On,0.002937412385185223,0,On,0.05287901704154915,0.03965926278116185,On,0,0,Off,On,1667.2815511111112,22.222222222222285,1.0,0.0,1.6672815511111112,0.0,1,1667.2815511111112,1667.2815511111112,Off,0.0,0.0,30.625429823531693,51.666666666666686,46.10666666666668,0.0,48.436865361251776,0.0,0.0,0.0,30.625429823531693,47.79300564287392,48.436865361251776,47.471075783684995,12.43753247303448,21.489597033730455,-0.23262518849183067,-1.7,1333.7232858800037,-586.34832987984,-0.0,-0.0,167.85121043234966,241.86645912287125,1.0,0.01910410521089322,0.0,0.0,0.35549742253012473,65.99961422222222,84.93885421638296,0.2095252126489484,10.48757400588607,0.003260313340303271,34.0030527845182,1.215468254817044
2025-01-01 08:33:00,1.772834678514147,0.06861059875785196,0.0,0.02954724464190245,0.0011435099792975326,0.0,0.01113491667404803,0.0,0.09441821072898786,1.6672815511111112,0.0,0.0,0.06861059875785196,0.0,1,0,0,Off,0,0,Off,0,0,Off,0.03860178130225349,0.02895133597669011,On,0.0,0,Off,0.0024050635051169594,0.0,On,0.008729853168931071,0,On,0.002937412385185223,0,On,0.05287901704154915,0.03965926278116185,On,0,0,Off,On,1667.2815511111112,22.222222222222285,1.0,0.0,1.6672815511111112,0.0,1,1667.2815511111112,1667.2815511111112,Off,0.0,0.0,30.57350852077956,51.666666666666686,46.10666666666668,0.0,48.432169588011206,0.0,0.0,0.0,30.57350852077956,47.78870762037501,48.432169588011206,47.46697663655691,12.43753247303448,21.529913399657943,-0.19230882256434256,-1.7,1332.588524297148,-587.9814946838027,-0.0,-0.0,167.85121043234966,252.37323543360336,1.0,0.019124067937691037,0.0,0.0,0.35586889755316065,65.99961422222222,85.43725743748989,0.20902367453449844,10.505534859765685,0.0032605490443160553,33.96933919983844,1.215301788975786
2025-01-01 08:34:00,1.772834678514147,0.06861059875785196,0.0,0.02954724464190245,0.0011435099792975326,0.0,0.01113491667404803,0.0,0.09441821072898786,1.6672815511111112,0.0,0.0,0.06861059875785196,0.0,1,0,0,Off,0,0,Off,0,0,Off,0.03860178130225349,0.02895133597669011,On,0.0,0,Off,0.0024050635051169594,0.0,On,0.008729853168931071,0,On,0.002937412385185223,0,On,0.05287901704154915,0.03965926278116185,On,0,0,Off,On,1667.2815511111112,22.222222222222285,1.0,0.0,1.6672815511111112,0.0,1,1667.2815511111112,1667.2815511111112,Off,0.0,0.0,30.522819421725256,51.666666666666686,46.10666666666668,0.0,48.42748162079131,0.0,0.0,0.0,30.522819421725256,47.78441688459594,48.42748162079131,47.46288451649826,12.43753247303448,21.569177993903146,-0.1530442283191391,-1.7,1329.7670901338386,-589.5737923917743,-0.0,-0.0,167.85121043234966,253.0987698851334,1.0,0.01914349984619385,0.0,0.0,0.35623049488061104,65.99961422222222,84.20812098215205,0.20853690521344223,10.52293389655059,0.0032607845468848986,33.93611797332769,1.2151397053096133
2025-01-01 08:35:00,1.772834678514147,0.06861059875785196,0.0,0.02954724464190245,0.0011435099792975326,0.0,0.01113491667404803,0.0,0.09441821072898786,1.6672815511111112,0.0,0.0,0.06861059875785196,0.0,1,0,0,Off,0,0,Off,0,0,Off,0.03860178130225349,0.02895133597669011,On,0.0,0,Off,0.0024050635051169594,0.0,On,0.008729853168931071,0,On,0.002937412385185223,0,On,0.05287901704154915,0.03965926278116185,On,0,0,Off,On,1667.2815511111112,22.222222222222285,1.0,0.0,1.6672815511111112,0.0,1,1667.2815511111112,1667.2815511111112,Off,0.0,0.0,30.473371259199563,51.666666666666686,46.10666666666668,0.0,48.42280127633168,0.0,0.0,0.0,30.473371259199563,47.78013326260726,48.42280127633168,47.45879925574505,12.43753247303448,21.607383137345835,-0.11483908487645067,-1.7,1327.0998000916677,-591.1247722772637,-0.0,-0.0,167.85121043234966,253.79695814713156,1.0,0.019162397952114833,0.0,0.0,0.35658215897958073,65.99961422222222,83.09181082547067,0.20806489273965303,10.540474494036875,0.0032610198505199136,33.9033930695576,1.2149820319834943
2025-01-01 08:36:00,1.772834678514147,0.06861059875785196,0.0,0.02954724464190245,0.0011435099792975326,0.0,0.01113491667404803,0.0,0.09441821072898786,1.6672815511111112,0.0,0.0,0.06861059875785196,0.0,1,0,0,Off,0,0,Off,0,0,Off,0.03860178130225349,0.02895133597669011,On,0.0,0,Off,0.0024050635051169594,0.0,On,0.008729853168931071,0,On,0.002937412385185223,0,On,0.05287901704154915,0.03965926278116185,On,0,0,Off,On,1667.2815511111112,22.222222222222285,1.0,0.0,1.6672815511111112,0.0,1,1667.2815511111112,1667.2815511111112,Off,0.0,0.0,30.425101899471354,51.666666666666686,46.10666666666668,0.0,48.418128370076225,0.0,0.0,0.0,30.425101899471354,47.775856580253915,48.418128370076225,47.454720685342764,12.43753247303448,21.644582059228775,-0.07764016299351084,-1.7,1324.558419663519,-592.6364626429404,-0.0,-0.0,167.85121043234966,254.4709184239807,1.0,0.01918078936054477,0.0,0.0,0.35692439423327976,65.99961422222222,82.06212076299872,0.2076068543006369,10.556772234010884,0.0032612549577564127,33.8711394864906,1.214828546226724
2025-01-01 08:37:00,1.772834678514147,0.06861059875785196,0.0,0.02954724464190245,0.0011435099792975326,0.0,0.01113491667404803,0.0,0.09441821072898786,1.6672815511111112,0.0,0.0,0.06861059875785196,0.0,1,0,0,Off,0,0,Off,0,0,Off,0.03860178130225349,0.02895133597669011,On,0.0,0,Off,0.0024050635051169594,0.0,On,0.008729853168931071,0,On,0.002937412385185223,0,On,0.05287901704154915,0.03965926278116185,On,0,0,Off,On,1667.2815511111112,22.222222222222285,1.0,0.0,1.6672815511111112,0.0,1,1667.2815511111112,1667.2815511111112,Off,0.0,0.0,30.377953784248803,51.666666666666686,46.10666666666668,0.0,48.41346272670622,0.0,0.0,0.0,30.377953784248803,47.77158667210081,48.41346272670622,47.450648644798115,12.43753247303448,21.680824064911505,-0.04139815731078045,-1.7,1322.1245600355064,-594.110744537167,-0.0,-0.0,167.85121043234966,255.12337635795694,1.0,0.019198699164488613,0.0,0.0,0.3572576675831577,65.99961422222222,81.1025430292125,0.2071620668378834,10.572559077457544,0.00326148987100251,33.839334083957674,1.2146790417469022
2025-01-01 08:38:00,1.772834678514147,0.06861059875785196,0.0,0.02954724464190245,0.0011435099792975326,0.0,0.01113491667404803,0.0,0.09441821072898786,1.6672815511111112,0.0,0.0,0.06861059875785196,0.0,1,0,0,Off,0,0,Off,0,0,Off,0.03860178130225349,0.02895133597669011,On,0.0,0,Off,0.0024050635051169594,0.0,On,0.008729853168931071,0,On,0.002937412385185223,0,On,0.05287901704154915,0.03965926278116185,On,0,0,Off,On,1667.2815511111112,22.222222222222285,1.0,0.0,1.6672815511111112,0.0,1,1667.2815511111112,1667.2815511111112,Off,0.0,0.0,30.33187320092254,51.666666666666686,46.10666666666668,0.0,48.408804179460134,0.0,0.0,0.0,30.33187320092254,47.767323380790685,48.408804179460134,47.44658298145596,12.43753247303448,21.716155162542147,-0.006067059680137987,-1.7,1319.7922534620634,-595.5493759133279,-0.0,-0.0,167.85121043234966,255.75672092492417,1.0,0.019216150762484018,0.0,0.0,0.3575824144392869,65.99961422222222,80.20886783193055,0.20672985800202567,10.588569615005124,0.0032617245925485945,33.80795528464223,1.2145333261143798
2025-01-01 08:39:00,1.772834678514147,0.06861059875785196,0.0,0.02954724464190245,0.0011435099792975326,0.0,0.01113491667404803,0.0,0.09441821072898786,1.6672815511111112,0.0,0.0,0.06861059875785196,0.0,1,0,0,Off,0,0,Off,0,0,Off,0.03860178130225349,0.02895133597669011,On,0.0,0,Off,0.0024050635051169594,0.0,On,0.008729853168931071,0,On,0.002937412385185223,0,On,0.05287901704154915,0.03965926278116185,On,0,0,Off,On,1667.2815511111112,22.222222222222285,1.0,0.0,1.6672815511111112,0.0,1,1667.2815511111112,1667.2815511111112,Off,0.0,0.0,30.28680956809892,51.666666666666686,46.10666666666668,0.0,48.404152569561916,0.0,0.0,0.0,30.28680956809892,47.76306655650436,48.404152569561916,47.44252354997559,12.43753247303448,21.75061867649906,0.0,-1.7,1317.5559824493487,-596.9540154842626,-0.0,-0.0,167.85121043234966,256.3730478147936,1.0,0.01923316616830074,0.0,0.0,0.3578990444433815,65.99961422222222,79.37723639015056,0.20630959746560548,10.60411877420203,0.003261959124575259,33.77698278133105,1.214391218207068
2025-01-01 08:40:00,1.772834678514147,0.06861059875785196,0.0,0.02954724464190245,0.0011435099792975326,0.0,0.01113491667404803,0.0,0.09441821072898786,1.6672815511111112,0.0,0.0,0.06861059875785196,0.0,1,0,0,Off,0,0,Off,0,0,Off,0.03860178130225349,0.02895133597669011,On,0.0,0,Off,0.0024050635051169594,0.0,On,0.008729853168931071,0,On,0.002937412385185223,0,On,0.05287901704154915,0.03965926278116185,On,0,0,Off,On,1667.2815511111112,22.222222222222285,1.0,0.0,1.6672815511111112,0.0,1,1667.2815511111112,1667.2815511111112,Off,0.0,0.0,30.24271525016099,51.666666666666686,46.10666666666668,0.0,48.399507745755514,0.0,0.0,0.0,30.24271525016099,47.75881605652137,48.399507745755514,47.4384702119043,12.43753247303448,21.784255406462183,0.0,-1.7,1315.4106074884367,-598.3262282441106,-0.0,-0.0,167.85121043234966,256.9741984377918,1.0,0.019249766095203836,0.0,0.0,0.3582079430368039,65.99961422222222,78.60407418908653,0.20590069412310388,10.619228155707972,0.003262193469159716,33.7463974605727,1.2142525475312178
2025-01-01 08:41:00,1.772834678514147,0.06861059875785196,0.0,0.02954724464190245,0.0011435099792975326,0.0,0.01113491667404803,0.0,0.09441821072898786,1.6672815511111112,0.0,0.0,0.06861059875785196,0.0,1,0,0,Off,0,0,Off,0,0,Off,0.03860178130225349,0.02895133597669011,On,0.0,0,Off,0.0024050635051169594,0.0,On,0.008729853168931071,0,On,0.002937412385185223,0,On,0.05287901704154915,0.03965926278116185,On,0,0,Off,On,1667.2815511111112,22.222222222222285,1.0,0.0,1.6672815511111112,0.0,1,1667.2815511111112,1667.2815511111112,Off,0.0,0.0,30.199545364336313,51.666666666666686,46.10666666666668,0.0,48.39486956386694,0.0,0.0,0.0,30.199545364336313,47.75457174480648,48.39486956386694,47.43442283527626,12.43753247303448,21.817103792641372,0.0,-1.7,1313.3512404172752,-599.6674913370413,-0.0,-0.0,167.85121043234966,257.56179288264485,1.0,0.01926597004267713,0.0,0.0,0.3585094730743523,65.99961422222222,77.88597021085585,0.2055025932946127,10.633918109774319,0.003262427628281831,33.7161813235794,1.214117153519244
2025-01-01 08:42:00,1.772834678514147,0.06861059875785196,0.0,0.02954724464190245,0.0011435099792975326,0.0,0.01113491667404803,0.0,0.09441821072898786,1.6672815511111112,0.0,0.0,0.06861059875785196,0.0,1,0,0,Off,0,0,Off,0,0,Off,0.03860178130225349,0.02895133597669011,On,0.0,0,Off,0.0024050635051169594,0.0,On,0.008729853168931071,0,On,0.002937412385185223,0,On,0.05287901704154915,0.03965926278116185,On,0,0,Off,On,1667.2815511111112,22.222222222222285,1.0,0.0,1.6672815511111112,0.0,1,1667.2815511111112,1667.2815511111112,Off,0.0,0.0,30.157257598295715,51.666666666666686,46.10666666666668,0.0,48.39023788639502,0.0,0.0,0.0,30.157257598295715,47.750333491623394,48.39023788639502,47.43038129423759,12.43753247303448,21.849200072387077,0.0,-1.7,1311.3732315097377,-600.979199662999,-0.0,-0.0,167.85121043234966,258.13725819843256,1.0,0.019281796378360822,0.0,0.0,0.35880397634899097,65.99961422222222,77.21966962927581,0.20511477411263493,10.648207819337756,0.0032626616038297644,33.68631741137163,1.2139848848652472
2025-01-01 08:43:00,1.772834678514147,0.06861059875785196,0.0,0.02954724464190245,0.0011435099792975326,0.0,0.01113491667404803,0.0,0.09441821072898786,1.6672815511111112,0.0,0.0,0.06861059875785196,0.0,1,0,0,Off,0,0,Off,0,0,Off,0.03860178130225349,0.02895133597669011,On,0.0,0,Off,0.0024050635051169594,0.0,On,0.008729853168931071,0,On,0.002937412385185223,0,On,0.05287901704154915,0.03965926278116185,On,0,0,Off,On,1667.2815511111112,22.222222222222285,1.0,0.0,1.6672815511111112,0.0,1,1667.2815511111112,1667.2815511111112,Off,0.0,0.0,30.11581203949811,51.666666666666686,46.10666666666668,0.0,48.38561258212927,0.0,0.0,0.0,30.11581203949811,47.746101173174,48.38561258212927,47.42634546869636,12.43753247303448,21.88057842629187,0.0,-1.7,1309.4722066842735,-602.2626711341686,-0.0,-0.0,167.85121043234966,258.7018527173884,1.0,0.019297262414325604,0.0,0.0,0.35909177501119177,65.99961422222222,76.60211627498131,0.204736747107874,10.662115377521141,0.003262895397605232,33.65678973504151,1.2138555989057949
2025-01-01 08:44:00,1.772834678514147,0.06861059875785196,0.0,0.02954724464190245,0.0011435099792975326,0.0,0.01113491667404803,0.0,0.09441821072898786,1.6672815511111112,0.0,0.0,0.06861059875785196,0.0,1,0,0,Off,0,0,Off,0,0,Off,0.03860178130225349,0.02895133597669011,On,0.0,0,Off,0.0024050635051169594,0.0,On,0.008729853168931071,0,On,0.002937412385185223,0,On,0.05287901704154915,0.03965926278116185,On,0,0,Off,On,1667.2815511111112,22.222222222222285,1.0,0.0,1.6672815511111112,0.0,1,1667.2815511111112,1667.2815511111112,Off,0.0,0.0,30.075171016045065,51.666666666666686,46.10666666666668,0.0,48.38099352579312,0.0,0.0,0.0,30.075171016045065,47.74187467126154,48.38099352579312,47.422315243995754,12.43753247303448,21.911271114865475,0.0,-1.7,1307.644060356264,-603.5191516179573,-0.0,-0.0,167.85121043234966,259.25668703212,1.0,0.019312384478268673,0.0,0.0,0.3593731728937804,65.99961422222222,76.0304504307605,0.2043680519731413,10.67565786011497,0.0032631290113284196,33.62758321059752,1.2137291610412961
2025-01-01 08:45:00,1.772834678514147,0.06861059875785196,0.0,0.02954724464190245,0.0011435099792975326,0.0,0.01113491667404803,0.0,0.09441821072898786,1.6672815511111112,0.0,0.0,0.06861059875785196,0.0,1,0,0,Off,0,0,Off,0,0,Off,0.03860178130225349,0.02895133597669011,On,0.0,0,Off,0.0024050635051169594,0.0,On,0.008729853168931071,0,On,0.002937412385185223,0,On,0.05287901704154915,0.03965926278116185,On,0,0,Off,On,1667.2815511111112,22.222222222222285,1.0,0.0,1.6672815511111112,0.0,1,1667.2815511111112,1667.2815511111112,Off,0.0,0.0,30.035298948792,51.666666666666686,46.10666666666668,0.0,48.37638059771083,0.0,0.0,0.0,30.035298948792,47.73765387297624,48.37638059771083,47.418290510608955,12.43753247303448,21.941308605021543,0.0,-1.7,1305.884938282434,-604.7498195277309,-0.0,-0.0,167.85121043234966,259.80274213841193,1.0,0.019327177979302383,0.0,0.0,0.35964845673616014,65.99961422222222,75.50199626670411,0.20400825550833337,10.688851392650541,0.0032633624466425677,33.598683598736805,1.2136054442009114
2025-01-01 08:46:00,1.772834678514147,0.06861059875785196,0.0,0.02954724464190245,0.0011435099792975326,0.0,0.01113491667404803,0.0,0.09441821072898786,1.6672815511111112,0.0,0.0,0.06861059875785196,0.0,1,0,0,Off,0,0,Off,0,0,Off,0.03860178130225349,0.02895133597669011,On,0.0,0,Off,0.0024050635051169594,0.0,On,0.008729853168931071,0,On,0.002937412385185223,0,On,0.05287901704154915,0.03965926278116185,On,0,0,Off,On,1667.2815511111112,22.222222222222285,1.0,0.0,1.6672815511111112,0.0,1,1667.2815511111112,1667.2815511111112,Off,0.0,0.0,29.99616221535734,51.666666666666686,46.10666666666668,0.0,48.37177368349632,0.0,0.0,0.0,29.99616221535734,47.73343867040154,48.37177368349632,47.41427116385415,12.43753247303448,21.970719687005175,0.0,-1.7,1304.1912200100246,-605.9557900800487,-0.0,-0.0,167.85121043234966,260.3408851492706,1.0,0.019341657468687882,0.0,0.0,0.35991789731446905,65.99961422222222,75.01424854661265,0.20365694973273923,10.702428915071057,0.003263595705118253,33.570077449231775,1.2134843283482406
2025-01-01 08:47:00,1.772834678514147,0.06861059875785196,0.0,0.02954724464190245,0.0011435099792975326,0.0,0.01113491667404803,0.0,0.09441821072898786,1.6672815511111112,0.0,0.0,0.06861059875785196,0.0,1,0,0,Off,0,0,Off,0,0,Off,0.03860178130225349,0.02895133597669011,On,0.0,0,Off,0.0024050635051169594,0.0,On,0.008729853168931071,0,On,0.002937412385185223,0,On,0.05287901704154915,0.03965926278116185,On,0,0,Off,On,1667.2815511111112,22.222222222222285,1.0,0.0,1.6672815511111112,0.0,1,1667.2815511111112,1667.2815511111112,Off,0.0,0.0,29.95772902368375,51.666666666666686,46.10666666666668,0.0,48.36717267376234,0.0,0.0,0.0,29.95772902368375,47.72922896033949,48.36717267376234,47.41025710362807,12.43753247303448,21.99953158257675,0.0,-1.7,1302.5595027208306,-607.1381192455636,-0.0,-0.0,167.85121043234966,260.87188330871425,1.0,0.01935583669595302,0.0,0.0,0.36018175048584655,65.99961422222222,74.56486042293338,0.20331375014914851,10.71497028165448,0.0032638287882573924,33.541752049530395,1.2133657000242668
2025-01-01 08:48:00,1.772834678514147,0.06861059875785196,0.0,0.02954724464190245,0.0011435099792975326,0.0,0.01113491667404803,0.0,0.09441821072898786,1.6672815511111112,0.0,0.0,0.06861059875785196,0.0,1,0,0,Off,0,0,Off,0,0,Off,0.03860178130225349,0.02895133597669011,On,0.0,0,Off,0.0024050635051169594,0.0,On,0.008729853168931071,0,On,0.002937412385185223,0,On,0.05287901704154915,0.03965926278116185,On,0,0,Off,On,1667.2815511111112,22.222222222222285,1.0,0.0,1.6672815511111112,0.0,1,1667.2815511111112,1667.2815511111112,Off,0.0,0.0,29.919969295151486,51.666666666666686,46.10666666666668,0.0,48.36257746384832,0.0,0.0,0.0,29.919969295151486,47.7250246440539,48.36257746384832,47.4062482341567,12.43753247303448,22.02777004520341,0.0,-1.7,1300.9865862569272,-608.2978074188565,-0.0,-0.0,167.85121043234966,261.396414458954,1.0,0.019369728660797912,0.0,0.0,0.36044025815431474,65.99961422222222,74.15163213232302,0.20297829414578164,10.72720595295522,0.0032640616974969837,33.51369537720286,1.2132494519243469
2025-01-01 08:49:00,1.772834678514147,0.06861059875785196,0.0,0.02954724464190245,0.0011435099792975326,0.0,0.01113491667404803,0.0,0.09441821072898786,1.6672815511111112,0.0,0.0,0.06861059875785196,0.0,1,0,0,Off,0,0,Off,0,0,Off,0.03860178130225349,0.02895133597669011,On,0.0,0,Off,0.0024050635051169594,0.0,On,0.008729853168931071,0,On,0.002937412385185223,0,On,0.05287901704154915,0.03965926278116185,On,0,0,Off,On,1667.2815511111112,22.222222222222285,1.0,0.0,1.6672815511111112,0.0,1,1667.2815511111112,1667.2815511111112,Off,0.0,0.0,29.882854556484357,51.666666666666686,46.10666666666668,0.0,48.35798795356563,0.0,0.0,0.0,29.882854556484357,47.72082562702987,48.35798795356563,47.40224446376199,12.43753247303448,22.055459452920594,0.0,-1.7,1299.4694599362901,-609.4358028294611,-0.0,-0.0,167.85121043234966,261.91507954526077,1.0,0.019383345661143664,0.0,0.0,0.3606936491648891,65.99961422222222,73.77250122229049,0.20265023952364836,10.739869040479842,0.0032642944342126104,33.48589605591041,1.2131354825063798
2025-01-01 08:50:00,1.772834678514147,0.06861059875785196,0.0,0.02954724464190245,0.0011435099792975326,0.0,0.01113491667404803,0.0,0.09441821072898786,1.6672815511111112,0.0,0.0,0.06861059875785196,0.0,1,0,0,Off,0,0,Off,0,0,Off,0.03860178130225349,0.02895133597669011,On,0.0,0,Off,0.0024050635051169594,0.0,On,0.008729853168931071,0,On,0.002937412385185223,0,On,0.05287901704154915,0.03965926278116185,On,0,0,Off,On,1667.2815511111112,22.222222222222285,1.0,0.0,1.6672815511111112,0.0,1,1667.2815511111112,1667.2815511111112,Off,0.0,0.0,29.846357839047702,51.666666666666686,46.10666666666668,0.0,48.35340404695896,0.0,0.0,0.0,29.846357839047702,47.71663181874846,48.35340404695896,47.398245704643216,12.43753247303448,22.082622894489813,0.0,-1.7,1298.0052897664673,-610.553004715421,-0.0,-0.0,167.85121043234966,262.4284102550615,1.0,0.019396699337658717,0.0,0.0,0.36094214013214443,65.99961422222222,73.42553293842755,0.2023292631379234,10.752253157424931,0.0032645269997217223,33.45834331459104,1.2130236956274887
2025-01-01 08:51:00,1.772834678514147,0.06861059875785196,0.0,0.02954724464190245,0.0011435099792975326,0.0,0.01113491667404803,0.0,0.09441821072898786,1.6672815511111112,0.0,0.0,0.06861059875785196,0.0,1,0,0,Off,0,0,Off,0,0,Off,0.03860178130225349,0.02895133597669011,On,0.0,0,Off,0.0024050635051169594,0.0,On,0.008729853168931071,0,On,0.002937412385185223,0,On,0.05287901704154915,0.03965926278116185,On,0,0,Off,On,1667.2815511111112,22.222222222222285,1.0,0.0,1.6672815511111112,0.0,1,1667.2815511111112,1667.2815511111112,Off,0.0,0.0,29.81045358553812,51.666666666666686,46.10666666666668,0.0,48.348825652082574,0.0,0.0,0.0,29.81045358553812,47.712443132475585,48.348825652082574,47.394251872672086,12.43753247303448,22.109282249376918,0.0,-1.7,1296.5914068705265,-611.6502662770146,-0.0,-0.0,167.85121043234966,262.93687730751765,1.0,0.019409800715043956,0.0,0.0,0.36118593620846584,65.99961422222222,73.10891160408043,0.20201505964357241,10.763648033771501,0.0032647593952867112,33.4310269496067,1.2129140002069494
2025-01-01 08:52:00,1.772834678514147,0.06861059875785196,0.0,0.02954724464190245,0.0011435099792975326,0.0,0.01113491667404803,0.0,0.09441821072898786,1.6672815511111112,0.0,0.0,0.06861059875785196,0.0,1,0,0,Off,0,0,Off,0,0,Off,0.03860178130225349,0.02895133597669011,On,0.0,0,Off,0.0024050635051169594,0.0,On,0.008729853168931071,0,On,0.002937412385185223,0,On,0.05287901704154915,0.03965926278116185,On,0,0,Off,On,1667.2815511111112,22.222222222222285,1.0,0.0,1.6672815511111112,0.0,1,1667.2815511111112,1667.2815511111112,Off,0.0,0.0,29.775117563407086,51.666666666666686,46.10666666666668,0.0,48.344252680790554,0.0,0.0,0.0,29.775117563407086,47.70825948506388,48.344252680790554,47.39026288720054,12.43753247303448,22.135458262058435,0.0,-1.7,1295.2252966862823,-612.7283974280444,-0.0,-0.0,167.85121043234966,263.4408974199532,1.0,0.01942266024034697,0.0,0.0,0.36142523179701685,65.99961422222222,72.820932570866,0.20170734033608007,10.775507432009185,0.0032649916221177944,33.40393728960509,1.212806309913203
2025-01-01 08:53:00,1.772834678514147,0.06861059875785196,0.0,0.02954724464190245,0.0011435099792975326,0.0,0.01113491667404803,0.0,0.09441821072898786,1.6672815511111112,0.0,0.0,0.06861059875785196,0.0,1,0,0,Off,0,0,Off,0,0,Off,0.03860178130225349,0.02895133597669011,On,0.0,0,Off,0.0024050635051169594,0.0,On,0.008729853168931071,0,On,0.002937412385185223,0,On,0.05287901704154915,0.03965926278116185,On,0,0,Off,On,1667.2815511111112,22.222222222222285,1.0,0.0,1.6672815511111112,0.0,1,1667.2815511111112,1667.2815511111112,Off,0.0,0.0,29.740326784224976,51.666666666666686,46.10666666666668,0.0,48.339685048539806,0.0,0.0,0.0,29.740326784224976,47.70408079676684,48.339685048539806,47.38627867088036,12.43753247303448,22.161170611106034,0.0,-1.7,1293.9045889375016,-613.7881673601005,-0.0,-0.0,167.85121043234966,263.9408394252054,1.0,0.019435287818545303,0.0,0.0,0.3616602112138883,65.99961422222222,72.55999475414116,0.20140583207914803,10.787120708452836,0.003265223681375722,33.377065162877535,1.2127005428730198
2025-01-01 08:54:00,1.772834678514147,0.06861059875785196,0.0,0.02954724464190245,0.0011435099792975326,0.0,0.01113491667404803,0.0,0.09441821072898786,1.6672815511111112,0.0,0.0,0.06861059875785196,0.0,1,0,0,Off,0,0,Off,0,0,Off,0.03860178130225349,0.02895133597669011,On,0.0,0,Off,0.0024050635051169594,0.0,On,0.008729853168931071,0,On,0.002937412385185223,0,On,0.05287901704154915,0.03965926278116185,On,0,0,Off,On,1667.2815511111112,22.222222222222285,1.0,0.0,1.6672815511111112,0.0,1,1667.2815511111112,1667.2815511111112,Off,0.0,0.0,29.706059428698783,51.666666666666686,46.10666666666668,0.0,48.33512267420511,0.0,0.0,0.0,29.706059428698783,47.69990699106418,48.33512267420511,47.382299149493726,12.43753247303448,22.186437973461313,0.0,-1.7,1292.6270483199705,-614.8303069339845,-0.0,-0.0,167.85121043234966,264.4370296554294,1.0,0.019447692845617738,0.0,0.0,0.36189104930350224,65.99961422222222,72.32459371049438,0.20111027631194606,10.79849770494368,0.0032654555741743188,33.35040186701348,1.212596621401054
2025-01-01 08:55:00,1.772834678514147,0.06861059875785196,0.0,0.02954724464190245,0.0011435099792975326,0.0,0.01113491667404803,0.0,0.09441821072898786,1.6672815511111112,0.0,0.0,0.06861059875785196,0.0,1,0,0,Off,0,0,Off,0,0,Off,0.03860178130225349,0.02895133597669011,On,0.0,0,Off,0.0024050635051169594,0.0,On,0.008729853168931071,0,On,0.002937412385185223,0,On,0.05287901704154915,0.03965926278116185,On,0,0,Off,On,1667.2815511111112,22.222222222222285,1.0,0.0,1.6672815511111112,0.0,1,1667.2815511111112,1667.2815511111112,Off,0.0,0.0,29.6722947768709,51.666666666666686,46.10666666666668,0.0,48.330565479905324,0.0,0.0,0.0,29.6722947768709,47.69573799449779,48.330565479905324,47.37832425179403,12.43753247303448,22.21127808427708,0.0,-1.7,1291.3905658488102,-615.8555109113065,-0.0,-0.0,167.85121043234966,264.9297566928232,1.0,0.01945988423930329,0.0,0.0,0.3621179120109895,65.99961422222222,72.11331521665586,0.20082042812930256,10.809647766729316,0.0032656873015828713,33.32393914066922,1.2124944717481811
2025-01-01 08:56:00,1.772834678514147,0.06861059875785196,0.0,0.02954724464190245,0.0011435099792975326,0.0,0.01113491667404803,0.0,0.09441821072898786,1.6672815511111112,0.0,0.0,0.06861059875785196,0.0,1,0,0,Off,0,0,Off,0,0,Off,0.03860178130225349,0.02895133597669011,On,0.0,0,Off,0.0024050635051169594,0.0,On,0.008729853168931071,0,On,0.002937412385185223,0,On,0.05287901704154915,0.03965926278116185,On,0,0,Off,On,1667.2815511111112,22.222222222222285,1.0,0.0,1.6672815511111112,0.0,1,1667.2815511111112,1667.2815511111112,Off,0.0,0.0,29.639013142925158,51.666666666666686,46.10666666666668,0.0,48.326013390839925,0.0,0.0,0.0,29.639013142925158,47.6915737365174,48.326013390839925,47.374353909356145,12.43753247303448,22.23570779266851,0.0,-1.7,1290.1931508146831,-616.8644400381756,-0.0,-0.0,167.85121043234966,265.41927555454777,1.0,0.019471870467729805,0.0,0.0,0.36234095691492213,65.99961422222222,71.92482930939812,0.20053605542874417,10.819854241768754,0.0032659188646283746,33.297669137285176,1.2123940238671493
2025-01-01 08:57:00,1.772834678514147,0.06861059875785196,0.0,0.02954724464190245,0.0011435099792975326,0.0,0.01113491667404803,0.0,0.09441821072898786,1.6672815511111112,0.0,0.0,0.06861059875785196,0.0,1,0,0,Off,0,0,Off,0,0,Off,0.03860178130225349,0.02895133597669011,On,0.0,0,Off,0.0024050635051169594,0.0,On,0.008729853168931071,0,On,0.002937412385185223,0,On,0.05287901704154915,0.03965926278116185,On,0,0,Off,On,1667.2815511111112,22.222222222222285,1.0,0.0,1.6672815511111112,0.0,1,1667.2815511111112,1667.2815511111112,Off,0.0,0.0,29.606195814836514,51.666666666666686,46.10666666666668,0.0,48.32146633513528,0.0,0.0,0.0,29.606195814836514,47.68741414933551,48.32146633513528,47.37038805643563,12.43753247303448,22.259743113688113,0.0,-1.7,1289.0329233055159,-617.8577229919281,-0.0,-0.0,167.85121043234966,265.905811401041,1.0,0.019483659576078182,0.0,0.0,0.36256033372349344,65.99961422222222,71.7578847539832,0.2002569381188591,10.830575920929308,0.003266150264297644,33.271584400600396,1.2122952111942127
2025-01-01 08:58:00,1.772834678514147,0.06861059875785196,0.0,0.02954724464190245,0.0011435099792975326,0.0,0.01113491667404803,0.0,0.09441821072898786,1.6672815511111112,0.0,0.0,0.06861059875785196,0.0,1,0,0,Off,0,0,Off,0,0,Off,0.03860178130225349,0.02895133597669011,On,0.0,0,Off,0.0024050635051169594,0.0,On,0.008729853168931071,0,On,0.002937412385185223,0,On,0.05287901704154915,0.03965926278116185,On,0,0,Off,On,1667.2815511111112,22.222222222222285,1.0,0.0,1.6672815511111112,0.0,1,1667.2815511111112,1667.2815511111112,Off,0.0,0.0,29.573824997581575,51.666666666666686,46.10666666666668,0.0,48.316924243699845,0.0,0.0,0.0,29.573824997581575,47.68325916779067,48.316924243699845,47.36642662983609,12.43753247303448,22.283399276811622,0.0,-1.7,1287.9081072490094,-618.8359582009421,-0.0,-0.0,167.85121043234966,266.389562814327,1.0,0.019495259211433802,0.0,0.0,0.36277618473696366,65.99961422222222,71.6113039064906,0.1999828673840882,10.84109601747394,0.003266381501539304,33.245677841825604,1.2121979704455146
2025-01-01 08:59:00,1.772834678514147,0.06861059875785196,0.0,0.02954724464190245,0.0011435099792975326,0.0,0.01113491667404803,0.0,0.09441821072898786,1.6672815511111112,0.0,0.0,0.06861059875785196,0.0,1,0,0,Off,0,0,Off,0,0,Off,0.03860178130225349,0.02895133597669011,On,0.0,0,Off,0.0024050635051169594,0.0,On,0.008729853168931071,0,On,0.002937412385185223,0,On,0.05287901704154915,0.03965926278116185,On,0,0,Off,On,1667.2815511111112,22.222222222222285,1.0,0.0,1.6672815511111112,0.0,1,1667.2815511111112,1667.2815511111112,Off,0.0,0.0,29.541883760399518,51.666666666666686,46.10666666666668,0.0,48.3123870500879,0.0,0.0,0.0,29.541883760399518,47.67910872921884,48.3123870500879,47.36246956878431,12.43753247303448,22.3066907711978,0.0,-1.7,1286.8170239917445,-619.7997155467796,-0.0,-0.0,167.85121043234966,266.8707050256593,1.0,0.019506676645963852,0.0,0.0,0.3629886452789536,65.99961422222222,71.48397799506313,0.1997136450013076,10.852149783745856,0.003266612577265661,33.219942718348754,1.2121022414271034
2025-01-01 09:00:00,1.7723691823518664,0.06861059875785196,0.0,0.029539486372531107,0.0011435099792975326,0.0,0.010669420511767329,0.0,0.09441821072898786,1.6672815511111112,0.0,0.0,0.06861059875785196,0.0,1,0,0,Off,0,0,Off,0,0,Off,0.03860178130225349,0.02895133597669011,On,0.0,0,Off,0.0019395673428362575,0.0,On,0.008729853168931071,0,On,0.002937412385185223,0,On,0.05287901704154915,0.03965926278116185,On,0,0,Off,On,1667.2815511111112,22.222222222222285,1.0,0.0,1.6672815511111112,0.0,1,1667.2815511111112,1667.2815511111112,Off,0.0,0.0,29.510355987360853,51.666666666666686,46.10666666666668,0.0,48.307854690370974,0.0,0.0,0.0,29.510355987360853,47.67496277333204,48.307854690370974,47.35851681481258,12.43753247303448,22.329631387965136,0.0,-1.7,1285.2925898908593,-620.7495379572333,-0.0,-0.0,167.38571427006897,267.3493912093622,1.0,0.01951791879854835,0.0,0.0,0.36319784409896433,65.99961422222222,71.37486246691228,0.19944908270411585,10.862289921662367,0.0032668434923544673,33.194372613855954,1.2120079668575507
2025-01-01 09:01:00,1.7723691823518664,0.06861059875785196,0.0,0.029539486372531107,0.0011435099792975326,0.0,0.010669420511767329,0.0,0.09441821072898786,1.6672815511111112,0.0,0.0,0.06861059875785196,0.0,1,0,0,Off,0,0,Off,0,0,Off,0.03860178130225349,0.02895133597669011,On,0.0,0,Off,0.0019395673428362575,0.0,On,0.008729853168931071,0,On,0.002937412385185223,0,On,0.05287901704154915,0.03965926278116185,On,0,0,Off,On,1667.2815511111112,22.222222222222285,1.0,0.0,1.6672815511111112,0.0,1,1667.2815511111112,1667.2815511111112,Off,0.0,0.0,29.479245885946497,51.666666666666686,46.10666666666668,0.0,48.30332710301677,0.0,0.0,0.0,29.479245885946497,47.670821242104054,48.30332710301677,47.354568311647704,12.43753247303448,22.352217452680353,0.0,-1.7,1284.2656802618105,-621.6852463980216,-0.0,-0.0,167.38571427006897,267.82575670457817,1.0,0.019528984022161553,0.0,0.0,0.363403750548431,65.99961422222222,71.2836612786518,0.19918920524526143,10.872241554396144,0.0032670742476505876,33.16896950137963,1.2119151611312828
2025-01-01 09:02:00,1.7723691823518664,0.06861059875785196,0.0,0.029539486372531107,0.0011435099792975326,0.0,0.010669420511767329,0.0,0.09441821072898786,1.6672815511111112,0.0,0.0,0.06861059875785196,0.0,1,0,0,Off,0,0,Off,0,0,Off,0.03860178130225349,0.02895133597669011,On,0.0,0,Off,0.0019395673428362575,0.0,On,0.008729853168931071,0,On,0.002937412385185223,0,On,0.05287901704154915,0.03965926278116185,On,0,0,Off,On,1667.2815511111112,22.222222222222285,1.0,0.0,1.6672815511111112,0.0,1,1667.2815511111112,1667.2815511111112,Off,0.0,0.0,29.448518726254385,51.666666666666686,46.10666666666668,0.0,48.298804225868395,0.0,0.0,0.0,29.448518726254385,47.666684076918166,48.298804225868395,47.350624002443055,12.43753247303448,22.374478756841274,0.0,-1.7,1283.2678515339455,-622.6080495792249,-0.0,-0.0,167.38571427006897,268.2999197645185,1.0,0.01953988705768016,0.0,0.0,0.36360663893193973,65.99961422222222,71.20863573199023,0.19893363256444463,10.88202025151113,0.003267304844010636,33.14371925832399,1.211823701414239
2025-01-01 09:03:00,1.7723691823518664,0.06861059875785196,0.0,0.029539486372531107,0.0011435099792975326,0.0,0.010669420511767329,0.0,0.09441821072898786,1.6672815511111112,0.0,0.0,0.06861059875785196,0.0,1,0,0,Off,0,0,Off,0,0,Off,0.03860178130225349,0.02895133597669011,On,0.0,0,Off,0.0019395673428362575,0.0,On,0.008729853168931071,0,On,0.002937412385185223,0,On,0.05287901704154915,0.03965926278116185,On,0,0,Off,On,1667.2815511111112,22.222222222222285,1.0,0.0,1.6672815511111112,0.0,1,1667.2815511111112,1667.2815511111112,Off,0.0,0.0,29.418160604560754,51.666666666666686,46.10666666666668,0.0,48.29428600193171,0.0,0.0,0.0,29.418160604560754,47.66255122403171,48.29428600193171,47.34668383508171,12.43753247303448,22.396427196830185,0.0,-1.7,1282.297838393879,-623.5184170530581,-0.0,-0.0,167.38571427006897,268.7719836930563,1.0,0.01955063386629634,0.0,0.0,0.36380662017792337,65.99961422222222,71.14899006575672,0.19868220324657407,10.891632280194276,0.00326753528221717,33.118616353741125,1.2117335383252976
2025-01-01 09:04:00,1.7723691823518664,0.06861059875785196,0.0,0.029539486372531107,0.0011435099792975326,0.0,0.010669420511767329,0.0,0.09441821072898786,1.6672815511111112,0.0,0.0,0.06861059875785196,0.0,1,0,0,Off,0,0,Off,0,0,Off,0.03860178130225349,0.02895133597669011,On,0.0,0,Off,0.0019395673428362575,0.0,On,0.008729853168931071,0,On,0.002937412385185223,0,On,0.05287901704154915,0.03965926278116185,On,0,0,Off,On,1667.2815511111112,22.222222222222285,1.0,0.0,1.6672815511111112,0.0,1,1667.2815511111112,1667.2815511111112,Off,0.0,0.0,29.388158259444687,51.666666666666686,46.10666666666668,0.0,48.28977237627985,0.0,0.0,0.0,29.388158259444687,47.658422631653295,48.28977237627985,47.34274775934002,12.43753247303448,22.41807411887991,0.0,-1.7,1281.3543799360182,-624.4167970272548,-0.0,-0.0,167.38571427006897,269.2420384604485,1.0,0.019561230131366507,0.0,0.0,0.3640038000447272,65.99961422222222,71.10391158209279,0.1984347636396045,10.901083617633578,0.0032677655630243773,33.09365551349361,1.2116446247762584
2025-01-01 09:05:00,0.1050876312407552,0.06861059875785196,0.0,0.0017514605206792532,0.0011435099792975326,0.0,0.010669420511767329,0.0,0.09441821072898786,0.0,0.0,0.0,0.06861059875785196,0.0,1,0,0,Off,0,0,Off,0,0,Off,0.03860178130225349,0.02895133597669011,On,0.0,0,Off,0.0019395673428362575,0.0,On,0.008729853168931071,0,On,0.002937412385185223,0,On,0.05287901704154915,0.03965926278116185,On,0,0,Off,Off,0.0,22.222222222222285,0.0,0.0,0.0,0.0,0,0.0,1667.2815511111112,Off,0.0,0.0,29.358499039570816,51.666666666666686,46.10666666666668,0.0,48.285263295957705,0.0,0.0,0.0,29.358499039570816,47.65429824985266,48.285263295957705,47.33881572680014,12.43753247303448,22.439430346735065,0.0,-1.7,-386.84528429378474,-625.3036174079454,-0.0,-0.0,167.38571427006897,269.71016214844343,1.0,0.019571681272558965,0.0,0.0,0.3641982793838746,65.99961422222222,71.07261884409164,0.19819116743972923,10.911111481150993,0.0032679956871593877,33.06883170731287,1.2115569158557946
2025-01-01 09:06:00,0.1050876312407552,0.06861059875785196,0.0,0.0017514605206792532,0.0011435099792975326,0.0,0.010669420511767329,0.0,0.09441821072898786,0.0,0.0,0.0,0.06861059875785196,0.0,1,0,0,Off,0,0,Off,0,0,Off,0.03860178130225349,0.02895133597669011,On,0.0,0,Off,0.0019395673428362575,0.0,On,0.008729853168931071,0,On,0.002937412385185223,0,On,0.05287901704154915,0.03965926278116185,On,0,0,Off,Off,0.0,22.222222222222285,0.0,0.0,0.0,0.0,0,0.0,1667.2815511111112,Off,0.0,0.0,29.399209840646318,51.666666666666686,46.10666666666668,0.0,48.28075870989123,0.0,0.0,0.0,29.399209840646318,47.650178030475054,48.28075870989123,47.33488769076697,12.43753247303448,22.400308017015227,0.0,-1.7,-383.38411632035195,-623.6794390613051,-0.0,-0.0,167.38571427006897,270.17642223196634,1.0,0.01955253375753902,0.0,0.0,0.36384197417291053,65.99961422222222,72.90960847088417,0.19867706912999047,10.894130114237715,0.0032682256553235194,33.07316731817324,1.2117171230706216
2025-01-01 09:07:00,0.1050876312407552,0.06861059875785196,0.0,0.0017514605206792532,0.0011435099792975326,0.0,0.010669420511767329,0.0,0.09441821072898786,0.0,0.0,0.0,0.06861059875785196,0.0,1,0,0,Off,0,0,Off,0,0,Off,0.03860178130225349,0.02895133597669011,On,0.0,0,Off,0.0019395673428362575,0.0,On,0.008729853168931071,0,On,0.002937412385185223,0,On,0.05287901704154915,0.03965926278116185,On,0,0,Off,Off,0.0,22.222222222222285,0.0,0.0,0.0,0.0,0,0.0,1667.2815511111112,Off,0.0,0.0,29.438280519381298,51.666666666666686,46.10666666666668,0.0,48.27624815879886,0.0,0.0,0.0,29.438280519381298,47.64605209767758,48.27624815879886,47.330954067116956,12.43753247303448,22.362589644530917,0.0,-1.7,-379.03481590400537,-622.1151395402849,-0.0,-0.0,167.38571427006897,270.64087673193103,1.0,0.01953406444554925,0.0,0.0,0.36349828925619826,65.99961422222222,75.69460936621053,0.19914729532701733,10.87786804259283,0.0032684556232292395,33.076862606267355,1.2118716151702402
2025-01-01 09:08:00,0.1050876312407552,0.06861059875785196,0.0,0.0017514605206792532,0.0011435099792975326,0.0,0.010669420511767329,0.0,0.09441821072898786,0.0,0.0,0.0,0.06861059875785196,0.0,1,0,0,Off,0,0,Off,0,0,Off,0.03860178130225349,0.02895133597669011,On,0.0,0,Off,0.0019395673428362575,0.0,On,0.008729853168931071,0,On,0.002937412385185223,0,On,0.05287901704154915,0.03965926278116185,On,0,0,Off,Off,0.0,22.222222222222285,0.0,0.0,0.0,0.0,0,0.0,1667.2815511111112,Off,0.0,0.0,29.475757338657978,51.666666666666686,46.10666666666668,0.0,48.27173188651077,0.0,0.0,0.0,29.475757338657978,47.641920681637686,48.27173188651077,47.32701507920115,12.43753247303448,22.32623569711726,0.0,-1.7,-376.1800372387857,-620.608907865528,-0.0,-0.0,167.38571427006897,271.1035752419791,1.0,0.0195162549302292,0.0,0.0,0.36316688212025044,65.99961422222222,77.04315635667326,0.19960219435634322,10.862305240498921,0.0032686855875093367,33.079934437148864,1.2120205499240948
2025-01-01 09:09:00,0.1050876312407552,0.06861059875785196,0.0,0.0017514605206792532,0.0011435099792975326,0.0,0.010669420511767329,0.0,0.09441821072898786,0.0,0.0,0.0,0.06861059875785196,0.0,1,0,0,Off,0,0,Off,0,0,Off,0.03860178130225349,0.02895133597669011,On,0.0,0,Off,0.0019395673428362575,0.0,On,0.008729853168931071,0,On,0.002937412385185223,0,On,0.05287901704154915,0.03965926278116185,On,0,0,Off,Off,0.0,22.222222222222285,0.0,0.0,0.0,0.0,0,0.0,1667.2815511111112,Off,0.0,0.0,29.511781933513966,51.666666666666686,46.10666666666668,0.0,48.267210129978,0.0,0.0,0.0,29.511781933513966,47.637784006040185,48.267210129978,47.32307094407128,12.43753247303448,22.291124664148565,0.0,-1.7,-372.47366318655213,-619.1555537105039,-0.0,-0.0,167.38571427006897,271.56455984656,1.0,0.01949904655014035,0.0,0.0,0.3628466611677393,65.99961422222222,79.29617625388278,0.20004312151942164,10.8473790714756,0.0032689155448851442,33.08243947979087,1.2121644217649759
2025-01-01 09:10:00,0.1050876312407552,0.06861059875785196,0.0,0.0017514605206792532,0.0011435099792975326,0.0,0.010669420511767329,0.0,0.09441821072898786,0.0,0.0,0.0,0.06861059875785196,0.0,1,0,0,Off,0,0,Off,0,0,Off,0.03860178130225349,0.02895133597669011,On,0.0,0,Off,0.0019395673428362575,0.0,On,0.008729853168931071,0,On,0.002937412385185223,0,On,0.05287901704154915,0.03965926278116185,On,0,0,Off,Off,0.0,22.222222222222285,0.0,0.0,0.0,0.0,0,0.0,1667.2815511111112,Off,0.0,0.0,29.54639061691793,51.666666666666686,46.10666666666668,0.0,48.26268310509715,0.0,0.0,0.0,29.54639061691793,47.633642274692605,48.26268310509715,47.31912185949033,12.43753247303448,22.25722553896005,0.0,-1.7,-369.8553029650317,-617.7536519367601,-0.0,-0.0,167.38571427006897,272.0238662544423,1.0,0.019482424896464595,0.0,0.0,0.36253735827316824,65.99961422222222,80.51263470165942,0.20047034572640315,10.833073872312031,0.0032691454923792066,33.08439082195556,1.2123033543200865
2025-01-01 09:11:00,0.1050876312407552,0.06861059875785196,0.0,0.0017514605206792532,0.0011435099792975326,0.0,0.010669420511767329,0.0,0.09441821072898786,0.0,0.0,0.0,0.06861059875785196,0.0,1,0,0,Off,0,0,Off,0,0,Off,0.03860178130225349,0.02895133597669011,On,0.0,0,Off,0.0019395673428362575,0.0,On,0.008729853168931071,0,On,0.002937412385185223,0,On,0.05287901704154915,0.03965926278116185,On,0,0,Off,Off,0.0,22.222222222222285,0.0,0.0,0.0,0.0,0,0.0,1667.2815511111112,Off,0.0,0.0,29.57969761395225,51.666666666666686,46.10666666666668,0.0,48.258151022364906,0.0,0.0,0.0,29.57969761395225,47.62949568630626,48.258151022364906,47.31516801827693,12.43753247303448,22.22444034460221,0.0,-1.7,-366.5000659859829,-616.3990209404745,-0.0,-0.0,167.38571427006897,272.48152329986414,1.0,0.019466342651051353,0.0,0.0,0.3622380929199998,65.99961422222222,82.51324068442267,0.2008849618778684,10.819339154256074,0.0032693754270825158,33.08583413878498,1.2124377463514442
2025-01-01 09:12:00,0.1050876312407552,0.06861059875785196,0.0,0.0017514605206792532,0.0011435099792975326,0.0,0.010669420511767329,0.0,0.09441821072898786,0.0,0.0,0.0,0.06861059875785196,0.0,1,0,0,Off,0,0,Off,0,0,Off,0.03860178130225349,0.02895133597669011,On,0.0,0,Off,0.0019395673428362575,0.0,On,0.008729853168931071,0,On,0.002937412385185223,0,On,0.05287901704154915,0.03965926278116185,On,0,0,Off,Off,0.0,22.222222222222285,0.0,0.0,0.0,0.0,0,0.0,1667.2815511111112,Off,0.0,0.0,29.611735030965374,51.666666666666686,46.10666666666668,0.0,48.25361407529782,0.0,0.0,0.0,29.611735030965374,47.62534442356191,48.25361407529782,47.31120959769396,12.43753247303448,22.192741668821604,0.0,-1.7,-364.1178249171847,-615.0904093833112,-0.0,-0.0,167.38571427006897,272.9375554503131,1.0,0.019450787029128284,0.0,0.0,0.3619486272036809,65.99961422222222,83.58687019605756,0.20128721367164054,10.80543726094542,0.0032696053463286937,33.08678104886592,1.2125677073727936
2025-01-01 09:13:00,0.1050876312407552,0.06861059875785196,0.0,0.0017514605206792532,0.0011435099792975326,0.0,0.010669420511767329,0.0,0.09441821072898786,0.0,0.0,0.0,0.06861059875785196,0.0,1,0,0,Off,0,0,Off,0,0,Off,0.03860178130225349,0.02895133597669011,On,0.0,0,Off,0.0019395673428362575,0.0,On,0.008729853168931071,0,On,0.002937412385185223,0,On,0.05287901704154915,0.03965926278116185,On,0,0,Off,Off,0.0,22.222222222222285,0.0,0.0,0.0,0.0,0,0.0,1667.2815511111112,Off,0.0,0.0,29.642603739979343,51.666666666666686,46.10666666666668,0.0,48.249072452638025,0.0,0.0,0.0,29.642603739979343,47.621188664634495,48.249072452638025,47.30724677063274,12.43753247303448,22.1620429910587,0.0,-1.7,-361.0844752709569,-613.8241364946864,-0.0,-0.0,167.38571427006897,273.39198216883557,1.0,0.019435716180307906,0.0,0.0,0.361668182354166,65.99961422222222,85.35394695366054,0.20167807662366097,10.79204932469849,0.0032698352475120417,33.08727199545145,1.2126935898197235
2025-01-01 09:14:00,0.1050876312407552,0.06861059875785196,0.0,0.0017514605206792532,0.0011435099792975326,0.0,0.010669420511767329,0.0,0.09441821072898786,0.0,0.0,0.0,0.06861059875785196,0.0,1,0,0,Off,0,0,Off,0,0,Off,0.03860178130225349,0.02895133597669011,On,0.0,0,Off,0.0019395673428362575,0.0,On,0.008729853168931071,0,On,0.002937412385185223,0,On,0.05287901704154915,0.03965926278116185,On,0,0,Off,Off,0.0,22.222222222222285,0.0,0.0,0.0,0.0,0,0.0,1667.2815511111112,Off,0.0,0.0,29.672331668264825,51.666666666666686,46.10666666666668,0.0,48.24452632813253,0.0,0.0,0.0,29.672331668264825,47.617028573542385,48.24452632813253,47.30327969624732,12.43753247303448,22.132320472293863,0.0,-1.7,-358.9084070159813,-612.5991190311896,-0.0,-0.0,167.38571427006897,273.84481874834347,1.0,0.019421118959741506,0.0,0.0,0.36139655098330753,65.99961422222222,86.30499774513933,0.20205776600968176,10.779885130697739,0.0032700651282416807,33.08731709412647,1.2128154890571656
2025-01-01 09:15:00,0.1050876312407552,0.06861059875785196,0.0,0.0017514605206792532,0.0011435099792975326,0.0,0.010669420511767329,0.0,0.09441821072898786,0.0,0.0,0.0,0.06861059875785196,0.0,1,0,0,Off,0,0,Off,0,0,Off,0.03860178130225349,0.02895133597669011,On,0.0,0,Off,0.0019395673428362575,0.0,On,0.008729853168931071,0,On,0.002937412385185223,0,On,0.05287901704154915,0.03965926278116185,On,0,0,Off,Off,0.0,22.222222222222285,0.0,0.0,0.0,0.0,0,0.0,1667.2815511111112,Off,0.0,0.0,29.70100750375137,51.666666666666686,46.10666666666668,0.0,48.2399758713753,0.0,0.0,0.0,29.70100750375137,47.61286431038461,48.2399758713753,47.29930852988926,12.43753247303448,22.10349804587261,0.0,-1.7,-356.15732192200085,-611.412129945261,-0.0,-0.0,167.38571427006897,274.29607679082665,1.0,0.01940695852426045,0.0,0.0,0.3611330474975463,65.99961422222222,87.86909375319115,0.2024271460383512,10.76746064615536,0.0032702949861794692,33.08695198356265,1.212933715164898
2025-01-01 09:16:00,0.1050876312407552,0.06861059875785196,0.0,0.0017514605206792532,0.0011435099792975326,0.0,0.010669420511767329,0.0,0.09441821072898786,0.0,0.0,0.0,0.06861059875785196,0.0,1,0,0,Off,0,0,Off,0,0,Off,0.03860178130225349,0.02895133597669011,On,0.0,0,Off,0.0019395673428362575,0.0,On,0.008729853168931071,0,On,0.002937412385185223,0,On,0.05287901704154915,0.03965926278116185,On,0,0,Off,Off,0.0,22.222222222222285,0.0,0.0,0.0,0.0,0,0.0,1667.2815511111112,Off,0.0,0.0,29.72865569024756,51.666666666666686,46.10666666666668,0.0,48.23542123877633,0.0,0.0,0.0,29.72865569024756,47.60869602281355,48.23542123877633,47.295333414832164,12.43753247303448,22.07555485050188,0.0,-1.7,-354.16375432298435,-610.2622255636786,-0.0,-0.0,167.38571427006897,274.7457646283963,1.0,0.019393225098224387,0.0,0.0,0.3608774899875539,65.99961422222222,88.71275697062526,0.20278640799757405,10.755488106087746,0.0032705248191765486,33.08618552775297,1.213048351704014
2025-01-01 09:17:00,0.1050876312407552,0.06861059875785196,0.0,0.0017514605206792532,0.0011435099792975326,0.0,0.010669420511767329,0.0,0.09441821072898786,0.0,0.0,0.0,0.06861059875785196,0.0,1,0,0,Off,0,0,Off,0,0,Off,0.03860178130225349,0.02895133597669011,On,0.0,0,Off,0.0019395673428362575,0.0,On,0.008729853168931071,0,On,0.002937412385185223,0,On,0.05287901704154915,0.03965926278116185,On,0,0,Off,Off,0.0,22.222222222222285,0.0,0.0,0.0,0.0,0,0.0,1667.2815511111112,Off,0.0,0.0,29.755354425265658,51.666666666666686,46.10666666666668,0.0,48.230862583110564,0.0,0.0,0.0,29.755354425265658,47.604523855051156,48.230862583110564,47.29135449102146,12.43753247303448,22.048423820132548,0.0,-1.7,-351.66184358077606,-609.1465680235536,-0.0,-0.0,167.38571427006897,275.1938877087406,1.0,0.01937988615749255,0.0,0.0,0.36062927323010296,65.99961422222222,90.0990101727086,0.20313631923105227,10.743932849159183,0.003270754625130198,33.08504921765457,1.2131596722497338
2025-01-01 09:18:00,0.1050876312407552,0.06861059875785196,0.0,0.0017514605206792532,0.0011435099792975326,0.0,0.010669420511767329,0.0,0.09441821072898786,0.0,0.0,0.0,0.06861059875785196,0.0,1,0,0,Off,0,0,Off,0,0,Off,0.03860178130225349,0.02895133597669011,On,0.0,0,Off,0.0019395673428362575,0.0,On,0.008729853168931071,0,On,0.002937412385185223,0,On,0.05287901704154915,0.03965926278116185,On,0,0,Off,Off,0.0,22.222222222222285,0.0,0.0,0.0,0.0,0,0.0,1667.2815511111112,Off,0.0,0.0,29.78112519769049,51.666666666666686,46.10666666666668,0.0,48.22630004552838,0.0,0.0,0.0,29.78112519769049,47.60034794034499,48.22630004552838,47.28737188775329,12.43753247303448,22.022086618714784,0.0,-1.7,-349.8300568619037,-608.0643314336095,-0.0,-0.0,167.38571427006897,275.6404489367686,1.0,0.019366933090607337,0.0,0.0,0.3603882369794793,65.99961422222222,90.84856030163681,0.20347705031069266,10.73278555188488,0.003270984402104942,33.08355085474682,1.2132677503382225
2025-01-01 09:19:00,0.1050876312407552,0.06861059875785196,0.0,0.0017514605206792532,0.0011435099792975326,0.0,0.010669420511767329,0.0,0.09441821072898786,0.0,0.0,0.0,0.06861059875785196,0.0,1,0,0,Off,0,0,Off,0,0,Off,0.03860178130225349,0.02895133597669011,On,0.0,0,Off,0.0019395673428362575,0.0,On,0.008729853168931071,0,On,0.002937412385185223,0,On,0.05287901704154915,0.03965926278116185,On,0,0,Off,Off,0.0,22.222222222222285,0.0,0.0,0.0,0.0,0,0.0,1667.2815511111112,Off,0.0,0.0,29.806037096431314,51.666666666666686,46.10666666666668,0.0,48.22173376398451,0.0,0.0,0.0,29.806037096431314,47.59616840892681,48.22173376398451,47.283385731397956,12.43753247303448,21.996483995067525,0.0,-1.7,-347.54854643026516,-607.0130145906011,-0.0,-0.0,167.38571427006897,276.08544898093044,1.0,0.01935433713029009,0.0,0.0,0.36015384592176464,65.99961422222222,92.07875389026694,0.20380928358035036,10.721297946564029,0.003271214148205853,33.08171831846669,1.2133728278174893
2025-01-01 09:20:00,0.1050876312407552,0.06861059875785196,0.0,0.0017514605206792532,0.0011435099792975326,0.0,0.010669420511767329,0.0,0.09441821072898786,0.0,0.0,0.0,0.06861059875785196,0.0,1,0,0,Off,0,0,Off,0,0,Off,0.03860178130225349,0.02895133597669011,On,0.0,0,Off,0.0019395673428362575,0.0,On,0.008729853168931071,0,On,0.002937412385185223,0,On,0.05287901704154915,0.03965926278116185,On,0,0,Off,Off,0.0,22.222222222222285,0.0,0.0,0.0,0.0,0,0.0,1667.2815511111112,Off,0.0,0.0,29.830109098423637,51.666666666666686,46.10666666666668,0.0,48.21716386616312,0.0,0.0,0.0,29.830109098423637,47.59198538133235,48.21716386616312,47.279396138916965,12.43753247303448,21.97159975931296,0.0,-1.7,-345.86053111290715,-605.9918912648455,-0.0,-0.0,167.38571427006897,276.5288865519867,1.0,0.019342090656812402,0.0,0.0,0.3599259582657692,65.99961422222222,92.74564588186944,0.2041331717226702,10.710897865894104,0.003271443861686066,33.079558506761536,1.2134749696924487
2025-01-01 09:21:00,0.1050876312407552,0.06861059875785196,0.0,0.0017514605206792532,0.0011435099792975326,0.0,0.010669420511767329,0.0,0.09441821072898786,0.0,0.0,0.0,0.06861059875785196,0.0,1,0,0,Off,0,0,Off,0,0,Off,0.03860178130225349,0.02895133597669011,On,0.0,0,Off,0.0019395673428362575,0.0,On,0.008729853168931071,0,On,0.002937412385185223,0,On,0.05287901704154915,0.03965926278116185,On,0,0,Off,Off,0.0,22.222222222222285,0.0,0.0,0.0,0.0,0,0.0,1667.2815511111112,Off,0.0,0.0,29.853402366274,51.666666666666686,46.10666666666668,0.0,48.21259047692623,0.0,0.0,0.0,29.853402366274,47.58779897543408,48.21259047692623,47.27540322468801,12.43753247303448,21.94738146055654,0.0,-1.7,-343.7744436162593,-604.9987522036986,-0.0,-0.0,167.38571427006897,276.9707589403899,1.0,0.019330168177481157,0.0,0.0,0.3597040996324734,65.99961422222222,93.83859431737034,0.2044493223964539,10.700839746759105,0.003271673540834517,33.077096148005424,1.2135743901775975
2025-01-01 09:22:00,0.1050876312407552,0.06861059875785196,0.0,0.0017514605206792532,0.0011435099792975326,0.0,0.010669420511767329,0.0,0.09441821072898786,0.0,0.0,0.0,0.06861059875785196,0.0,1,0,0,Off,0,0,Off,0,0,Off,0.03860178130225349,0.02895133597669011,On,0.0,0,Off,0.0019395673428362575,0.0,On,0.008729853168931071,0,On,0.002937412385185223,0,On,0.05287901704154915,0.03965926278116185,On,0,0,Off,Off,0.0,22.222222222222285,0.0,0.0,0.0,0.0,0,0.0,1667.2815511111112,Off,0.0,0.0,29.875933734935312,51.666666666666686,46.10666666666668,0.0,48.208013712043616,0.0,0.0,0.0,29.875933734935312,47.58360930052083,48.208013712043616,47.27140709475943,12.43753247303448,21.9238147386855,0.0,-1.7,-342.2144884057502,-604.0329558025843,-0.0,-0.0,167.38571427006897,277.41106105648765,1.0,0.019318562919893353,0.0,0.0,0.35948814399808393,65.99961422222222,94.43275312676508,0.20475787281083335,10.690400946059041,0.0032719031840714712,33.07433736961069,1.2136711469956074
2025-01-01 09:23:00,0.1050876312407552,0.06861059875785196,0.0,0.0017514605206792532,0.0011435099792975326,0.0,0.010669420511767329,0.0,0.09441821072898786,0.0,0.0,0.0,0.06861059875785196,0.0,1,0,0,Off,0,0,Off,0,0,Off,0.03860178130225349,0.02895133597669011,On,0.0,0,Off,0.0019395673428362575,0.0,On,0.008729853168931071,0,On,0.002937412385185223,0,On,0.05287901704154915,0.03965926278116185,On,0,0,Off,Off,0.0,22.222222222222285,0.0,0.0,0.0,0.0,0,0.0,1667.2815511111112,Off,0.0,0.0,29.897757450263793,51.666666666666686,46.10666666666668,0.0,48.203433684781366,0.0,0.0,0.0,29.897757450263793,47.57941646351874,48.203433684781366,47.26740785288743,12.43753247303448,21.900853076783687,0.0,-1.7,-340.30207520361546,-603.0925467560046,-0.0,-0.0,167.38571427006897,277.8497874053444,1.0,0.019307252253222804,0.0,0.0,0.3592776702384344,65.99961422222222,95.40475728232013,0.2050593648663399,10.680988825448651,0.003272132789848957,33.07130414324727,1.213765430227254
2025-01-01 09:24:00,0.1050876312407552,0.06861059875785196,0.0,0.0017514605206792532,0.0011435099792975326,0.0,0.010669420511767329,0.0,0.09441821072898786,0.0,0.0,0.0,0.06861059875785196,0.0,1,0,0,Off,0,0,Off,0,0,Off,0.03860178130225349,0.02895133597669011,On,0.0,0,Off,0.0019395673428362575,0.0,On,0.008729853168931071,0,On,0.002937412385185223,0,On,0.05287901704154915,0.03965926278116185,On,0,0,Off,Off,0.0,22.222222222222285,0.0,0.0,0.0,0.0,0,0.0,1667.2815511111112,Off,0.0,0.0,29.918888515284834,51.666666666666686,46.10666666666668,0.0,48.19885050034153,0.0,0.0,0.0,29.918888515284834,47.57522056374104,48.19885050034153,47.26340559544081,12.43753247303448,21.878483679240684,0.0,-1.7,-338.8564430443723,-602.1769555485845,-0.0,-0.0,167.38571427006897,278.2869310765729,1.0,0.019296230130964213,0.0,0.0,0.3590725658375485,65.99961422222222,95.93479823414322,0.2053539223689784,10.671166883381627,0.0032723623567356935,33.06800193752658,1.213857291361868
2025-01-01 09:25:00,0.1050876312407552,0.06861059875785196,0.0,0.0017514605206792532,0.0011435099792975326,0.0,0.010669420511767329,0.0,0.09441821072898786,0.0,0.0,0.0,0.06861059875785196,0.0,1,0,0,Off,0,0,Off,0,0,Off,0.03860178130225349,0.02895133597669011,On,0.0,0,Off,0.0019395673428362575,0.0,On,0.008729853168931071,0,On,0.002937412385185223,0,On,0.05287901704154915,0.03965926278116185,On,0,0,Off,Off,0.0,22.222222222222285,0.0,0.0,0.0,0.0,0,0.0,1667.2815511111112,Off,0.0,0.0,29.93937512441328,51.666666666666686,46.10666666666668,0.0,48.19426426169491,0.0,0.0,0.0,29.93937512441328,47.57102169839541,48.19426426169491,47.25940041674566,12.43753247303448,21.856665220609745,0.0,-1.7,-337.098720114348,-601.2844483868924,-0.0,-0.0,167.38571427006897,278.7224842025732,1.0,0.019285476429676658,0.0,0.0,0.3588724563297656,65.99961422222222,96.8000140024755,0.20564202920855276,10.661629040729974,0.003272591883328717,33.06445030640671,1.2139468993496423
2025-01-01 09:26:00,0.1050876312407552,0.06861059875785196,0.0,0.0017514605206792532,0.0011435099792975326,0.0,0.010669420511767329,0.0,0.09441821072898786,0.0,0.0,0.0,0.06861059875785196,0.0,1,0,0,Off,0,0,Off,0,0,Off,0.03860178130225349,0.02895133597669011,On,0.0,0,Off,0.0019395673428362575,0.0,On,0.008729853168931071,0,On,0.002937412385185223,0,On,0.05287901704154915,0.03965926278116185,On,0,0,Off,Off,0.0,22.222222222222285,0.0,0.0,0.0,0.0,0,0.0,1667.2815511111112,Off,0.0,0.0,29.95923070957337,51.666666666666686,46.10666666666668,0.0,48.189675064647815,0.0,0.0,0.0,29.95923070957337,47.566819957925816,48.189675064647815,47.25539240456482,12.43753247303448,21.835386246769218,0.0,-1.7,-335.7553718678821,-600.4145173593844,-0.0,-0.0,167.38571427006897,279.1564380949246,1.0,0.019274985726382865,0.0,0.0,0.35867724080198754,65.99961422222222,97.27343122143328,0.20592379756350068,10.65308197176153,0.0032728213683289186,33.06065415380253,1.2140343003297789
2025-01-01 09:27:00,0.1050876312407552,0.06861059875785196,0.0,0.0017514605206792532,0.0011435099792975326,0.0,0.010669420511767329,0.0,0.09441821072898786,0.0,0.0,0.0,0.06861059875785196,0.0,1,0,0,Off,0,0,Off,0,0,Off,0.03860178130225349,0.02895133597669011,On,0.0,0,Off,0.0019395673428362575,0.0,On,0.008729853168931071,0,On,0.002937412385185223,0,On,0.05287901704154915,0.03965926278116185,On,0,0,Off,Off,0.0,22.222222222222285,0.0,0.0,0.0,0.0,0,0.0,1667.2815511111112,Off,0.0,0.0,29.978498157502923,51.666666666666686,46.10666666666668,0.0,48.18508300300894,0.0,0.0,0.0,29.978498157502923,47.5626154308912,48.18508300300894,47.25138164483233,12.43753247303448,21.81460998545602,0.0,-1.7,-334.27595426726225,-599.5656224119507,-0.0,-0.0,167.38571427006897,279.5887833734166,1.0,0.019264740099709392,0.0,0.0,0.3584865857655743,65.99961422222222,97.90395387461946,0.20619966005037377,10.644080863993413,0.0032730508104625573,33.05663090817916,1.2141196447062637
2025-01-01 09:28:00,0.1050876312407552,0.06861059875785196,0.0,0.0017514605206792532,0.0011435099792975326,0.0,0.010669420511767329,0.0,0.09441821072898786,0.0,0.0,0.0,0.06861059875785196,0.0,1,0,0,Off,0,0,Off,0,0,Off,0.03860178130225349,0.02895133597669011,On,0.0,0,Off,0.0019395673428362575,0.0,On,0.008729853168931071,0,On,0.002937412385185223,0,On,0.05287901704154915,0.03965926278116185,On,0,0,Off,Off,0.0,22.222222222222285,0.0,0.0,0.0,0.0,0,0.0,1667.2815511111112,Off,0.0,0.0,29.997195328925557,51.666666666666686,46.10666666666668,0.0,48.180488164211475,0.0,0.0,0.0,29.997195328925557,47.558408199831675,48.180488164211475,47.247368217641785,12.43753247303448,21.794321168133795,0.0,-1.7,-332.72378394918553,-598.737105625202,-0.0,-0.0,167.38571427006897,280.01951007748806,1.0,0.019254732212848947,0.0,0.0,0.35830035469405397,65.99961422222222,98.62760740594756,0.20646978140906666,10.635331068218203,0.003273280208548463,33.05238744313717,1.2142029944652368
2025-01-01 09:29:00,0.1050876312407552,0.06861059875785196,0.0,0.0017514605206792532,0.0011435099792975326,0.0,0.010669420511767329,0.0,0.09441821072898786,0.0,0.0,0.0,0.06861059875785196,0.0,1,0,0,Off,0,0,Off,0,0,Off,0.03860178130225349,0.02895133597669011,On,0.0,0,Off,0.0019395673428362575,0.0,On,0.008729853168931071,0,On,0.002937412385185223,0,On,0.05287901704154915,0.03965926278116185,On,0,0,Off,Off,0.0,22.222222222222285,0.0,0.0,0.0,0.0,0,0.0,1667.2815511111112,Off,0.0,0.0,30.01534187266413,51.666666666666686,46.10666666666668,0.0,48.17589063303287,0.0,0.0,0.0,30.01534187266413,47.5541983447808,48.17589063303287,47.24335220065476,12.43753247303448,21.774502986959227,0.0,-1.7,-331.5292135698982,-597.9282484324377,-0.0,-0.0,167.38571427006897,280.44860776501946,1.0,0.019244953957311087,0.0,0.0,0.35811839670114215,65.99961422222222,99.01332059247054,0.2067343474966414,10.626823910565703,0.0032735095614414783,33.0479314253693,1.214284417985073
2025-01-01 09:30:00,0.1050876312407552,0.06861059875785196,0.0,0.0017514605206792532,0.0011435099792975326,0.0,0.010669420511767329,0.0,0.09441821072898786,0.0,0.0,0.0,0.06861059875785196,0.0,1,0,0,Off,0,0,Off,0,0,Off,0.03860178130225349,0.02895133597669011,On,0.0,0,Off,0.0019395673428362575,0.0,On,0.008729853168931071,0,On,0.002937412385185223,0,On,0.05287901704154915,0.03965926278116185,On,0,0,Off,Off,0.0,22.222222222222285,0.0,0.0,0.0,0.0,0,0.0,1667.2815511111112,Off,0.0,0.0,30.032974376943077,51.666666666666686,46.10666666666668,0.0,48.17129049132907,0.0,0.0,0.0,30.032974376943077,47.54998594301453,48.17129049132907,47.23933366885726,12.43753247303448,21.755124071893075,0.0,0.0,-207.2058009215267,-525.8456040023585,-0.0,-0.0,167.38571427006897,581.0863585003226,1.0,0.01838686323071737,0.0,0.0,0.3421506746731495,65.99961422222222,151.25408881076285,0.20699373010695446,10.618543121620961,0.003273738868036742,53.995569102764584,1.21436404366434
2025-01-01 09:31:00,0.1050876312407552,0.06861059875785196,0.0,0.0017514605206792532,0.0011435099792975326,0.0,0.010669420511767329,0.0,0.09441821072898786,0.0,0.0,0.0,0.06861059875785196,0.0,1,0,0,Off,0,0,Off,0,0,Off,0.03860178130225349,0.02895133597669011,On,0.0,0,Off,0.0019395673428362575,0.0,On,0.008729853168931071,0,On,0.002937412385185223,0,On,0.05287901704154915,0.03965926278116185,On,0,0,Off,Off,0.0,22.222222222222285,0.0,0.0,0.0,0.0,0,0.0,1667.2815511111112,Off,0.0,0.0,30.04433701069021,51.666666666666686,46.10666666666668,0.0,48.16668781551682,0.0,0.0,0.0,30.04433701069021,47.54577106667401,48.16668781551682,47.235312692252606,12.43753247303448,21.741131607204952,0.0,0.0,-210.72899107868483,-525.3054801553895,-0.0,-0.0,167.38571427006897,582.4440191753899,1.0,0.018379798632736557,0.0,0.0,0.34201921358948895,65.99961422222222,147.19077480663574,0.2071944011776919,10.613321994608828,0.003274113497483138,53.97285225924985,1.2144213905420453
2025-01-01 09:32:00,0.1050876312407552,0.06861059875785196,0.0,0.0017514605206792532,0.0011435099792975326,0.0,0.010669420511767329,0.0,0.09441821072898786,0.0,0.0,0.0,0.06861059875785196,0.0,1,0,0,Off,0,0,Off,0,0,Off,0.03860178130225349,0.02895133597669011,On,0.0,0,Off,0.0019395673428362575,0.0,On,0.008729853168931071,0,On,0.002937412385185223,0,On,0.05287901704154915,0.03965926278116185,On,0,0,Off,Off,0.0,22.222222222222285,0.0,0.0,0.0,0.0,0,0.0,1667.2815511111112,Off,0.0,0.0,30.05528586823054,51.666666666666686,46.10666666666668,0.0,48.162083537510206,0.0,0.0,0.0,30.05528586823054,47.54155459568304,48.162083537510206,47.23129012476946,12.43753247303448,21.727493186456243,0.0,0.0,-210.8014111983838,-524.7792357355784,-0.0,-0.0,167.38571427006897,583.7838307962489,1.0,0.0183729114856536,0.0,0.0,0.3418910545886067,65.99961422222222,146.59211026712563,0.20739078390394566,10.607574164748613,0.003274487951633483,53.950178276083214,1.2144772848298946
2025-01-01 09:33:00,0.1050876312407552,0.06861059875785196,0.0,0.0017514605206792532,0.0011435099792975326,0.0,0.010669420511767329,0.0,0.09441821072898786,0.0,0.0,0.0,0.06861059875785196,0.0,1,0,0,Off,0,0,Off,0,0,Off,0.03860178130225349,0.02895133597669011,On,0.0,0,Off,0.0019395673428362575,0.0,On,0.008729853168931071,0,On,0.002937412385185223,0,On,0.05287901704154915,0.03965926278116185,On,0,0,Off,Off,0.0,22.222222222222285,0.0,0.0,0.0,0.0,0,0.0,1667.2815511111112,Off,0.0,0.0,30.065700309706084,51.666666666666686,46.10666666666668,0.0,48.15747771881111,0.0,0.0,0.0,30.065700309706084,47.53733658811164,48.15747771881111,47.22726602276191,12.43753247303448,21.71431255738483,-0.00790966483745592,0.0,-209.6953971975853,-524.2708552129615,-0.0,-0.0,167.38571427006897,585.1063209608935,1.0,0.018366254293679597,0.0,0.0,0.34176717469148926,65.99961422222222,147.18974374530723,0.2075815478332129,10.60206375613284,0.0032748622312493364,53.92755099797264,1.2145312987925585
2025-01-01 09:34:00,0.1050876312407552,0.06861059875785196,0.0,0.0017514605206792532,0.0011435099792975326,0.0,0.010669420511767329,0.0,0.09441821072898786,0.0,0.0,0.0,0.06861059875785196,0.0,1,0,0,Off,0,0,Off,0,0,Off,0.03860178130225349,0.02895133597669011,On,0.0,0,Off,0.0019395673428362575,0.0,On,0.008729853168931071,0,On,0.002937412385185223,0,On,0.05287901704154915,0.03965926278116185,On,0,0,Off,Off,0.0,22.222222222222285,0.0,0.0,0.0,0.0,0,0.0,1667.2815511111112,Off,0.0,0.0,30.075558847632745,51.666666666666686,46.10666666666668,0.0,48.15287043885156,0.0,0.0,0.0,30.075558847632745,47.53311711896063,48.15287043885156,47.22324045901517,12.43753247303448,21.701608263408865,-0.020613958813420652,0.0,-208.42448718149046,-523.7810329817015,-0.0,-0.0,167.38571427006897,586.411993246921,1.0,0.018359836549400654,0.0,0.0,0.3416477505402696,65.99961422222222,147.97083153014208,0.20776643987730142,10.596800482280033,0.003275236337249951,53.904970341130806,1.2145833555396297
2025-01-01 09:35:00,0.1050876312407552,0.06861059875785196,0.0,0.0017514605206792532,0.0011435099792975326,0.0,0.010669420511767329,0.0,0.09441821072898786,0.0,0.0,0.0,0.06861059875785196,0.0,1,0,0,Off,0,0,Off,0,0,Off,0.03860178130225349,0.02895133597669011,On,0.0,0,Off,0.0019395673428362575,0.0,On,0.008729853168931071,0,On,0.002937412385185223,0,On,0.05287901704154915,0.03965926278116185,On,0,0,Off,Off,0.0,22.222222222222285,0.0,0.0,0.0,0.0,0,0.0,1667.2815511111112,Off,0.0,0.0,30.084882319681753,51.666666666666686,46.10666666666668,0.0,48.14826178025631,0.0,0.0,0.0,30.084882319681753,47.52889626624642,48.14826178025631,47.21921350924148,12.43753247303448,21.68936247278562,-0.03285974943666403,0.0,-206.87671931206393,-523.3090614088624,-0.0,-0.0,167.38571427006897,587.7013252180451,1.0,0.018353649367420097,0.0,0.0,0.34153261679165736,65.99961422222222,149.04662782672946,0.20794566905128675,10.591775089376739,0.0032756102705767407,53.88243463058972,1.2146335280255591
2025-01-01 09:36:00,0.1050876312407552,0.06861059875785196,0.0,0.0017514605206792532,0.0011435099792975326,0.0,0.010669420511767329,0.0,0.09441821072898786,0.0,0.0,0.0,0.06861059875785196,0.0,1,0,0,Off,0,0,Off,0,0,Off,0.03860178130225349,0.02895133597669011,On,0.0,0,Off,0.0019395673428362575,0.0,On,0.008729853168931071,0,On,0.002937412385185223,0,On,0.05287901704154915,0.03965926278116185,On,0,0,Off,Off,0.0,22.222222222222285,0.0,0.0,0.0,0.0,0,0.0,1667.2815511111112,Off,0.0,0.0,30.093685460862762,51.666666666666686,46.10666666666668,0.0,48.143651822551945,0.0,0.0,0.0,30.093685460862762,47.52467410506102,48.143651822551945,47.215185246315556,12.43753247303448,21.67756259614567,-0.044659626076615666,0.0,-205.79028162150644,-522.8544365167776,-0.0,-0.0,167.38571427006897,588.9747708049533,1.0,0.01834768650132633,0.0,0.0,0.3414216572097337,65.99961422222222,149.6784406252022,0.20811937905171027,10.586981055426225,0.0032759840321360967,53.859942455630936,1.2146818676486846
2025-01-01 09:37:00,0.1050876312407552,0.06861059875785196,0.0,0.0017514605206792532,0.0011435099792975326,0.0,0.010669420511767329,0.0,0.09441821072898786,0.0,0.0,0.0,0.06861059875785196,0.0,1,0,0,Off,0,0,Off,0,0,Off,0.03860178130225349,0.02895133597669011,On,0.0,0,Off,0.0019395673428362575,0.0,On,0.008729853168931071,0,On,0.002937412385185223,0,On,0.05287901704154915,0.03965926278116185,On,0,0,Off,Off,0.0,22.222222222222285,0.0,0.0,0.0,0.0,0,0.0,1667.2815511111112,Off,0.0,0.0,30.102012614558294,51.666666666666686,46.10666666666668,0.0,48.13904064307397,0.0,0.0,0.0,30.102012614558294,47.5204507084285,48.13904064307397,47.21115574110577,12.43753247303448,21.666170593664134,-0.05605162855815138,0.0,-204.46448477983296,-522.415675624824,-0.0,-0.0,167.38571427006897,590.2327617022212,1.0,0.01834192883252097,0.0,0.0,0.3413145160273809,65.99961422222222,150.56547657492203,0.20828803884659275,10.582398582890896,0.0032763576228079048,53.837491386437335,1.2147285307040827
2025-01-01 09:38:00,0.1050876312407552,0.06861059875785196,0.0,0.0017514605206792532,0.0011435099792975326,0.0,0.010669420511767329,0.0,0.09441821072898786,0.0,0.0,0.0,0.06861059875785196,0.0,1,0,0,Off,0,0,Off,0,0,Off,0.03860178130225349,0.02895133597669011,On,0.0,0,Off,0.0019395673428362575,0.0,On,0.008729853168931071,0,On,0.002937412385185223,0,On,0.05287901704154915,0.03965926278116185,On,0,0,Off,Off,0.0,22.222222222222285,0.0,0.0,0.0,0.0,0,0.0,1667.2815511111112,Off,0.0,0.0,30.109876587721935,51.666666666666686,46.10666666666668,0.0,48.134428312566094,0.0,0.0,0.0,30.109876587721935,47.51622614314972,48.134428312566094,47.20712505844155,12.43753247303448,21.655175524774616,-0.06704669744766889,0.0,-203.4730123186191,-521.9923418198049,-0.0,-0.0,167.38571427006897,591.4757086584729,1.0,0.018336370926293477,0.0,0.0,0.34121109211316314,65.99961422222222,151.1336152311168,0.20845177409627355,10.578022004208144,0.0032767310434062722,53.81508019077739,1.2147735618847886
2025-01-01 09:39:00,0.1050876312407552,0.06861059875785196,0.0,0.0017514605206792532,0.0011435099792975326,0.0,0.010669420511767329,0.0,0.09441821072898786,0.0,0.0,0.0,0.06861059875785196,0.0,1,0,0,Off,0,0,Off,0,0,Off,0.03860178130225349,0.02895133597669011,On,0.0,0,Off,0.0019395673428362575,0.0,On,0.008729853168931071,0,On,0.002937412385185223,0,On,0.05287901704154915,0.03965926278116185,On,0,0,Off,Off,0.0,22.222222222222285,0.0,0.0,0.0,0.0,0,0.0,1667.2815511111112,Off,0.0,0.0,30.11731309901632,51.666666666666686,46.10666666666668,0.0,48.129814899867654,0.0,0.0,0.0,30.11731309901632,47.5120004742282,48.129814899867654,47.20309326140848,12.43753247303448,21.644546754408037,-0.07767546781424883,0.0,-202.35673882207243,-521.5832413510997,-0.0,-0.0,167.38571427006897,592.7040026798602,1.0,0.01833099738377417,0.0,0.0,0.34111109891827746,65.99961422222222,151.8407882589583,0.20861096263563508,10.573835377358506,0.0032771042947222287,53.79270687449408,1.2148170870695882
2025-01-01 09:40:00,0.1050876312407552,0.06861059875785196,0.0,0.0017514605206792532,0.0011435099792975326,0.0,0.010669420511767329,0.0,0.09441821072898786,0.0,0.0,0.0,0.06861059875785196,0.0,1,0,0,Off,0,0,Off,0,0,Off,0.03860178130225349,0.02895133597669011,On,0.0,0,Off,0.0019395673428362575,0.0,On,0.008729853168931071,0,On,0.002937412385185223,0,On,0.05287901704154915,0.03965926278116185,On,0,0,Off,Off,0.0,22.222222222222285,0.0,0.0,0.0,0.0,0,0.0,1667.2815511111112,Off,0.0,0.0,30.124336732575166,51.666666666666686,46.10666666666668,0.0,48.125200468508176,0.0,0.0,0.0,30.124336732575166,47.507773761654626,48.125200468508176,47.19906040822785,12.43753247303448,21.634271807825215,-0.08795041439707063,0.0,-201.2862368322642,-521.187881088533,-0.0,-0.0,167.38571427006897,593.9180161508946,1.0,0.01832580197740486,0.0,0.0,0.3410144205576373,65.99961422222222,152.51592998619986,0.208765752062562,10.56983222986542,0.0032774773774935455,53.770370237155205,1.2148591573434364
2025-01-01 09:41:00,0.1050876312407552,0.06861059875785196,0.0,0.0017514605206792532,0.0011435099792975326,0.0,0.010669420511767329,0.0,0.09441821072898786,0.0,0.0,0.0,0.06861059875785196,0.0,1,0,0,Off,0,0,Off,0,0,Off,0.03860178130225349,0.02895133597669011,On,0.0,0,Off,0.0019395673428362575,0.0,On,0.008729853168931071,0,On,0.002937412385185223,0,On,0.05287901704154915,0.03965926278116185,On,0,0,Off,Off,0.0,22.222222222222285,0.0,0.0,0.0,0.0,0,0.0,1667.2815511111112,Off,0.0,0.0,30.130968251340537,51.666666666666686,46.10666666666668,0.0,48.12058507984875,0.0,0.0,0.0,30.130968251340537,47.503546063372916,48.12058507984875,47.195026555135,12.43753247303448,21.62433289732543,-0.09788932489685465,0.0,-200.29011498235081,-520.8055645715959,-0.0,-0.0,167.38571427006897,595.1181038903526,1.0,0.01832077578649015,0.0,0.0,0.34092089103109846,65.99961422222222,153.12973531917612,0.20891635871597025,10.566003316005158,0.0032778502924332804,53.748068903127894,1.2148998457134206
2025-01-01 09:42:00,0.1050876312407552,0.06861059875785196,0.0,0.0017514605206792532,0.0011435099792975326,0.0,0.010669420511767329,0.0,0.09441821072898786,0.0,0.0,0.0,0.06861059875785196,0.0,1,0,0,Off,0,0,Off,0,0,Off,0.03860178130225349,0.02895133597669011,On,0.0,0,Off,0.0019395673428362575,0.0,On,0.008729853168931071,0,On,0.002937412385185223,0,On,0.05287901704154915,0.03965926278116185,On,0,0,Off,Off,0.0,22.222222222222285,0.0,0.0,0.0,0.0,0,0.0,1667.2815511111112,Off,0.0,0.0,30.137228354056273,51.666666666666686,46.10666666666668,0.0,48.11596879216367,0.0,0.0,0.0,30.137228354056273,47.49931743441311,48.11596879216367,47.19099175553783,12.43753247303448,21.61471228758417,-0.10750993463811653,0.0,-199.34365321327584,-520.4355985480255,-0.0,-0.0,167.38571427006897,596.3046041154789,1.0,0.018315909909553382,0.0,0.0,0.34083034469614715,65.99961422222222,153.70623106468065,0.20906299927975747,10.56233941515011,0.0032782230402218747,53.72580154342378,1.2149392250002349
2025-01-01 09:43:00,0.1050876312407552,0.06861059875785196,0.0,0.0017514605206792532,0.0011435099792975326,0.0,0.010669420511767329,0.0,0.09441821072898786,0.0,0.0,0.0,0.06861059875785196,0.0,1,0,0,Off,0,0,Off,0,0,Off,0.03860178130225349,0.02895133597669011,On,0.0,0,Off,0.0019395673428362575,0.0,On,0.008729853168931071,0,On,0.002937412385185223,0,On,0.05287901704154915,0.03965926278116185,On,0,0,Off,Off,0.0,22.222222222222285,0.0,0.0,0.0,0.0,0,0.0,1667.2815511111112,Off,0.0,0.0,30.143135533808568,51.666666666666686,46.10666666666668,0.0,48.11135166065002,0.0,0.0,0.0,30.143135533808568,47.495087926900325,48.11135166065002,47.18695606002549,12.43753247303448,21.605394136068444,-0.11682808615384133,0.0,-198.4326994363695,-520.0773636505121,-0.0,-0.0,167.38571427006897,597.4778393635057,1.0,0.018311196395765304,0.0,0.0,0.3407426336003264,65.99961422222222,154.25894994407363,0.20920586717485584,10.558127409774462,0.0032785956215075833,53.703566944900984,1.2149773602503289
2025-01-01 09:44:00,0.1050876312407552,0.06861059875785196,0.0,0.0017514605206792532,0.0011435099792975326,0.0,0.010669420511767329,0.0,0.09441821072898786,0.0,0.0,0.0,0.06861059875785196,0.0,1,0,0,Off,0,0,Off,0,0,Off,0.03860178130225349,0.02895133597669011,On,0.0,0,Off,0.0019395673428362575,0.0,On,0.008729853168931071,0,On,0.002937412385185223,0,On,0.05287901704154915,0.03965926278116185,On,0,0,Off,Off,0.0,22.222222222222285,0.0,0.0,0.0,0.0,0,0.0,1667.2815511111112,Off,0.0,0.0,30.148706676719886,51.666666666666686,46.10666666666668,0.0,48.10673373775553,0.0,0.0,0.0,30.148706676719886,47.490857590364364,48.10673373775553,47.18291951666878,12.43753247303448,21.5963639789125,-0.12585824330978568,0.0,-197.5554103710782,-519.730294480792,-0.0,-0.0,167.38571427006897,598.638118116223,1.0,0.01830662798579454,0.0,0.0,0.3406576226588696,65.99961422222222,154.7891698396449,0.20934513900990495,10.554769863397064,0.0032789680369097085,53.681363985345904,1.21501431085134
2025-01-01 09:45:00,0.1050876312407552,0.06861059875785196,0.0,0.0017514605206792532,0.0011435099792975326,0.0,0.010669420511767329,0.0,0.09441821072898786,0.0,0.0,0.0,0.06861059875785196,0.0,1,0,0,Off,0,0,Off,0,0,Off,0.03860178130225349,0.02895133597669011,On,0.0,0,Off,0.0019395673428362575,0.0,On,0.008729853168931071,0,On,0.002937412385185223,0,On,0.05287901704154915,0.03965926278116185,On,0,0,Off,Off,0.0,22.222222222222285,0.0,0.0,0.0,0.0,0,0.0,1667.2815511111112,Off,0.0,0.0,30.153957667646644,51.666666666666686,46.10666666666668,0.0,48.102115073417494,0.0,0.0,0.0,30.153957667646644,47.48662647196517,48.102115073417494,47.178882171239,12.43753247303448,21.587608210311416,-0.13461401191086964,0.0,-196.71166756735937,-519.3938594874654,-0.0,-0.0,167.38571427006897,599.7857324917425,1.0,0.018302197849116932,0.0,0.0,0.34057518476643966,65.99961422222222,155.29647765003708,0.20948098115236713,10.551554496399918,0.003279340287021008,53.659191610212595,1.2150501326752987
2025-01-01 09:46:00,0.1050876312407552,0.06861059875785196,0.0,0.0017514605206792532,0.0011435099792975326,0.0,0.010669420511767329,0.0,0.09441821072898786,0.0,0.0,0.0,0.06861059875785196,0.0,1,0,0,Off,0,0,Off,0,0,Off,0.03860178130225349,0.02895133597669011,On,0.0,0,Off,0.0019395673428362575,0.0,On,0.008729853168931071,0,On,0.002937412385185223,0,On,0.05287901704154915,0.03965926278116185,On,0,0,Off,Off,0.0,22.222222222222285,0.0,0.0,0.0,0.0,0,0.0,1667.2815511111112,Off,0.0,0.0,30.158903520364575,51.666666666666686,46.10666666666668,0.0,48.09749571521156,0.0,0.0,0.0,30.158903520364575,47.482394616633385,48.09749571521156,47.174844067344296,12.43753247303448,21.57911397100874,-0.14310825121354398,0.0,-195.9000303609439,-519.0675565959262,-0.0,-0.0,167.38571427006897,600.9209636665429,1.0,0.01829789952811212,0.0,0.0,0.3404951997568541,65.99961422222222,155.78181196491337,0.2096135510865829,10.547770668992628,0.0032797123724092807,53.63704882596345,1.2150848785362192
2025-01-01 09:47:00,0.1050876312407552,0.06861059875785196,0.0,0.0017514605206792532,0.0011435099792975326,0.0,0.010669420511767329,0.0,0.09441821072898786,0.0,0.0,0.0,0.06861059875785196,0.0,1,0,0,Off,0,0,Off,0,0,Off,0.03860178130225349,0.02895133597669011,On,0.0,0,Off,0.0019395673428362575,0.0,On,0.008729853168931071,0,On,0.002937412385185223,0,On,0.05287901704154915,0.03965926278116185,On,0,0,Off,Off,0.0,22.222222222222285,0.0,0.0,0.0,0.0,0,0.0,1667.2815511111112,Off,0.0,0.0,30.16355837821001,51.666666666666686,46.10666666666668,0.0,48.09287570848128,0.0,0.0,0.0,30.16355837821001,47.4781620671926,48.09287570848128,47.17080524654827,12.43753247303448,21.57086914778125,-0.15135307444103674,0.0,-195.1186013516508,-518.7509131128012,-0.0,-0.0,167.38571427006897,602.0440794401875,1.0,0.018293726938263397,0.0,0.0,0.3404175544068039,65.99961422222222,156.2465974910814,0.20974299735730573,10.544820290190579,0.00328008429361876,53.61493469773726,1.2151185981903498
2025-01-01 09:48:00,0.1050876312407552,0.06861059875785196,0.0,0.0017514605206792532,0.0011435099792975326,0.0,0.010669420511767329,0.0,0.09441821072898786,0.0,0.0,0.0,0.06861059875785196,0.0,1,0,0,Off,0,0,Off,0,0,Off,0.03860178130225349,0.02895133597669011,On,0.0,0,Off,0.0019395673428362575,0.0,On,0.008729853168931071,0,On,0.002937412385185223,0,On,0.05287901704154915,0.03965926278116185,On,0,0,Off,Off,0.0,22.222222222222285,0.0,0.0,0.0,0.0,0,0.0,1667.2815511111112,Off,0.0,0.0,30.167935551191345,51.666666666666686,46.10666666666668,0.0,48.0882550964675,0.0,0.0,0.0,30.167935551191345,47.47392886448152,48.0882550964675,47.166765748488544,12.43753247303448,21.56286234163779,-0.15935988058449624,0.0,-194.36564790140756,-518.4434844343464,-0.0,-0.0,167.38571427006897,603.1553356792977,1.0,0.01828967435249117,0.0,0.0,0.3403421421443239,65.99961422222222,156.69212226286987,0.20986945991885703,10.541993178870374,0.0032804560511714926,53.592848345932715,1.215151338465551
2025-01-01 09:49:00,0.1050876312407552,0.06861059875785196,0.0,0.0017514605206792532,0.0011435099792975326,0.0,0.010669420511767329,0.0,0.09441821072898786,0.0,0.0,0.0,0.06861059875785196,0.0,1,0,0,Off,0,0,Off,0,0,Off,0.03860178130225349,0.02895133597669011,On,0.0,0,Off,0.0019395673428362575,0.0,On,0.008729853168931071,0,On,0.002937412385185223,0,On,0.05287901704154915,0.03965926278116185,On,0,0,Off,Off,0.0,22.222222222222285,0.0,0.0,0.0,0.0,0,0.0,1667.2815511111112,Off,0.0,0.0,30.172047575174883,51.666666666666686,46.10666666666668,0.0,48.08363392043224,0.0,0.0,0.0,30.172047575174883,47.46969504747089,48.08363392043224,47.16272561099022,12.43753247303448,21.555082817122333,-0.1671394050999524,0.0,-193.6396144203694,-518.144852035944,-0.0,-0.0,167.38571427006897,604.2549769275906,1.0,0.0182857363758823,0.0,0.0,0.3402688625785456,65.99961422222222,157.11952334550568,0.20999307073222853,10.538580656687412,0.003280827645568648,53.570788942264535,1.2151831434687417
2025-01-01 09:50:00,0.1050876312407552,0.06861059875785196,0.0,0.0017514605206792532,0.0011435099792975326,0.0,0.010669420511767329,0.0,0.09441821072898786,0.0,0.0,0.0,0.06861059875785196,0.0,1,0,0,Off,0,0,Off,0,0,Off,0.03860178130225349,0.02895133597669011,On,0.0,0,Off,0.0019395673428362575,0.0,On,0.008729853168931071,0,On,0.002937412385185223,0,On,0.05287901704154915,0.03965926278116185,On,0,0,Off,Off,0.0,22.222222222222285,0.0,0.0,0.0,0.0,0,0.0,1667.2815511111112,Off,0.0,0.0,30.17590626678416,51.666666666666686,46.10666666666668,0.0,48.07901221977378,0.0,0.0,0.0,30.17590626678416,47.46546065337215,48.07901221977378,47.15868487017133,12.43753247303448,21.54752045513688,-0.17470176708540563,0.0,-192.93905331422877,-517.8546216035131,-0.0,-0.0,167.38571427006897,605.3432369773665,1.0,0.018281907922159987,0.0,0.0,0.3401976210618384,65.99961422222222,157.5298540192154,0.21011395432255803,10.53598393382359,0.0032811990772917358,53.54875570612402,1.215214054779001
2025-01-01 09:51:00,0.1050876312407552,0.06861059875785196,0.0,0.0017514605206792532,0.0011435099792975326,0.0,0.010669420511767329,0.0,0.09441821072898786,0.0,0.0,0.0,0.06861059875785196,0.0,1,0,0,Off,0,0,Off,0,0,Off,0.03860178130225349,0.02895133597669011,On,0.0,0,Off,0.0019395673428362575,0.0,On,0.008729853168931071,0,On,0.002937412385185223,0,On,0.05287901704154915,0.03965926278116185,On,0,0,Off,Off,0.0,22.222222222222285,0.0,0.0,0.0,0.0,0,0.0,1667.2815511111112,Off,0.0,0.0,30.17952277195359,51.666666666666686,46.10666666666668,0.0,48.074390032133586,0.0,0.0,0.0,30.17952277195359,47.46122571773836,48.074390032133586,47.15464356054074,12.43753247303448,21.540165711451486,-0.1820565107707992,0.0,-192.26261140436333,-517.5724213892328,-0.0,-0.0,167.38571427006897,606.4203394156465,1.0,0.01827818419299597,0.0,0.0,0.3401283283048422,65.99961422222222,157.92409571480047,0.21023222826847118,10.532792111669291,0.0032815703468037374,53.526747901300226,1.2152441116173707
2025-01-01 09:52:00,0.1050876312407552,0.06861059875785196,0.0,0.0017514605206792532,0.0011435099792975326,0.0,0.010669420511767329,0.0,0.09441821072898786,0.0,0.0,0.0,0.06861059875785196,0.0,1,0,0,Off,0,0,Off,0,0,Off,0.03860178130225349,0.02895133597669011,On,0.0,0,Off,0.0019395673428362575,0.0,On,0.008729853168931071,0,On,0.002937412385185223,0,On,0.05287901704154915,0.03965926278116185,On,0,0,Off,Off,0.0,22.222222222222285,0.0,0.0,0.0,0.0,0,0.0,1667.2815511111112,Off,0.0,0.0,30.182907610330577,51.666666666666686,46.10666666666668,0.0,48.06976739349602,0.0,0.0,0.0,30.182907610330577,47.456990274558365,48.06976739349602,47.150601715089536,12.43753247303448,21.53300957848959,-0.18921264373269508,0.0,-191.6090254563868,-517.2979006982573,-0.0,-0.0,167.38571427006897,607.4864981161537,1.0,0.018274560658948766,0.0,0.0,0.34006090002175793,65.99961422222222,158.30316097180153,0.21034800365368422,10.53040589039096,0.0032819414545501593,53.50476483296004,1.2152733510032796
2025-01-01 09:53:00,0.1050876312407552,0.06861059875785196,0.0,0.0017514605206792532,0.0011435099792975326,0.0,0.010669420511767329,0.0,0.09441821072898786,0.0,0.0,0.0,0.06861059875785196,0.0,1,0,0,Off,0,0,Off,0,0,Off,0.03860178130225349,0.02895133597669011,On,0.0,0,Off,0.0019395673428362575,0.0,On,0.008729853168931071,0,On,0.002937412385185223,0,On,0.05287901704154915,0.03965926278116185,On,0,0,Off,Off,0.0,22.222222222222285,0.0,0.0,0.0,0.0,0,0.0,1667.2815511111112,Off,0.0,0.0,30.186070716741067,51.666666666666686,46.10666666666668,0.0,48.065144338281456,0.0,0.0,0.0,30.186070716741067,47.45275435634466,48.065144338281456,47.14655936537627,12.43753247303448,21.52604354989057,-0.19617867233171538,0.0,-190.9771121223352,-517.0307284867271,-0.0,-0.0,167.38571427006897,608.5419177212333,1.0,0.018271033041779235,0.0,0.0,0.3399952566012681,65.99961422222222,158.6679020943229,0.21046138548681245,10.527415975213673,0.003282312400960017,53.48280584485701,1.2153018078996354
2025-01-01 09:54:00,0.1050876312407552,0.06861059875785196,0.0,0.0017514605206792532,0.0011435099792975326,0.0,0.010669420511767329,0.0,0.09441821072898786,0.0,0.0,0.0,0.06861059875785196,0.0,1,0,0,Off,0,0,Off,0,0,Off,0.03860178130225349,0.02895133597669011,On,0.0,0,Off,0.0019395673428362575,0.0,On,0.008729853168931071,0,On,0.002937412385185223,0,On,0.05287901704154915,0.03965926278116185,On,0,0,Off,Off,0.0,22.222222222222285,0.0,0.0,0.0,0.0,0,0.0,1667.2815511111112,Off,0.0,0.0,30.189021479229186,51.666666666666686,46.10666666666668,0.0,48.06052089943319,0.0,0.0,0.0,30.189021479229186,47.44851799421548,48.06052089943319,47.142516541606625,12.43753247303448,21.51925958785704,-0.20296263436524598,0.0,-190.36576059525714,-516.7705920708443,-0.0,-0.0,167.38571427006897,609.5867940842455,1.0,0.018267597298150442,0.0,0.0,0.3399313228032164,65.99961422222222,159.01911720551814,0.21057247308884658,10.525222532313812,0.003282683186446752,53.46087031675765,1.2153295153465355
2025-01-01 09:55:00,0.1050876312407552,0.06861059875785196,0.0,0.0017514605206792532,0.0011435099792975326,0.0,0.010669420511767329,0.0,0.09441821072898786,0.0,0.0,0.0,0.06861059875785196,0.0,1,0,0,Off,0,0,Off,0,0,Off,0.03860178130225349,0.02895133597669011,On,0.0,0,Off,0.0019395673428362575,0.0,On,0.008729853168931071,0,On,0.002937412385185223,0,On,0.05287901704154915,0.03965926278116185,On,0,0,Off,Off,0.0,22.222222222222285,0.0,0.0,0.0,0.0,0,0.0,1667.2815511111112,Off,0.0,0.0,30.191768774143505,51.666666666666686,46.10666666666668,0.0,48.05589710849878,0.0,0.0,0.0,30.191768774143505,47.4442812179715,48.05589710849878,47.13847327270786,12.43753247303448,21.51265009297203,-0.2095721292502546,0.0,-189.77392860668715,-516.5171959344765,-0.0,-0.0,167.38571427006897,610.6213153758777,1.0,0.018264249604555177,0.0,0.0,0.3398690274781332,65.99961422222222,159.35755305772037,0.21068136045198113,10.522417754890654,0.003283053811409091,53.438957662063494,1.2153565045848842
2025-01-01 09:56:00,0.1050876312407552,0.06861059875785196,0.0,0.0017514605206792532,0.0011435099792975326,0.0,0.010669420511767329,0.0,0.09441821072898786,0.0,0.0,0.0,0.06861059875785196,0.0,1,0,0,Off,0,0,Off,0,0,Off,0.03860178130225349,0.02895133597669011,On,0.0,0,Off,0.0019395673428362575,0.0,On,0.008729853168931071,0,On,0.002937412385185223,0,On,0.05287901704154915,0.03965926278116185,On,0,0,Off,Off,0.0,22.222222222222285,0.0,0.0,0.0,0.0,0,0.0,1667.2815511111112,Off,0.0,0.0,30.19432099919808,51.666666666666686,46.10666666666668,0.0,48.051272995706064,0.0,0.0,0.0,30.19432099919808,47.44004405616769,48.051272995706064,47.13442958639852,12.43753247303448,21.506207876176248,-0.21601434604603753,0.0,-189.20063906440362,-516.2702606229972,-0.0,-0.0,167.38571427006897,611.6456597162083,1.0,0.01826098634331674,0.0,0.0,0.33980830330673123,65.99961422222222,159.68390728852458,0.21078813657345932,10.51969993907806,0.003283424276231847,53.41706732560941,1.2153828051711904
2025-01-01 09:57:00,0.1050876312407552,0.06861059875785196,0.0,0.0017514605206792532,0.0011435099792975326,0.0,0.010669420511767329,0.0,0.09441821072898786,0.0,0.0,0.0,0.06861059875785196,0.0,1,0,0,Off,0,0,Off,0,0,Off,0.03860178130225349,0.02895133597669011,On,0.0,0,Off,0.0019395673428362575,0.0,On,0.008729853168931071,0,On,0.002937412385185223,0,On,0.05287901704154915,0.03965926278116185,On,0,0,Off,Off,0.0,22.222222222222285,0.0,0.0,0.0,0.0,0,0.0,1667.2815511111112,Off,0.0,0.0,30.196686103360786,51.666666666666686,46.10666666666668,0.0,48.04664859003435,0.0,0.0,0.0,30.196686103360786,47.43580653618049,48.04664859003435,47.130385509253564,12.43753247303448,21.499926132720024,-0.22229608950226165,0.0,-188.6449747511706,-516.0295217159003,-0.0,-0.0,167.38571427006897,612.6599996946848,1.0,0.018257804089571183,0.0,0.0,0.3397490865576664,65.99961422222222,159.99883269466073,0.21089288576654558,10.517766619905318,0.003283794581286669,53.39519878162314,1.2154084450842881
2025-01-01 09:58:00,0.1050876312407552,0.06861059875785196,0.0,0.0017514605206792532,0.0011435099792975326,0.0,0.010669420511767329,0.0,0.09441821072898786,0.0,0.0,0.0,0.06861059875785196,0.0,1,0,0,Off,0,0,Off,0,0,Off,0.03860178130225349,0.02895133597669011,On,0.0,0,Off,0.0019395673428362575,0.0,On,0.008729853168931071,0,On,0.002937412385185223,0,On,0.05287901704154915,0.03965926278116185,On,0,0,Off,Off,0.0,22.222222222222285,0.0,0.0,0.0,0.0,0,0.0,1667.2815511111112,Off,0.0,0.0,30.198871615323917,51.666666666666686,46.10666666666668,0.0,48.04202391928113,0.0,0.0,0.0,30.198871615323917,47.43156868427073,48.04202391928113,47.126341066765534,12.43753247303448,21.49379841801405,-0.22842380420823716,0.0,-188.1060743487505,-515.7947288749582,-0.0,-0.0,167.38571427006897,613.6644999434103,1.0,0.018254699599194582,0.0,0.0,0.33969131686288256,65.99961422222222,160.30294025613873,0.2109956879492979,10.515212034662323,0.0032841647269327453,53.37335153183587,1.2154334508243037
2025-01-01 09:59:00,0.1050876312407552,0.06861059875785196,0.0,0.0017514605206792532,0.0011435099792975326,0.0,0.010669420511767329,0.0,0.09441821072898786,0.0,0.0,0.0,0.06861059875785196,0.0,1,0,0,Off,0,0,Off,0,0,Off,0.03860178130225349,0.02895133597669011,On,0.0,0,Off,0.0019395673428362575,0.0,On,0.008729853168931071,0,On,0.002937412385185223,0,On,0.05287901704154915,0.03965926278116185,On,0,0,Off,Off,0.0,22.222222222222285,0.0,0.0,0.0,0.0,0,0.0,1667.2815511111112,Off,0.0,0.0,30.20088466967968,51.666666666666686,46.10666666666668,0.0,48.037399010124524,0.0,0.0,0.0,30.20088466967968,47.427330525642674,48.037399010124524,47.12229628340175,12.43753247303448,21.48781862519408,-0.234403597028205,0.0,-187.58312841024934,-515.5656449605527,-0.0,-0.0,167.38571427006897,614.6593181593248,1.0,0.018251669797583452,0.0,0.0,0.3396349370088332,65.99961422222222,160.5968022802344,0.21109661891335202,10.513434949412943,0.0032845347135174604,53.35152510373022,1.2154578475046038
2025-01-01 10:00:00,0.16777976703573927,0.07693718326686322,0.0,0.0027963294505956543,0.0012822863877810537,0.0,0.04825593049618043,0.0,0.11952383653955885,0.0,0.0,0.0,0.07693718326686322,0.0,1,0,0,Off,0,0,Off,0,0,Off,0.03766027444122292,0.02824520583091718,On,0.0,0,Off,0.001861984649122807,0.0,On,0.046393945847057624,0,On,0.016940925517074525,0,On,0.0649226365812614,0.04869197743594604,On,0,0,Off,Off,0.0,22.222222222222285,0.0,0.0,0.0,0.0,0,0.0,1667.2815511111112,Off,0.0,0.0,30.20273203113798,51.666666666666686,46.10666666666668,0.0,48.03277388818192,0.0,0.0,0.0,30.20273203113798,47.4230920844993,48.03277388818192,47.118251182658,12.43753247303448,21.481980964275703,-0.24024125794658246,0.0,-125.22629345154547,-515.342045211176,-0.0,-0.0,229.2347966972732,615.6446054102006,1.0,0.018248711769226985,0.0,0.0,0.33957989274243666,65.99961422222222,160.88095506235732,0.21119575057403664,10.511030855123348,0.0032849045413770117,53.58263505924885,1.2154816589372495
2025-01-01 10:01:00,0.16777976703573927,0.07693718326686322,0.0,0.0027963294505956543,0.0012822863877810537,0.0,0.04825593049618043,0.0,0.11952383653955885,0.0,0.0,0.0,0.07693718326686322,0.0,1,0,0,Off,0,0,Off,0,0,Off,0.03766027444122292,0.02824520583091718,On,0.0,0,Off,0.001861984649122807,0.0,On,0.046393945847057624,0,On,0.016940925517074525,0,On,0.0649226365812614,0.04869197743594604,On,0,0,Off,Off,0.0,22.222222222222285,0.0,0.0,0.0,0.0,0,0.0,1667.2815511111112,Off,0.0,0.0,30.201821968016795,51.666666666666686,46.10666666666668,0.0,48.02814857806494,0.0,0.0,0.0,30.201821968016795,47.418853384094234,48.02814857806494,47.11420578710888,12.43753247303448,21.478513040685748,-0.24370918153653776,0.0,-124.88556008886576,-515.2092317488106,-0.0,-0.0,229.2347966972732,616.6205064322331,1.0,0.018246954408655237,0.0,0.0,0.33954719101959674,65.99961422222222,161.0888749626716,0.21126436862120618,10.509866441424911,0.003285275963993138,53.5608064468315,1.2154956936692058
2025-01-01 10:02:00,0.16777976703573927,0.07693718326686322,0.0,0.0027963294505956543,0.0012822863877810537,0.0,0.04825593049618043,0.0,0.11952383653955885,0.0,0.0,0.0,0.07693718326686322,0.0,1,0,0,Off,0,0,Off,0,0,Off,0.03766027444122292,0.02824520583091718,On,0.0,0,Off,0.001861984649122807,0.0,On,0.046393945847057624,0,On,0.016940925517074525,0,On,0.0649226365812614,0.04869197743594604,On,0,0,Off,Off,0.0,22.222222222222285,0.0,0.0,0.0,0.0,0,0.0,1667.2815511111112,Off,0.0,0.0,30.20083103655865,51.666666666666686,46.10666666666668,0.0,48.02352348959808,0.0,0.0,0.0,30.20083103655865,47.414614811408896,48.02352348959808,47.110160472314305,12.43753247303448,21.475114753634912,-0.2471074685873731,0.0,-124.57588520432341,-515.0790984447291,-0.0,-0.0,229.2347966972732,617.5871598922724,1.0,0.018245232254588017,0.0,0.0,0.33951514443456493,65.99961422222222,161.26841654313247,0.21133209620912716,10.508738039749431,0.00328564723101141,53.5389929513047,1.2155094415523315
2025-01-01 10:03:00,0.16777976703573927,0.07693718326686322,0.0,0.0027963294505956543,0.0012822863877810537,0.0,0.04825593049618043,0.0,0.11952383653955885,0.0,0.0,0.0,0.07693718326686322,0.0,1,0,0,Off,0,0,Off,0,0,Off,0.03766027444122292,0.02824520583091718,On,0.0,0,Off,0.001861984649122807,0.0,On,0.046393945847057624,0,On,0.016940925517074525,0,On,0.0649226365812614,0.04869197743594604,On,0,0,Off,Off,0.0,22.222222222222285,0.0,0.0,0.0,0.0,0,0.0,1667.2815511111112,Off,0.0,0.0,30.199762294482085,51.666666666666686,46.10666666666668,0.0,48.01889863477992,0.0,0.0,0.0,30.199762294482085,47.41037637779249,48.01889863477992,47.10611524929877,12.43753247303448,21.471783486307274,-0.25043873591501153,0.0,-124.2671099757311,-514.9515443010733,-0.0,-0.0,229.2347966972732,618.544698653189,1.0,0.018243543985759357,0.0,0.0,0.33948372840065494,65.99961422222222,161.44963762806904,0.21139896629360552,10.507644284589707,0.0032860183426277837,53.517194365888926,1.2155229133630219
2025-01-01 10:04:00,0.16777976703573927,0.07693718326686322,0.0,0.0027963294505956543,0.0012822863877810537,0.0,0.04825593049618043,0.0,0.11952383653955885,0.0,0.0,0.0,0.07693718326686322,0.0,1,0,0,Off,0,0,Off,0,0,Off,0.03766027444122292,0.02824520583091718,On,0.0,0,Off,0.001861984649122807,0.0,On,0.046393945847057624,0,On,0.016940925517074525,0,On,0.0649226365812614,0.04869197743594604,On,0,0,Off,Off,0.0,22.222222222222285,0.0,0.0,0.0,0.0,0,0.0,1667.2815511111112,Off,0.0,0.0,30.198617456743577,51.666666666666686,46.10666666666668,0.0,48.014274025154464,0.0,0.0,0.0,30.198617456743577,47.40613809416507,48.014274025154464,47.10207012867038,12.43753247303448,21.46851777564596,-0.2537044465763252,0.0,-123.95761508444156,-514.8265125461228,-0.0,-0.0,229.2347966972732,619.4932500156605,1.0,0.018241888865322978,0.0,0.0,0.3394529292063134,65.99961422222222,161.634100764408,0.21146499694546883,10.506584412678269,0.003286389299033377,53.49541051942031,1.2155361151188533
2025-01-01 10:05:00,0.16777976703573927,0.07693718326686322,0.0,0.0027963294505956543,0.0012822863877810537,0.0,0.04825593049618043,0.0,0.11952383653955885,0.0,0.0,0.0,0.07693718326686322,0.0,1,0,0,Off,0,0,Off,0,0,Off,0.03766027444122292,0.02824520583091718,On,0.0,0,Off,0.001861984649122807,0.0,On,0.046393945847057624,0,On,0.016940925517074525,0,On,0.0649226365812614,0.04869197743594604,On,0,0,Off,Off,0.0,22.222222222222285,0.0,0.0,0.0,0.0,0,0.0,1667.2815511111112,Off,0.0,0.0,30.19739814828031,51.666666666666686,46.10666666666668,0.0,48.00964967201064,0.0,0.0,0.0,30.19739814828031,47.40189997120604,48.00964967201064,47.09802512080375,12.43753247303448,21.465316235780648,-0.2569059864416374,0.0,-123.65229453703995,-514.7039493993844,-0.0,-0.0,229.2347966972732,620.4329359458025,1.0,0.01824026619533092,0.0,0.0,0.3394227338638242,65.99961422222222,161.8168581650713,0.21153020527227057,10.50555770103238,0.0032867601004161733,53.47364124640797,1.2155490525198371
2025-01-01 10:06:00,0.16777976703573927,0.07693718326686322,0.0,0.0027963294505956543,0.0012822863877810537,0.0,0.04825593049618043,0.0,0.11952383653955885,0.0,0.0,0.0,0.07693718326686322,0.0,1,0,0,Off,0,0,Off,0,0,Off,0.03766027444122292,0.02824520583091718,On,0.0,0,Off,0.001861984649122807,0.0,On,0.046393945847057624,0,On,0.016940925517074525,0,On,0.0649226365812614,0.04869197743594604,On,0,0,Off,Off,0.0,22.222222222222285,0.0,0.0,0.0,0.0,0,0.0,1667.2815511111112,Off,0.0,0.0,30.196106171097775,51.666666666666686,46.10666666666668,0.0,48.005025586395746,0.0,0.0,0.0,30.196106171097775,47.39766201936674,48.005025586395746,47.09398023585224,12.43753247303448,21.462177328355068,-0.2600448938672173,0.0,-123.35304713283193,-514.583795277931,-0.0,-0.0,229.2347966972732,621.3638739210668,1.0,0.01823867520033358,0.0,0.0,0.33939312794328674,65.99961422222222,161.99595144782586,0.21159461039242705,10.504563347068121,0.003287130746961162,53.45188638130423,1.2155617318959804
2025-01-01 10:07:00,0.16777976703573927,0.07693718326686322,0.0,0.0027963294505956543,0.0012822863877810537,0.0,0.04825593049618043,0.0,0.11952383653955885,0.0,0.0,0.0,0.07693718326686322,0.0,1,0,0,Off,0,0,Off,0,0,Off,0.03766027444122292,0.02824520583091718,On,0.0,0,Off,0.001861984649122807,0.0,On,0.046393945847057624,0,On,0.016940925517074525,0,On,0.0649226365812614,0.04869197743594604,On,0,0,Off,Off,0.0,22.222222222222285,0.0,0.0,0.0,0.0,0,0.0,1667.2815511111112,Off,0.0,0.0,30.19474336625365,51.666666666666686,46.10666666666668,0.0,48.00040177908911,0.0,0.0,0.0,30.19474336625365,47.39342424884561,48.00040177908911,47.08993548372387,12.43753247303448,21.45909948110313,-0.26312274111915457,0.0,-123.05957640869917,-514.4659893364179,-0.0,-0.0,229.2347966972732,622.286174633502,1.0,0.018237115087475,0.0,0.0,0.3393640966908958,65.99961422222222,162.17161623044555,0.21165823190040067,10.503600530495284,0.0032875012388501475,53.43014576173346,1.2155741597180763
2025-01-01 10:08:00,0.16777976703573927,0.07693718326686322,0.0,0.0027963294505956543,0.0012822863877810537,0.0,0.04825593049618043,0.0,0.11952383653955885,0.0,0.0,0.0,0.07693718326686322,0.0,1,0,0,Off,0,0,Off,0,0,Off,0.03766027444122292,0.02824520583091718,On,0.0,0,Off,0.001861984649122807,0.0,On,0.046393945847057624,0,On,0.016940925517074525,0,On,0.0649226365812614,0.04869197743594604,On,0,0,Off,Off,0.0,22.222222222222285,0.0,0.0,0.0,0.0,0,0.0,1667.2815511111112,Off,0.0,0.0,30.19331151906255,51.666666666666686,46.10666666666668,0.0,47.99577826059628,0.0,0.0,0.0,30.19331151906255,47.38918666958273,47.99577826059628,47.08589087407596,12.43753247303448,21.456081169695,-0.2661410525272849,0.0,-122.77134036173783,-514.3504725988607,-0.0,-0.0,229.2347966972732,623.1999459363317,1.0,0.01823558508798494,0.0,0.0,0.3393356258010434,65.99961422222222,162.34433553984974,0.2117210888051457,10.502668456040077,0.003287871576261735,53.40841923044953,1.2155863422599822
2025-01-01 10:09:00,0.16777976703573927,0.07693718326686322,0.0,0.0027963294505956543,0.0012822863877810537,0.0,0.04825593049618043,0.0,0.11952383653955885,0.0,0.0,0.0,0.07693718326686322,0.0,1,0,0,Off,0,0,Off,0,0,Off,0.03766027444122292,0.02824520583091718,On,0.0,0,Off,0.001861984649122807,0.0,On,0.046393945847057624,0,On,0.016940925517074525,0,On,0.0649226365812614,0.04869197743594604,On,0,0,Off,Off,0.0,22.222222222222285,0.0,0.0,0.0,0.0,0,0.0,1667.2815511111112,Off,0.0,0.0,30.191812349071352,51.666666666666686,46.10666666666668,0.0,47.99115504115735,0.0,0.0,0.0,30.191812349071352,47.3849492912676,47.99115504115735,47.08184641632273,12.43753247303448,21.453120925747594,-0.26910129647469105,0.0,-122.48808144142794,-514.2371882632955,-0.0,-0.0,229.2347966972732,624.1052905231808,1.0,0.018234084461251188,0.0,0.0,0.33930770149209827,65.99961422222222,162.51431012459437,0.21178319942439966,10.501766357626547,0.003288241759371426,53.386706635360326,1.215598285565521
2025-01-01 10:10:00,0.16777976703573927,0.07693718326686322,0.0,0.0027963294505956543,0.0012822863877810537,0.0,0.04825593049618043,0.0,0.11952383653955885,0.0,0.0,0.0,0.07693718326686322,0.0,1,0,0,Off,0,0,Off,0,0,Off,0.03766027444122292,0.02824520583091718,On,0.0,0,Off,0.001861984649122807,0.0,On,0.046393945847057624,0,On,0.016940925517074525,0,On,0.0649226365812614,0.04869197743594604,On,0,0,Off,Off,0.0,22.222222222222285,0.0,0.0,0.0,0.0,0,0.0,1667.2815511111112,Off,0.0,0.0,30.190247523492893,51.666666666666686,46.10666666666668,0.0,47.98653213075667,0.0,0.0,0.0,30.190247523492893,47.380712123348424,47.98653213075667,47.0778021196443,12.43753247303448,21.450217325768254,-0.2720048964540318,0.0,-122.20968912348911,-514.1260812767912,-0.0,-0.0,229.2347966972732,625.0023067274333,1.0,0.018232612489226342,0.0,0.0,0.33928031040232504,65.99961422222222,162.68159545602887,0.21184458152625749,10.500893492605673,0.00328861178835173,53.36500782911316,1.215609995494055
2025-01-01 10:11:00,0.16777976703573927,0.07693718326686322,0.0,0.0027963294505956543,0.0012822863877810537,0.0,0.04825593049618043,0.0,0.11952383653955885,0.0,0.0,0.0,0.07693718326686322,0.0,1,0,0,Off,0,0,Off,0,0,Off,0.03766027444122292,0.02824520583091718,On,0.0,0,Off,0.001861984649122807,0.0,On,0.046393945847057624,0,On,0.016940925517074525,0,On,0.0649226365812614,0.04869197743594604,On,0,0,Off,Off,0.0,22.222222222222285,0.0,0.0,0.0,0.0,0,0.0,1667.2815511111112,Off,0.0,0.0,30.18861866372031,51.666666666666686,46.10666666666668,0.0,47.9819095391307,0.0,0.0,0.0,30.18861866372031,47.3764751750394,47.9819095391307,47.07375799299376,12.43753247303448,21.4473689854783,-0.27485323674398643,0.0,-121.93606631324059,-514.0170981165887,-0.0,-0.0,229.2347966972732,625.8910886936952,1.0,0.018231168473560246,0.0,0.0,0.3392534395365229,65.99961422222222,162.84623510607497,0.211905252401232,10.500049138792427,0.0032889816633722576,53.34332266883348,1.2156214777438683
2025-01-01 10:12:00,0.16777976703573927,0.07693718326686322,0.0,0.0027963294505956543,0.0012822863877810537,0.0,0.04825593049618043,0.0,0.11952383653955885,0.0,0.0,0.0,0.07693718326686322,0.0,1,0,0,Off,0,0,Off,0,0,Off,0.03766027444122292,0.02824520583091718,On,0.0,0,Off,0.001861984649122807,0.0,On,0.046393945847057624,0,On,0.016940925517074525,0,On,0.0649226365812614,0.04869197743594604,On,0,0,Off,Off,0.0,22.222222222222285,0.0,0.0,0.0,0.0,0,0.0,1667.2815511111112,Off,0.0,0.0,30.18692734610335,51.666666666666686,46.10666666666668,0.0,47.977287275774785,0.0,0.0,0.0,30.18692734610335,47.37223845532721,47.977287275774785,47.069714045103424,12.43753247303448,21.44457455897721,-0.2776476632450766,0.0,-121.667100234315,-513.910186756604,-0.0,-0.0,229.2347966972732,626.7717265238574,1.0,0.018229751735185568,0.0,0.0,0.3392270762583145,65.99961422222222,163.00828982501588,0.21196522887164035,10.499232594029639,0.0032893513845998006,53.32165101598293,1.2156327378555767
2025-01-01 10:13:00,0.16777976703573927,0.07693718326686322,0.0,0.0027963294505956543,0.0012822863877810537,0.0,0.04825593049618043,0.0,0.11952383653955885,0.0,0.0,0.0,0.07693718326686322,0.0,1,0,0,Off,0,0,Off,0,0,Off,0.03766027444122292,0.02824520583091718,On,0.0,0,Off,0.001861984649122807,0.0,On,0.046393945847057624,0,On,0.016940925517074525,0,On,0.0649226365812614,0.04869197743594604,On,0,0,Off,Off,0.0,22.222222222222285,0.0,0.0,0.0,0.0,0,0.0,1667.2815511111112,Off,0.0,0.0,30.185175101999004,51.666666666666686,46.10666666666668,0.0,47.972665349949864,0.0,0.0,0.0,30.185175101999004,47.36800197297727,47.972665349949864,47.06567028449098,12.43753247303448,21.441832738831486,-0.28038948339079894,0.0,-121.40267125095323,-513.805296669377,-0.0,-0.0,229.2347966972732,627.6443064323162,1.0,0.018228361614371757,0.0,0.0,0.33920120829114936,65.99961422222222,163.16782872115056,0.21202452728906182,10.49844317623444,0.003289720952198416,53.29999273623878,1.215643781211728
2025-01-01 10:14:00,0.16777976703573927,0.07693718326686322,0.0,0.0027963294505956543,0.0012822863877810537,0.0,0.04825593049618043,0.0,0.11952383653955885,0.0,0.0,0.0,0.07693718326686322,0.0,1,0,0,Off,0,0,Off,0,0,Off,0.03766027444122292,0.02824520583091718,On,0.0,0,Off,0.001861984649122807,0.0,On,0.046393945847057624,0,On,0.016940925517074525,0,On,0.0649226365812614,0.04869197743594604,On,0,0,Off,Off,0.0,22.222222222222285,0.0,0.0,0.0,0.0,0,0.0,1667.2815511111112,Off,0.0,0.0,30.183363418210305,51.666666666666686,46.10666666666668,0.0,47.96804377068916,0.0,0.0,0.0,30.183363418210305,47.36376573654012,47.96804377068916,47.06162671946559,12.43753247303448,21.439142255740045,-0.28307996648224076,0.0,-121.14266162601729,-513.7023788118731,-0.0,-0.0,229.2347966972732,628.508910884606,1.0,0.018226997470563926,0.0,0.0,0.3391758237153061,65.99961422222222,163.32492048858268,0.21208316353731235,10.497680223223956,0.0032900903663295048,53.27834769936505,1.2156546130381456
2025-01-01 10:15:00,0.16777976703573927,0.07693718326686322,0.0,0.0027963294505956543,0.0012822863877810537,0.0,0.04825593049618043,0.0,0.11952383653955885,0.0,0.0,0.0,0.07693718326686322,0.0,1,0,0,Off,0,0,Off,0,0,Off,0.03766027444122292,0.02824520583091718,On,0.0,0,Off,0.001861984649122807,0.0,On,0.046393945847057624,0,On,0.016940925517074525,0,On,0.0649226365812614,0.04869197743594604,On,0,0,Off,Off,0.0,22.222222222222285,0.0,0.0,0.0,0.0,0,0.0,1667.2815511111112,Off,0.0,0.0,30.181493737695114,51.666666666666686,46.10666666666668,0.0,47.963422546804786,0.0,0.0,0.0,30.181493737695114,47.359529754357595,47.963422546804786,47.057583358134,12.43753247303448,21.436501877810418,-0.28572034441186744,0.0,-120.88695842020405,-513.6013855964638,-0.0,-0.0,229.2347966972732,629.365618729825,1.0,0.018225658682024106,0.0,0.0,0.3391509109612166,65.99961422222222,163.4796304789866,0.21214115304054496,10.496943092337286,0.0032904596271518924,53.256715779077844,1.2156652384068838
2025-01-01 10:16:00,0.16777976703573927,0.07693718326686322,0.0,0.0027963294505956543,0.0012822863877810537,0.0,0.04825593049618043,0.0,0.11952383653955885,0.0,0.0,0.0,0.07693718326686322,0.0,1,0,0,Off,0,0,Off,0,0,Off,0.03766027444122292,0.02824520583091718,On,0.0,0,Off,0.001861984649122807,0.0,On,0.046393945847057624,0,On,0.016940925517074525,0,On,0.0649226365812614,0.04869197743594604,On,0,0,Off,Off,0.0,22.222222222222285,0.0,0.0,0.0,0.0,0,0.0,1667.2815511111112,Off,0.0,0.0,30.17956746078126,51.666666666666686,46.10666666666668,0.0,47.9588016868943,0.0,0.0,0.0,30.17956746078126,47.35529403456908,47.9588016868943,47.05354020840647,12.43753247303448,21.433910409676823,-0.28831181254546223,0.0,-120.63545324888912,-513.5022708559159,-0.0,-0.0,229.2347966972732,630.2145053338617,1.0,0.018224344645391848,0.0,0.0,0.3391264588012896,65.99961422222222,163.63202090975355,0.21219851077344887,10.496231159975718,0.0032908287348219043,53.23509685291067,1.2156756622398375
2025-01-01 10:17:00,0.16777976703573927,0.07693718326686322,0.0,0.0027963294505956543,0.0012822863877810537,0.0,0.04825593049618043,0.0,0.11952383653955885,0.0,0.0,0.0,0.07693718326686322,0.0,1,0,0,Off,0,0,Off,0,0,Off,0.03766027444122292,0.02824520583091718,On,0.0,0,Off,0.001861984649122807,0.0,On,0.046393945847057624,0,On,0.016940925517074525,0,On,0.0649226365812614,0.04869197743594604,On,0,0,Off,Off,0.0,22.222222222222285,0.0,0.0,0.0,0.0,0,0.0,1667.2815511111112,Off,0.0,0.0,30.177585945925966,51.666666666666686,46.10666666666668,0.0,47.95418119934701,0.0,0.0,0.0,30.177585945925966,47.351058585117386,47.95418119934701,47.04949727800257,12.43753247303448,21.43136669158798,-0.2908555306343068,0.0,-120.38804133418648,-513.4049898072925,-0.0,-0.0,229.2347966972732,631.0556432522259,1.0,0.018223054775229144,0.0,0.0,0.3391024563414425,65.99961422222222,163.78215177583283,0.21225525127190575,10.495543821126265,0.0032911976894934407,53.21349080208262,1.2156858893124725
2025-01-01 10:18:00,0.16777976703573927,0.07693718326686322,0.0,0.0027963294505956543,0.0012822863877810537,0.0,0.04825593049618043,0.0,0.11952383653955885,0.0,0.0,0.0,0.07693718326686322,0.0,1,0,0,Off,0,0,Off,0,0,Off,0.03766027444122292,0.02824520583091718,On,0.0,0,Off,0.001861984649122807,0.0,On,0.046393945847057624,0,On,0.016940925517074525,0,On,0.0649226365812614,0.04869197743594604,On,0,0,Off,Off,0.0,22.222222222222285,0.0,0.0,0.0,0.0,0,0.0,1667.2815511111112,Off,0.0,0.0,30.17555051128536,51.666666666666686,46.10666666666668,0.0,47.94956109235023,0.0,0.0,0.0,30.17555051128536,47.34682341375469,47.94956109235023,47.04545457445693,12.43753247303448,21.428869598500942,-0.2933526237213435,0.0,-120.14462146411671,-513.3094990161446,-0.0,-0.0,229.2347966972732,631.8891001006441,1.0,0.018221788503568027,0.0,0.0,0.33907889301268246,65.99961422222222,163.93008085475475,0.2123113886436269,10.494880488889237,0.0032915664913180506,53.191897511370044,1.2156959242575416
2025-01-01 10:19:00,0.16777976703573927,0.07693718326686322,0.0,0.0027963294505956543,0.0012822863877810537,0.0,0.04825593049618043,0.0,0.11952383653955885,0.0,0.0,0.0,0.07693718326686322,0.0,1,0,0,Off,0,0,Off,0,0,Off,0.03766027444122292,0.02824520583091718,On,0.0,0,Off,0.001861984649122807,0.0,On,0.046393945847057624,0,On,0.016940925517074525,0,On,0.0649226365812614,0.04869197743594604,On,0,0,Off,Off,0.0,22.222222222222285,0.0,0.0,0.0,0.0,0,0.0,1667.2815511111112,Off,0.0,0.0,30.173462435220774,51.666666666666686,46.10666666666668,0.0,47.94494137389524,0.0,0.0,0.0,30.173462435220774,47.34258852804821,47.94494137389524,47.0414121051247,12.43753247303448,21.42641803915495,-0.2958041830673359,0.0,-119.90509538382582,-513.2157563599945,-0.0,-0.0,229.2347966972732,632.7149420471693,1.0,0.01822054527944762,0.0,0.0,0.33905575856249215,65.99961422222222,164.07586427889552,0.21236693657908282,10.494240593994494,0.0032919351404450013,53.17031686898153,1.215705771568876
2025-01-01 10:20:00,0.16777976703573927,0.07693718326686322,0.0,0.0027963294505956543,0.0012822863877810537,0.0,0.04825593049618043,0.0,0.11952383653955885,0.0,0.0,0.0,0.07693718326686322,0.0,1,0,0,Off,0,0,Off,0,0,Off,0.03766027444122292,0.02824520583091718,On,0.0,0,Off,0.001861984649122807,0.0,On,0.046393945847057624,0,On,0.016940925517074525,0,On,0.0649226365812614,0.04869197743594604,On,0,0,Off,Off,0.0,22.222222222222285,0.0,0.0,0.0,0.0,0,0.0,1667.2815511111112,Off,0.0,0.0,30.171322957817658,51.666666666666686,46.10666666666668,0.0,47.940322051783234,0.0,0.0,0.0,30.171322957817658,47.338353935385705,47.940322051783234,47.03736987718695,12.43753247303448,21.4240109551531,-0.29821126706918477,0.0,-119.6693682430693,-513.1237209921796,-0.0,-0.0,229.2347966972732,633.5332316540727,1.0,0.018219324568454896,0.0,0.0,0.3390330430462837,65.99961422222222,164.21955605183715,0.21242190836240102,10.49362358432257,0.003292303637021347,53.14874876643639,1.21571543560515
2025-01-01 10:21:00,1.8350613181468505,0.07693718326686322,0.0,0.03058435530244751,0.0012822863877810537,0.0,0.04825593049618043,0.0,0.11952383653955885,1.6672815511111112,0.0,0.0,0.07693718326686322,0.0,1,0,0,Off,0,0,Off,0,0,Off,0.03766027444122292,0.02824520583091718,On,0.0,0,Off,0.001861984649122807,0.0,On,0.046393945847057624,0,On,0.016940925517074525,0,On,0.0649226365812614,0.04869197743594604,On,0,0,Off,On,1667.2815511111112,22.222222222222285,1.0,0.0,1.6672815511111112,0.0,1,1667.2815511111112,1667.2815511111112,Off,0.0,0.0,30.169133281729334,51.666666666666686,46.10666666666668,0.0,47.93570313363099,0.0,0.0,0.0,30.169133281729334,47.33411964298094,47.93570313363099,47.03332789765591,12.43753247303448,21.421647320019638,-0.3005749022026478,0.0,1547.8442026421442,-513.033353304813,-0.0,-0.0,229.2347966972732,634.3440285503244,1.0,0.018218125852252662,0.0,0.0,0.33901073681861504,65.99961422222222,164.36120813857266,0.21247631688264643,10.49302892441241,0.0032926719811919953,53.12719309844638,1.2157249205937501
2025-01-01 10:22:00,1.8350613181468505,0.07693718326686322,0.0,0.03058435530244751,0.0012822863877810537,0.0,0.04825593049618043,0.0,0.11952383653955885,1.6672815511111112,0.0,0.0,0.07693718326686322,0.0,1,0,0,Off,0,0,Off,0,0,Off,0.03766027444122292,0.02824520583091718,On,0.0,0,Off,0.001861984649122807,0.0,On,0.046393945847057624,0,On,0.016940925517074525,0,On,0.0649226365812614,0.04869197743594604,On,0,0,Off,On,1667.2815511111112,22.222222222222285,1.0,0.0,1.6672815511111112,0.0,1,1667.2815511111112,1667.2815511111112,Off,0.0,0.0,30.096855603964862,51.666666666666686,46.10666666666668,0.0,47.93108462687645,0.0,0.0,0.0,30.096855603964862,47.329885657878854,47.93108462687645,47.02928617338006,12.43753247303448,21.479524330663356,-0.2426978915589295,0.0,1543.3103804336192,-515.2479604091706,-0.0,-0.0,229.2347966972732,635.1473895177764,1.0,0.018247466885709895,0.0,0.0,0.3395567274134778,65.99961422222222,162.04199303440546,0.21174791281867336,10.518982758630695,0.0032930401730997716,53.10650991901244,1.2154858339293295
2025-01-01 10:23:00,1.8350613181468505,0.07693718326686322,0.0,0.03058435530244751,0.0012822863877810537,0.0,0.04825593049618043,0.0,0.11952383653955885,1.6672815511111112,0.0,0.0,0.07693718326686322,0.0,1,0,0,Off,0,0,Off,0,0,Off,0.03766027444122292,0.02824520583091718,On,0.0,0,Off,0.001861984649122807,0.0,On,0.046393945847057624,0,On,0.016940925517074525,0,On,0.0649226365812614,0.04869197743594604,On,0,0,Off,On,1667.2815511111112,22.222222222222285,1.0,0.0,1.6672815511111112,0.0,1,1667.2815511111112,1667.2815511111112,Off,0.0,0.0,30.02650631922518,51.666666666666686,46.10666666666668,0.0,47.9264769487868,0.0,0.0,0.0,30.02650631922518,47.32566181634331,47.9264769487868,47.02525425012157,12.43753247303448,21.535754059602635,-0.1864681626196507,0.0,1539.270232187738,-517.4031765136092,-0.0,-0.0,229.2347966972732,635.9433685883522,1.0,0.018275950379206606,0.0,0.0,0.340086760535205,65.99961422222222,160.15706089296276,0.21104361181854875,10.544053090037647,0.0032934082940604837,53.08573845433186,1.2152536344128417
2025-01-01 10:24:00,1.8350613181468505,0.07693718326686322,0.0,0.03058435530244751,0.0012822863877810537,0.0,0.04825593049618043,0.0,0.11952383653955885,1.6672815511111112,0.0,0.0,0.07693718326686322,0.0,1,0,0,Off,0,0,Off,0,0,Off,0.03766027444122292,0.02824520583091718,On,0.0,0,Off,0.001861984649122807,0.0,On,0.046393945847057624,0,On,0.016940925517074525,0,On,0.0649226365812614,0.04869197743594604,On,0,0,Off,On,1667.2815511111112,22.222222222222285,1.0,0.0,1.6672815511111112,0.0,1,1667.2815511111112,1667.2815511111112,Off,0.0,0.0,29.957971780802545,51.666666666666686,46.10666666666668,0.0,47.921879812588855,0.0,0.0,0.0,29.957971780802545,47.3214478477405,47.921879812588855,47.02123186531633,12.43753247303448,21.590433914605136,-0.13178830761714977,0.0,1535.441264220125,-519.5024259360276,-0.0,-0.0,229.2347966972732,636.7320171298301,1.0,0.01830362762268598,0.0,0.0,0.34060179060916235,65.99961422222222,158.42734234776816,0.21036190801195556,10.568291752642029,0.003293776341348296,53.064883245272455,1.2150279126607217
2025-01-01 10:25:00,1.8350613181468505,0.07693718326686322,0.0,0.03058435530244751,0.0012822863877810537,0.0,0.04825593049618043,0.0,0.11952383653955885,1.6672815511111112,0.0,0.0,0.07693718326686322,0.0,1,0,0,Off,0,0,Off,0,0,Off,0.03766027444122292,0.02824520583091718,On,0.0,0,Off,0.001861984649122807,0.0,On,0.046393945847057624,0,On,0.016940925517074525,0,On,0.0649226365812614,0.04869197743594604,On,0,0,Off,On,1667.2815511111112,22.222222222222285,1.0,0.0,1.6672815511111112,0.0,1,1667.2815511111112,1667.2815511111112,Off,0.0,0.0,29.8911568031788,51.666666666666686,46.10666666666668,0.0,47.91729294840453,0.0,0.0,0.0,29.8911568031788,47.31724349738599,47.91729294840453,47.01721877187672,12.43753247303448,21.643645452112835,-0.07857677010944997,0.0,1531.7743650520229,-521.5485561834884,-0.0,-0.0,229.2347966972732,637.5133839278403,1.0,0.018330541680139062,0.0,0.0,0.34110261898865346,65.99961422222222,156.80657342712692,0.20970152583764182,10.591742236825908,0.003294144312392532,53.043948378537415,1.2148083254259219
2025-01-01 10:26:00,1.8350613181468505,0.07693718326686322,0.0,0.03058435530244751,0.0012822863877810537,0.0,0.04825593049618043,0.0,0.11952383653955885,1.6672815511111112,0.0,0.0,0.07693718326686322,0.0,1,0,0,Off,0,0,Off,0,0,Off,0.03766027444122292,0.02824520583091718,On,0.0,0,Off,0.001861984649122807,0.0,On,0.046393945847057624,0,On,0.016940925517074525,0,On,0.0649226365812614,0.04869197743594604,On,0,0,Off,On,1667.2815511111112,22.222222222222285,1.0,0.0,1.6672815511111112,0.0,1,1667.2815511111112,1667.2815511111112,Off,0.0,0.0,29.825973793793825,51.666666666666686,46.10666666666668,0.0,47.912716100506714,0.0,0.0,0.0,29.825973793793825,47.31304852395381,47.912716100506714,47.013214735677366,12.43753247303448,21.695463715676564,-0.026758506545721872,0.0,1528.275847272149,-523.5441914770022,-0.0,-0.0,229.2347966972732,638.2875152717717,1.0,0.01835673214824443,0.0,0.0,0.341589982505737,65.99961422222222,155.30369094076667,0.209061295548066,10.615150435648573,0.003294512204754595,53.02293764819555,1.214594556971726
2025-01-01 10:27:00,1.8350613181468505,0.07693718326686322,0.0,0.03058435530244751,0.0012822863877810537,0.0,0.04825593049618043,0.0,0.11952383653955885,1.6672815511111112,0.0,0.0,0.07693718326686322,0.0,1,0,0,Off,0,0,Off,0,0,Off,0.03766027444122292,0.02824520583091718,On,0.0,0,Off,0.001861984649122807,0.0,On,0.046393945847057624,0,On,0.016940925517074525,0,On,0.0649226365812614,0.04869197743594604,On,0,0,Off,On,1667.2815511111112,22.222222222222285,1.0,0.0,1.6672815511111112,0.0,1,1667.2815511111112,1667.2815511111112,Off,0.0,0.0,29.7623399836114,51.666666666666686,46.10666666666668,0.0,47.908149026190515,0.0,0.0,0.0,29.7623399836114,47.308862698410906,47.908149026190515,47.00921953452111,12.43753247303448,21.745959615616304,0.0,0.0,1524.9333135831807,-525.4918213539029,-0.0,-0.0,229.2347966972732,639.0544550228341,1.0,0.018382236378752498,0.0,0.0,0.3420645762178813,65.99961422222222,153.90878712869912,0.20844012020052297,10.637851296964106,0.00329488001611769,53.001854603968,1.2143863091926113
2025-01-01 10:28:00,1.8350613181468505,0.07693718326686322,0.0,0.03058435530244751,0.0012822863877810537,0.0,0.04825593049618043,0.0,0.11952383653955885,1.6672815511111112,0.0,0.0,0.07693718326686322,0.0,1,0,0,Off,0,0,Off,0,0,Off,0.03766027444122292,0.02824520583091718,On,0.0,0,Off,0.001861984649122807,0.0,On,0.046393945847057624,0,On,0.016940925517074525,0,On,0.0649226365812614,0.04869197743594604,On,0,0,Off,On,1667.2815511111112,22.222222222222285,1.0,0.0,1.6672815511111112,0.0,1,1667.2815511111112,1667.2815511111112,Off,0.0,0.0,29.700177860237797,51.666666666666686,46.10666666666668,0.0,47.9035914950562,0.0,0.0,0.0,29.700177860237797,47.30468580334015,47.9035914950562,47.00523295748212,12.43753247303448,21.79519955565012,0.0,0.0,1521.7371618432153,-527.3937838723225,-0.0,-0.0,229.2347966972732,639.8142446937213,1.0,0.018407089305414428,0.0,0.0,0.3425270501873822,65.99961422222222,152.6145979071532,0.20783697840885454,10.65917128477313,0.00329524774427986,52.980702561220646,1.2141833030934237
2025-01-01 10:29:00,1.8350613181468505,0.07693718326686322,0.0,0.03058435530244751,0.0012822863877810537,0.0,0.04825593049618043,0.0,0.11952383653955885,1.6672815511111112,0.0,0.0,0.07693718326686322,0.0,1,0,0,Off,0,0,Off,0,0,Off,0.03766027444122292,0.02824520583091718,On,0.0,0,Off,0.001861984649122807,0.0,On,0.046393945847057624,0,On,0.016940925517074525,0,On,0.0649226365812614,0.04869197743594604,On,0,0,Off,On,1667.2815511111112,22.222222222222285,1.0,0.0,1.6672815511111112,0.0,1,1667.2815511111112,1667.2815511111112,Off,0.0,0.0,29.639414701404597,51.666666666666686,46.10666666666668,0.0,47.89904328822772,0.0,0.0,0.0,29.639414701404597,47.300517632202606,47.89904328822772,47.001254804190054,12.43753247303448,21.843245833364012,0.0,0.0,1518.6787354177627,-529.2522788035669,-0.0,-0.0,229.2347966972732,640.5669240203962,1.0,0.018431323660772686,0.0,0.0,0.342978013515496,65.99961422222222,151.41466641294514,0.20725091735681286,10.681269986217963,0.0032956153871466325,52.95948461997618,1.21398527708472
2025-01-01 10:30:00,1.8350613181468505,0.07693718326686322,0.0,0.03058435530244751,0.0012822863877810537,0.0,0.04825593049618043,0.0,0.11952383653955885,1.6672815511111112,0.0,0.0,0.07693718326686322,0.0,1,0,0,Off,0,0,Off,0,0,Off,0.03766027444122292,0.02824520583091718,On,0.0,0,Off,0.001861984649122807,0.0,On,0.046393945847057624,0,On,0.016940925517074525,0,On,0.0649226365812614,0.04869197743594604,On,0,0,Off,On,1667.2815511111112,22.222222222222285,1.0,0.0,1.6672815511111112,0.0,1,1667.2815511111112,1667.2815511111112,Off,0.0,0.0,29.579982218250038,51.666666666666686,46.10666666666668,0.0,47.89450419764063,0.0,0.0,0.0,29.579982218250038,47.29635798866535,47.89450419764063,46.99728488417771,12.43753247303448,21.890156946030324,0.0,1.7,1623.6026638810847,-456.3195124690428,-0.0,-0.0,229.2347966972732,837.6721599197886,1.0,0.017299877955203474,0.0,0.0,0.32192358423852147,65.99961422222222,183.405828541743,0.20668104724086706,10.702052003348426,0.003295982942724306,53.565043605698854,1.213791985674299
2025-01-01 10:31:00,1.8350613181468505,0.07693718326686322,0.0,0.03058435530244751,0.0012822863877810537,0.0,0.04825593049618043,0.0,0.11952383653955885,1.6672815511111112,0.0,0.0,0.07693718326686322,0.0,1,0,0,Off,0,0,Off,0,0,Off,0.03766027444122292,0.02824520583091718,On,0.0,0,Off,0.001861984649122807,0.0,On,0.046393945847057624,0,On,0.016940925517074525,0,On,0.0649226365812614,0.04869197743594604,On,0,0,Off,On,1667.2815511111112,22.222222222222285,1.0,0.0,1.6672815511111112,0.0,1,1667.2815511111112,1667.2815511111112,Off,0.0,0.0,29.516731938897937,51.666666666666686,46.10666666666668,0.0,47.88997402538296,0.0,0.0,0.0,29.516731938897937,47.292206685979174,47.88997402538296,46.99332301627729,12.43753247303448,21.940357796047486,0.0,1.7,1616.831680354268,-458.1503107613945,-0.0,-0.0,229.2347966972732,838.7284798460486,1.0,0.01732620683091787,0.0,0.0,0.3224135233040395,65.99961422222222,178.46564330727807,0.2060718442185174,10.723822324644201,0.0032963547602739133,53.54599383294757,1.2135852231165951
2025-01-01 10:32:00,1.8350613181468505,0.07693718326686322,0.0,0.03058435530244751,0.0012822863877810537,0.0,0.04825593049618043,0.0,0.11952383653955885,1.6672815511111112,0.0,0.0,0.07693718326686322,0.0,1,0,0,Off,0,0,Off,0,0,Off,0.03766027444122292,0.02824520583091718,On,0.0,0,Off,0.001861984649122807,0.0,On,0.046393945847057624,0,On,0.016940925517074525,0,On,0.0649226365812614,0.04869197743594604,On,0,0,Off,On,1667.2815511111112,22.222222222222285,1.0,0.0,1.6672815511111112,0.0,1,1667.2815511111112,1667.2815511111112,Off,0.0,0.0,29.45479640262443,51.666666666666686,46.10666666666668,0.0,47.88545333877077,0.0,0.0,0.0,29.45479640262443,47.28806425993981,47.88545333877077,46.98936972052433,12.43753247303448,21.98943752458358,0.0,1.7,1613.0687630935934,-459.94303837278466,-0.0,-0.0,229.2347966972732,839.7737368764297,1.0,0.017351927993586796,0.0,0.0,0.3228921537833182,65.99961422222222,176.4954536579935,0.2054787250006909,10.745703429637107,0.003296726508916283,53.526852741055734,1.2133831401061177
2025-01-01 10:33:00,1.8350613181468505,0.07693718326686322,0.0,0.03058435530244751,0.0012822863877810537,0.0,0.04825593049618043,0.0,0.11952383653955885,1.6672815511111112,0.0,0.0,0.07693718326686322,0.0,1,0,0,Off,0,0,Off,0,0,Off,0.03766027444122292,0.02824520583091718,On,0.0,0,Off,0.001861984649122807,0.0,On,0.046393945847057624,0,On,0.016940925517074525,0,On,0.0649226365812614,0.04869197743594604,On,0,0,Off,On,1667.2815511111112,22.222222222222285,1.0,0.0,1.6672815511111112,0.0,1,1667.2815511111112,1667.2815511111112,Off,0.0,0.0,29.393998939531436,51.666666666666686,46.10666666666668,0.0,47.88094194225563,0.0,0.0,0.0,29.393998939531436,47.28393052603407,47.88094194225563,46.98542481792329,12.43753247303448,22.037547793960204,0.0,1.7,1610.5062090286754,-461.703054747705,-0.0,-0.0,229.2347966972732,840.8080144956446,1.0,0.017377122225002557,0.0,0.0,0.32336097889876114,65.99961422222222,175.69291596799604,0.2048996498344007,10.767063096283433,0.0032970981865604087,53.50762687821587,1.2131851086935956
2025-01-01 10:34:00,1.8350613181468505,0.07693718326686322,0.0,0.03058435530244751,0.0012822863877810537,0.0,0.04825593049618043,0.0,0.11952383653955885,1.6672815511111112,0.0,0.0,0.07693718326686322,0.0,1,0,0,Off,0,0,Off,0,0,Off,0.03766027444122292,0.02824520583091718,On,0.0,0,Off,0.001861984649122807,0.0,On,0.046393945847057624,0,On,0.016940925517074525,0,On,0.0649226365812614,0.04869197743594604,On,0,0,Off,On,1667.2815511111112,22.222222222222285,1.0,0.0,1.6672815511111112,0.0,1,1667.2815511111112,1667.2815511111112,Off,0.0,0.0,29.33424590516176,51.666666666666686,46.10666666666668,0.0,47.87643966655032,0.0,0.0,0.0,29.33424590516176,47.27980532454291,47.87643966655032,46.98148815353922,12.43753247303448,22.08476893114188,0.0,1.7,1608.2400860218274,-463.43314140520215,-0.0,-0.0,229.2347966972732,841.831392323995,1.0,0.017401832723703072,0.0,0.0,0.3238208025073779,65.99961422222222,175.15687961864504,0.20433349535680723,10.788660998147911,0.0032974697913528807,53.48832046126683,1.212990794920342
2025-01-01 10:35:00,1.8350613181468505,0.07693718326686322,0.0,0.03058435530244751,0.0012822863877810537,0.0,0.04825593049618043,0.0,0.11952383653955885,1.6672815511111112,0.0,0.0,0.07693718326686322,0.0,1,0,0,Off,0,0,Off,0,0,Off,0.03766027444122292,0.02824520583091718,On,0.0,0,Off,0.001861984649122807,0.0,On,0.046393945847057624,0,On,0.016940925517074525,0,On,0.0649226365812614,0.04869197743594604,On,0,0,Off,On,1667.2815511111112,22.222222222222285,1.0,0.0,1.6672815511111112,0.0,1,1667.2815511111112,1667.2815511111112,Off,0.0,0.0,29.275485457902672,51.666666666666686,46.10666666666668,0.0,47.87194635628826,0.0,0.0,0.0,29.275485457902672,47.27568850888953,47.87194635628826,46.97755958519017,12.43753247303448,22.131145346960267,0.0,1.7,1606.0370343318618,-465.1347817296147,-0.0,-0.0,229.2347966972732,842.8439462361694,1.0,0.017426083765492508,0.0,0.0,0.3242720763437939,65.99961422222222,174.65546825309218,0.20377959969537215,10.809087219612955,0.0032978413215716913,53.468936542984885,1.2128000128413337
2025-01-01 10:36:00,1.8350613181468505,0.07693718326686322,0.0,0.03058435530244751,0.0012822863877810537,0.0,0.04825593049618043,0.0,0.11952383653955885,1.6672815511111112,0.0,0.0,0.07693718326686322,0.0,1,0,0,Off,0,0,Off,0,0,Off,0.03766027444122292,0.02824520583091718,On,0.0,0,Off,0.001861984649122807,0.0,On,0.046393945847057624,0,On,0.016940925517074525,0,On,0.0649226365812614,0.04869197743594604,On,0,0,Off,On,1667.2815511111112,22.222222222222285,1.0,0.0,1.6672815511111112,0.0,1,1667.2815511111112,1667.2815511111112,Off,0.0,0.0,29.21767781566844,51.666666666666686,46.10666666666668,0.0,47.86746186381016,0.0,0.0,0.0,29.21767781566844,47.271579939772636,47.86746186381016,46.97363897775387,12.43753247303448,22.17671109435808,0.0,1.7,1603.881603835819,-466.80909050986276,-0.0,-0.0,229.2347966972732,843.8457484853348,1.0,0.01744989412630753,0.0,0.0,0.32471514979873,65.99961422222222,174.17434653729745,0.20323743860228957,10.829075917415015,0.00329821277557285,53.44947778651152,1.2126126193353703
2025-01-01 10:37:00,1.8350613181468505,0.07693718326686322,0.0,0.03058435530244751,0.0012822863877810537,0.0,0.04825593049618043,0.0,0.11952383653955885,1.6672815511111112,0.0,0.0,0.07693718326686322,0.0,1,0,0,Off,0,0,Off,0,0,Off,0.03766027444122292,0.02824520583091718,On,0.0,0,Off,0.001861984649122807,0.0,On,0.046393945847057624,0,On,0.016940925517074525,0,On,0.0649226365812614,0.04869197743594604,On,0,0,Off,On,1667.2815511111112,22.222222222222285,1.0,0.0,1.6672815511111112,0.0,1,1667.2815511111112,1667.2815511111112,Off,0.0,0.0,29.1607855907947,51.666666666666686,46.10666666666668,0.0,47.86298604737147,0.0,0.0,0.0,29.1607855907947,47.26747948347402,47.86298604737147,46.96972620152529,12.43753247303448,22.221498173933583,0.0,1.7,1601.7872357977292,-468.4571166521828,-0.0,-0.0,229.2347966972732,844.8368678042251,1.0,0.01747328143991859,0.0,0.0,0.3251503510089858,65.99961422222222,173.72800464152755,0.20270652063510075,10.849365607774793,0.0032985841517745923,53.42994670770979,1.2124284799377179
2025-01-01 10:38:00,1.8350613181468505,0.07693718326686322,0.0,0.03058435530244751,0.0012822863877810537,0.0,0.04825593049618043,0.0,0.11952383653955885,1.6672815511111112,0.0,0.0,0.07693718326686322,0.0,1,0,0,Off,0,0,Off,0,0,Off,0.03766027444122292,0.02824520583091718,On,0.0,0,Off,0.001861984649122807,0.0,On,0.046393945847057624,0,On,0.016940925517074525,0,On,0.0649226365812614,0.04869197743594604,On,0,0,Off,On,1667.2815511111112,22.222222222222285,1.0,0.0,1.6672815511111112,0.0,1,1667.2815511111112,1667.2815511111112,Off,0.0,0.0,29.104772481873162,51.666666666666686,46.10666666666668,0.0,47.8585187707864,0.0,0.0,0.0,29.104772481873162,47.26338701152252,47.8585187707864,46.965821131890586,12.43753247303448,22.265537657905618,0.0,1.7,1599.7592072119758,-470.07988377071194,-0.0,-0.0,229.2347966972732,845.817369521186,1.0,0.017496262790566885,0.0,0.0,0.3255779978854839,65.99961422222222,173.32274317430327,0.20218637265214778,10.868531202184926,0.0032989554486537345,53.41034570983794,1.2122474642074703
2025-01-01 10:39:00,1.8350613181468505,0.07693718326686322,0.0,0.03058435530244751,0.0012822863877810537,0.0,0.04825593049618043,0.0,0.11952383653955885,1.6672815511111112,0.0,0.0,0.07693718326686322,0.0,1,0,0,Off,0,0,Off,0,0,Off,0.03766027444122292,0.02824520583091718,On,0.0,0,Off,0.001861984649122807,0.0,On,0.046393945847057624,0,On,0.016940925517074525,0,On,0.0649226365812614,0.04869197743594604,On,0,0,Off,On,1667.2815511111112,22.222222222222285,1.0,0.0,1.6672815511111112,0.0,1,1667.2815511111112,1667.2815511111112,Off,0.0,0.0,29.049603606370685,51.666666666666686,46.10666666666668,0.0,47.854059903266425,0.0,0.0,0.0,29.049603606370685,47.25930240054159,47.854059903266425,46.96192364917918,12.43753247303448,22.30885940404144,0.0,1.7,1597.7963314451763,-471.67837909225295,-0.0,-0.0,229.2347966972732,846.7873156632704,1.0,0.01751885456787269,0.0,0.0,0.3259983954133414,65.99961422222222,172.9583627290448,0.2016765428872574,10.8880327861953,0.003299326664743685,53.39067708030015,1.2120694468884463
2025-01-01 10:40:00,1.8350613181468505,0.07693718326686322,0.0,0.03058435530244751,0.0012822863877810537,0.0,0.04825593049618043,0.0,0.11952383653955885,1.6672815511111112,0.0,0.0,0.07693718326686322,0.0,1,0,0,Off,0,0,Off,0,0,Off,0.03766027444122292,0.02824520583091718,On,0.0,0,Off,0.001861984649122807,0.0,On,0.046393945847057624,0,On,0.016940925517074525,0,On,0.0649226365812614,0.04869197743594604,On,0,0,Off,On,1667.2815511111112,22.222222222222285,1.0,0.0,1.6672815511111112,0.0,1,1667.2815511111112,1667.2815511111112,Off,0.0,0.0,28.99524571251368,51.666666666666686,46.10666666666668,0.0,47.84960931920934,0.0,0.0,0.0,28.99524571251368,47.25522553205014,47.84960931920934,46.95803363847054,12.43753247303448,22.351491873405976,0.0,1.7,1595.8954759120388,-473.25354614019807,-0.0,-0.0,229.2347966972732,847.7467656958228,1.0,0.017541072376206345,0.0,0.0,0.3264118339654061,65.99961422222222,172.63267424385256,0.20117660271775809,10.906438663109626,0.0032996977986320735,53.370942990867704,1.21189430864284
2025-01-01 10:41:00,1.8350613181468505,0.07693718326686322,0.0,0.03058435530244751,0.0012822863877810537,0.0,0.04825593049618043,0.0,0.11952383653955885,1.6672815511111112,0.0,0.0,0.07693718326686322,0.0,1,0,0,Off,0,0,Off,0,0,Off,0.03766027444122292,0.02824520583091718,On,0.0,0,Off,0.001861984649122807,0.0,On,0.046393945847057624,0,On,0.016940925517074525,0,On,0.0649226365812614,0.04869197743594604,On,0,0,Off,On,1667.2815511111112,22.222222222222285,1.0,0.0,1.6672815511111112,0.0,1,1667.2815511111112,1667.2815511111112,Off,0.0,0.0,28.94166717660481,51.666666666666686,46.10666666666668,0.0,47.84516689795678,0.0,0.0,0.0,28.94166717660481,47.25115629223369,47.84516689795678,46.95415098937214,12.43753247303448,22.393462132410058,0.0,1.7,1594.0534012212067,-474.8062842153858,-0.0,-0.0,229.2347966972732,848.6957740613226,1.0,0.017562931040157048,0.0,0.0,0.32681858940402225,65.99961422222222,172.34333762820813,0.20068614617090422,10.925212558396371,0.003300068848958154,53.35114550270924,1.2117219360286033
2025-01-01 10:42:00,0.16777976703573927,0.07693718326686322,0.0,0.0027963294505956543,0.0012822863877810537,0.0,0.04825593049618043,0.0,0.11952383653955885,0.0,0.0,0.0,0.07693718326686322,0.0,1,0,0,Off,0,0,Off,0,0,Off,0.03766027444122292,0.02824520583091718,On,0.0,0,Off,0.001861984649122807,0.0,On,0.046393945847057624,0,On,0.016940925517074525,0,On,0.0649226365812614,0.04869197743594604,On,0,0,Off,Off,0.0,22.222222222222285,0.0,0.0,0.0,0.0,0,0.0,1667.2815511111112,Off,0.0,0.0,28.888837921863853,51.666666666666686,46.10666666666668,0.0,47.8407325235522,0.0,0.0,0.0,28.888837921863853,47.24709457171587,47.8407325235522,46.950275595797706,12.43753247303448,22.434795922393224,0.0,1.7,-75.01442707509474,-476.33745040821935,-0.0,-0.0,229.2347966972732,849.6343941241159,1.0,0.017584444644916153,0.0,0.0,0.3272189238325006,65.99961422222222,172.0882266358514,0.20020478863340221,10.943644058928747,0.003300439814410248,53.33128657284772,1.2115522212006755
2025-01-01 10:43:00,0.16777976703573927,0.07693718326686322,0.0,0.0027963294505956543,0.0012822863877810537,0.0,0.04825593049618043,0.0,0.11952383653955885,0.0,0.0,0.0,0.07693718326686322,0.0,1,0,0,Off,0,0,Off,0,0,Off,0.03766027444122292,0.02824520583091718,On,0.0,0,Off,0.001861984649122807,0.0,On,0.046393945847057624,0,On,0.016940925517074525,0,On,0.0649226365812614,0.04869197743594604,On,0,0,Off,Off,0.0,22.222222222222285,0.0,0.0,0.0,0.0,0,0.0,1667.2815511111112,Off,0.0,0.0,28.906768296738825,51.666666666666686,46.10666666666668,0.0,47.836306084510866,0.0,0.0,0.0,28.906768296738825,47.24304026534136,47.836306084510866,46.946407355756605,12.43753247303448,22.415319545194798,0.0,1.7,-72.02464979401944,-475.6157246812486,-0.0,-0.0,229.2347966972732,850.5626756893753,1.0,0.017574309165460204,0.0,0.0,0.32703031846297814,65.99961422222222,174.35627818995596,0.20046440457465964,10.935654027662851,0.003300810693723322,53.310088792772966,1.2116317860292605
2025-01-01 10:44:00,0.16777976703573927,0.07693718326686322,0.0,0.0027963294505956543,0.0012822863877810537,0.0,0.04825593049618043,0.0,0.11952383653955885,0.0,0.0,0.0,0.07693718326686322,0.0,1,0,0,Off,0,0,Off,0,0,Off,0.03766027444122292,0.02824520583091718,On,0.0,0,Off,0.001861984649122807,0.0,On,0.046393945847057624,0,On,0.016940925517074525,0,On,0.0649226365812614,0.04869197743594604,On,0,0,Off,Off,0.0,22.222222222222285,0.0,0.0,0.0,0.0,0,0.0,1667.2815511111112,Off,0.0,0.0,28.92341758559799,51.666666666666686,46.10666666666668,0.0,47.83187706360075,0.0,0.0,0.0,28.92341758559799,47.23898344258895,47.83187706360075,46.942536632083055,12.43753247303448,22.396941737573655,0.0,1.7,-69.52774014337317,-474.93510694687166,-0.0,-0.0,229.2347966972732,851.4806657376206,1.0,0.017564742640315573,0.0,0.0,0.3268523004404671,65.99961422222222,176.1725701062253,0.20071097055063045,10.928230438599742,0.003301181401276612,53.288947154675725,1.2117068574505208
2025-01-01 10:45:00,0.16777976703573927,0.07693718326686322,0.0,0.0027963294505956543,0.0012822863877810537,0.0,0.04825593049618043,0.0,0.11952383653955885,0.0,0.0,0.0,0.07693718326686322,0.0,1,0,0,Off,0,0,Off,0,0,Off,0.03766027444122292,0.02824520583091718,On,0.0,0,Off,0.001861984649122807,0.0,On,0.046393945847057624,0,On,0.016940925517074525,0,On,0.0649226365812614,0.04869197743594604,On,0,0,Off,Off,0.0,22.222222222222285,0.0,0.0,0.0,0.0,0,0.0,1667.2815511111112,Off,0.0,0.0,28.93887657223003,51.666666666666686,46.10666666666668,0.0,47.82744565124632,0.0,0.0,0.0,28.93887657223003,47.23492428324834,47.82744565124632,46.93866359924935,12.43753247303448,22.37958465134977,0.0,1.7,-67.17240627640388,-474.29264713358657,-0.0,-0.0,229.2347966972732,852.3884085101338,1.0,0.017555705004061534,0.0,0.0,0.32668412421035276,65.99961422222222,177.8854441599095,0.20094538346245258,10.920607181617143,0.00330155193885712,53.2678579844266,1.2117777529931795
2025-01-01 10:46:00,0.16777976703573927,0.07693718326686322,0.0,0.0027963294505956543,0.0012822863877810537,0.0,0.04825593049618043,0.0,0.11952383653955885,0.0,0.0,0.0,0.07693718326686322,0.0,1,0,0,Off,0,0,Off,0,0,Off,0.03766027444122292,0.02824520583091718,On,0.0,0,Off,0.001861984649122807,0.0,On,0.046393945847057624,0,On,0.016940925517074525,0,On,0.0649226365812614,0.04869197743594604,On,0,0,Off,Off,0.0,22.222222222222285,0.0,0.0,0.0,0.0,0,0.0,1667.2815511111112,Off,0.0,0.0,28.953215586051535,51.666666666666686,46.10666666666668,0.0,47.82301202437634,0.0,0.0,0.0,28.953215586051535,47.23086295436847,47.82301202437634,46.93478841936454,12.43753247303448,22.363188006116065,0.0,1.7,-64.94136902904779,-473.6860548601055,-0.0,-0.0,229.2347966972732,853.2859456000259,1.0,0.01754716527440535,0.0,0.0,0.32652521324078027,65.99961422222222,179.50988913378447,0.2011683327866849,10.914205667332318,0.0033019223081270275,53.24681814495011,1.211844718384281
2025-01-01 10:47:00,0.16777976703573927,0.07693718326686322,0.0,0.0027963294505956543,0.0012822863877810537,0.0,0.04825593049618043,0.0,0.11952383653955885,0.0,0.0,0.0,0.07693718326686322,0.0,1,0,0,Off,0,0,Off,0,0,Off,0.03766027444122292,0.02824520583091718,On,0.0,0,Off,0.001861984649122807,0.0,On,0.046393945847057624,0,On,0.016940925517074525,0,On,0.0649226365812614,0.04869197743594604,On,0,0,Off,Off,0.0,22.222222222222285,0.0,0.0,0.0,0.0,0,0.0,1667.2815511111112,Off,0.0,0.0,28.96649979937422,51.666666666666686,46.10666666666668,0.0,47.81857634946418,0.0,0.0,0.0,28.96649979937422,47.22679961312814,47.81857634946418,46.93091124496012,12.43753247303448,22.347695943933704,0.0,1.7,-63.13045143790109,-473.1132110514515,-0.0,-0.0,229.2347966972732,854.1733160242808,1.0,0.017539094719945535,0.0,0.0,0.3263750328854493,65.99961422222222,180.74796291627717,0.20138045975082625,10.90754567335944,0.0033022925106496077,53.22582473411284,1.2119079814024505
2025-01-01 10:48:00,0.16777976703573927,0.07693718326686322,0.0,0.0027963294505956543,0.0012822863877810537,0.0,0.04825593049618043,0.0,0.11952383653955885,0.0,0.0,0.0,0.07693718326686322,0.0,1,0,0,Off,0,0,Off,0,0,Off,0.03766027444122292,0.02824520583091718,On,0.0,0,Off,0.001861984649122807,0.0,On,0.046393945847057624,0,On,0.016940925517074525,0,On,0.0649226365812614,0.04869197743594604,On,0,0,Off,Off,0.0,22.222222222222285,0.0,0.0,0.0,0.0,0,0.0,1667.2815511111112,Off,0.0,0.0,28.9788024490986,51.666666666666686,46.10666666666668,0.0,47.81413878329448,0.0,0.0,0.0,28.9788024490986,47.22273440755976,47.81413878329448,46.92703221969241,12.43753247303448,22.33304566629198,0.0,1.7,-60.76167289547362,-472.5717470560761,-0.0,-0.0,229.2347966972732,855.0505563103983,1.0,0.017531460945433588,0.0,0.0,0.3262329803196151,65.99961422222222,182.5752774633293,0.20158249595124095,10.902045114293841,0.0033026625478965277,53.204874864139065,1.211967798460662
2025-01-01 10:49:00,0.16777976703573927,0.07693718326686322,0.0,0.0027963294505956543,0.0012822863877810537,0.0,0.04825593049618043,0.0,0.11952383653955885,0.0,0.0,0.0,0.07693718326686322,0.0,1,0,0,Off,0,0,Off,0,0,Off,0.03766027444122292,0.02824520583091718,On,0.0,0,Off,0.001861984649122807,0.0,On,0.046393945847057624,0,On,0.016940925517074525,0,On,0.0649226365812614,0.04869197743594604,On,0,0,Off,Off,0.0,22.222222222222285,0.0,0.0,0.0,0.0,0,0.0,1667.2815511111112,Off,0.0,0.0,28.990151917502725,51.666666666666686,46.10666666666668,0.0,47.80969947176462,0.0,0.0,0.0,28.990151917502725,47.21866747541757,47.80969947176462,46.92315147724405,12.43753247303448,22.319212916753887,0.0,1.7,-59.225994419635896,-472.06072454263705,-0.0,-0.0,229.2347966972732,855.9177005727204,1.0,0.017524251598821032,0.0,0.0,0.3260988256910367,65.99961422222222,183.59993342572795,0.20177470499705727,10.896242189146859,0.0033030324212393806,53.18396648403425,1.2120242680347595
2025-01-01 10:50:00,0.16777976703573927,0.07693718326686322,0.0,0.0027963294505956543,0.0012822863877810537,0.0,0.04825593049618043,0.0,0.11952383653955885,0.0,0.0,0.0,0.07693718326686322,0.0,1,0,0,Off,0,0,Off,0,0,Off,0.03766027444122292,0.02824520583091718,On,0.0,0,Off,0.001861984649122807,0.0,On,0.046393945847057624,0,On,0.016940925517074525,0,On,0.0649226365812614,0.04869197743594604,On,0,0,Off,Off,0.0,22.222222222222285,0.0,0.0,0.0,0.0,0,0.0,1667.2815511111112,Off,0.0,0.0,29.00063215899464,51.666666666666686,46.10666666666668,0.0,47.805258556551614,0.0,0.0,0.0,29.00063215899464,47.21459895047256,47.805258556551614,46.91926914743305,12.43753247303448,22.30612567090677,0.0,1.7,-57.12764740495405,-471.57744545730776,-0.0,-0.0,229.2347966972732,856.7747805864176,1.0,0.017517429398446017,0.0,0.0,0.32597187524648413,65.99961422222222,185.21500135508057,0.20195794046748725,10.890824538874073,0.0033034021320038623,53.16309679262471,1.2120776846573549
2025-01-01 10:51:00,0.16777976703573927,0.07693718326686322,0.0,0.0027963294505956543,0.0012822863877810537,0.0,0.04825593049618043,0.0,0.11952383653955885,0.0,0.0,0.0,0.07693718326686322,0.0,1,0,0,Off,0,0,Off,0,0,Off,0.03766027444122292,0.02824520583091718,On,0.0,0,Off,0.001861984649122807,0.0,On,0.046393945847057624,0,On,0.016940925517074525,0,On,0.0649226365812614,0.04869197743594604,On,0,0,Off,Off,0.0,22.222222222222285,0.0,0.0,0.0,0.0,0,0.0,1667.2815511111112,Off,0.0,0.0,29.01026444114071,51.666666666666686,46.10666666666668,0.0,47.80081616685249,0.0,0.0,0.0,29.01026444114071,47.21052895471348,47.80081616685249,46.91538534864397,12.43753247303448,22.293765771544212,0.0,1.7,-55.74651505656672,-471.1212061147314,-0.0,-0.0,229.2347966972732,857.621826432777,1.0,0.01751098510736891,0.0,0.0,0.3258519571010041,65.99961422222222,186.1398943608915,0.20213239827464555,10.885782818785314,0.0033037716814048644,53.14226405293085,1.2121281220117295
2025-01-01 10:52:00,0.16777976703573927,0.07693718326686322,0.0,0.0027963294505956543,0.0012822863877810537,0.0,0.04825593049618043,0.0,0.11952383653955885,0.0,0.0,0.0,0.07693718326686322,0.0,1,0,0,Off,0,0,Off,0,0,Off,0.03766027444122292,0.02824520583091718,On,0.0,0,Off,0.001861984649122807,0.0,On,0.046393945847057624,0,On,0.016940925517074525,0,On,0.0649226365812614,0.04869197743594604,On,0,0,Off,Off,0.0,22.222222222222285,0.0,0.0,0.0,0.0,0,0.0,1667.2815511111112,Off,0.0,0.0,29.01912156225488,51.666666666666686,46.10666666666668,0.0,47.7963724287016,0.0,0.0,0.0,29.01912156225488,47.20645760714429,47.7963724287016,46.91150019636563,12.43753247303448,22.28207076798571,0.0,1.7,-53.87172018505828,-470.6896716109258,-0.0,-0.0,229.2347966972732,858.458864296046,1.0,0.017504886368747637,0.0,0.0,0.3257384691445354,65.99961422222222,187.58315472859434,0.20229882187532947,10.881084712645372,0.003304141070621371,53.1214658757377,1.2121758355894698
2025-01-01 10:53:00,0.16777976703573927,0.07693718326686322,0.0,0.0027963294505956543,0.0012822863877810537,0.0,0.04825593049618043,0.0,0.11952383653955885,0.0,0.0,0.0,0.07693718326686322,0.0,1,0,0,Off,0,0,Off,0,0,Off,0.03766027444122292,0.02824520583091718,On,0.0,0,Off,0.001861984649122807,0.0,On,0.046393945847057624,0,On,0.016940925517074525,0,On,0.0649226365812614,0.04869197743594604,On,0,0,Off,Off,0.0,22.222222222222285,0.0,0.0,0.0,0.0,0,0.0,1667.2815511111112,Off,0.0,0.0,29.027221972455763,51.666666666666686,46.10666666666668,0.0,47.7919274573116,0.0,0.0,0.0,29.027221972455763,47.20238501655235,47.7919274573116,46.907613796172726,12.43753247303448,22.271024911489103,0.0,1.7,-52.63237683942279,-470.28223436073733,-0.0,-0.0,229.2347966972732,859.2859199487392,1.0,0.017499125152132766,0.0,0.0,0.3256312619430143,65.99961422222222,188.4150608240413,0.202457383131674,10.876722116074415,0.0033045103007366084,53.100700737601194,1.2122208893670037
2025-01-01 10:54:00,0.16777976703573927,0.07693718326686322,0.0,0.0027963294505956543,0.0012822863877810537,0.0,0.04825593049618043,0.0,0.11952383653955885,0.0,0.0,0.0,0.07693718326686322,0.0,1,0,0,Off,0,0,Off,0,0,Off,0.03766027444122292,0.02824520583091718,On,0.0,0,Off,0.001861984649122807,0.0,On,0.046393945847057624,0,On,0.016940925517074525,0,On,0.0649226365812614,0.04869197743594604,On,0,0,Off,Off,0.0,22.222222222222285,0.0,0.0,0.0,0.0,0,0.0,1667.2815511111112,Off,0.0,0.0,29.03462965454853,51.666666666666686,46.10666666666668,0.0,47.787481365151436,0.0,0.0,0.0,29.03462965454853,47.1983112891357,47.787481365151436,46.90372625112784,12.43753247303448,22.260573315473856,0.0,1.7,-50.95366584694656,-469.8968461260912,-0.0,-0.0,229.2347966972732,860.1030165398449,1.0,0.017493672993396762,0.0,0.0,0.3255298058236893,65.99961422222222,189.7083835818715,0.20260873834531312,10.872666624618663,0.0033048793728025347,53.079966585999955,1.2122635079838207
2025-01-01 10:55:00,0.16777976703573927,0.07693718326686322,0.0,0.0027963294505956543,0.0012822863877810537,0.0,0.04825593049618043,0.0,0.11952383653955885,0.0,0.0,0.0,0.07693718326686322,0.0,1,0,0,Off,0,0,Off,0,0,Off,0.03766027444122292,0.02824520583091718,On,0.0,0,Off,0.001861984649122807,0.0,On,0.046393945847057624,0,On,0.016940925517074525,0,On,0.0649226365812614,0.04869197743594604,On,0,0,Off,Off,0.0,22.222222222222285,0.0,0.0,0.0,0.0,0,0.0,1667.2815511111112,Off,0.0,0.0,29.041360439081018,51.666666666666686,46.10666666666668,0.0,47.7830342551788,0.0,0.0,0.0,29.041360439081018,47.19423652211294,47.7830342551788,46.899837655580015,12.43753247303448,22.250702471038615,0.0,1.7,-49.83916033427562,-469.532987620789,-0.0,-0.0,229.2347966972732,860.9101752320877,1.0,0.017488522991389827,0.0,0.0,0.3254339723669909,65.99961422222222,190.45903058924011,0.20275303622166882,10.868911287986403,0.003305248287787324,53.05926208390677,1.2123037463631081
2025-01-01 10:56:00,0.16777976703573927,0.07693718326686322,0.0,0.0027963294505956543,0.0012822863877810537,0.0,0.04825593049618043,0.0,0.11952383653955885,0.0,0.0,0.0,0.07693718326686322,0.0,1,0,0,Off,0,0,Off,0,0,Off,0.03766027444122292,0.02824520583091718,On,0.0,0,Off,0.001861984649122807,0.0,On,0.046393945847057624,0,On,0.016940925517074525,0,On,0.0649226365812614,0.04869197743594604,On,0,0,Off,Off,0.0,22.222222222222285,0.0,0.0,0.0,0.0,0,0.0,1667.2815511111112,Off,0.0,0.0,29.047470703799924,51.666666666666686,46.10666666666668,0.0,47.778586227997174,0.0,0.0,0.0,29.047470703799924,47.19016081048096,47.778586227997174,46.89594810172285,12.43753247303448,22.24136401691285,0.0,1.7,-48.33292929641908,-469.18885719183874,-0.0,-0.0,229.2347966972732,861.7074152737249,1.0,0.017483650044938133,0.0,0.0,0.32534329447945926,65.99961422222222,191.62113119814643,0.20289085735808549,10.865431076542762,0.0033056170466321025,53.03858546456584,1.2123418025119648
2025-01-01 10:57:00,0.16777976703573927,0.07693718326686322,0.0,0.0027963294505956543,0.0012822863877810537,0.0,0.04825593049618043,0.0,0.11952383653955885,0.0,0.0,0.0,0.07693718326686322,0.0,1,0,0,Off,0,0,Off,0,0,Off,0.03766027444122292,0.02824520583091718,On,0.0,0,Off,0.001861984649122807,0.0,On,0.046393945847057624,0,On,0.016940925517074525,0,On,0.0649226365812614,0.04869197743594604,On,0,0,Off,Off,0.0,22.222222222222285,0.0,0.0,0.0,0.0,0,0.0,1667.2815511111112,Off,0.0,0.0,29.05297407232968,51.666666666666686,46.10666666666668,0.0,47.774137375829284,0.0,0.0,0.0,29.05297407232968,47.18608424132451,47.774137375829284,46.89205767407213,12.43753247303448,22.232546330829056,0.0,1.7,-47.32887568314851,-468.8640095921442,-0.0,-0.0,229.2347966972732,862.494754053904,1.0,0.01747904820636496,0.0,0.0,0.3252576614841631,65.99961422222222,192.3003372117226,0.20302233072489778,10.861499024916263,0.003305985650204502,53.017935550735274,1.2123777237198192
2025-01-01 10:58:00,0.16777976703573927,0.07693718326686322,0.0,0.0027963294505956543,0.0012822863877810537,0.0,0.04825593049618043,0.0,0.11952383653955885,0.0,0.0,0.0,0.07693718326686322,0.0,1,0,0,Off,0,0,Off,0,0,Off,0.03766027444122292,0.02824520583091718,On,0.0,0,Off,0.001861984649122807,0.0,On,0.046393945847057624,0,On,0.016940925517074525,0,On,0.0649226365812614,0.04869197743594604,On,0,0,Off,Off,0.0,22.222222222222285,0.0,0.0,0.0,0.0,0,0.0,1667.2815511111112,Off,0.0,0.0,29.057920349424148,51.666666666666686,46.10666666666668,0.0,47.76968778887179,0.0,0.0,0.0,29.057920349424148,47.1820068998164,47.76968778887179,46.888166455288705,12.43753247303448,22.22420669124713,0.0,1.7,-45.97478366137989,-468.55685573491496,-0.0,-0.0,229.2347966972732,863.2722071717691,1.0,0.017474695284812033,0.0,0.0,0.32517666044404847,65.99961422222222,193.34727537626188,0.2031479710845228,10.858535289757103,0.0033063540993486804,52.9973108187345,1.2124116849623736
2025-01-01 10:59:00,0.16777976703573927,0.07693718326686322,0.0,0.0027963294505956543,0.0012822863877810537,0.0,0.04825593049618043,0.0,0.11952383653955885,0.0,0.0,0.0,0.07693718326686322,0.0,1,0,0,Off,0,0,Off,0,0,Off,0.03766027444122292,0.02824520583091718,On,0.0,0,Off,0.001861984649122807,0.0,On,0.046393945847057624,0,On,0.016940925517074525,0,On,0.0649226365812614,0.04869197743594604,On,0,0,Off,Off,0.0,22.222222222222285,0.0,0.0,0.0,0.0,0,0.0,1667.2815511111112,Off,0.0,0.0,29.062321285432827,51.666666666666686,46.10666666666668,0.0,47.76523754991769,0.0,0.0,0.0,29.062321285432827,47.17792886413973,47.76523754991769,46.88427452125076,12.43753247303448,22.216335077058762,0.0,1.7,-45.06869061791542,-468.2670129288249,-0.0,-0.0,229.2347966972732,864.0397884966856,1.0,0.017470586143692197,0.0,0.0,0.3251001957752881,65.99961422222222,193.96352561363636,0.20326789046433683,10.855813421038295,0.0033067223948441654,52.976710228854245,1.2124437270436004
2025-01-01 11:00:00,3.041901875075567,0.07693718326686322,0.0,0.05069836458459278,0.0012822863877810537,0.0,0.04666224533349524,0.0,1.3279580786309606,1.6672815511111112,0.0,0.0,0.07693718326686322,0.0,1,0,0,Off,0,0,Off,0,0,Off,0.03766027444122292,0.02824520583091718,On,1.2067161329604443,0,On,0.001861984649122807,0.0,On,0.044800260684372435,0,On,0.01865903464803192,0,On,0.0649226365812614,0.04869197743594604,On,0,0,Off,On,1667.2815511111112,23.888888888888914,1.0,0.0,1.6672815511111112,0.0,1,1667.2815511111112,1667.2815511111112,Off,0.0,0.0,29.06622098640399,51.666666666666686,46.10666666666668,0.0,47.76078674001246,0.0,0.0,0.0,29.06622098640399,47.173850210828576,47.76078674001246,46.88038194623663,12.43753247303448,22.208893655965706,0.0,1.7,2492.392467125296,-467.9930759292422,-0.0,-0.0,1098.1948363970655,864.7975102274982,1.0,0.01746670111816263,0.0,0.0,0.32502790154601235,65.99961422222222,194.90915554636143,0.20338254623083518,10.852593693001744,0.0033070905374500584,149.49342310153335,1.2124740049620424
2025-01-01 11:01:00,3.041901875075567,0.07693718326686322,0.0,0.05069836458459278,0.0012822863877810537,0.0,0.04666224533349524,0.0,1.3279580786309606,1.6672815511111112,0.0,0.0,0.07693718326686322,0.0,1,0,0,Off,0,0,Off,0,0,Off,0.03766027444122292,0.02824520583091718,On,1.2067161329604443,0,On,0.001861984649122807,0.0,On,0.044800260684372435,0,On,0.01865903464803192,0,On,0.0649226365812614,0.04869197743594604,On,0,0,Off,On,1667.2815511111112,23.888888888888914,1.0,0.0,1.6672815511111112,0.0,1,1667.2815511111112,1667.2815511111112,Off,0.0,0.0,28.96308746654135,51.666666666666686,46.10666666666668,0.0,47.75633543364503,0.0,0.0,0.0,28.96308746654135,47.16977101022705,47.75633543364503,46.87648879851807,12.43753247303448,22.293446281099325,-1.0954426077895896,1.7,2486.332763848561,-471.10941513311343,-0.0,-0.0,1098.1948363970655,865.5453829574078,1.0,0.017510818513137835,0.0,0.0,0.3258488570437598,65.99961422222222,191.96579147349766,0.2024015361641721,10.89031402629718,0.0033081293623180887,149.4363711911744,1.2121262495523157
2025-01-01 11:02:00,3.041901875075567,0.07693718326686322,0.0,0.05069836458459278,0.0012822863877810537,0.0,0.04666224533349524,0.0,1.3279580786309606,1.6672815511111112,0.0,0.0,0.07693718326686322,0.0,1,0,0,Off,0,0,Off,0,0,Off,0.03766027444122292,0.02824520583091718,On,1.2067161329604443,0,On,0.001861984649122807,0.0,On,0.044800260684372435,0,On,0.01865903464803192,0,On,0.0649226365812614,0.04869197743594604,On,0,0,Off,On,1667.2815511111112,23.888888888888914,1.0,0.0,1.6672815511111112,0.0,1,1667.2815511111112,1667.2815511111112,Off,0.0,0.0,28.86249322512664,51.666666666666686,46.10666666666668,0.0,47.75189953932079,0.0,0.0,0.0,28.86249322512664,47.165706283551,47.75189953932079,46.87260965566611,12.43753247303448,22.37583090902133,-1.0130579798675825,1.7,2480.925651433501,-474.15375057570816,-0.0,-0.0,1098.1948363970655,866.2834162154091,1.0,0.01755375016072528,0.0,0.0,0.3266477476431272,65.99961422222222,189.6030145010324,0.20145246630770733,10.92758122996212,0.003309168088656294,149.37901582905468,1.2117875828969058
2025-01-01 11:03:00,3.041901875075567,0.07693718326686322,0.0,0.05069836458459278,0.0012822863877810537,0.0,0.04666224533349524,0.0,1.3279580786309606,1.6672815511111112,0.0,0.0,0.07693718326686322,0.0,1,0,0,Off,0,0,Off,0,0,Off,0.03766027444122292,0.02824520583091718,On,1.2067161329604443,0,On,0.001861984649122807,0.0,On,0.044800260684372435,0,On,0.01865903464803192,0,On,0.0649226365812614,0.04869197743594604,On,0,0,Off,On,1667.2815511111112,23.888888888888914,1.0,0.0,1.6672815511111112,0.0,1,1667.2815511111112,1667.2815511111112,Off,0.0,0.0,28.764289147776854,51.666666666666686,46.10666666666668,0.0,47.74747867941317,0.0,0.0,0.0,28.764289147776854,47.161655674433966,47.74747867941317,46.868744171944364,12.43753247303448,22.4561753458477,-0.9327135430412135,1.7,2475.730383990414,-477.1301969734914,-0.0,-0.0,1098.1948363970655,867.0116165561262,1.0,0.0175955670308465,0.0,0.0,0.3274258939829984,65.99961422222222,187.3841934557285,0.20053332193516404,10.96301596015292,0.0033102067065082456,149.32137016326882,1.2114574661755404
2025-01-01 11:04:00,3.041901875075567,0.07693718326686322,0.0,0.05069836458459278,0.0012822863877810537,0.0,0.04666224533349524,0.0,1.3279580786309606,1.6672815511111112,0.0,0.0,0.07693718326686322,0.0,1,0,0,Off,0,0,Off,0,0,Off,0.03766027444122292,0.02824520583091718,On,1.2067161329604443,0,On,0.001861984649122807,0.0,On,0.044800260684372435,0,On,0.01865903464803192,0,On,0.0649226365812614,0.04869197743594604,On,0,0,Off,On,1667.2815511111112,23.888888888888914,1.0,0.0,1.6672815511111112,0.0,1,1667.2815511111112,1667.2815511111112,Off,0.0,0.0,28.668353243450536,51.666666666666686,46.10666666666668,0.0,47.74307249846343,0.0,0.0,0.0,28.668353243450536,47.15761884743644,47.74307249846343,46.86489202192295,12.43753247303448,22.534584106382326,-0.8543047825065884,1.7,2470.763845193613,-480.04206669076245,-0.0,-0.0,1098.1948363970655,867.729990583883,1.0,0.017636327527425874,0.0,0.0,0.32818438286876694,65.99961422222222,185.32952437619903,0.19964241909819908,10.998126567870818,0.003311245206464942,149.2634462791027,1.2111354574953035
2025-01-01 11:05:00,3.041901875075567,0.07693718326686322,0.0,0.05069836458459278,0.0012822863877810537,0.0,0.04666224533349524,0.0,1.3279580786309606,1.6672815511111112,0.0,0.0,0.07693718326686322,0.0,1,0,0,Off,0,0,Off,0,0,Off,0.03766027444122292,0.02824520583091718,On,1.2067161329604443,0,On,0.001861984649122807,0.0,On,0.044800260684372435,0,On,0.01865903464803192,0,On,0.0649226365812614,0.04869197743594604,On,0,0,Off,On,1667.2815511111112,23.888888888888914,1.0,0.0,1.6672815511111112,0.0,1,1667.2815511111112,1667.2815511111112,Off,0.0,0.0,28.57457006540903,51.666666666666686,46.10666666666668,0.0,47.73868065914904,0.0,0.0,0.0,28.57457006540903,47.15359548423935,47.73868065914904,46.8610528967845,12.43753247303448,22.61115609764284,-0.7777327912460734,1.7,2466.009684263224,-482.89251543890373,-0.0,-0.0,1098.1948363970655,868.4385430202962,1.0,0.017676086760877844,0.0,0.0,0.32892423981877417,65.99961422222222,183.42581219395086,0.19877818135544284,11.032972798326544,0.0033122835795751176,149.2052554513084,1.2108211391747215
2025-01-01 11:06:00,3.041901875075567,0.07693718326686322,0.0,0.05069836458459278,0.0012822863877810537,0.0,0.04666224533349524,0.0,1.3279580786309606,1.6672815511111112,0.0,0.0,0.07693718326686322,0.0,1,0,0,Off,0,0,Off,0,0,Off,0.03766027444122292,0.02824520583091718,On,1.2067161329604443,0,On,0.001861984649122807,0.0,On,0.044800260684372435,0,On,0.01865903464803192,0,On,0.0649226365812614,0.04869197743594604,On,0,0,Off,On,1667.2815511111112,23.888888888888914,1.0,0.0,1.6672815511111112,0.0,1,1667.2815511111112,1667.2815511111112,Off,0.0,0.0,28.482831607021218,51.666666666666686,46.10666666666668,0.0,47.73430284131074,0.0,0.0,0.0,28.482831607021218,47.14958528272558,47.73430284131074,46.857226503433004,12.43753247303448,22.685983848264936,-0.7029050406239783,1.7,2461.4549547544366,-485.68450862922805,-0.0,-0.0,1098.1948363970655,869.137277261937,1.0,0.017714896185499592,0.0,0.0,0.3296464223167559,65.99961422222222,181.66307587548778,0.19793914511297683,11.066142617284942,0.003313321817319515,149.14680819932568,1.2105141207812116
2025-01-01 11:07:00,3.041901875075567,0.07693718326686322,0.0,0.05069836458459278,0.0012822863877810537,0.0,0.04666224533349524,0.0,1.3279580786309606,1.6672815511111112,0.0,0.0,0.07693718326686322,0.0,1,0,0,Off,0,0,Off,0,0,Off,0.03766027444122292,0.02824520583091718,On,1.2067161329604443,0,On,0.001861984649122807,0.0,On,0.044800260684372435,0,On,0.01865903464803192,0,On,0.0649226365812614,0.04869197743594604,On,0,0,Off,On,1667.2815511111112,23.888888888888914,1.0,0.0,1.6672815511111112,0.0,1,1667.2815511111112,1667.2815511111112,Off,0.0,0.0,28.39303665019548,51.666666666666686,46.10666666666668,0.0,47.72993874084651,0.0,0.0,0.0,28.39303665019548,47.14558795593588,47.72993874084651,46.85341256348057,12.43753247303448,22.75915406722983,-0.6297348216590848,1.7,2457.087442039079,-488.42083741930475,-0.0,-0.0,1098.1948363970655,869.8261954256251,1.0,0.017752803925155825,0.0,0.0,0.3303518258723252,65.99961422222222,180.03189195020738,0.1971239491107946,11.098412023730997,0.0033143599115828598,149.0881143482772,1.2102140367297343
2025-01-01 11:08:00,3.041901875075567,0.07693718326686322,0.0,0.05069836458459278,0.0012822863877810537,0.0,0.04666224533349524,0.0,1.3279580786309606,1.6672815511111112,0.0,0.0,0.07693718326686322,0.0,1,0,0,Off,0,0,Off,0,0,Off,0.03766027444122292,0.02824520583091718,On,1.2067161329604443,0,On,0.001861984649122807,0.0,On,0.044800260684372435,0,On,0.01865903464803192,0,On,0.0649226365812614,0.04869197743594604,On,0,0,Off,On,1667.2815511111112,23.888888888888914,1.0,0.0,1.6672815511111112,0.0,1,1667.2815511111112,1667.2815511111112,Off,0.0,0.0,28.30509027317654,51.666666666666686,46.10666666666668,0.0,47.725588068702336,0.0,0.0,0.0,28.30509027317654,47.14160323111607,47.725588068702336,46.84961081232294,12.43753247303448,22.830748066273717,-0.5581408226151972,1.7,2450.4325304084637,-491.1041302273482,-0.0,-2.4632935445006288,1098.1948363970655,870.5052984059344,1.0,0.017789855024024054,0.0,8.923084197641357e-05,0.3327017346477843,65.99961422222222,178.5235666721356,0.19633132600324993,11.130562705793931,0.003315397854628244,149.02867993041627,1.2099205444525452
2025-01-01 11:09:00,3.041901875075567,0.07693718326686322,0.0,0.05069836458459278,0.0012822863877810537,0.0,0.04666224533349524,0.0,1.3279580786309606,1.6672815511111112,0.0,0.0,0.07693718326686322,0.0,1,0,0,Off,0,0,Off,0,0,Off,0.03766027444122292,0.02824520583091718,On,1.2067161329604443,0,On,0.001861984649122807,0.0,On,0.044800260684372435,0,On,0.01865903464803192,0,On,0.0649226365812614,0.04869197743594604,On,0,0,Off,On,1667.2815511111112,23.888888888888914,1.0,0.0,1.6672815511111112,0.0,1,1667.2815511111112,1667.2815511111112,Off,0.0,0.0,28.219006867233443,51.666666666666686,46.10666666666668,0.0,47.72125054993626,0.0,0.0,0.0,28.219006867233443,47.137630848833474,47.72125054993626,46.845820998282086,12.43753247303448,22.90075321613591,-0.4881356727530033,1.7,2443.1509046785536,-493.7335196050224,-0.0,-5.725491748575793,1098.1948363970655,871.1745859254344,1.0,0.017826045724659803,0.0,0.0002067165255215463,0.3355614110302668,65.99961422222222,177.13352852397497,0.19556114806199168,11.16185540922024,0.0033164356355696234,148.9681743168895,1.2096336860894061
2025-01-01 11:10:00,3.041901875075567,0.07693718326686322,0.0,0.05069836458459278,0.0012822863877810537,0.0,0.04666224533349524,0.0,1.3279580786309606,1.6672815511111112,0.0,0.0,0.07693718326686322,0.0,1,0,0,Off,0,0,Off,0,0,Off,0.03766027444122292,0.02824520583091718,On,1.2067161329604443,0,On,0.001861984649122807,0.0,On,0.044800260684372435,0,On,0.01865903464803192,0,On,0.0649226365812614,0.04869197743594604,On,0,0,Off,On,1667.2815511111112,23.888888888888914,1.0,0.0,1.6672815511111112,0.0,1,1667.2815511111112,1667.2815511111112,Off,0.0,0.0,28.134733409921402,51.666666666666686,46.10666666666668,0.0,47.716925907470745,0.0,0.0,0.0,28.134733409921402,47.1336705476357,47.716925907470745,46.842042867718185,12.43753247303448,22.969214827553515,-0.41967406133539953,1.7,2436.09783733,-496.31032660169086,-0.0,-8.923157808237326,1098.1948363970655,871.834056583905,1.0,0.017861402124850337,0.0,0.0003211299489328056,0.33834839244999176,65.99961422222222,175.85493423175126,0.19481261013794426,11.192314788845863,0.0033174732411766095,148.90671023536268,1.2093532672780887
2025-01-01 11:11:00,3.041901875075567,0.07693718326686322,0.0,0.05069836458459278,0.0012822863877810537,0.0,0.04666224533349524,0.0,1.3279580786309606,1.6672815511111112,0.0,0.0,0.07693718326686322,0.0,1,0,0,Off,0,0,Off,0,0,Off,0.03766027444122292,0.02824520583091718,On,1.2067161329604443,0,On,0.001861984649122807,0.0,On,0.044800260684372435,0,On,0.01865903464803192,0,On,0.0649226365812614,0.04869197743594604,On,0,0,Off,On,1667.2815511111112,23.888888888888914,1.0,0.0,1.6672815511111112,0.0,1,1667.2815511111112,1667.2815511111112,Off,0.0,0.0,28.052184854348866,51.666666666666686,46.10666666666668,0.0,47.71261387211259,0.0,0.0,0.0,28.052184854348866,47.12972207351163,47.71261387211259,46.83827617421115,12.43753247303448,23.036205743455483,-0.3526831454334314,1.7,2429.2606661924165,-498.8369349579846,-0.0,-12.059198707802537,1098.1948363970655,872.4837079130609,1.0,0.01789596434907347,0.0,0.0004326283300802577,0.34106635113841144,65.99961422222222,174.68041235002678,0.1940846015076035,11.222723776765445,0.0033185106591643765,148.84432433753796,1.2090789818216061
2025-01-01 11:12:00,3.041901875075567,0.07693718326686322,0.0,0.05069836458459278,0.0012822863877810537,0.0,0.04666224533349524,0.0,1.3279580786309606,1.6672815511111112,0.0,0.0,0.07693718326686322,0.0,1,0,0,Off,0,0,Off,0,0,Off,0.03766027444122292,0.02824520583091718,On,1.2067161329604443,0,On,0.001861984649122807,0.0,On,0.044800260684372435,0,On,0.01865903464803192,0,On,0.0649226365812614,0.04869197743594604,On,0,0,Off,On,1667.2815511111112,23.888888888888914,1.0,0.0,1.6672815511111112,0.0,1,1667.2815511111112,1667.2815511111112,Off,0.0,0.0,27.97128121838092,51.666666666666686,46.10666666666668,0.0,47.70831418731263,0.0,0.0,0.0,27.97128121838092,47.12578518438575,47.70831418731263,46.83452068292231,12.43753247303448,23.10179446564889,-0.2870944232400241,1.7,2422.6276287566275,-501.31559476697646,-0.0,-15.136360034048806,1098.1948363970655,873.1235364182156,1.0,0.017929770067137692,0.0,0.000541358493326059,0.34371872024255984,65.99961422222222,173.60319604947608,0.1933760845256224,11.25163247814622,0.0033195478777606285,148.78105088721765,1.2088105419715094
2025-01-01 11:13:00,3.041901875075567,0.07693718326686322,0.0,0.05069836458459278,0.0012822863877810537,0.0,0.04666224533349524,0.0,1.3279580786309606,1.6672815511111112,0.0,0.0,0.07693718326686322,0.0,1,0,0,Off,0,0,Off,0,0,Off,0.03766027444122292,0.02824520583091718,On,1.2067161329604443,0,On,0.001861984649122807,0.0,On,0.044800260684372435,0,On,0.01865903464803192,0,On,0.0649226365812614,0.04869197743594604,On,0,0,Off,On,1667.2815511111112,23.888888888888914,1.0,0.0,1.6672815511111112,0.0,1,1667.2815511111112,1667.2815511111112,Off,0.0,0.0,27.891947228747597,51.666666666666686,46.10666666666668,0.0,47.7040266084128,0.0,0.0,0.0,27.891947228747597,47.12185964940737,47.7040266084128,46.83077616990466,12.43753247303448,23.16604545998144,-0.2228434289074741,1.7,2416.187710615302,-503.7484311703752,-0.0,-18.157236329653557,1098.1948363970655,873.7535376310267,1.0,0.017962854672191136,0.0,0.0006474576936754474,0.3463087124736762,65.99961422222222,172.616990607154,0.19268608888944672,11.28056529553583,0.0033205848856737628,148.7169219509464,1.2085476771144976
2025-01-01 11:14:00,3.041901875075567,0.07693718326686322,0.0,0.05069836458459278,0.0012822863877810537,0.0,0.04666224533349524,0.0,1.3279580786309606,1.6672815511111112,0.0,0.0,0.07693718326686322,0.0,1,0,0,Off,0,0,Off,0,0,Off,0.03766027444122292,0.02824520583091718,On,1.2067161329604443,0,On,0.001861984649122807,0.0,On,0.044800260684372435,0,On,0.01865903464803192,0,On,0.0649226365812614,0.04869197743594604,On,0,0,Off,On,1667.2815511111112,23.888888888888914,1.0,0.0,1.6672815511111112,0.0,1,1667.2815511111112,1667.2815511111112,Off,0.0,0.0,27.814111996863137,51.666666666666686,46.10666666666668,0.0,47.69975090194612,0.0,0.0,0.0,27.814111996863137,47.117945248289786,47.69975090194612,46.82704242146163,12.43753247303448,23.229019434124435,-0.159869454764479,1.7,2409.9305971874755,-506.137452312974,-0.0,-21.12428057382918,1098.1948363970655,874.3737065686256,1.0,0.017995251442425298,0.0,0.0007510543602913142,0.3488393369518973,65.99961422222222,171.7159425661022,0.19201370645702104,11.308060630634632,0.0033216216720634156,148.65196757129118,1.2082901325777595
2025-01-01 11:15:00,3.041901875075567,0.07693718326686322,0.0,0.05069836458459278,0.0012822863877810537,0.0,0.04666224533349524,0.0,1.3279580786309606,1.6672815511111112,0.0,0.0,0.07693718326686322,0.0,1,0,0,Off,0,0,Off,0,0,Off,0.03766027444122292,0.02824520583091718,On,1.2067161329604443,0,On,0.001861984649122807,0.0,On,0.044800260684372435,0,On,0.01865903464803192,0,On,0.0649226365812614,0.04869197743594604,On,0,0,Off,On,1667.2815511111112,23.888888888888914,1.0,0.0,1.6672815511111112,0.0,1,1667.2815511111112,1667.2815511111112,Off,0.0,0.0,27.737708720280654,51.666666666666686,46.10666666666668,0.0,47.69548684498481,0.0,0.0,0.0,27.737708720280654,47.114041770694904,47.69548684498481,46.82331923354995,12.43753247303448,23.29077359379592,-0.09811529509299532,1.7,2403.846622498567,-508.4845567415127,-0.0,-24.03981301545975,1098.1948363970655,874.9840361219203,1.0,0.018026991689732184,0.0,0.0008522687733714383,0.35131341456815746,65.99961422222222,170.8946047473625,0.19135808652162428,11.335646412332727,0.0033226582265131785,148.58621592449182,1.2080376685284893
2025-01-01 11:16:00,3.041901875075567,0.07693718326686322,0.0,0.05069836458459278,0.0012822863877810537,0.0,0.04666224533349524,0.0,1.3279580786309606,1.6672815511111112,0.0,0.0,0.07693718326686322,0.0,1,0,0,Off,0,0,Off,0,0,Off,0.03766027444122292,0.02824520583091718,On,1.2067161329604443,0,On,0.001861984649122807,0.0,On,0.044800260684372435,0,On,0.01865903464803192,0,On,0.0649226365812614,0.04869197743594604,On,0,0,Off,On,1667.2815511111112,23.888888888888914,1.0,0.0,1.6672815511111112,0.0,1,1667.2815511111112,1667.2815511111112,Off,0.0,0.0,27.662674406997585,51.666666666666686,46.10666666666668,0.0,47.69123422453289,0.0,0.0,0.0,27.662674406997585,47.110149015659786,47.69123422453289,46.81960641122324,12.43753247303448,23.35136187906421,-0.03752700982470358,1.7,2397.9267231776794,-510.791540281084,-0.0,-26.906029394921497,1098.1948363970655,875.5845196013729,1.0,0.018058104896381186,0.0,0.0009512136808124055,0.3537335920026781,65.99961422222222,170.147905345508,0.19071843150090217,11.362603386506732,0.0033236945390053,148.51969346407628,1.207790058960202
2025-01-01 11:17:00,3.041901875075567,0.07693718326686322,0.0,0.05069836458459278,0.0012822863877810537,0.0,0.04666224533349524,0.0,1.3279580786309606,1.6672815511111112,0.0,0.0,0.07693718326686322,0.0,1,0,0,Off,0,0,Off,0,0,Off,0.03766027444122292,0.02824520583091718,On,1.2067161329604443,0,On,0.001861984649122807,0.0,On,0.044800260684372435,0,On,0.01865903464803192,0,On,0.0649226365812614,0.04869197743594604,On,0,0,Off,On,1667.2815511111112,23.888888888888914,1.0,0.0,1.6672815511111112,0.0,1,1667.2815511111112,1667.2815511111112,Off,0.0,0.0,27.58894962099176,51.666666666666686,46.10666666666668,0.0,47.68699283695964,0.0,0.0,0.0,27.58894962099176,47.10626679106191,47.68699283695964,46.81590376811305,12.43753247303448,23.410835182504663,0.0,1.7,2392.1623954246006,-513.0601024306873,-0.0,-29.725008601909536,1098.1948363970655,876.1751491062821,1.0,0.018088618840823203,0.0,0.0010479948608219287,0.35610235453531797,65.99961422222222,169.47111894902065,0.19009399299857085,11.389713430064216,0.003324730599897209,148.45242505184365,1.2075470907580033
2025-01-01 11:18:00,3.041901875075567,0.07693718326686322,0.0,0.05069836458459278,0.0012822863877810537,0.0,0.04666224533349524,0.0,1.3279580786309606,1.6672815511111112,0.0,0.0,0.07693718326686322,0.0,1,0,0,Off,0,0,Off,0,0,Off,0.03766027444122292,0.02824520583091718,On,1.2067161329604443,0,On,0.001861984649122807,0.0,On,0.044800260684372435,0,On,0.01865903464803192,0,On,0.0649226365812614,0.04869197743594604,On,0,0,Off,On,1667.2815511111112,23.888888888888914,1.0,0.0,1.6672815511111112,0.0,1,1667.2815511111112,1667.2815511111112,Off,0.0,0.0,27.516478247013627,51.666666666666686,46.10666666666668,0.0,47.682762487471,0.0,0.0,0.0,27.516478247013627,47.102394913120094,47.682762487471,46.81221112594464,12.43753247303448,23.46924155074653,0.0,1.7,2386.545655738714,-515.2918523136424,-0.0,-32.49871980982896,1098.1948363970655,876.7559159885902,1.0,0.018118559713584236,0.0,0.0011427116358343392,0.35842203776533177,65.99961422222222,168.85984035400824,0.18948406820264302,11.415493930803015,0.00332576639989971,148.38443407746644,1.207308562836019
2025-01-01 11:19:00,3.041901875075567,0.07693718326686322,0.0,0.05069836458459278,0.0012822863877810537,0.0,0.04666224533349524,0.0,1.3279580786309606,1.6672815511111112,0.0,0.0,0.07693718326686322,0.0,1,0,0,Off,0,0,Off,0,0,Off,0.03766027444122292,0.02824520583091718,On,1.2067161329604443,0,On,0.001861984649122807,0.0,On,0.044800260684372435,0,On,0.01865903464803192,0,On,0.0649226365812614,0.04869197743594604,On,0,0,Off,On,1667.2815511111112,23.888888888888914,1.0,0.0,1.6672815511111112,0.0,1,1667.2815511111112,1667.2815511111112,Off,0.0,0.0,27.44520727350374,51.666666666666686,46.10666666666668,0.0,47.67854298961586,0.0,0.0,0.0,27.44520727350374,47.098533205928454,47.67854298961586,46.808528314084754,12.43753247303448,23.526626370837842,0.0,1.7,2381.0690046658624,-517.4883142171109,-0.0,-35.22902912595901,1098.1948363970655,877.3268109020452,1.0,0.01814795222413354,0.0,0.0012354573425445155,0.3606948383466127,65.99961422222222,168.30996050075575,0.18888799658747832,11.440722142549525,0.0033268019300567125,148.315742567823,1.2070742853406717
2025-01-01 11:20:00,3.041901875075567,0.07693718326686322,0.0,0.05069836458459278,0.0012822863877810537,0.0,0.04666224533349524,0.0,1.3279580786309606,1.6672815511111112,0.0,0.0,0.07693718326686322,0.0,1,0,0,Off,0,0,Off,0,0,Off,0.03766027444122292,0.02824520583091718,On,1.2067161329604443,0,On,0.001861984649122807,0.0,On,0.044800260684372435,0,On,0.01865903464803192,0,On,0.0649226365812614,0.04869197743594604,On,0,0,Off,On,1667.2815511111112,23.888888888888914,1.0,0.0,1.6672815511111112,0.0,1,1667.2815511111112,1667.2815511111112,Off,0.0,0.0,27.37508659115487,51.666666666666686,46.10666666666668,0.0,47.67433416482467,0.0,0.0,0.0,27.37508659115487,47.094681501020844,47.67433416482467,46.80485516911894,12.43753247303448,23.583032542706878,0.0,1.7,2375.72539336497,-519.6509327516426,-0.0,-37.9177057928677,1098.1948363970655,877.8878238397712,1.0,0.01817681969951691,0.0,0.0013263197623195363,0.3629228238323888,65.99961422222222,167.81764440130334,0.1883051568907607,11.466180614060857,0.003327837181726372,148.24637128705012,1.2068440789141925
2025-01-01 11:21:00,3.041901875075567,0.07693718326686322,0.0,0.05069836458459278,0.0012822863877810537,0.0,0.04666224533349524,0.0,1.3279580786309606,1.6672815511111112,0.0,0.0,0.07693718326686322,0.0,1,0,0,Off,0,0,Off,0,0,Off,0.03766027444122292,0.02824520583091718,On,1.2067161329604443,0,On,0.001861984649122807,0.0,On,0.044800260684372435,0,On,0.01865903464803192,0,On,0.0649226365812614,0.04869197743594604,On,0,0,Off,On,1667.2815511111112,23.888888888888914,1.0,0.0,1.6672815511111112,0.0,1,1667.2815511111112,1667.2815511111112,Off,0.0,0.0,27.306068806848522,51.666666666666686,46.10666666666668,0.0,47.670135841977945,0.0,0.0,0.0,27.306068806848522,47.090839636963544,47.670135841977945,46.80119153445634,12.43753247303448,23.63850063888139,0.0,1.7,2370.5081927550805,-521.781077659232,-0.0,-40.56642797389918,1098.1948363970655,878.4389441819153,1.0,0.01820518417546915,0.0,0.001415381515785927,0.3651079417133326,65.99961422222222,167.37931088003515,0.18773496433940118,11.491134224458635,0.0033288721465635288,148.1763398282015,1.2066177740132427
2025-01-01 11:22:00,3.041901875075567,0.07693718326686322,0.0,0.05069836458459278,0.0012822863877810537,0.0,0.04666224533349524,0.0,1.3279580786309606,1.6672815511111112,0.0,0.0,0.07693718326686322,0.0,1,0,0,Off,0,0,Off,0,0,Off,0.03766027444122292,0.02824520583091718,On,1.2067161329604443,0,On,0.001861984649122807,0.0,On,0.044800260684372435,0,On,0.01865903464803192,0,On,0.0649226365812614,0.04869197743594604,On,0,0,Off,On,1667.2815511111112,23.888888888888914,1.0,0.0,1.6672815511111112,0.0,1,1667.2815511111112,1667.2815511111112,Off,0.0,0.0,27.238109070637066,51.666666666666686,46.10666666666668,0.0,47.66594785700249,0.0,0.0,0.0,27.238109070637066,47.08700745897404,47.66594785700249,46.79753725995982,12.43753247303448,23.69306905251938,0.0,1.7,2365.411165019388,-523.880048296095,-0.0,-43.17678815302271,1098.1948363970655,878.9801607308963,1.0,0.018233066480651112,0.0,0.0015027204249819122,0.3672520277241652,65.99961422222222,166.99161396032892,0.1871768681012818,11.514840324411308,0.003329906816503346,148.10566669730127,1.2063952102780318
2025-01-01 11:23:00,3.041901875075567,0.07693718326686322,0.0,0.05069836458459278,0.0012822863877810537,0.0,0.04666224533349524,0.0,1.3279580786309606,1.6672815511111112,0.0,0.0,0.07693718326686322,0.0,1,0,0,Off,0,0,Off,0,0,Off,0.03766027444122292,0.02824520583091718,On,1.2067161329604443,0,On,0.001861984649122807,0.0,On,0.044800260684372435,0,On,0.01865903464803192,0,On,0.0649226365812614,0.04869197743594604,On,0,0,Off,On,1667.2815511111112,23.888888888888914,1.0,0.0,1.6672815511111112,0.0,1,1667.2815511111112,1667.2815511111112,Off,0.0,0.0,27.17116491610886,51.666666666666686,46.10666666666668,0.0,47.66177005249331,0.0,0.0,0.0,27.17116491610886,47.083184818564156,47.66177005249331,46.79389220159958,12.43753247303448,23.746774134708595,0.0,1.7,2360.428437271323,-525.9490778142531,-0.0,-45.750298176982625,1098.1948363970655,879.5114617566767,1.0,0.01826048631459482,0.0,0.0015884098461038953,0.36935681348598287,65.99961422222222,166.65142575438222,0.18663034894198713,11.538842441964789,0.0033309411837460475,148.03436939050164,1.2061762359477344
2025-01-01 11:24:00,3.041901875075567,0.07693718326686322,0.0,0.05069836458459278,0.0012822863877810537,0.0,0.04666224533349524,0.0,1.3279580786309606,1.6672815511111112,0.0,0.0,0.07693718326686322,0.0,1,0,0,Off,0,0,Off,0,0,Off,0.03766027444122292,0.02824520583091718,On,1.2067161329604443,0,On,0.001861984649122807,0.0,On,0.044800260684372435,0,On,0.01865903464803192,0,On,0.0649226365812614,0.04869197743594604,On,0,0,Off,On,1667.2815511111112,23.888888888888914,1.0,0.0,1.6672815511111112,0.0,1,1667.2815511111112,1667.2815511111112,Off,0.0,0.0,27.10519611119998,51.666666666666686,46.10666666666668,0.0,47.65760227735923,0.0,0.0,0.0,27.10519611119998,47.079371573205506,47.65760227735923,46.79025622112865,12.43753247303448,23.79965032190514,0.0,1.7,2355.5544771991035,-527.9893370641115,-0.0,-48.28839396554029,1098.1948363970655,880.0328350359648,1.0,0.018287462319885206,0.0,0.0016725189755590886,0.37142393354460507,65.99961422222222,166.35582072057858,0.18609491706792983,11.562397387484893,0.003331975240742676,147.9624644649787,1.2059607073183936
2025-01-01 11:25:00,3.041901875075567,0.07693718326686322,0.0,0.05069836458459278,0.0012822863877810537,0.0,0.04666224533349524,0.0,1.3279580786309606,1.6672815511111112,0.0,0.0,0.07693718326686322,0.0,1,0,0,Off,0,0,Off,0,0,Off,0.03766027444122292,0.02824520583091718,On,1.2067161329604443,0,On,0.001861984649122807,0.0,On,0.044800260684372435,0,On,0.01865903464803192,0,On,0.0649226365812614,0.04869197743594604,On,0,0,Off,On,1667.2815511111112,23.888888888888914,1.0,0.0,1.6672815511111112,0.0,1,1667.2815511111112,1667.2815511111112,Off,0.0,0.0,27.04016452031321,51.666666666666686,46.10666666666668,0.0,47.65344438649077,0.0,0.0,0.0,27.04016452031321,47.07556758601595,47.65344438649077,46.786629185778544,12.43753247303448,23.85173025430348,0.0,1.7,2350.7840705830413,-530.0019382384376,-0.0,-50.79243991361399,1098.1948363970655,880.5442682304308,1.0,0.018314012149057486,0.0,0.0017551131317555936,0.3734549318591006,65.99961422222222,166.10206122691622,0.1855701101391056,11.585522397797396,0.0033330089801817905,147.88996760413622,1.205748488239857
2025-01-01 11:26:00,3.041901875075567,0.07693718326686322,0.0,0.05069836458459278,0.0012822863877810537,0.0,0.04666224533349524,0.0,1.3279580786309606,1.6672815511111112,0.0,0.0,0.07693718326686322,0.0,1,0,0,Off,0,0,Off,0,0,Off,0.03766027444122292,0.02824520583091718,On,1.2067161329604443,0,On,0.001861984649122807,0.0,On,0.044800260684372435,0,On,0.01865903464803192,0,On,0.0649226365812614,0.04869197743594604,On,0,0,Off,On,1667.2815511111112,23.888888888888914,1.0,0.0,1.6672815511111112,0.0,1,1667.2815511111112,1667.2815511111112,Off,0.0,0.0,26.97603397610721,51.666666666666686,46.10666666666668,0.0,47.64929624044842,0.0,0.0,0.0,26.97603397610721,47.071772725465344,47.64929624044842,46.78301096797381,12.43753247303448,23.9030448858617,0.0,1.7,2346.1123001923133,-531.9879382766309,-0.0,-53.26373300740239,1098.1948363970655,881.0457475644062,1.0,0.01834015252664612,0.0,0.001836254014816311,0.3754512677892901,65.99961422222222,165.88758396816988,0.1850554914363813,11.608233818856146,0.0033340423949770343,147.81689367762996,1.2055394496485836
2025-01-01 11:27:00,3.041901875075567,0.07693718326686322,0.0,0.05069836458459278,0.0012822863877810537,0.0,0.04666224533349524,0.0,1.3279580786309606,1.6672815511111112,0.0,0.0,0.07693718326686322,0.0,1,0,0,Off,0,0,Off,0,0,Off,0.03766027444122292,0.02824520583091718,On,1.2067161329604443,0,On,0.001861984649122807,0.0,On,0.044800260684372435,0,On,0.01865903464803192,0,On,0.0649226365812614,0.04869197743594604,On,0,0,Off,On,1667.2815511111112,23.888888888888914,1.0,0.0,1.6672815511111112,0.0,1,1667.2815511111112,1667.2815511111112,Off,0.0,0.0,26.91277015996029,51.666666666666686,46.10666666666668,0.0,47.64515770517007,0.0,0.0,0.0,26.91277015996029,47.06798686509934,47.64515770517007,46.779401445063975,12.43753247303448,23.95362358662947,0.0,1.7,2341.5345267912194,-533.9483420461912,-0.0,-55.70350667427562,1098.1948363970655,881.5372599150489,1.0,0.018365899306774746,0.0,0.0019159999461623928,0.37741432162567645,65.99961422222222,165.70998800350932,0.18455064816984473,11.631317472533356,0.0033350754782555054,147.74325679667464,1.2053334691334983
2025-01-01 11:28:00,3.041901875075567,0.07693718326686322,0.0,0.05069836458459278,0.0012822863877810537,0.0,0.04666224533349524,0.0,1.3279580786309606,1.6672815511111112,0.0,0.0,0.07693718326686322,0.0,1,0,0,Off,0,0,Off,0,0,Off,0.03766027444122292,0.02824520583091718,On,1.2067161329604443,0,On,0.001861984649122807,0.0,On,0.044800260684372435,0,On,0.01865903464803192,0,On,0.0649226365812614,0.04869197743594604,On,0,0,Off,On,1667.2815511111112,23.888888888888914,1.0,0.0,1.6672815511111112,0.0,1,1667.2815511111112,1667.2815511111112,Off,0.0,0.0,26.850340490804836,51.666666666666686,46.10666666666668,0.0,47.641028651696125,0.0,0.0,0.0,26.850340490804836,47.06420988327991,47.641028651696125,46.775800499071806,12.43753247303448,24.00349423800089,0.0,1.7,2337.046370967352,-535.8841053181862,-0.0,-58.112934386226286,1098.1948363970655,882.0187914753305,1.0,0.018391267526657405,0.0,0.001994406089767457,0.37934539970221226,65.99961422222222,165.56702316358735,0.18405518991577388,11.65324886535354,0.0033361082233468726,147.66907036504668,1.2051304305321993
2025-01-01 11:29:00,3.041901875075567,0.07693718326686322,0.0,0.05069836458459278,0.0012822863877810537,0.0,0.04666224533349524,0.0,1.3279580786309606,1.6672815511111112,0.0,0.0,0.07693718326686322,0.0,1,0,0,Off,0,0,Off,0,0,Off,0.03766027444122292,0.02824520583091718,On,1.2067161329604443,0,On,0.001861984649122807,0.0,On,0.044800260684372435,0,On,0.01865903464803192,0,On,0.0649226365812614,0.04869197743594604,On,0,0,Off,On,1667.2815511111112,23.888888888888914,1.0,0.0,1.6672815511111112,0.0,1,1667.2815511111112,1667.2815511111112,Off,0.0,0.0,26.78871402177567,51.666666666666686,46.10666666666668,0.0,47.6369089559112,0.0,0.0,0.0,26.78871402177567,47.06044166294152,47.6369089559112,46.77220801645668,12.43753247303448,24.052683321419963,0.0,1.7,2332.6436965516205,-537.7961375506329,-0.0,-60.493133033202156,1098.1948363970655,882.4903281362566,1.0,0.01841627145632716,0.0,0.0020715246566423606,0.38124573912681237,65.99961422222222,165.45657962727887,0.1835687471713478,11.675583973549749,0.003337140623773182,147.5943471261605,1.2049302235552124
2025-01-01 11:30:00,1.3746203239644559,0.07693718326686322,0.0,0.022910338732740933,0.0012822863877810537,0.0,0.04666224533349524,0.0,1.3279580786309606,0.0,0.0,0.0,0.07693718326686322,0.0,1,0,0,Off,0,0,Off,0,0,Off,0.03766027444122292,0.02824520583091718,On,1.2067161329604443,0,On,0.001861984649122807,0.0,On,0.044800260684372435,0,On,0.01865903464803192,0,On,0.0649226365812614,0.04869197743594604,On,0,0,Off,Off,0.0,23.888888888888914,0.0,0.0,0.0,0.0,0,0.0,1667.2815511111112,Off,0.0,0.0,26.72786134365952,51.666666666666686,46.10666666666668,0.0,47.63279849830118,0.0,0.0,0.0,26.72786134365952,47.05668209136175,47.63279849830118,46.76862388789205,12.43753247303448,24.1012160010511,0.0,2.2,699.37121048741,-519.0141152684183,-0.0,-62.17652615802978,1098.1948363970655,988.1334714549901,1.0,0.01818612059436811,0.0,0.002178649423174211,0.37895641652596235,65.99961422222222,182.36701551679258,0.18309097001700397,11.69679123461798,0.003338172673239303,138.61728086281633,1.2047327434360808
2025-01-01 11:31:00,1.3746203239644559,0.07693718326686322,0.0,0.022910338732740933,0.0012822863877810537,0.0,0.04666224533349524,0.0,1.3279580786309606,0.0,0.0,0.0,0.07693718326686322,0.0,1,0,0,Off,0,0,Off,0,0,Off,0.03766027444122292,0.02824520583091718,On,1.2067161329604443,0,On,0.001861984649122807,0.0,On,0.044800260684372435,0,On,0.01865903464803192,0,On,0.0649226365812614,0.04869197743594604,On,0,0,Off,Off,0.0,23.888888888888914,0.0,0.0,0.0,0.0,0,0.0,1667.2815511111112,Off,0.0,0.0,26.735997477113433,51.666666666666686,46.10666666666668,0.0,47.62869716372458,0.0,0.0,0.0,26.735997477113433,47.05293105994555,47.62869716372458,46.765048008056034,12.43753247303448,24.090461651821457,0.0,2.2,701.7553471880426,-518.6023548236792,-0.0,-61.66040471471471,1098.1948363970655,988.65110415729,1.0,0.018180620006525667,0.0,0.0021616261035836432,0.3785372819499458,65.99961422222222,183.82327032937098,0.1830841991291585,11.68495723941697,0.0033391421096974866,138.5662223171325,1.2036059425491963
2025-01-01 11:32:00,1.3746203239644559,0.07693718326686322,0.0,0.022910338732740933,0.0012822863877810537,0.0,0.04666224533349524,0.0,1.3279580786309606,0.0,0.0,0.0,0.07693718326686322,0.0,1,0,0,Off,0,0,Off,0,0,Off,0.03766027444122292,0.02824520583091718,On,1.2067161329604443,0,On,0.001861984649122807,0.0,On,0.044800260684372435,0,On,0.01865903464803192,0,On,0.0649226365812614,0.04869197743594604,On,0,0,Off,Off,0.0,23.888888888888914,0.0,0.0,0.0,0.0,0,0.0,1667.2815511111112,Off,0.0,0.0,26.742744601526617,51.666666666666686,46.10666666666668,0.0,47.624594698135084,0.0,0.0,0.0,26.742744601526617,47.04917888669117,47.624594698135084,46.76147098096922,12.43753247303448,24.080900008368545,0.0,2.2,704.6565389299805,-518.2363694950021,-0.0,-61.20167145079831,1098.1948363970655,989.1571937416735,1.0,0.018175728741728545,0.0,0.002146481884152729,0.37816445302529417,65.99961422222222,185.89974347871532,0.18324224950695867,11.681768945505414,0.003340112096311687,138.51396719811538,1.2036439578947058
2025-01-01 11:33:00,1.3746203239644559,0.07693718326686322,0.0,0.022910338732740933,0.0012822863877810537,0.0,0.04666224533349524,0.0,1.3279580786309606,0.0,0.0,0.0,0.07693718326686322,0.0,1,0,0,Off,0,0,Off,0,0,Off,0.03766027444122292,0.02824520583091718,On,1.2067161329604443,0,On,0.001861984649122807,0.0,On,0.044800260684372435,0,On,0.01865903464803192,0,On,0.0649226365812614,0.04869197743594604,On,0,0,Off,Off,0.0,23.888888888888914,0.0,0.0,0.0,0.0,0,0.0,1667.2815511111112,Off,0.0,0.0,26.748159873293847,51.666666666666686,46.10666666666668,0.0,47.620491307980885,0.0,0.0,0.0,26.748159873293847,47.045425766534414,47.620491307980885,46.75789299581118,12.43753247303448,24.07248214023691,0.0,2.2,707.260829509934,-517.9142487321282,-0.0,-60.79792774042154,1098.1948363970655,989.6517255144379,1.0,0.018171422017058292,0.0,0.0021331423212208704,0.3778360833010634,65.99961422222222,187.778169585418,0.18338781331791554,11.679164116079829,0.0033410816865072942,138.46060582519172,1.2036773439516208
2025-01-01 11:34:00,1.3746203239644559,0.07693718326686322,0.0,0.022910338732740933,0.0012822863877810537,0.0,0.04666224533349524,0.0,1.3279580786309606,0.0,0.0,0.0,0.07693718326686322,0.0,1,0,0,Off,0,0,Off,0,0,Off,0.03766027444122292,0.02824520583091718,On,1.2067161329604443,0,On,0.001861984649122807,0.0,On,0.044800260684372435,0,On,0.01865903464803192,0,On,0.0649226365812614,0.04869197743594604,On,0,0,Off,Off,0.0,23.888888888888914,0.0,0.0,0.0,0.0,0,0.0,1667.2815511111112,Off,0.0,0.0,26.75232959947515,51.666666666666686,46.10666666666668,0.0,47.61638719121235,0.0,0.0,0.0,26.75232959947515,47.04167188638963,47.61638719121235,46.75431423397828,12.43753247303448,24.065134054208354,0.0,2.2,709.9808912652712,-517.6331296246724,-0.0,-60.44558196641778,1098.1948363970655,990.1346845736491,1.0,0.01816766218314975,0.0,0.002121492715170726,0.37754933780173366,65.99961422222222,189.86476645929588,0.18352167329104796,11.677104925275597,0.0033420508762933214,138.4061968184289,1.2037063996128068
2025-01-01 11:35:00,1.3746203239644559,0.07693718326686322,0.0,0.022910338732740933,0.0012822863877810537,0.0,0.04666224533349524,0.0,1.3279580786309606,0.0,0.0,0.0,0.07693718326686322,0.0,1,0,0,Off,0,0,Off,0,0,Off,0.03766027444122292,0.02824520583091718,On,1.2067161329604443,0,On,0.001861984649122807,0.0,On,0.044800260684372435,0,On,0.01865903464803192,0,On,0.0649226365812614,0.04869197743594604,On,0,0,Off,Off,0.0,23.888888888888914,0.0,0.0,0.0,0.0,0,0.0,1667.2815511111112,Off,0.0,0.0,26.755317436585393,51.666666666666686,46.10666666666668,0.0,47.61228253294943,0.0,0.0,0.0,26.755317436585393,47.03791742105871,47.61228253294943,46.75073486511336,12.43753247303448,24.058801212834208,0.0,2.2,712.3488641374332,-517.3908998456027,-0.0,-60.141983915163586,1098.1948363970655,990.6060558462939,1.0,0.018164421504630168,0.0,0.00211144870597013,0.3773021306077035,65.99961422222222,191.68691150113403,0.18364440283629038,11.67556349182783,0.0033430196618442504,138.35077928232315,1.2037313451292724
2025-01-01 11:36:00,1.3746203239644559,0.07693718326686322,0.0,0.022910338732740933,0.0012822863877810537,0.0,0.04666224533349524,0.0,1.3279580786309606,0.0,0.0,0.0,0.07693718326686322,0.0,1,0,0,Off,0,0,Off,0,0,Off,0.03766027444122292,0.02824520583091718,On,1.2067161329604443,0,On,0.001861984649122807,0.0,On,0.044800260684372435,0,On,0.01865903464803192,0,On,0.0649226365812614,0.04869197743594604,On,0,0,Off,Off,0.0,23.888888888888914,0.0,0.0,0.0,0.0,0,0.0,1667.2815511111112,Off,0.0,0.0,26.757202470684696,51.666666666666686,46.10666666666668,0.0,47.6081775088484,0.0,0.0,0.0,26.757202470684696,47.03416253640989,47.6081775088484,46.747155050190635,12.43753247303448,24.053415808153623,0.0,2.2,714.5038278543774,-517.184944747536,-0.0,-59.883854337261916,1098.1948363970655,991.0658244338138,1.0,0.018161665420632432,0.0,0.0021029044592590506,0.37709184918408406,65.99961422222222,193.37779054210972,0.18375672588098738,11.673732411627894,0.003343988039427,138.2944088435468,1.2037524546254605
2025-01-01 11:37:00,1.3746203239644559,0.07693718326686322,0.0,0.022910338732740933,0.0012822863877810537,0.0,0.04666224533349524,0.0,1.3279580786309606,0.0,0.0,0.0,0.07693718326686322,0.0,1,0,0,Off,0,0,Off,0,0,Off,0.03766027444122292,0.02824520583091718,On,1.2067161329604443,0,On,0.001861984649122807,0.0,On,0.044800260684372435,0,On,0.01865903464803192,0,On,0.0649226365812614,0.04869197743594604,On,0,0,Off,Off,0.0,23.888888888888914,0.0,0.0,0.0,0.0,0,0.0,1667.2815511111112,Off,0.0,0.0,26.75805304744112,51.666666666666686,46.10666666666668,0.0,47.60407228280867,0.0,0.0,0.0,26.75805304744112,47.03040738721232,47.60407228280867,46.743574939414145,12.43753247303448,24.04891925239347,0.0,2.2,716.4971977802768,-517.013007028874,-0.0,-59.668362346976295,1098.1948363970655,991.5139744175764,1.0,0.018159364057771504,0.0,0.0020957683846612677,0.37691623328086205,65.99961422222222,194.98373075906147,0.18385926860942564,11.673127456848183,0.00334495600547346,138.23713268145661,1.2037699649965146
2025-01-01 11:38:00,1.3746203239644559,0.07693718326686322,0.0,0.022910338732740933,0.0012822863877810537,0.0,0.04666224533349524,0.0,1.3279580786309606,0.0,0.0,0.0,0.07693718326686322,0.0,1,0,0,Off,0,0,Off,0,0,Off,0.03766027444122292,0.02824520583091718,On,1.2067161329604443,0,On,0.001861984649122807,0.0,On,0.044800260684372435,0,On,0.01865903464803192,0,On,0.0649226365812614,0.04869197743594604,On,0,0,Off,Off,0.0,23.888888888888914,0.0,0.0,0.0,0.0,0,0.0,1667.2815511111112,Off,0.0,0.0,26.757931271372573,51.666666666666686,46.10666666666668,0.0,47.59996700856928,0.0,0.0,0.0,26.757931271372573,47.026652118643426,47.59996700856928,46.739994673680506,12.43753247303448,24.04525831247075,0.0,2.2,718.3311198401507,-516.8730380674044,-0.0,-59.4929390079943,1098.1948363970655,991.9504907482036,1.0,0.018157490257391037,0.0,0.0020899570704253747,0.3767732253562403,65.99961422222222,196.5022605184839,0.18395260143367248,11.672948404994623,0.0033459235565515837,138.17899358453283,1.2037840915440625
2025-01-01 11:39:00,1.3746203239644559,0.07693718326686322,0.0,0.022910338732740933,0.0012822863877810537,0.0,0.04666224533349524,0.0,1.3279580786309606,0.0,0.0,0.0,0.07693718326686322,0.0,1,0,0,Off,0,0,Off,0,0,Off,0.03766027444122292,0.02824520583091718,On,1.2067161329604443,0,On,0.001861984649122807,0.0,On,0.044800260684372435,0,On,0.01865903464803192,0,On,0.0649226365812614,0.04869197743594604,On,0,0,Off,Off,0.0,23.888888888888914,0.0,0.0,0.0,0.0,0,0.0,1667.2815511111112,Off,0.0,0.0,26.756895413600613,51.666666666666686,46.10666666666668,0.0,47.59586183063666,0.0,0.0,0.0,26.756895413600613,47.02289686716479,47.59586183063666,46.73641438542886,12.43753247303448,24.04238304123135,0.0,2.2,720.0169764729476,-516.7631181848614,-0.0,-59.3551773347821,1098.1948363970655,992.375358038444,1.0,0.018156018520896596,0.0,0.002085392051171688,0.37666089080378606,65.99961422222222,197.94043559552549,0.18403726134340853,11.672397636863822,0.003346890689352259,138.1200321140931,1.203795036340113
2025-01-01 11:40:00,1.3746203239644559,0.07693718326686322,0.0,0.022910338732740933,0.0012822863877810537,0.0,0.04666224533349524,0.0,1.3279580786309606,0.0,0.0,0.0,0.07693718326686322,0.0,1,0,0,Off,0,0,Off,0,0,Off,0.03766027444122292,0.02824520583091718,On,1.2067161329604443,0,On,0.001861984649122807,0.0,On,0.044800260684372435,0,On,0.01865903464803192,0,On,0.0649226365812614,0.04869197743594604,On,0,0,Off,Off,0.0,23.888888888888914,0.0,0.0,0.0,0.0,0,0.0,1667.2815511111112,Off,0.0,0.0,26.754999800043585,51.666666666666686,46.10666666666668,0.0,47.59175688485452,0.0,0.0,0.0,26.754999800043585,47.01914176106011,47.59175688485452,46.73283419916291,12.43753247303448,24.04024687431416,0.0,2.2,721.5640808937502,-516.6814598270596,-0.0,-59.252836224130405,1098.1948363970655,992.7885609086859,1.0,0.018154925062768425,0.0,0.0020820000039591894,0.37657742258741317,65.99961422222222,199.3035405478746,0.18411375043911174,11.672223776898328,0.003347857400684579,138.06028636558065,1.2038029878220509
2025-01-01 11:41:00,1.3746203239644559,0.07693718326686322,0.0,0.022910338732740933,0.0012822863877810537,0.0,0.04666224533349524,0.0,1.3279580786309606,0.0,0.0,0.0,0.07693718326686322,0.0,1,0,0,Off,0,0,Off,0,0,Off,0.03766027444122292,0.02824520583091718,On,1.2067161329604443,0,On,0.001861984649122807,0.0,On,0.044800260684372435,0,On,0.01865903464803192,0,On,0.0649226365812614,0.04869197743594604,On,0,0,Off,Off,0.0,23.888888888888914,0.0,0.0,0.0,0.0,0,0.0,1667.2815511111112,Off,0.0,0.0,26.7522951632411,51.666666666666686,46.10666666666668,0.0,47.58765229899033,0.0,0.0,0.0,26.7522951632411,47.01538692098892,47.58765229899033,46.72925423198821,12.43753247303448,24.03880632823264,0.0,2.2,722.9809804640774,-516.6263955696506,-0.0,-59.18382537597913,1098.1948363970655,993.1900840232101,1.0,0.01815418765899114,0.0,0.002079712305577762,0.37652113018279965,65.99961422222222,200.5963650126416,0.18418253891853736,11.67317629911108,0.0033488236874697555,137.99979218934155,1.2038081220046344
2025-01-01 11:42:00,1.3746203239644559,0.07693718326686322,0.0,0.022910338732740933,0.0012822863877810537,0.0,0.04666224533349524,0.0,1.3279580786309606,0.0,0.0,0.0,0.07693718326686322,0.0,1,0,0,Off,0,0,Off,0,0,Off,0.03766027444122292,0.02824520583091718,On,1.2067161329604443,0,On,0.001861984649122807,0.0,On,0.044800260684372435,0,On,0.01865903464803192,0,On,0.0649226365812614,0.04869197743594604,On,0,0,Off,Off,0.0,23.888888888888914,0.0,0.0,0.0,0.0,0,0.0,1667.2815511111112,Off,0.0,0.0,26.748828914909556,51.666666666666686,46.10666666666668,0.0,47.583548193269515,0.0,0.0,0.0,26.748828914909556,47.01163246049083,47.583548193269515,46.72567459410149,12.43753247303448,24.038020766461386,0.0,2.2,724.2756916060243,-516.5963687894669,-0.0,-59.14619356173149,1098.1948363970655,993.5799121179344,1.0,0.0181537855298623,0.0,0.0020784646925479672,0.3764904310697681,65.99961422222222,201.82341756015714,0.18424406735972734,11.673690708693591,0.003349789546735588,137.9385833465979,1.203810603418129
2025-01-01 11:43:00,1.3746203239644559,0.07693718326686322,0.0,0.022910338732740933,0.0012822863877810537,0.0,0.04666224533349524,0.0,1.3279580786309606,0.0,0.0,0.0,0.07693718326686322,0.0,1,0,0,Off,0,0,Off,0,0,Off,0.03766027444122292,0.02824520583091718,On,1.2067161329604443,0,On,0.001861984649122807,0.0,On,0.044800260684372435,0,On,0.01865903464803192,0,On,0.0649226365812614,0.04869197743594604,On,0,0,Off,Off,0.0,23.888888888888914,0.0,0.0,0.0,0.0,0,0.0,1667.2815511111112,Off,0.0,0.0,26.744645389132522,51.666666666666686,46.10666666666668,0.0,47.57944468086913,0.0,0.0,0.0,26.744645389132522,47.00787848645166,47.57944468086913,46.72209538924293,12.43753247303448,24.037852191237306,0.0,2.2,725.4556870497743,-516.5899253748204,-0.0,-59.138118200416415,1098.1948363970655,993.9580300350387,1.0,0.0181536992355973,0.0,0.002078196957462172,0.37648384313904243,65.99961422222222,202.98889422794548,0.18429874876050906,11.674519441460259,0.003350754975611256,137.87669164659025,1.2038105859436354
2025-01-01 11:44:00,1.3746203239644559,0.07693718326686322,0.0,0.022910338732740933,0.0012822863877810537,0.0,0.04666224533349524,0.0,1.3279580786309606,0.0,0.0,0.0,0.07693718326686322,0.0,1,0,0,Off,0,0,Off,0,0,Off,0.03766027444122292,0.02824520583091718,On,1.2067161329604443,0,On,0.001861984649122807,0.0,On,0.044800260684372435,0,On,0.01865903464803192,0,On,0.0649226365812614,0.04869197743594604,On,0,0,Off,Off,0.0,23.888888888888914,0.0,0.0,0.0,0.0,0,0.0,1667.2815511111112,Off,0.0,0.0,26.73978606690264,51.666666666666686,46.10666666666668,0.0,47.57534186837538,0.0,0.0,0.0,26.73978606690264,47.00412509953529,47.57534186837538,46.71851671511524,12.43753247303448,24.03826505053699,0.0,2.2,726.5279176009709,-516.6057060639654,-0.0,-59.15789572706203,1098.1948363970655,994.3244227528676,1.0,0.018153910579388068,0.0,0.0020788526655585817,0.3764999776142083,65.99961422222222,204.09668299493273,0.1843469704454009,11.675644271726147,0.0033517199713223905,137.81414707582456,1.2038082135881136
2025-01-01 11:45:00,1.3746203239644559,0.07693718326686322,0.0,0.022910338732740933,0.0012822863877810537,0.0,0.04666224533349524,0.0,1.3279580786309606,0.0,0.0,0.0,0.07693718326686322,0.0,1,0,0,Off,0,0,Off,0,0,Off,0.03766027444122292,0.02824520583091718,On,1.2067161329604443,0,On,0.001861984649122807,0.0,On,0.044800260684372435,0,On,0.01865903464803192,0,On,0.0649226365812614,0.04869197743594604,On,0,0,Off,Off,0.0,23.888888888888914,0.0,0.0,0.0,0.0,0,0.0,1667.2815511111112,Off,0.0,0.0,26.70770049605875,51.666666666666686,46.10666666666668,0.0,47.57123985620775,0.13638415517324226,334.06002701918453,0.0,26.70770049605875,47.000372394584076,47.57123985620775,46.714938663772244,12.43753247303448,24.039226060060038,0.0,2.2,727.4988551159518,-516.6424393984306,-0.0,-59.20393273593945,1098.1948363970655,994.679075415067,1.0,0.018154402517872276,0.0,0.0020803788917936597,0.3765375324930172,65.99961422222222,205.1503908532562,0.18438909583713814,11.677048136911896,0.0033526845311864133,137.75097791869595,1.2038036211996181
2025-01-01 11:46:00,1.3746203239644559,0.07693718326686322,0.0,0.022910338732740933,0.0012822863877810537,0.0,0.04666224533349524,0.0,1.3279580786309606,0.0,0.0,0.0,0.07693718326686322,0.0,1,0,0,Off,0,0,Off,0,0,Off,0.03766027444122292,0.02824520583091718,On,1.2067161329604443,0,On,0.001861984649122807,0.0,On,0.044800260684372435,0,On,0.01865903464803192,0,On,0.0649226365812614,0.04869197743594604,On,0,0,Off,Off,0.0,23.888888888888914,0.0,0.0,0.0,0.0,0,0.0,1667.2815511111112,Off,0.0,0.0,26.648430652859076,51.666666666666686,46.10666666666668,0.0,47.56010585979477,0.13642738949658653,334.06002701918453,0.0,26.648430652859076,46.9497416665036,47.56010585979477,46.64455956985802,12.43753247303448,24.04070403972738,0.0,2.2,728.3745278294907,-516.6989352666332,-0.0,-59.27473786726135,1098.1948363970655,995.0219733621706,1.0,0.01815515907880003,0.0,0.002082725978095887,0.3765952864981653,65.99961422222222,206.15336456631957,0.18442546609410407,11.67871505366015,0.003353648652608136,137.68721086918285,1.2037969351246012
2025-01-01 11:47:00,1.3746203239644559,0.07693718326686322,0.0,0.022910338732740933,0.0012822863877810537,0.0,0.04666224533349524,0.0,1.3279580786309606,0.0,0.0,0.0,0.07693718326686322,0.0,1,0,0,Off,0,0,Off,0,0,Off,0.03766027444122292,0.02824520583091718,On,1.2067161329604443,0,On,0.001861984649122807,0.0,On,0.044800260684372435,0,On,0.01865903464803192,0,On,0.0649226365812614,0.04869197743594604,On,0,0,Off,Off,0.0,23.888888888888914,0.0,0.0,0.0,0.0,0,0.0,1667.2815511111112,Off,0.0,0.0,26.58860272436698,51.666666666666686,46.10666666666668,0.0,47.548971847406705,0.13647065130162192,334.06002701918453,0.0,26.58860272436698,46.899119256449055,47.548971847406705,46.57419296097024,12.43753247303448,24.042669763245588,0.0,2.2,729.1605546761912,-516.7740789773837,-0.0,-59.36891436114804,1098.1948363970655,995.3531023738209,1.0,0.01815616528518876,0.0,0.002085847308898004,0.37667209348894265,65.99961422222222,207.10871161765726,0.18445640162618748,11.680630040657194,0.0033546123330756026,137.6228711345022,1.2037882738130186
2025-01-01 11:48:00,1.3746203239644559,0.07693718326686322,0.0,0.022910338732740933,0.0012822863877810537,0.0,0.04666224533349524,0.0,1.3279580786309606,0.0,0.0,0.0,0.07693718326686322,0.0,1,0,0,Off,0,0,Off,0,0,Off,0.03766027444122292,0.02824520583091718,On,1.2067161329604443,0,On,0.001861984649122807,0.0,On,0.044800260684372435,0,On,0.01865903464803192,0,On,0.0649226365812614,0.04869197743594604,On,0,0,Off,Off,0.0,23.888888888888914,0.0,0.0,0.0,0.0,0,0.0,1667.2815511111112,Off,0.0,0.0,26.52824869366475,51.666666666666686,46.10666666666668,0.0,47.53783790385485,0.13651394028470704,334.0600270191846,0.0,26.52824869366475,46.848505242743045,47.53783790385485,46.50383891218715,12.43753247303448,24.045095819653483,0.0,2.2,729.8621762402302,-516.8668258175729,-0.0,-59.485153221130474,1098.1948363970655,995.6724478183501,1.0,0.018157407085439645,0.0,0.0020896991035695435,0.3767668772983043,65.99961422222222,208.01931888186795,0.18448220349795647,11.682779047603075,0.003355575570156163,137.55798253127762,1.2037777483755459
2025-01-01 11:49:00,1.3746203239644559,0.07693718326686322,0.0,0.022910338732740933,0.0012822863877810537,0.0,0.04666224533349524,0.0,1.3279580786309606,0.0,0.0,0.0,0.07693718326686322,0.0,1,0,0,Off,0,0,Off,0,0,Off,0.03766027444122292,0.02824520583091718,On,1.2067161329604443,0,On,0.001861984649122807,0.0,On,0.044800260684372435,0,On,0.01865903464803192,0,On,0.0649226365812614,0.04869197743594604,On,0,0,Off,Off,0.0,23.888888888888914,0.0,0.0,0.0,0.0,0,0.0,1667.2815511111112,Off,0.0,0.0,26.467398575258414,51.666666666666686,46.10666666666668,0.0,47.52670410919535,0.13655725615990208,334.0600270191846,0.0,26.467398575258414,46.797899699219606,47.52670410919535,46.43349749423174,12.43753247303448,24.047956485780965,0.0,2.2,730.4842833872249,-516.9761960494525,-0.0,-59.62222693093659,1098.1948363970655,995.9799960106723,1.0,0.01815887128889196,0.0,0.0020942402243456877,0.3768786269594954,65.99961422222222,208.8878699705483,0.18450315472837828,11.685148889781662,0.003356538361492761,137.49256757483172,1.2037654630971237
2025-01-01 11:50:00,1.3746203239644559,0.07693718326686322,0.0,0.022910338732740933,0.0012822863877810537,0.0,0.04666224533349524,0.0,1.3279580786309606,0.0,0.0,0.0,0.07693718326686322,0.0,1,0,0,Off,0,0,Off,0,0,Off,0.03766027444122292,0.02824520583091718,On,1.2067161329604443,0,On,0.001861984649122807,0.0,On,0.044800260684372435,0,On,0.01865903464803192,0,On,0.0649226365812614,0.04869197743594604,On,0,0,Off,Off,0.0,23.888888888888914,0.0,0.0,0.0,0.0,0,0.0,1667.2815511111112,Off,0.0,0.0,26.40608055155758,51.666666666666686,46.10666666666668,0.0,47.51557053902185,0.13660059865788604,334.06002701918453,0.0,26.40608055155758,46.74730269550049,47.51557053902185,46.36316877373981,12.43753247303448,24.051227608680936,0.0,2.2,731.0314431503436,-517.1012703084547,-0.0,-59.77898367528221,1098.1948363970655,996.2757333412027,1.0,0.018160545506355295,0.0,0.002099431998515597,0.37700639229065264,65.99961422222222,209.71686073701503,0.1845195214951672,11.686955987272752,0.0033575007048004275,137.4266475621291,1.2037515159105807
2025-01-01 11:51:00,1.3746203239644559,0.07693718326686322,0.0,0.022910338732740933,0.0012822863877810537,0.0,0.04666224533349524,0.0,1.3279580786309606,0.0,0.0,0.0,0.07693718326686322,0.0,1,0,0,Off,0,0,Off,0,0,Off,0.03766027444122292,0.02824520583091718,On,1.2067161329604443,0,On,0.001861984649122807,0.0,On,0.044800260684372435,0,On,0.01865903464803192,0,On,0.0649226365812614,0.04869197743594604,On,0,0,Off,Off,0.0,23.888888888888914,0.0,0.0,0.0,0.0,0,0.0,1667.2815511111112,Off,0.0,0.0,26.344321099803835,51.666666666666686,46.10666666666668,0.0,47.504437264737874,0.13664396752494878,334.06002701918453,0.0,26.344321099803835,46.69671429725228,47.504437264737874,46.292852813509484,12.43753247303448,24.054886497161448,0.0,2.2,731.5079226720086,-517.2411853654621,-0.0,-59.95434201916214,1098.1948363970655,996.5596465285124,1.0,0.018162418095190633,0.0,0.0021052380537035036,0.37714927980768914,65.99961422222222,210.50861365956732,0.18453155425144913,11.68973110418942,0.0033584625978629666,137.3602426488793,1.2037359988337935
2025-01-01 11:52:00,1.3746203239644559,0.07693718326686322,0.0,0.022910338732740933,0.0012822863877810537,0.0,0.04666224533349524,0.0,1.3279580786309606,0.0,0.0,0.0,0.07693718326686322,0.0,1,0,0,Off,0,0,Off,0,0,Off,0.03766027444122292,0.02824520583091718,On,1.2067161329604443,0,On,0.001861984649122807,0.0,On,0.044800260684372435,0,On,0.01865903464803192,0,On,0.0649226365812614,0.04869197743594604,On,0,0,Off,Off,0.0,23.888888888888914,0.0,0.0,0.0,0.0,0,0.0,1667.2815511111112,Off,0.0,0.0,26.28214510860289,51.666666666666686,46.10666666666668,0.0,47.4933043538103,0.1366873625220528,334.0600270191845,0.0,26.28214510860289,46.64613456642571,47.4933043538103,46.222549672733415,12.43753247303448,24.058911821647612,0.0,2.2,731.9177111653222,-517.3951302217419,-0.0,-60.14728600555835,1098.1948363970655,996.8317226396914,1.0,0.018164478108561352,0.0,0.0021116241652083347,0.3773064489391654,65.99961422222222,211.26529099555682,0.18453948876152224,11.692692104260681,0.003359424038529823,137.2933719212429,1.2037189983734486
2025-01-01 11:53:00,1.3746203239644559,0.07693718326686322,0.0,0.022910338732740933,0.0012822863877810537,0.0,0.04666224533349524,0.0,1.3279580786309606,0.0,0.0,0.0,0.07693718326686322,0.0,1,0,0,Off,0,0,Off,0,0,Off,0.03766027444122292,0.02824520583091718,On,1.2067161329604443,0,On,0.001861984649122807,0.0,On,0.044800260684372435,0,On,0.01865903464803192,0,On,0.0649226365812614,0.04869197743594604,On,0,0,Off,Off,0.0,23.888888888888914,0.0,0.0,0.0,0.0,0,0.0,1667.2815511111112,Off,0.0,0.0,26.21957598600153,51.666666666666686,46.10666666666668,0.0,47.48217187000555,0.13673078342395892,334.06002701918453,0.0,26.21957598600153,46.5955635614786,47.48217187000555,46.152259407215126,12.43753247303448,24.063283521667493,0.0,2.2,732.2645401086107,-517.5623425075497,-0.0,-60.3568606350236,1098.1948363970655,997.091949115339,1.0,0.01816671524850595,0.0,0.00211855811444442,0.37747710851884914,65.99961422222222,211.98890685411845,0.18454354706212334,11.69505745263946,0.00336038502471312,137.22605346255426,1.2037005958982239
2025-01-01 11:54:00,3.874516901742234,0.07693718326686322,0.0,0.0645752816957039,0.0012822863877810537,0.0,0.04666224533349524,2.499896577777778,1.3279580786309606,0.0,0.0,0.0,0.07693718326686322,0.0,1,0,0,Off,0,0,Off,0,0,Off,0.03766027444122292,0.02824520583091718,On,1.2067161329604443,0,On,0.001861984649122807,0.0,On,0.044800260684372435,0,On,0.01865903464803192,0,On,0.0649226365812614,0.04869197743594604,On,0,0,Off,Off,0.0,23.888888888888914,0.0,0.0,0.0,0.0,0,0.0,1667.2815511111112,Lower On,2499.896577777778,1.0,26.35470913100687,51.666666666666686,46.10666666666668,0.0,47.47103987360968,0.13677423001841138,334.06002701918453,2499.896577777778,26.35470913100687,46.54500133758365,47.47103987360968,46.081982069570635,12.43753247303448,24.06798272032306,0.0,2.2,732.5519018269833,-517.7421051582559,-0.0,-60.58216769417999,1098.1948363970655,997.3403137908209,1.0,0.018169119822516972,0.0,0.002126009557609612,0.3776605135338382,65.99961422222222,212.6813382823537,0.1845439383548577,11.698359946486667,0.003361345554384857,137.15830441543997,1.2036808679839224
2025-01-01 11:55:00,3.874516901742234,0.07693718326686322,0.0,0.0645752816957039,0.0012822863877810537,0.0,0.04666224533349524,2.499896577777778,1.3279580786309606,0.0,0.0,0.0,0.07693718326686322,0.0,1,0,0,Off,0,0,Off,0,0,Off,0.03766027444122292,0.02824520583091718,On,1.2067161329604443,0,On,0.001861984649122807,0.0,On,0.044800260684372435,0,On,0.01865903464803192,0,On,0.0649226365812614,0.04869197743594604,On,0,0,Off,Off,0.0,23.888888888888914,0.0,0.0,0.0,0.0,0,0.0,1667.2815511111112,Lower On,2499.896577777778,1.0,26.687523878554543,51.666666666666686,46.10666666666668,0.0,47.459918179737365,0.13681766398457879,334.06002701918453,2499.896577777778,26.687523878554543,46.84525968968913,47.459918179737365,46.537930444665015,12.43753247303448,24.072991645165732,0.0,2.2,732.7830666017142,-517.9337433443025,-0.0,-60.82236190329852,1098.1948363970655,997.5768049168511,1.0,0.018171682703338736,0.0,0.002133949903780751,0.3778559621080063,65.99961422222222,213.34433545224962,0.1845408598352014,11.701819253628301,0.003362305625574261,137.0901410396798,1.2036598867328878
2025-01-01 11:56:00,3.874516901742234,0.07693718326686322,0.0,0.0645752816957039,0.0012822863877810537,0.0,0.04666224533349524,2.499896577777778,1.3279580786309606,0.0,0.0,0.0,0.07693718326686322,0.0,1,0,0,Off,0,0,Off,0,0,Off,0.03766027444122292,0.02824520583091718,On,1.2067161329604443,0,On,0.001861984649122807,0.0,On,0.044800260684372435,0,On,0.01865903464803192,0,On,0.0649226365812614,0.04869197743594604,On,0,0,Off,Off,0.0,23.888888888888914,0.0,0.0,0.0,0.0,0,0.0,1667.2815511111112,Lower On,2499.896577777778,1.0,27.019945698924346,51.666666666666686,46.10666666666668,0.0,47.44881659538439,0.1368610469359836,334.0600270191845,2499.896577777778,27.019945698924346,47.14547133403308,47.44881659538439,46.99379870335743,12.43753247303448,24.078293554949152,0.0,2.2,732.9610984350815,-518.136621633559,-0.0,-61.07664735594926,1098.1948363970655,997.8014111811369,1.0,0.018174395291722416,0.0,0.0021423522017040525,0.3780627927022806,65.99961422222222,213.9795310275241,0.18453449746289774,11.704655396597012,0.0033632652363652818,137.0215787661283,1.203637720069796
2025-01-01 11:57:00,3.874516901742234,0.07693718326686322,0.0,0.0645752816957039,0.0012822863877810537,0.0,0.04666224533349524,2.499896577777778,1.3279580786309606,0.0,0.0,0.0,0.07693718326686322,0.0,1,0,0,Off,0,0,Off,0,0,Off,0.03766027444122292,0.02824520583091718,On,1.2067161329604443,0,On,0.001861984649122807,0.0,On,0.044800260684372435,0,On,0.01865903464803192,0,On,0.0649226365812614,0.04869197743594604,On,0,0,Off,Off,0.0,23.888888888888914,0.0,0.0,0.0,0.0,0,0.0,1667.2815511111112,Lower On,2499.896577777778,1.0,27.35199301298769,51.666666666666686,46.10666666666668,0.0,47.43773516402217,0.13690437857926505,334.06002701918453,2499.896577777778,27.35199301298769,47.44563632575954,47.44958690662823,47.43773516402217,12.43753247303448,24.083872671779055,0.0,2.2,733.0888695852158,-518.3501413666067,-0.0,-61.34427422621782,1098.1948363970655,998.0141217249154,1.0,0.018177249481899985,0.0,0.0021511910346088,0.3782803815148138,65.99961422222222,214.58844878097472,0.18452502667821513,11.708403025090057,0.0033642243848942175,136.95263224699096,1.2036144320157467
2025-01-01 11:58:00,3.874516901742234,0.07693718326686322,0.0,0.0645752816957039,0.0012822863877810537,0.0,0.04666224533349524,2.499896577777778,1.3279580786309606,0.0,0.0,0.0,0.07693718326686322,0.0,1,0,0,Off,0,0,Off,0,0,Off,0.03766027444122292,0.02824520583091718,On,1.2067161329604443,0,On,0.001861984649122807,0.0,On,0.044800260684372435,0,On,0.01865903464803192,0,On,0.0649226365812614,0.04869197743594604,On,0,0,Off,Off,0.0,23.888888888888914,0.0,0.0,0.0,0.0,0,0.0,1667.2815511111112,Lower On,2499.896577777778,1.0,27.694647791436125,51.666666666666686,46.10666666666668,0.0,47.74575471742733,0.13571006114075698,334.0600270191845,2499.896577777778,27.694647791436125,47.74575471742733,47.74575471742733,47.74575471742733,12.43753247303448,24.089714118223306,0.0,2.2,733.1690739765314,-518.5737382273,-0.0,-61.62453572125667,1098.1948363970655,998.2149261628216,1.0,0.018180237629559705,0.0,0.002160442422428781,0.37850814006555294,65.99961422222222,215.17251152802254,0.1845126130681816,11.71151163517915,0.003365183069347472,136.88331540272247,1.2035900829423998
2025-01-01 11:59:00,3.874516901742234,0.07693718326686322,0.0,0.0645752816957039,0.0012822863877810537,0.0,0.04666224533349524,2.499896577777778,1.3279580786309606,0.0,0.0,0.0,0.07693718326686322,0.0,1,0,0,Off,0,0,Off,0,0,Off,0.03766027444122292,0.02824520583091718,On,1.2067161329604443,0,On,0.001861984649122807,0.0,On,0.044800260684372435,0,On,0.01865903464803192,0,On,0.0649226365812614,0.04869197743594604,On,0,0,Off,Off,0.0,23.888888888888914,0.0,0.0,0.0,0.0,0,0.0,1667.2815511111112,Lower On,2499.896577777778,1.0,28.036686227865516,51.666666666666686,46.10666666666668,0.0,48.045825020367694,0.1345664354219885,334.06002701918453,2499.896577777778,28.036686227865516,48.045825020367694,48.045825020367694,48.045825020367694,12.43753247303448,24.095803858983672,0.0,2.2,733.2042396008303,-518.8068799925513,-0.0,-61.91676525896778,1098.1948363970655,998.4038147224122,1.0,0.018183352522124614,0.0,0.00217008373086651,0.3787455129509958,65.99961422222222,215.73304845528384,0.18449741298656835,11.714745413303703,0.00336614128795943,136.81364146579563,1.2035647298077494
2025-01-01 12:00:00,3.876161679840234,0.07834944355840907,0.0,0.0646026946640039,0.0013058240593068178,0.0,0.045500295122897993,2.499896577777778,1.330764806939558,0.0,0.0,0.0,0.07834944355840907,0.0,1,0,0,Off,0,0,Off,0,0,Off,0.039543288163284056,0.029657466122463033,On,1.2067161329604443,0,On,0.0019395673428362575,0.0,On,0.04356072778006174,0,On,0.019582749234568153,0,On,0.0649226365812614,0.04869197743594604,On,0,0,Off,Off,0.0,23.888888888888914,0.0,0.0,0.0,0.0,0,0.0,1667.2815511111112,Lower On,2499.896577777778,1.0,28.404984632451942,51.666666666666686,46.10666666666668,0.0,48.34584732107906,0.0,0.0,2499.896577777778,28.404984632451942,48.34584732107906,48.34584732107907,48.34584732107906,12.43753247303448,24.102128646766772,0.0,2.2,734.8415179676203,-519.0490644467666,-0.0,-62.22033385248186,1099.8396144950655,998.5807777613749,1.0,0.01818658735115305,0.0,0.0021800935867829123,0.3789919757561435,65.99961422222222,216.2713017718032,0.18447957413106938,11.718869262652625,0.0033670990390104443,136.74362302156754,1.2035384263749913
2025-01-01 12:01:00,3.876161679840234,0.07834944355840907,0.0,0.0646026946640039,0.0013058240593068178,0.0,0.045500295122897993,2.499896577777778,1.330764806939558,0.0,0.0,0.0,0.07834944355840907,0.0,1,0,0,Off,0,0,Off,0,0,Off,0.039543288163284056,0.029657466122463033,On,1.2067161329604443,0,On,0.0019395673428362575,0.0,On,0.04356072778006174,0,On,0.019582749234568153,0,On,0.0649226365812614,0.04869197743594604,On,0,0,Off,Off,0.0,23.888888888888914,0.0,0.0,0.0,0.0,0,0.0,1667.2815511111112,Lower On,2499.896577777778,1.0,28.800852153369306,51.666666666666686,46.10666666666668,0.0,48.69270046026525,0.0,0.0,2499.896577777778,28.800852153369306,48.69270046026525,48.69270046026525,48.69270046026525,12.43753247303448,24.10873535771027,0.0,2.2,734.7859978064685,-519.3020920529673,-0.0,-62.53749887945086,1099.8396144950655,998.7458065442769,1.0,0.018189966055392612,0.0,0.0021905457328493445,0.379249346178935,65.99961422222222,216.785974243821,0.1844585786009904,11.722363730165178,0.0033680563208249308,136.6731960746407,1.203510982981016
2025-01-01 12:02:00,3.876161679840234,0.07834944355840907,0.0,0.0646026946640039,0.0013058240593068178,0.0,0.045500295122897993,2.499896577777778,1.330764806939558,0.0,0.0,0.0,0.07834944355840907,0.0,1,0,0,Off,0,0,Off,0,0,Off,0.039543288163284056,0.029657466122463033,On,1.2067161329604443,0,On,0.0019395673428362575,0.0,On,0.04356072778006174,0,On,0.019582749234568153,0,On,0.0649226365812614,0.04869197743594604,On,0,0,Off,Off,0.0,23.888888888888914,0.0,0.0,0.0,0.0,0,0.0,1667.2815511111112,Lower On,2499.896577777778,1.0,29.19641192924746,51.666666666666686,46.10666666666668,0.0,49.03949804276141,0.0,0.0,2499.896577777778,29.19641192924746,49.0394980427614,49.03949804276141,49.03949804276141,12.43753247303448,24.11555101742875,0.0,2.2,734.692745654677,-519.5631734305607,-0.0,-62.864764466859285,1099.8396144950655,998.8988927402202,1.0,0.018193451279753373,0.0,0.0022013242816830126,0.3795147726173992,65.99961422222222,217.2810690570314,0.1844352356464378,11.726735066037264,0.0033690131314288558,136.6024495898066,1.203482695218829
2025-01-01 12:03:00,3.876161679840234,0.07834944355840907,0.0,0.0646026946640039,0.0013058240593068178,0.0,0.045500295122897993,2.499896577777778,1.330764806939558,0.0,0.0,0.0,0.07834944355840907,0.0,1,0,0,Off,0,0,Off,0,0,Off,0.039543288163284056,0.029657466122463033,On,1.2067161329604443,0,On,0.0019395673428362575,0.0,On,0.04356072778006174,0,On,0.019582749234568153,0,On,0.0649226365812614,0.04869197743594604,On,0,0,Off,Off,0.0,23.888888888888914,0.0,0.0,0.0,0.0,0,0.0,1667.2815511111112,Lower On,2499.896577777778,1.0,29.591676886562254,51.666666666666686,46.10666666666668,0.0,49.38624011175698,0.0,0.0,2499.896577777778,29.591676886562254,49.38624011175698,49.38624011175699,49.38624011175698,12.43753247303448,24.122564558962083,0.0,2.2,734.5634179801546,-519.831889306657,-0.0,-63.20160553436565,1099.8396144950655,999.0400285683379,1.0,0.01819703733456285,0.0,0.002212411356769831,0.3797878165417809,65.99961422222222,217.75729832611168,0.1844096689443067,11.730433868757999,0.0033699694692346524,136.53139433073474,1.2034536080098686
2025-01-01 12:04:00,3.876161679840234,0.07834944355840907,0.0,0.0646026946640039,0.0013058240593068178,0.0,0.045500295122897993,2.499896577777778,1.330764806939558,0.0,0.0,0.0,0.07834944355840907,0.0,1,0,0,Off,0,0,Off,0,0,Off,0.039543288163284056,0.029657466122463033,On,1.2067161329604443,0,On,0.0019395673428362575,0.0,On,0.04356072778006174,0,On,0.019582749234568153,0,On,0.0649226365812614,0.04869197743594604,On,0,0,Off,Off,0.0,23.888888888888914,0.0,0.0,0.0,0.0,0,0.0,1667.2815511111112,Lower On,2499.896577777778,1.0,29.98665926300373,51.666666666666686,46.10666666666668,0.0,49.732926708627296,0.0,0.0,2499.896577777778,29.98665926300373,49.73292670862729,49.732926708627296,49.732926708627296,12.43753247303448,24.129765505415477,0.0,2.2,734.3998216933211,-520.1078428106363,-0.0,-63.54752506133452,1099.8396144950655,999.1692068099344,1.0,0.018200718833217035,0.0,0.002223790031578639,0.38006806273964516,65.99961422222222,218.21557507022635,0.18438199564400473,11.734226564370196,0.003370925332693325,136.46004057192343,1.2034237638816327
2025-01-01 12:05:00,3.876161679840234,0.07834944355840907,0.0,0.0646026946640039,0.0013058240593068178,0.0,0.045500295122897993,2.499896577777778,1.330764806939558,0.0,0.0,0.0,0.07834944355840907,0.0,1,0,0,Off,0,0,Off,0,0,Off,0.039543288163284056,0.029657466122463033,On,1.2067161329604443,0,On,0.0019395673428362575,0.0,On,0.04356072778006174,0,On,0.019582749234568153,0,On,0.0649226365812614,0.04869197743594604,On,0,0,Off,Off,0.0,23.888888888888914,0.0,0.0,0.0,0.0,0,0.0,1667.2815511111112,Lower On,2499.896577777778,1.0,30.381370639126544,51.666666666666686,46.10666666666668,0.0,50.07955787303019,0.0,0.0,2499.896577777778,30.381370639126544,50.0795578730302,50.0795578730302,50.07955787303019,12.43753247303448,24.137143942985954,0.0,2.2,734.2037024376112,-520.3906584406994,-0.0,-63.90205279140505,1099.8396144950655,999.2864208198158,1.0,0.018204490678388238,0.0,0.002235444286906948,0.3803551182654983,65.99961422222222,218.65679917465013,0.18435232665663848,11.738880321011496,0.0033718807202929913,136.38839811460917,1.2033932030768921
2025-01-01 12:06:00,3.876161679840234,0.07834944355840907,0.0,0.0646026946640039,0.0013058240593068178,0.0,0.045500295122897993,2.499896577777778,1.330764806939558,0.0,0.0,0.0,0.07834944355840907,0.0,1,0,0,Off,0,0,Off,0,0,Off,0.039543288163284056,0.029657466122463033,On,1.2067161329604443,0,On,0.0019395673428362575,0.0,On,0.04356072778006174,0,On,0.019582749234568153,0,On,0.0649226365812614,0.04869197743594604,On,0,0,Off,Off,0.0,23.888888888888914,0.0,0.0,0.0,0.0,0,0.0,1667.2815511111112,Lower On,2499.896577777778,1.0,30.77582197677839,51.666666666666686,46.10666666666668,0.0,50.4261336429983,0.0,0.0,2499.896577777778,30.77582197677839,50.4261336429983,50.42613364299831,50.4261336429983,12.43753247303448,24.14469048807059,0.0,2.2,733.9766859737667,-520.6799808051618,-0.0,-64.26474365485171,1099.8396144950655,999.3916645376912,1.0,0.018208348045197078,0.0,0.002247358958747412,0.38064861115752213,65.99961422222222,219.08179593871466,0.1843207670112802,11.742845923626678,0.003372835630557448,136.3164763115675,1.2033619636868904
2025-01-01 12:07:00,3.876161679840234,0.07834944355840907,0.0,0.0646026946640039,0.0013058240593068178,0.0,0.045500295122897993,2.499896577777778,1.330764806939558,0.0,0.0,0.0,0.07834944355840907,0.0,1,0,0,Off,0,0,Off,0,0,Off,0.039543288163284056,0.029657466122463033,On,1.2067161329604443,0,On,0.0019395673428362575,0.0,On,0.04356072778006174,0,On,0.019582749234568153,0,On,0.0649226365812614,0.04869197743594604,On,0,0,Off,Off,0.0,23.888888888888914,0.0,0.0,0.0,0.0,0,0.0,1667.2815511111112,Lower On,2499.896577777778,1.0,31.170023657437923,51.666666666666686,46.10666666666668,0.0,50.77265405502585,0.0,0.0,2499.896577777778,31.170023657437923,50.77265405502585,50.77265405502585,50.77265405502585,12.43753247303448,24.1523962543261,0.0,2.2,733.720306362243,-520.9754733629032,-0.0,-64.63517618999713,1099.8396144950655,999.4849324964478,1.0,0.018212286364352778,0.0,0.0022595196859922753,0.3809481891507029,65.99961422222222,219.49134142007776,0.18428741621309488,11.746890947234085,0.0033737900620447996,136.24428409331205,1.2033300817847687
2025-01-01 12:08:00,3.876161679840234,0.07834944355840907,0.0,0.0646026946640039,0.0013058240593068178,0.0,0.045500295122897993,2.499896577777778,1.330764806939558,0.0,0.0,0.0,0.07834944355840907,0.0,1,0,0,Off,0,0,Off,0,0,Off,0.039543288163284056,0.029657466122463033,On,1.2067161329604443,0,On,0.0019395673428362575,0.0,On,0.04356072778006174,0,On,0.019582749234568153,0,On,0.0649226365812614,0.04869197743594604,On,0,0,Off,Off,0.0,23.888888888888914,0.0,0.0,0.0,0.0,0,0.0,1667.2815511111112,Lower On,2499.896577777778,1.0,31.563985517219407,51.666666666666686,46.10666666666668,0.0,51.119119144150105,0.0,0.0,2499.896577777778,31.563985517219407,51.119119144150105,51.119119144150105,51.119119144150105,12.43753247303448,24.16025282271262,0.0,2.2,733.4360098658507,-521.2768172789895,-0.0,-65.0129511090832,1099.8396144950655,999.5662198317287,1.0,0.018216301306813808,0.0,0.0022719128627858676,0.38125351850474454,65.99961422222222,219.8861637588579,0.1842523685695989,11.751011068001883,0.00337474401334616,136.17182999166948,1.203297591546929
2025-01-01 12:09:00,3.876161679840234,0.07834944355840907,0.0,0.0646026946640039,0.0013058240593068178,0.0,0.045500295122897993,2.499896577777778,1.330764806939558,0.0,0.0,0.0,0.07834944355840907,0.0,1,0,0,Off,0,0,Off,0,0,Off,0.039543288163284056,0.029657466122463033,On,1.2067161329604443,0,On,0.0019395673428362575,0.0,On,0.04356072778006174,0,On,0.019582749234568153,0,On,0.0649226365812614,0.04869197743594604,On,0,0,Off,Off,0.0,23.888888888888914,0.0,0.0,0.0,0.0,0,0.0,1667.2815511111112,Lower On,2499.896577777778,1.0,31.95771687949673,51.666666666666686,46.10666666666668,0.0,51.4655289440279,0.0,0.0,2499.896577777778,31.95771687949673,51.46552894402791,51.46552894402791,51.4655289440279,12.43753247303448,24.168252213473828,0.0,2.2,733.125160289459,-521.5837103551486,-0.0,-65.39768995804617,1099.8396144950655,999.6355222893014,1.0,0.018220388769434114,0.0,0.002284525593882471,0.38156428290624755,65.99961422222222,220.2669461075882,0.18421571349646704,11.755974985049933,0.003375697483084421,136.09912216198182,1.2032645253665746
2025-01-01 12:10:00,1.376265102062456,0.07834944355840907,0.0,0.022937751701040933,0.0013058240593068178,0.0,0.045500295122897993,0.0,1.330764806939558,0.0,0.0,0.0,0.07834944355840907,0.0,1,0,0,Off,0,0,Off,0,0,Off,0.039543288163284056,0.029657466122463033,On,1.2067161329604443,0,On,0.0019395673428362575,0.0,On,0.04356072778006174,0,On,0.019582749234568153,0,On,0.0649226365812614,0.04869197743594604,On,0,0,Off,Off,0.0,23.888888888888914,0.0,0.0,0.0,0.0,0,0.0,1667.2815511111112,Off,0.0,0.0,32.15315321356923,51.666666666666686,46.10666666666668,0.0,51.81188348700765,0.0,0.0,0.0,32.15315321356923,51.811883487007655,51.81188348700766,51.81188348700765,12.43753247303448,24.176386859975377,0.0,2.2,732.7890444147679,-521.8958660319754,-0.0,-65.78903386625977,1099.8396144950655,999.6928362660806,1.0,0.01822454486155603,0.0,0.0022973456528981614,0.3818801824423567,65.99961422222222,220.63432981793764,0.1841775358036367,11.760233364514107,0.0033766504699130812,136.02616840394592,1.2032309139597366
2025-01-01 12:11:00,1.376265102062456,0.07834944355840907,0.0,0.022937751701040933,0.0013058240593068178,0.0,0.045500295122897993,0.0,1.330764806939558,0.0,0.0,0.0,0.07834944355840907,0.0,1,0,0,Off,0,0,Off,0,0,Off,0.039543288163284056,0.029657466122463033,On,1.2067161329604443,0,On,0.0019395673428362575,0.0,On,0.04356072778006174,0,On,0.019582749234568153,0,On,0.0649226365812614,0.04869197743594604,On,0,0,Off,Off,0.0,23.888888888888914,0.0,0.0,0.0,0.0,0,0.0,1667.2815511111112,Off,0.0,0.0,32.13828051249472,51.666666666666686,46.10666666666668,0.0,51.80710451303292,0.0,0.0,0.0,32.13828051249472,51.80737106133006,51.80750433547864,51.80710451303292,12.43753247303448,24.184649584283193,0.0,2.2,732.428876859338,-522.2130124582027,-0.0,-66.18664238039068,1099.8396144950655,999.7381586705785,1.0,0.018228765892490128,0.0,0.0023103614432791906,0.38220093264146293,65.99961422222222,220.98891720286576,0.18413791596289067,11.764555177017243,0.003377602972515137,135.95297618115907,1.2031967864642714
2025-01-01 12:12:00,1.376265102062456,0.07834944355840907,0.0,0.022937751701040933,0.0013058240593068178,0.0,0.045500295122897993,0.0,1.330764806939558,0.0,0.0,0.0,0.07834944355840907,0.0,1,0,0,Off,0,0,Off,0,0,Off,0.039543288163284056,0.029657466122463033,On,1.2067161329604443,0,On,0.0019395673428362575,0.0,On,0.04356072778006174,0,On,0.019582749234568153,0,On,0.0649226365812614,0.04869197743594604,On,0,0,Off,Off,0.0,23.888888888888914,0.0,0.0,0.0,0.0,0,0.0,1667.2815511111112,Off,0.0,0.0,32.123269156739234,51.666666666666686,46.10666666666668,0.0,51.80232780917013,0.0,0.0,0.0,32.123269156739234,51.80286072291146,51.80312717978214,51.80232780917013,12.43753247303448,24.19303357434801,0.0,2.2,732.0458046743294,-522.5348916218184,-0.0,-66.59019237581437,1099.8396144950655,999.7714871575465,1.0,0.018233048359814243,0.0,0.002323561961784335,0.3825262635759308,65.99961422222222,221.33127417689653,0.18409693035828675,11.76893692545648,0.0033785549896020233,135.87955263946807,1.2031621705323559
2025-01-01 12:13:00,1.376265102062456,0.07834944355840907,0.0,0.022937751701040933,0.0013058240593068178,0.0,0.045500295122897993,0.0,1.330764806939558,0.0,0.0,0.0,0.07834944355840907,0.0,1,0,0,Off,0,0,Off,0,0,Off,0.039543288163284056,0.029657466122463033,On,1.2067161329604443,0,On,0.0019395673428362575,0.0,On,0.04356072778006174,0,On,0.019582749234568153,0,On,0.0649226365812614,0.04869197743594604,On,0,0,Off,Off,0.0,23.888888888888914,0.0,0.0,0.0,0.0,0,0.0,1667.2815511111112,Off,0.0,0.0,32.10812669371115,51.666666666666686,46.10666666666668,0.0,51.79755339598688,0.0,0.0,0.0,32.10812669371115,51.798352491210885,51.79875203882289,51.79755339598688,12.43753247303448,24.201532362683125,0.0,2.2,731.6409115625922,-522.8612585386164,-0.0,-66.9993770400435,1099.8396144950655,999.7928199704138,1.0,0.018237388938434632,0.0,0.0023369367643096403,0.38285591902259586,65.99961422222222,221.66193264618667,0.18405465152060002,11.773375290028799,0.003379506519912614,135.80590462419673,1.20312709241695
2025-01-01 12:14:00,1.376265102062456,0.07834944355840907,0.0,0.022937751701040933,0.0013058240593068178,0.0,0.045500295122897993,0.0,1.330764806939558,0.0,0.0,0.0,0.07834944355840907,0.0,1,0,0,Off,0,0,Off,0,0,Off,0.039543288163284056,0.029657466122463033,On,1.2067161329604443,0,On,0.0019395673428362575,0.0,On,0.04356072778006174,0,On,0.019582749234568153,0,On,0.0649226365812614,0.04869197743594604,On,0,0,Off,Off,0.0,23.888888888888914,0.0,0.0,0.0,0.0,0,0.0,1667.2815511111112,Off,0.0,0.0,32.09286029204257,51.666666666666686,46.10666666666668,0.0,51.79278129292875,0.0,0.0,0.0,32.09286029204257,51.793846384628125,51.79437893047782,51.79278129292875,12.43753247303448,24.210139806426096,0.0,2.2,731.2152218365435,-523.1918804939157,-0.0,-67.41390492282375,1099.8396144950655,999.8021559864292,1.0,0.018241784470353708,0.0,0.002350475933888979,0.3831896556768987,65.99961422222222,221.98139275821734,0.18401114834693963,11.777867117964316,0.0033804575622122654,135.73203869633056,1.2030915770526511
2025-01-01 12:15:00,1.376265102062456,0.07834944355840907,0.0,0.022937751701040933,0.0013058240593068178,0.0,0.045500295122897993,0.0,1.330764806939558,0.0,0.0,0.0,0.07834944355840907,0.0,1,0,0,Off,0,0,Off,0,0,Off,0.039543288163284056,0.029657466122463033,On,1.2067161329604443,0,On,0.0019395673428362575,0.0,On,0.04356072778006174,0,On,0.019582749234568153,0,On,0.0649226365812614,0.04869197743594604,On,0,0,Off,Off,0.0,23.888888888888914,0.0,0.0,0.0,0.0,0,0.0,1667.2815511111112,Off,0.0,0.0,32.077476762836895,51.666666666666686,46.10666666666668,0.0,51.788011518375605,0.0,0.0,0.0,32.077476762836895,51.78934242055695,51.79000787164762,51.788011518375605,12.43753247303448,24.218850068686926,0.0,2.2,730.8505026483307,-523.5265363336572,-0.0,-67.83349904813211,1099.8396144950655,1000.2800342915116,1.0,0.018246231955095043,0.0,0.0023641700507213924,0.38352724241696534,65.99961422222222,222.3709235350545,0.18396648630648735,11.78318313717303,0.003381408115291911,135.6579611477256,1.203055648131351
2025-01-01 12:16:00,1.376265102062456,0.07834944355840907,0.0,0.022937751701040933,0.0013058240593068178,0.0,0.045500295122897993,0.0,1.330764806939558,0.0,0.0,0.0,0.07834944355840907,0.0,1,0,0,Off,0,0,Off,0,0,Off,0.039543288163284056,0.029657466122463033,On,1.2067161329604443,0,On,0.0019395673428362575,0.0,On,0.04356072778006174,0,On,0.019582749234568153,0,On,0.0649226365812614,0.04869197743594604,On,0,0,Off,Off,0.0,23.888888888888914,0.0,0.0,0.0,0.0,0,0.0,1667.2815511111112,Off,0.0,0.0,32.061978959556356,51.666666666666686,46.10666666666668,0.0,51.78324408969472,0.0,0.0,0.0,32.061978959556356,51.7848406154352,51.78563887830545,51.78324408969472,12.43753247303448,24.227660713537578,0.0,2.2,730.5045579925671,-523.8651354301113,-0.0,-68.25804607981621,1099.8396144950655,1000.9762021366372,1.0,0.018250730129662756,0.0,0.002378015053737064,0.38386858017028697,65.99961422222222,222.78812500742913,0.18392069330607708,11.78777480598066,0.003382358177967197,135.58367376126282,1.2030193155818802
2025-01-01 12:17:00,1.376265102062456,0.07834944355840907,0.0,0.022937751701040933,0.0013058240593068178,0.0,0.045500295122897993,0.0,1.330764806939558,0.0,0.0,0.0,0.07834944355840907,0.0,1,0,0,Off,0,0,Off,0,0,Off,0.039543288163284056,0.029657466122463033,On,1.2067161329604443,0,On,0.0019395673428362575,0.0,On,0.04356072778006174,0,On,0.019582749234568153,0,On,0.0649226365812614,0.04869197743594604,On,0,0,Off,Off,0.0,23.888888888888914,0.0,0.0,0.0,0.0,0,0.0,1667.2815511111112,Off,0.0,0.0,32.04637100178905,51.666666666666686,46.10666666666668,0.0,51.77847902382907,0.0,0.0,0.0,32.04637100178905,51.78034098530031,51.78127196603594,51.77847902382907,12.43753247303448,24.236568216232588,0.0,2.2,730.1416174999201,-524.2075452327649,-0.0,-68.68738010887718,1099.8396144950655,1001.668623987189,1.0,0.018255277175705905,0.0,0.002392005177651242,0.3842135278173024,65.99961422222222,223.19692834649672,0.1838738092470937,11.792413869112863,0.0033833077490578096,135.50917987661077,1.2029825937359904
2025-01-01 12:18:00,1.376265102062456,0.07834944355840907,0.0,0.022937751701040933,0.0013058240593068178,0.0,0.045500295122897993,0.0,1.330764806939558,0.0,0.0,0.0,0.07834944355840907,0.0,1,0,0,Off,0,0,Off,0,0,Off,0.039543288163284056,0.029657466122463033,On,1.2067161329604443,0,On,0.0019395673428362575,0.0,On,0.04356072778006174,0,On,0.019582749234568153,0,On,0.0649226365812614,0.04869197743594604,On,0,0,Off,Off,0.0,23.888888888888914,0.0,0.0,0.0,0.0,0,0.0,1667.2815511111112,Off,0.0,0.0,32.030658215438635,51.666666666666686,46.10666666666668,0.0,51.773716337109136,0.0,0.0,0.0,32.030658215438635,51.77584354561154,51.77690714986274,51.773716337109136,12.43753247303448,24.245568014631626,0.0,2.2,729.7637781715455,-524.553593188231,-0.0,-69.1212850550002,1099.8396144950655,1002.3600885347596,1.0,0.018259870746139554,0.0,0.002406133038266049,0.38456190427410736,65.99961422222222,223.59904191971114,0.18382588543744935,11.797097983611184,0.0033842568273949147,135.43448434957372,1.2029455011189432
2025-01-01 12:19:00,1.376265102062456,0.07834944355840907,0.0,0.022937751701040933,0.0013058240593068178,0.0,0.045500295122897993,0.0,1.330764806939558,0.0,0.0,0.0,0.07834944355840907,0.0,1,0,0,Off,0,0,Off,0,0,Off,0.039543288163284056,0.029657466122463033,On,1.2067161329604443,0,On,0.0019395673428362575,0.0,On,0.04356072778006174,0,On,0.019582749234568153,0,On,0.0649226365812614,0.04869197743594604,On,0,0,Off,Off,0.0,23.888888888888914,0.0,0.0,0.0,0.0,0,0.0,1667.2815511111112,Off,0.0,0.0,32.01484562251355,51.666666666666686,46.10666666666668,0.0,51.76895604507358,0.0,0.0,0.0,32.01484562251355,51.77134831108068,51.77254444408423,51.76895604507358,12.43753247303448,24.254655807135244,0.0,2.2,729.372336969864,-524.903116609935,-0.0,-69.55955719378142,1099.8396144950655,1003.0533155102449,1.0,0.018264508627861567,0.0,0.0024203916728887725,0.38491353879355733,65.99961422222222,223.99539627851482,0.18377697026940037,11.801824940347315,0.0033852054118284954,135.35959178440044,1.2029080551983744
2025-01-01 12:20:00,1.376265102062456,0.07834944355840907,0.0,0.022937751701040933,0.0013058240593068178,0.0,0.045500295122897993,0.0,1.330764806939558,0.0,0.0,0.0,0.07834944355840907,0.0,1,0,0,Off,0,0,Off,0,0,Off,0.039543288163284056,0.029657466122463033,On,1.2067161329604443,0,On,0.0019395673428362575,0.0,On,0.04356072778006174,0,On,0.019582749234568153,0,On,0.0649226365812614,0.04869197743594604,On,0,0,Off,Off,0.0,23.888888888888914,0.0,0.0,0.0,0.0,0,0.0,1667.2815511111112,Off,0.0,0.0,31.998937984651587,51.666666666666686,46.10666666666668,0.0,51.76419816251446,0.0,0.0,0.0,31.998937984651587,51.76685529571476,51.76818386231492,51.76419816251446,12.43753247303448,24.26382751512101,0.0,2.2,728.9683608142486,-525.2559612416263,-0.0,-70.00200335636575,1099.8396144950655,1003.7509557829436,1.0,0.01826918872252761,0.0,0.0024347744807110363,0.3852682694980695,65.99961422222222,224.38671091717515,0.18372710963498784,11.80659264481483,0.0033861535012264534,135.28450657804632,1.2028702725364409
2025-01-01 12:21:00,1.376265102062456,0.07834944355840907,0.0,0.022937751701040933,0.0013058240593068178,0.0,0.045500295122897993,0.0,1.330764806939558,0.0,0.0,0.0,0.07834944355840907,0.0,1,0,0,Off,0,0,Off,0,0,Off,0.039543288163284056,0.029657466122463033,On,1.2067161329604443,0,On,0.0019395673428362575,0.0,On,0.04356072778006174,0,On,0.019582749234568153,0,On,0.0649226365812614,0.04869197743594604,On,0,0,Off,Off,0.0,23.888888888888914,0.0,0.0,0.0,0.0,0,0.0,1667.2815511111112,Off,0.0,0.0,31.98293982173461,51.666666666666686,46.10666666666668,0.0,51.75944270351594,0.0,0.0,0.0,31.98293982173461,51.76236451285255,51.76382541752086,51.75944270351594,12.43753247303448,24.273079267166718,0.0,2.2,728.5528706686798,-525.6119806576411,-0.0,-70.44844017817546,1099.8396144950655,1004.4555919596762,1.0,0.018273909038452815,0.0,0.0024492751974681377,0.38562594275737666,65.99961422222222,224.7736770094308,0.18367634710116518,11.811399109026919,0.0033871010944738996,135.20923293536026,1.202832168853803
2025-01-01 12:22:00,1.376265102062456,0.07834944355840907,0.0,0.022937751701040933,0.0013058240593068178,0.0,0.045500295122897993,0.0,1.330764806939558,0.0,0.0,0.0,0.07834944355840907,0.0,1,0,0,Off,0,0,Off,0,0,Off,0.039543288163284056,0.029657466122463033,On,1.2067161329604443,0,On,0.0019395673428362575,0.0,On,0.04356072778006174,0,On,0.019582749234568153,0,On,0.0649226365812614,0.04869197743594604,On,0,0,Off,Off,0.0,23.888888888888914,0.0,0.0,0.0,0.0,0,0.0,1667.2815511111112,Off,0.0,0.0,31.966855421727587,51.666666666666686,46.10666666666668,0.0,51.7546896814902,0.0,0.0,0.0,31.966855421727587,51.75787597519847,51.759469122052614,51.7546896814902,12.43753247303448,24.28240739046095,0.0,2.2,728.1268644422207,-525.971035939357,-0.0,-70.8986936939353,1099.8396144950655,1005.1697366441174,1.0,0.01827866768618308,0.0,0.0024638878813953266,0.38598641284478363,65.99961422222222,225.1569795804474,0.18362472400575786,11.81624244707958,0.0033880481904724987,135.13377487478365,1.2027937590645394
2025-01-01 12:23:00,1.376265102062456,0.07834944355840907,0.0,0.022937751701040933,0.0013058240593068178,0.0,0.045500295122897993,0.0,1.330764806939558,0.0,0.0,0.0,0.07834944355840907,0.0,1,0,0,Off,0,0,Off,0,0,Off,0.039543288163284056,0.029657466122463033,On,1.2067161329604443,0,On,0.0019395673428362575,0.0,On,0.04356072778006174,0,On,0.019582749234568153,0,On,0.0649226365812614,0.04869197743594604,On,0,0,Off,Off,0.0,23.888888888888914,0.0,0.0,0.0,0.0,0,0.0,1667.2815511111112,Off,0.0,0.0,31.95068884965689,51.666666666666686,46.10666666666668,0.0,51.749939109211944,0.0,0.0,0.0,31.95068884965689,51.75338969485519,51.755114987676805,51.749939109211944,12.43753247303448,24.29180840332394,0.0,2.2,727.6913098962856,-526.332995394296,-0.0,-71.35259898616661,1099.8396144950655,1005.8958354343032,1.0,0.01828346287463337,0.0,0.0024786069009313677,0.38634954163648966,65.99961422222222,225.53728978168263,0.18357227954132366,11.821120871282748,0.003388994788139824,135.0581362328243,1.2027550573065646
2025-01-01 12:24:00,1.376265102062456,0.07834944355840907,0.0,0.022937751701040933,0.0013058240593068178,0.0,0.045500295122897993,0.0,1.330764806939558,0.0,0.0,0.0,0.07834944355840907,0.0,1,0,0,Off,0,0,Off,0,0,Off,0.039543288163284056,0.029657466122463033,On,1.2067161329604443,0,On,0.0019395673428362575,0.0,On,0.04356072778006174,0,On,0.019582749234568153,0,On,0.0649226365812614,0.04869197743594604,On,0,0,Off,Off,0.0,23.888888888888914,0.0,0.0,0.0,0.0,0,0.0,1667.2815511111112,Off,0.0,0.0,31.934443956065405,51.666666666666686,46.10666666666668,0.0,51.74519099885155,0.0,0.0,0.0,31.934443956065405,51.748905683354835,51.75076302560649,51.74519099885155,12.43753247303448,24.301279007729196,0.0,2.2,727.2471392693042,-526.6977342751768,-0.0,-71.80999983360992,1099.8396144950655,1006.6362652396459,1.0,0.018288292907226923,0.0,0.002493426922430696,0.38671519831108825,65.99961422222222,225.91525888302533,0.18351905083909395,11.826032688294703,0.0033899408864087187,134.98232066882431,1.2027160769720404
2025-01-01 12:25:00,1.376265102062456,0.07834944355840907,0.0,0.022937751701040933,0.0013058240593068178,0.0,0.045500295122897993,0.0,1.330764806939558,0.0,0.0,0.0,0.07834944355840907,0.0,1,0,0,Off,0,0,Off,0,0,Off,0.039543288163284056,0.029657466122463033,On,1.2067161329604443,0,On,0.0019395673428362575,0.0,On,0.04356072778006174,0,On,0.019582749234568153,0,On,0.0649226365812614,0.04869197743594604,On,0,0,Off,Off,0.0,23.888888888888914,0.0,0.0,0.0,0.0,0,0.0,1667.2815511111112,Off,0.0,0.0,31.918124385838958,51.666666666666686,46.10666666666668,0.0,51.740445362006916,0.0,0.0,0.0,31.918124385838958,51.744423951689214,51.746413246530366,51.740445362006916,12.43753247303448,24.31081608188994,0.0,2.2,726.795248666685,-527.0651345013488,-0.0,-72.27074836261788,1099.8396144950655,1007.3933349685349,1.0,0.018293156178068384,0.0,0.002508342897987432,0.3870832590517786,65.99961422222222,226.29151703558603,0.18346507305225404,11.83175180188119,0.003390886484226665,134.9063316699286,1.202676830737525
2025-01-01 12:26:00,1.376265102062456,0.07834944355840907,0.0,0.022937751701040933,0.0013058240593068178,0.0,0.045500295122897993,0.0,1.330764806939558,0.0,0.0,0.0,0.07834944355840907,0.0,1,0,0,Off,0,0,Off,0,0,Off,0.039543288163284056,0.029657466122463033,On,1.2067161329604443,0,On,0.0019395673428362575,0.0,On,0.04356072778006174,0,On,0.019582749234568153,0,On,0.0649226365812614,0.04869197743594604,On,0,0,Off,Off,0.0,23.888888888888914,0.0,0.0,0.0,0.0,0,0.0,1667.2815511111112,Off,0.0,0.0,31.901733586712066,51.666666666666686,46.10666666666668,0.0,51.73570220973408,0.0,0.0,0.0,31.901733586712066,51.739944510338546,51.74206566064078,51.73570220973408,12.43753247303448,24.320416673079603,0.0,2.2,726.3364989423814,-527.4350843890907,-0.0,-72.73470470965535,1099.8396144950655,1008.1692857677284,1.0,0.01829805116823718,0.0,0.002523350053638228,0.38745360675786483,65.99961422222222,226.66667354606184,0.1834103794367161,11.836725873953224,0.003391831580555163,134.83017255600728,1.2026373305931723
2025-01-01 12:27:00,1.376265102062456,0.07834944355840907,0.0,0.022937751701040933,0.0013058240593068178,0.0,0.045500295122897993,0.0,1.330764806939558,0.0,0.0,0.0,0.07834944355840907,0.0,1,0,0,Off,0,0,Off,0,0,Off,0.039543288163284056,0.029657466122463033,On,1.2067161329604443,0,On,0.0019395673428362575,0.0,On,0.04356072778006174,0,On,0.019582749234568153,0,On,0.0649226365812614,0.04869197743594604,On,0,0,Off,Off,0.0,23.888888888888914,0.0,0.0,0.0,0.0,0,0.0,1667.2815511111112,Off,0.0,0.0,31.885274817031146,51.666666666666686,46.10666666666668,0.0,51.730961552576495,0.0,0.0,0.0,31.885274817031146,51.735467369299215,51.73772027766058,51.730961552576495,12.43753247303448,24.330077990731557,0.0,2.2,725.871716828607,-527.8074783925125,-0.0,-73.20173669707086,1099.8396144950655,1008.9662912914963,1.0,0.01830297644222447,0.0,0.002538443878015755,0.3878261307673123,65.99961422222222,227.04131742312478,0.1833550014288439,11.84172878916505,0.0033927761743691195,134.75384648445572,1.202597587870794
2025-01-01 12:28:00,1.376265102062456,0.07834944355840907,0.0,0.022937751701040933,0.0013058240593068178,0.0,0.045500295122897993,0.0,1.330764806939558,0.0,0.0,0.0,0.07834944355840907,0.0,1,0,0,Off,0,0,Off,0,0,Off,0.039543288163284056,0.029657466122463033,On,1.2067161329604443,0,On,0.0019395673428362575,0.0,On,0.04356072778006174,0,On,0.019582749234568153,0,On,0.0649226365812614,0.04869197743594604,On,0,0,Off,Off,0.0,23.888888888888914,0.0,0.0,0.0,0.0,0,0.0,1667.2815511111112,Off,0.0,0.0,31.868751153686446,51.666666666666686,46.10666666666668,0.0,51.726223400593206,0.0,0.0,0.0,31.868751153686446,51.73099253811032,51.73337710686888,51.726223400593206,12.43753247303448,24.339797399816533,0.0,2.2,725.401695991751,-528.1822168549805,-0.0,-73.67171952205304,1099.8396144950655,1009.786457977931,1.0,0.018307930644512742,0.0,0.002553620111451172,0.3882007265903137,65.99961422222222,227.416017873719,0.18329896872012647,11.846759194497753,0.003393720264656247,134.6773564548607,1.2025576132708005
2025-01-01 12:29:00,1.376265102062456,0.07834944355840907,0.0,0.022937751701040933,0.0013058240593068178,0.0,0.045500295122897993,0.0,1.330764806939558,0.0,0.0,0.0,0.07834944355840907,0.0,1,0,0,Off,0,0,Off,0,0,Off,0.039543288163284056,0.029657466122463033,On,1.2067161329604443,0,On,0.0019395673428362575,0.0,On,0.04356072778006174,0,On,0.019582749234568153,0,On,0.0649226365812614,0.04869197743594604,On,0,0,Off,Off,0.0,23.888888888888914,0.0,0.0,0.0,0.0,0,0.0,1667.2815511111112,Off,0.0,0.0,31.852165499537705,51.666666666666686,46.10666666666668,0.0,51.72148776338582,0.0,0.0,0.0,31.852165499537705,51.72652002587914,51.729036157125805,51.72148776338582,12.43753247303448,24.349572414484648,0.0,2.2,724.9271980085118,-528.5592057705633,-0.0,-74.14453545812984,1099.8396144950655,1010.6318253610156,1.0,0.01831291249629161,0.0,0.0025688747355056317,0.3885772956533724,65.99961422222222,227.79132474213938,0.18324230932896934,11.85181581348201,0.0033946638504164716,134.60070531353864,1.2025174168880637
2025-01-01 12:30:00,1.376265102062456,0.07834944355840907,0.0,0.022937751701040933,0.0013058240593068178,0.0,0.045500295122897993,0.0,1.330764806939558,0.0,0.0,0.0,0.07834944355840907,0.0,1,0,0,Off,0,0,Off,0,0,Off,0.039543288163284056,0.029657466122463033,On,1.2067161329604443,0,On,0.0019395673428362575,0.0,On,0.04356072778006174,0,On,0.019582749234568153,0,On,0.0649226365812614,0.04869197743594604,On,0,0,Off,Off,0.0,23.888888888888914,0.0,0.0,0.0,0.0,0,0.0,1667.2815511111112,Off,0.0,0.0,31.808931302234043,51.666666666666686,46.10666666666668,0.0,51.716754650124365,0.1219902211391752,334.0600270191845,0.0,31.808931302234043,51.72204984130557,51.72469743689617,51.716754650124365,12.43753247303448,24.359400691958975,0.0,3.9,769.6434414675264,-479.43579082342023,-0.0,-81.30275877368942,1099.8396144950655,1035.3166515370576,1.0,0.018090338563322154,0.0,0.0030677610234773993,0.3937190350299196,65.99961422222222,230.54237656957045,0.1831850496697106,11.85689744304548,0.0033956069306613555,125.47921555774232,1.202477008236759
2025-01-01 12:31:00,1.376265102062456,0.07834944355840907,0.0,0.022937751701040933,0.0013058240593068178,0.0,0.045500295122897993,0.0,1.330764806939558,0.0,0.0,0.0,0.07834944355840907,0.0,1,0,0,Off,0,0,Off,0,0,Off,0.039543288163284056,0.029657466122463033,On,1.2067161329604443,0,On,0.0019395673428362575,0.0,On,0.04356072778006174,0,On,0.019582749234568153,0,On,0.0649226365812614,0.04869197743594604,On,0,0,Off,Off,0.0,23.888888888888914,0.0,0.0,0.0,0.0,0,0.0,1667.2815511111112,Off,0.0,0.0,31.73668710034616,51.666666666666686,46.10666666666668,0.0,51.70499119035468,0.1220267660826358,334.06002701918453,0.0,31.73668710034616,51.670703198219044,51.70499119035468,51.653559202151236,12.43753247303448,24.371316715324163,0.0,3.9,766.2682799937413,-479.8741895984997,-0.0,-81.92850140721215,1099.8396144950655,1036.2148284055418,1.0,0.01809634074717479,0.0,0.0030895724556696093,0.39423660278334405,65.99961422222222,228.23135650438766,0.18310147663228604,11.862928865059807,0.0033964861307050425,125.38926824877555,1.2024282108823563
2025-01-01 12:32:00,1.376265102062456,0.07834944355840907,0.0,0.022937751701040933,0.0013058240593068178,0.0,0.045500295122897993,0.0,1.330764806939558,0.0,0.0,0.0,0.07834944355840907,0.0,1,0,0,Off,0,0,Off,0,0,Off,0.039543288163284056,0.029657466122463033,On,1.2067161329604443,0,On,0.0019395673428362575,0.0,On,0.04356072778006174,0,On,0.019582749234568153,0,On,0.0649226365812614,0.04869197743594604,On,0,0,Off,Off,0.0,23.888888888888914,0.0,0.0,0.0,0.0,0,0.0,1667.2815511111112,Off,0.0,0.0,31.66455138355525,51.666666666666686,46.10666666666668,0.0,51.69322962369217,0.12206332704188672,334.06002701918453,0.0,31.66455138355525,51.61936669400101,51.69322962369217,51.582435229155436,12.43753247303448,24.383149391586425,0.0,3.9,764.9361449575347,-480.30968058622494,-0.0,-82.5500605381741,1099.8396144950655,1037.1455002534387,1.0,0.01810230001593735,0.0,0.003111213499532108,0.3947502012948116,65.99961422222222,227.95627158686824,0.18301882311537732,11.86813842071258,0.0033973647361658834,125.29944586838336,1.2023797546881727
2025-01-01 12:33:00,1.376265102062456,0.07834944355840907,0.0,0.022937751701040933,0.0013058240593068178,0.0,0.045500295122897993,0.0,1.330764806939558,0.0,0.0,0.0,0.07834944355840907,0.0,1,0,0,Off,0,0,Off,0,0,Off,0.039543288163284056,0.029657466122463033,On,1.2067161329604443,0,On,0.0019395673428362575,0.0,On,0.04356072778006174,0,On,0.019582749234568153,0,On,0.0649226365812614,0.04869197743594604,On,0,0,Off,Off,0.0,23.888888888888914,0.0,0.0,0.0,0.0,0,0.0,1667.2815511111112,Off,0.0,0.0,31.592435540432746,51.666666666666686,46.10666666666668,0.0,51.681469935854984,0.1220999040704721,334.06002701918453,0.0,31.592435540432746,51.56804031342648,51.681469935854984,51.51132550221223,12.43753247303448,24.39497486668114,0.0,3.9,764.234084490175,-480.7450644215102,-0.0,-83.17143377820219,1099.8396144950655,1038.1105246063853,1.0,0.018108254730036192,0.0,0.00313282365348946,0.39526314023846715,65.99961422222222,228.3109681948219,0.1829362534633179,11.874118608102428,0.003398242747621905,125.20955001996582,1.2023313318788227
2025-01-01 12:34:00,1.376265102062456,0.07834944355840907,0.0,0.022937751701040933,0.0013058240593068178,0.0,0.045500295122897993,0.0,1.330764806939558,0.0,0.0,0.0,0.07834944355840907,0.0,1,0,0,Off,0,0,Off,0,0,Off,0.039543288163284056,0.029657466122463033,On,1.2067161329604443,0,On,0.0019395673428362575,0.0,On,0.04356072778006174,0,On,0.019582749234568153,0,On,0.0649226365812614,0.04869197743594604,On,0,0,Off,Off,0.0,23.888888888888914,0.0,0.0,0.0,0.0,0,0.0,1667.2815511111112,Off,0.0,0.0,31.52031338472193,51.666666666666686,46.10666666666668,0.0,51.66971212573154,0.12213649718104765,334.0600270191845,0.0,31.52031338472193,51.51672405370635,51.66971212573154,51.44023001769376,12.43753247303448,24.406815644787702,0.0,3.9,763.6096672428222,-481.18116978368874,-0.0,-83.7938037684029,1099.8396144950655,1039.1116930018502,1.0,0.018114216220989295,0.0,0.003154444053000535,0.3957763959424261,65.99961422222222,228.7450262998482,0.18285352115057948,11.880104118203313,0.0033991201644860314,125.11952196376782,1.2022828515187438
2025-01-01 12:35:00,1.376265102062456,0.07834944355840907,0.0,0.022937751701040933,0.0013058240593068178,0.0,0.045500295122897993,0.0,1.330764806939558,0.0,0.0,0.0,0.07834944355840907,0.0,1,0,0,Off,0,0,Off,0,0,Off,0.039543288163284056,0.029657466122463033,On,1.2067161329604443,0,On,0.0019395673428362575,0.0,On,0.04356072778006174,0,On,0.019582749234568153,0,On,0.0649226365812614,0.04869197743594604,On,0,0,Off,Off,0.0,23.888888888888914,0.0,0.0,0.0,0.0,0,0.0,1667.2815511111112,Off,0.0,0.0,31.448182750036608,51.666666666666686,46.10666666666668,0.0,51.657956196101985,0.1221731063741609,334.06002701918453,0.0,31.448182750036608,51.46541791572655,51.657956196101985,51.369148775538825,12.43753247303448,24.41867358887188,0.0,3.9,762.9481564297707,-481.61806590852547,-0.0,-84.41726917630436,1099.8396144950655,1040.1507289625465,1.0,0.018120185423423765,0.0,0.003176078055809976,0.39629004828099185,65.99961422222222,229.14387701953504,0.1827706060681644,11.886095893907392,0.0033999969858258443,125.02935691890752,1.2022343060962208
2025-01-01 12:36:00,1.376265102062456,0.07834944355840907,0.0,0.022937751701040933,0.0013058240593068178,0.0,0.045500295122897993,0.0,1.330764806939558,0.0,0.0,0.0,0.07834944355840907,0.0,1,0,0,Off,0,0,Off,0,0,Off,0.039543288163284056,0.029657466122463033,On,1.2067161329604443,0,On,0.0019395673428362575,0.0,On,0.04356072778006174,0,On,0.019582749234568153,0,On,0.0649226365812614,0.04869197743594604,On,0,0,Off,Off,0.0,23.888888888888914,0.0,0.0,0.0,0.0,0,0.0,1667.2815511111112,Off,0.0,0.0,31.376046279456716,51.666666666666686,46.10666666666668,0.0,51.64620215006801,0.12220973164934276,334.06002701918453,0.0,31.376046279456716,51.414121900677,51.64620215006801,51.298081775981515,12.43753247303448,24.43054642846452,0.0,3.9,762.270543698255,-482.0556697561791,-0.0,-85.04171136334222,1099.8396144950655,1041.2292890750157,1.0,0.018126161191126033,0.0,0.003197721476693401,0.39680399804446925,65.99961422222222,229.5283103227107,0.18268753336256624,11.892092776890077,0.0034008732106806964,124.93906097691537,1.2021857048005167
2025-01-01 12:37:00,1.376265102062456,0.07834944355840907,0.0,0.022937751701040933,0.0013058240593068178,0.0,0.045500295122897993,0.0,1.330764806939558,0.0,0.0,0.0,0.07834944355840907,0.0,1,0,0,Off,0,0,Off,0,0,Off,0.039543288163284056,0.029657466122463033,On,1.2067161329604443,0,On,0.0019395673428362575,0.0,On,0.04356072778006174,0,On,0.019582749234568153,0,On,0.0649226365812614,0.04869197743594604,On,0,0,Off,Off,0.0,23.888888888888914,0.0,0.0,0.0,0.0,0,0.0,1667.2815511111112,Off,0.0,0.0,31.303905589109604,51.666666666666686,46.10666666666668,0.0,51.634449990338055,0.12224637300733383,334.0600270191846,0.0,31.303905589109604,51.36283600937677,51.634449990338055,51.22702901889613,12.43753247303448,24.44243277540302,0.0,3.9,761.5915223855001,-482.49393070320366,-0.0,-85.66705796925046,1099.8396144950655,1042.3489634840462,1.0,0.018132142822568448,0.0,0.003219371750487775,0.3973181844448705,65.99961422222222,229.91289656288865,0.18260431848295114,11.898094057799021,0.0034017488381257264,124.84863793846655,1.2021370532538238
2025-01-01 12:38:00,1.376265102062456,0.07834944355840907,0.0,0.022937751701040933,0.0013058240593068178,0.0,0.045500295122897993,0.0,1.330764806939558,0.0,0.0,0.0,0.07834944355840907,0.0,1,0,0,Off,0,0,Off,0,0,Off,0.039543288163284056,0.029657466122463033,On,1.2067161329604443,0,On,0.0019395673428362575,0.0,On,0.04356072778006174,0,On,0.019582749234568153,0,On,0.0649226365812614,0.04869197743594604,On,0,0,Off,Off,0.0,23.888888888888914,0.0,0.0,0.0,0.0,0,0.0,1667.2815511111112,Off,0.0,0.0,31.231761574851134,51.666666666666686,46.10666666666668,0.0,51.62269971937993,0.12228303044961177,334.06002701918453,0.0,31.231761574851134,51.31156024241803,51.62269971937993,51.15599050393709,12.43753247303448,24.45433186027787,0.0,3.9,760.9165218535752,-482.9328208786617,-0.0,-86.2932691116723,1099.8396144950655,1043.5112763856002,1.0,0.01813812992796488,0.0,0.003241027446029831,0.3978325735971844,65.99961422222222,230.3029973488437,0.18252097008623053,11.904099342049033,0.0034026238672584226,124.7580899912709,1.202088354577249
2025-01-01 12:39:00,1.376265102062456,0.07834944355840907,0.0,0.022937751701040933,0.0013058240593068178,0.0,0.045500295122897993,0.0,1.330764806939558,0.0,0.0,0.0,0.07834944355840907,0.0,1,0,0,Off,0,0,Off,0,0,Off,0.039543288163284056,0.029657466122463033,On,1.2067161329604443,0,On,0.0019395673428362575,0.0,On,0.04356072778006174,0,On,0.019582749234568153,0,On,0.0649226365812614,0.04869197743594604,On,0,0,Off,Off,0.0,23.888888888888914,0.0,0.0,0.0,0.0,0,0.0,1667.2815511111112,Off,0.0,0.0,31.159614827510325,51.666666666666686,46.10666666666668,0.0,51.61095133952787,0.12231970397805916,334.06002701918453,0.0,31.159614827510325,51.26029460026729,51.61095133952787,51.084966230636994,12.43753247303448,24.466243175905845,0.0,3.9,760.2467997884049,-483.3723220480518,-0.0,-86.92031866494591,1099.8396144950655,1044.7176865580313,1.0,0.018144122249680945,0.0,0.0032626876134650195,0.39834714303193636,65.99961422222222,230.69982600633708,0.1824374939483134,11.910108368486764,0.0034034982971891522,124.66741864173619,1.2020396108317972
2025-01-01 12:40:00,1.376265102062456,0.07834944355840907,0.0,0.022937751701040933,0.0013058240593068178,0.0,0.045500295122897993,0.0,1.330764806939558,0.0,0.0,0.0,0.07834944355840907,0.0,1,0,0,Off,0,0,Off,0,0,Off,0.039543288163284056,0.029657466122463033,On,1.2067161329604443,0,On,0.0019395673428362575,0.0,On,0.04356072778006174,0,On,0.019582749234568153,0,On,0.0649226365812614,0.04869197743594604,On,0,0,Off,Off,0.0,23.888888888888914,0.0,0.0,0.0,0.0,0,0.0,1667.2815511111112,Off,0.0,0.0,31.087465818515682,51.666666666666686,46.10666666666668,0.0,51.59920485302788,0.12235639359482323,334.06002701918453,0.0,31.087465818515682,51.209039083308085,51.59920485302788,51.01395619844819,12.43753247303448,24.478166317461543,0.0,3.9,759.5825704300348,-483.8124197288265,-0.0,-87.54818586155453,1099.8396144950655,1045.9695879003445,1.0,0.0181501195817236,0.0,0.003284351491929056,0.3988618747574288,65.99961422222222,231.10356152535027,0.18235389471654498,11.915341765718907,0.0034043721270371648,124.57662513379972,1.201990823664437
2025-01-01 12:41:00,1.376265102062456,0.07834944355840907,0.0,0.022937751701040933,0.0013058240593068178,0.0,0.045500295122897993,0.0,1.330764806939558,0.0,0.0,0.0,0.07834944355840907,0.0,1,0,0,Off,0,0,Off,0,0,Off,0.039543288163284056,0.029657466122463033,On,1.2067161329604443,0,On,0.0019395673428362575,0.0,On,0.04356072778006174,0,On,0.019582749234568153,0,On,0.0649226365812614,0.04869197743594604,On,0,0,Off,Off,0.0,23.888888888888914,0.0,0.0,0.0,0.0,0,0.0,1667.2815511111112,Off,0.0,0.0,31.01531494856596,51.666666666666686,46.10666666666668,0.0,51.58746026205547,0.1223930993022609,334.06002701918453,0.0,31.01531494856596,51.15779369185783,51.58746026205547,50.94296040675903,12.43753247303448,24.490100940949883,0.0,3.9,758.9240415263292,-484.25310166354933,-0.0,-88.17685311260675,1099.8396144950655,1047.2683099877306,1.0,0.0181561217488176,0.0,0.003306018433419155,0.3993767534537493,65.99961422222222,231.51438180741985,0.18227017636562962,11.92135741006496,0.0034052453559290574,124.48571055712569,1.2019419944759644
2025-01-01 12:42:00,1.376265102062456,0.07834944355840907,0.0,0.022937751701040933,0.0013058240593068178,0.0,0.045500295122897993,0.0,1.330764806939558,0.0,0.0,0.0,0.07834944355840907,0.0,1,0,0,Off,0,0,Off,0,0,Off,0.039543288163284056,0.029657466122463033,On,1.2067161329604443,0,On,0.0019395673428362575,0.0,On,0.04356072778006174,0,On,0.019582749234568153,0,On,0.0649226365812614,0.04869197743594604,On,0,0,Off,Off,0.0,23.888888888888914,0.0,0.0,0.0,0.0,0,0.0,1667.2815511111112,Off,0.0,0.0,30.943162550600846,51.666666666666686,46.10666666666668,0.0,51.57571756872619,0.12242982110290682,334.06002701918453,0.0,30.943162550600846,51.10655842617771,51.57571756872619,50.87197885490349,12.43753247303448,24.502046760479057,0.0,3.9,758.2715031452412,-484.6943577231964,-0.0,-88.80630586905583,1099.8396144950655,1048.6151186557088,1.0,0.0181621286050105,0.0,0.0033276878973920445,0.3998917663462896,65.99961422222222,231.93255224242793,0.1821863422291182,11.927376260734333,0.0034061179829978777,124.39467585298877,1.2018931244321158
2025-01-01 12:43:00,1.376265102062456,0.07834944355840907,0.0,0.022937751701040933,0.0013058240593068178,0.0,0.045500295122897993,0.0,1.330764806939558,0.0,0.0,0.0,0.07834944355840907,0.0,1,0,0,Off,0,0,Off,0,0,Off,0.039543288163284056,0.029657466122463033,On,1.2067161329604443,0,On,0.0019395673428362575,0.0,On,0.04356072778006174,0,On,0.019582749234568153,0,On,0.0649226365812614,0.04869197743594604,On,0,0,Off,Off,0.0,23.888888888888914,0.0,0.0,0.0,0.0,0,0.0,1667.2815511111112,Off,0.0,0.0,30.871008889361917,51.666666666666686,46.10666666666668,0.0,51.56397677510567,0.12246655899944217,334.0600270191845,0.0,30.871008889361917,51.05533328648217,51.56397677510567,50.80101154217042,12.43753247303448,24.51400354885229,0.0,3.9,757.6252680716333,-485.13617993290325,-0.0,-89.4365326576203,1099.8396144950655,1050.0112165757635,1.0,0.01816814003394735,0.0,0.0033493594513999804,0.40040690322269273,65.99961422222222,232.3583661670913,0.18210239499463432,11.93339819921107,0.003406990007382257,124.30352181137945,1.2018442144612707
2025-01-01 12:44:00,1.376265102062456,0.07834944355840907,0.0,0.022937751701040933,0.0013058240593068178,0.0,0.045500295122897993,0.0,1.330764806939558,0.0,0.0,0.0,0.07834944355840907,0.0,1,0,0,Off,0,0,Off,0,0,Off,0.039543288163284056,0.029657466122463033,On,1.2067161329604443,0,On,0.0019395673428362575,0.0,On,0.04356072778006174,0,On,0.019582749234568153,0,On,0.0649226365812614,0.04869197743594604,On,0,0,Off,Off,0.0,23.888888888888914,0.0,0.0,0.0,0.0,0,0.0,1667.2815511111112,Off,0.0,0.0,30.798854162894997,51.666666666666686,46.10666666666668,0.0,51.55223788321982,0.12250331299466344,334.0600270191845,0.0,30.798854162894997,51.004118272948475,51.55223788321982,50.73005846781281,12.43753247303448,24.525971136028208,0.0,3.9,756.9856388039851,-485.5785624189688,-0.0,-90.06752500437847,1099.8396144950655,1051.457744858964,1.0,0.01817415594807373,0.0,0.0033710327678639304,0.40092215635797657,65.99961422222222,232.79211173226682,0.18201833672234677,11.939423136060842,0.0034078614282255252,124.21224907380683,1.2017952652607662
2025-01-01 12:45:00,0.16954896910201162,0.07834944355840907,0.0,0.0028258161517001937,0.0013058240593068178,0.0,0.045500295122897993,0.0,0.12404867397911362,0.0,0.0,0.0,0.07834944355840907,0.0,1,0,0,Off,0,0,Off,0,0,Off,0.039543288163284056,0.029657466122463033,On,0.0,0,Off,0.0019395673428362575,0.0,On,0.04356072778006174,0,On,0.019582749234568153,0,On,0.0649226365812614,0.04869197743594604,On,0,0,Off,Off,0.0,23.888888888888914,0.0,0.0,0.0,0.0,0,0.0,1667.2815511111112,Off,0.0,0.0,30.726698505874538,51.666666666666686,46.10666666666668,0.0,51.540500895064646,0.12254008309145174,334.0600270191846,0.0,30.726698505874538,50.95291338572614,51.540500895064646,50.65911963105689,12.43753247303448,24.53794940648085,0.0,3.9,-112.48271773306737,-486.0215013150468,-0.0,-90.69927730017825,231.00399876354552,1052.9557797605905,1.0,0.01818017628728651,0.0,0.0033927076188710885,0.4014375203926163,65.99961422222222,233.23406211861217,0.18193416887534808,11.945451009571538,0.0034087322446748392,27.583567502266295,1.2017462773076433
2025-01-01 12:46:00,0.16954896910201162,0.07834944355840907,0.0,0.0028258161517001937,0.0013058240593068178,0.0,0.045500295122897993,0.0,0.12404867397911362,0.0,0.0,0.0,0.07834944355840907,0.0,1,0,0,Off,0,0,Off,0,0,Off,0.039543288163284056,0.029657466122463033,On,0.0,0,Off,0.0019395673428362575,0.0,On,0.04356072778006174,0,On,0.019582749234568153,0,On,0.0649226365812614,0.04869197743594604,On,0,0,Off,Off,0.0,23.888888888888914,0.0,0.0,0.0,0.0,0,0.0,1667.2815511111112,Off,0.0,0.0,30.691039938248935,51.666666666666686,46.10666666666668,0.0,51.528765812615774,0.1225768692927434,334.06002701918453,0.0,30.691039938248935,50.901718624945744,51.528765812615774,50.58819503111074,12.43753247303448,24.51856846948719,0.0,3.9,-109.36770734837017,-485.30490343385804,-0.0,-89.67719542517558,231.00399876354552,1054.5063391329743,1.0,0.018170434857727607,0.0,0.003357628629274588,0.400603482717961,65.99961422222222,234.61039274711794,0.182155528856893,11.937506962703576,0.003408925633037506,27.622370779416855,1.2018243819137435
2025-01-01 12:47:00,0.16954896910201162,0.07834944355840907,0.0,0.0028258161517001937,0.0013058240593068178,0.0,0.045500295122897993,0.0,0.12404867397911362,0.0,0.0,0.0,0.07834944355840907,0.0,1,0,0,Off,0,0,Off,0,0,Off,0.039543288163284056,0.029657466122463033,On,0.0,0,Off,0.0019395673428362575,0.0,On,0.04356072778006174,0,On,0.019582749234568153,0,On,0.0649226365812614,0.04869197743594604,On,0,0,Off,Off,0.0,23.888888888888914,0.0,0.0,0.0,0.0,0,0.0,1667.2815511111112,Off,0.0,0.0,30.654297537915454,51.666666666666686,46.10666666666668,0.0,51.517027213089996,0.12261368862189088,334.06002701918453,0.0,30.654297537915454,50.85052886854659,51.517027213089996,50.51727969627488,12.43753247303448,24.5001238347372,0.0,3.9,-106.0060003905279,-484.62331761350094,-0.0,-88.70496925818645,231.00399876354552,1056.1103792418182,1.0,0.018161161741358466,0.0,0.0033242009523878403,0.39980888795548003,65.99961422222222,236.31828771761397,0.18236698427322576,11.930036321724678,0.0034091192808642333,27.65875142545183,1.2018987157422678
2025-01-01 12:48:00,0.16954896910201162,0.07834944355840907,0.0,0.0028258161517001937,0.0013058240593068178,0.0,0.045500295122897993,0.0,0.12404867397911362,0.0,0.0,0.0,0.07834944355840907,0.0,1,0,0,Off,0,0,Off,0,0,Off,0.039543288163284056,0.029657466122463033,On,0.0,0,Off,0.0019395673428362575,0.0,On,0.04356072778006174,0,On,0.019582749234568153,0,On,0.0649226365812614,0.04869197743594604,On,0,0,Off,Off,0.0,23.888888888888914,0.0,0.0,0.0,0.0,0,0.0,1667.2815511111112,Off,0.0,0.0,30.616511423089207,51.666666666666686,46.10666666666668,0.0,51.50528525948316,0.12265054060698538,334.0600270191845,0.0,30.616511423089207,50.79934426863548,51.50528525948316,50.44637377321165,12.43753247303448,24.482581173228304,0.0,3.9,-102.87281645215666,-483.9754180792051,-0.0,-87.78071966017274,231.00399876354552,1057.7687963661222,1.0,0.01815234001291154,0.0,0.0032923686004001796,0.3990523793071929,65.99961422222222,237.87932252367568,0.1825688699395975,11.922243029573853,0.0034093131717467446,27.692791425518944,1.2019694160379168
2025-01-01 12:49:00,0.16954896910201162,0.07834944355840907,0.0,0.0028258161517001937,0.0013058240593068178,0.0,0.045500295122897993,0.0,0.12404867397911362,0.0,0.0,0.0,0.07834944355840907,0.0,1,0,0,Off,0,0,Off,0,0,Off,0.039543288163284056,0.029657466122463033,On,0.0,0,Off,0.0019395673428362575,0.0,On,0.04356072778006174,0,On,0.019582749234568153,0,On,0.0649226365812614,0.04869197743594604,On,0,0,Off,Off,0.0,23.888888888888914,0.0,0.0,0.0,0.0,0,0.0,1667.2815511111112,Off,0.0,0.0,30.577738953695302,51.666666666666686,46.10666666666668,0.0,51.49354010882585,0.1226874247936914,334.06002701918453,0.0,30.577738953695302,50.74816497168902,51.49354010882585,50.37547740312062,12.43753247303448,24.4658913311663,0.0,3.9,-99.97880852525287,-483.3593374639825,-0.0,-86.90179364608689,231.00399876354552,1059.482427487222,1.0,0.018143945257749077,0.0,0.003262048055153787,0.3983319483131268,65.99961422222222,239.27832382127104,0.1827616864685156,11.915660322599434,0.0034095072898346207,27.724613570337706,1.2020366800533815
2025-01-01 12:50:00,0.16954896910201162,0.07834944355840907,0.0,0.0028258161517001937,0.0013058240593068178,0.0,0.045500295122897993,0.0,0.12404867397911362,0.0,0.0,0.0,0.07834944355840907,0.0,1,0,0,Off,0,0,Off,0,0,Off,0.039543288163284056,0.029657466122463033,On,0.0,0,Off,0.0019395673428362575,0.0,On,0.04356072778006174,0,On,0.019582749234568153,0,On,0.0649226365812614,0.04869197743594604,On,0,0,Off,Off,0.0,23.888888888888914,0.0,0.0,0.0,0.0,0,0.0,1667.2815511111112,Off,0.0,0.0,30.538034578462828,51.666666666666686,46.10666666666668,0.0,51.48179190962078,0.1227243407533544,334.06002701918453,0.0,30.538034578462828,50.696991116133816,51.48179190962078,50.30459071939034,12.43753247303448,24.45000764875789,0.0,3.9,-97.23231162416045,-482.773306622305,-0.0,-86.06567706370082,231.00399876354552,1061.2520509762232,1.0,0.018135954279880795,0.0,0.0032331596691103134,0.3976456812165813,65.99961422222222,240.60267329829986,0.1829459113189298,11.90948530854812,0.003409701620111088,27.754334927301073,1.2021006951167919
2025-01-01 12:51:00,0.16954896910201162,0.07834944355840907,0.0,0.0028258161517001937,0.0013058240593068178,0.0,0.045500295122897993,0.0,0.12404867397911362,0.0,0.0,0.0,0.07834944355840907,0.0,1,0,0,Off,0,0,Off,0,0,Off,0.039543288163284056,0.029657466122463033,On,0.0,0,Off,0.0019395673428362575,0.0,On,0.04356072778006174,0,On,0.019582749234568153,0,On,0.0649226365812614,0.04869197743594604,On,0,0,Off,Off,0.0,23.888888888888914,0.0,0.0,0.0,0.0,0,0.0,1667.2815511111112,Off,0.0,0.0,30.49744585772231,51.666666666666686,46.10666666666668,0.0,51.470040802275626,0.12276128808171698,334.06002701918453,0.0,30.49744585772231,50.64582283275504,51.470040802275626,50.23371384799474,12.43753247303448,24.434889379224384,0.0,3.9,-94.5935635235926,-482.21578002013786,-0.0,-85.27017365255593,231.00399876354552,1063.0783872927977,1.0,0.018128346826414447,0.0,0.0032056339629896943,0.3969919082426246,65.99961422222222,241.88839138555565,0.1831219608800481,11.90292016300005,0.0034098961483539168,27.782057500413266,1.2021616248037834
2025-01-01 12:52:00,0.16954896910201162,0.07834944355840907,0.0,0.0028258161517001937,0.0013058240593068178,0.0,0.045500295122897993,0.0,0.12404867397911362,0.0,0.0,0.0,0.07834944355840907,0.0,1,0,0,Off,0,0,Off,0,0,Off,0.039543288163284056,0.029657466122463033,On,0.0,0,Off,0.0019395673428362575,0.0,On,0.04356072778006174,0,On,0.019582749234568153,0,On,0.0649226365812614,0.04869197743594604,On,0,0,Off,Off,0.0,23.888888888888914,0.0,0.0,0.0,0.0,0,0.0,1667.2815511111112,Off,0.0,0.0,30.456016039638882,51.666666666666686,46.10666666666668,0.0,51.458286920126945,0.12279826639577006,334.06002701918453,0.0,30.456016039638882,50.59466024566316,51.458286920126945,50.16284690843127,12.43753247303448,24.42049947535797,0.0,3.9,-92.05870542252967,-481.68535327580076,-0.0,-84.51328756289209,231.00399876354552,1064.9620997133497,1.0,0.018121104478592564,0.0,0.0031794076845837204,0.39636910962273203,65.99961422222222,243.1359366526177,0.18329021417143854,11.897501138430712,0.0034100908610331633,27.80787407490041,1.2022196178587552
2025-01-01 12:53:00,0.16954896910201162,0.07834944355840907,0.0,0.0028258161517001937,0.0013058240593068178,0.0,0.045500295122897993,0.0,0.12404867397911362,0.0,0.0,0.0,0.07834944355840907,0.0,1,0,0,Off,0,0,Off,0,0,Off,0.039543288163284056,0.029657466122463033,On,0.0,0,Off,0.0019395673428362575,0.0,On,0.04356072778006174,0,On,0.019582749234568153,0,On,0.0649226365812614,0.04869197743594604,On,0,0,Off,Off,0.0,23.888888888888914,0.0,0.0,0.0,0.0,0,0.0,1667.2815511111112,Off,0.0,0.0,30.413785800955452,51.666666666666686,46.10666666666668,0.0,51.446530390081186,0.12283527533179858,334.06002701918453,0.0,30.413785800955452,50.543503472899154,51.446530390081186,50.091990014308145,12.43753247303448,24.406803093911154,0.0,3.9,-89.62741580226009,-481.18070744108076,-0.0,-83.79314397247502,231.00399876354552,1066.9037950362492,1.0,0.018114209902476183,0.0,0.003154421145389907,0.3957758520901208,65.99961422222222,244.34243684775012,0.18345102885987138,11.891656562167796,0.00341028574524851,27.8318721712033,1.202274814222856
2025-01-01 12:54:00,0.16954896910201162,0.07834944355840907,0.0,0.0028258161517001937,0.0013058240593068178,0.0,0.045500295122897993,0.0,0.12404867397911362,0.0,0.0,0.0,0.07834944355840907,0.0,1,0,0,Off,0,0,Off,0,0,Off,0.039543288163284056,0.029657466122463033,On,0.0,0,Off,0.0019395673428362575,0.0,On,0.04356072778006174,0,On,0.019582749234568153,0,On,0.0649226365812614,0.04869197743594604,On,0,0,Off,Off,0.0,23.888888888888914,0.0,0.0,0.0,0.0,0,0.0,1667.2815511111112,Off,0.0,0.0,30.370793553217027,51.666666666666686,46.10666666666668,0.0,51.43477133299697,0.12287231454423538,334.06002701918453,0.0,30.370793553217027,50.49235262679535,51.43477133299697,50.02114327369455,12.43753247303448,24.393767332961094,0.0,3.9,-87.29497061833132,-480.7005988748006,-0.0,-83.10797473081767,231.00399876354552,1068.9040243313746,1.0,0.01810764671934086,0.0,0.0031306177889275006,0.39521077843506175,65.99961422222222,245.50960422374152,0.1836047438487261,11.886922939513648,0.0034104807886933966,27.854134688296117,1.202327346084289
2025-01-01 12:55:00,0.16954896910201162,0.07834944355840907,0.0,0.0028258161517001937,0.0013058240593068178,0.0,0.045500295122897993,0.0,0.12404867397911362,0.0,0.0,0.0,0.07834944355840907,0.0,1,0,0,Off,0,0,Off,0,0,Off,0.039543288163284056,0.029657466122463033,On,0.0,0,Off,0.0019395673428362575,0.0,On,0.04356072778006174,0,On,0.019582749234568153,0,On,0.0649226365812614,0.04869197743594604,On,0,0,Off,Off,0.0,23.888888888888914,0.0,0.0,0.0,0.0,0,0.0,1667.2815511111112,Off,0.0,0.0,30.32707540697527,51.666666666666686,46.10666666666668,0.0,51.423009864021836,0.1229093837046543,334.06002701918453,0.0,30.32707540697527,50.44120781429333,51.423009864021836,49.950306789429085,12.43753247303448,24.381361262845562,0.0,3.9,-85.05485454549597,-480.2438599826522,-0.0,-82.4561194993346,231.00399876354552,1070.9632850845096,1.0,0.018101399523567832,0.0,0.003107944289541617,0.39467260967639567,65.99961422222222,246.6411261729453,0.1837516786756627,11.881732333515789,0.003410675979623533,27.874739758499665,1.2023773377437
2025-01-01 12:56:00,0.16954896910201162,0.07834944355840907,0.0,0.0028258161517001937,0.0013058240593068178,0.0,0.045500295122897993,0.0,0.12404867397911362,0.0,0.0,0.0,0.07834944355840907,0.0,1,0,0,Off,0,0,Off,0,0,Off,0.039543288163284056,0.029657466122463033,On,0.0,0,Off,0.0019395673428362575,0.0,On,0.04356072778006174,0,On,0.019582749234568153,0,On,0.0649226365812614,0.04869197743594604,On,0,0,Off,Off,0.0,23.888888888888914,0.0,0.0,0.0,0.0,0,0.0,1667.2815511111112,Off,0.0,0.0,30.28266524353137,51.666666666666686,46.10666666666668,0.0,51.41124609293434,0.12294648250074305,334.0600270191845,0.0,30.28266524353137,50.39006913726687,51.41124609293434,49.87948065943314,12.43753247303448,24.369555864724497,0.0,3.9,-82.9009063346113,-479.8093965883709,-0.0,-81.83602207689292,231.00399876354552,1073.0820163863605,1.0,0.018095453853835267,0.0,0.003086350479176404,0.3941601431628111,65.99961422222222,247.740513567107,0.18389213394629236,11.8768463858199,0.0034108713068244536,27.89376085682749,1.2024249058536232
2025-01-01 12:57:00,0.16954896910201162,0.07834944355840907,0.0,0.0028258161517001937,0.0013058240593068178,0.0,0.045500295122897993,0.0,0.12404867397911362,0.0,0.0,0.0,0.07834944355840907,0.0,1,0,0,Off,0,0,Off,0,0,Off,0.039543288163284056,0.029657466122463033,On,0.0,0,Off,0.0019395673428362575,0.0,On,0.04356072778006174,0,On,0.019582749234568153,0,On,0.0649226365812614,0.04869197743594604,On,0,0,Off,Off,0.0,23.888888888888914,0.0,0.0,0.0,0.0,0,0.0,1667.2815511111112,Off,0.0,0.0,30.237594867802272,51.666666666666686,46.10666666666668,0.0,51.399480124475424,0.12298361063530604,334.06002701918453,0.0,30.237594867802272,50.338936692834785,51.399480124475424,49.80866497701447,12.43753247303448,24.358323899882258,0.0,3.9,-80.8276842769422,-479.39618279280603,-0.0,-81.24622313209055,231.00399876354552,1075.2606079989912,1.0,0.018089796129216153,0.0,0.0030657891436810555,0.3936722475933008,65.99961422222222,248.81072288440888,0.1840263925538538,11.8722512902735,0.003411066759579837,27.911267103676195,1.20247015993872
2025-01-01 12:58:00,0.16954896910201162,0.07834944355840907,0.0,0.0028258161517001937,0.0013058240593068178,0.0,0.045500295122897993,0.0,0.12404867397911362,0.0,0.0,0.0,0.07834944355840907,0.0,1,0,0,Off,0,0,Off,0,0,Off,0.039543288163284056,0.029657466122463033,On,0.0,0,Off,0.0019395673428362575,0.0,On,0.04356072778006174,0,On,0.019582749234568153,0,On,0.0649226365812614,0.04869197743594604,On,0,0,Off,Off,0.0,23.888888888888914,0.0,0.0,0.0,0.0,0,0.0,1667.2815511111112,Off,0.0,0.0,30.191894164159294,51.666666666666686,46.10666666666668,0.0,51.38771205865711,0.12302076782533515,334.06002701918453,0.0,30.191894164159294,50.287810573652344,51.38771205865711,49.73785983114996,12.43753247303448,24.34763977563733,0.0,3.9,-78.83026103247738,-479.0032557457071,-0.0,-80.68535280300028,231.00399876354552,1077.4993956230305,1.0,0.01808441358335051,0.0,0.0030462158089853103,0.3932078578132715,65.99961422222222,249.8543487526845,0.18415472096063798,11.867934074772032,0.00341126232764189,27.927323582322956,1.202513202930628
2025-01-01 12:59:00,0.16954896910201162,0.07834944355840907,0.0,0.0028258161517001937,0.0013058240593068178,0.0,0.045500295122897993,0.0,0.12404867397911362,0.0,0.0,0.0,0.07834944355840907,0.0,1,0,0,Off,0,0,Off,0,0,Off,0.039543288163284056,0.029657466122463033,On,0.0,0,Off,0.0019395673428362575,0.0,On,0.04356072778006174,0,On,0.019582749234568153,0,On,0.0649226365812614,0.04869197743594604,On,0,0,Off,Off,0.0,23.888888888888914,0.0,0.0,0.0,0.0,0,0.0,1667.2815511111112,Off,0.0,0.0,30.14559123417365,51.666666666666686,46.10666666666668,0.0,51.37594199104802,0.1230579538011505,334.06002701918453,0.0,30.14559123417365,50.23669086818077,51.37594199104802,49.667065306747155,12.43753247303448,24.337479427483974,0.0,3.9,-76.90405090388907,-478.62971104826863,-0.0,-80.15212419011067,231.00399876354552,1079.798663056695,1.0,0.018079294206599573,0.0,0.0030275885534627412,0.3927659702464993,65.99961422222222,250.87378557094473,0.18427737032243677,11.863882541560034,0.003411458001203902,27.941991617303643,1.2025541316380266
2025-01-01 13:00:00,0.1718292228497717,0.07834944355840907,0.0,0.0028638203808295285,0.0013058240593068178,0.0,0.045378890945663865,0.0,0.12645033190410782,0.0,0.0,0.0,0.07834944355840907,0.0,1,0,0,Off,0,0,Off,0,0,Off,0.039543288163284056,0.029657466122463033,On,0.0,0,Off,0.0021723154239766088,0.0,On,0.04320657552168725,0,On,0.02198440715956236,0,On,0.0649226365812614,0.04869197743594604,On,0,0,Off,Off,0.0,23.888888888888914,0.0,0.0,0.0,0.0,0,0.0,1667.2815511111112,Off,0.0,0.0,30.098712517705394,51.666666666666686,46.10666666666668,0.0,51.364170013038425,0.12309516830560302,334.0600270191846,0.0,30.098712517705394,50.18557766093751,51.364170013038425,49.59628148488706,12.43753247303448,24.327820215279974,0.0,3.9,-72.76449086283554,-478.27469870152805,-0.0,-79.64532762222882,233.2842525113056,1082.1586429826161,1.0,0.018074426695106845,0.0,0.003009867842944593,0.3923456388771019,65.99961422222222,251.87128294961568,0.18439457747721055,11.8600852146533,0.0034116537708746937,27.955329018943445,1.202593037160619
2025-01-01 13:01:00,0.1718292228497717,0.07834944355840907,0.0,0.0028638203808295285,0.0013058240593068178,0.0,0.045378890945663865,0.0,0.12645033190410782,0.0,0.0,0.0,0.07834944355840907,0.0,1,0,0,Off,0,0,Off,0,0,Off,0.039543288163284056,0.029657466122463033,On,0.0,0,Off,0.0021723154239766088,0.0,On,0.04320657552168725,0,On,0.02198440715956236,0,On,0.0649226365812614,0.04869197743594604,On,0,0,Off,Off,0.0,23.888888888888914,0.0,0.0,0.0,0.0,0,0.0,1667.2815511111112,Off,0.0,0.0,30.05118711401775,51.666666666666686,46.10666666666668,0.0,51.35239621208724,0.12313241109333062,334.0600270191846,0.0,30.05118711401775,50.13447103272935,51.35239621208724,49.52550844305042,12.43753247303448,24.318723158752263,0.0,3.9,-70.97792405843194,-477.94044406083736,-0.0,-79.1681435243592,233.2842525113056,1084.579517760538,1.0,0.018069841900139036,0.0,0.0029931675688667815,0.39194955713966584,65.99961422222222,252.84641101545904,0.184505655569114,11.856573141641379,0.0034118496276547383,27.967165036407298,1.2026296724158665
2025-01-01 13:02:00,0.1718292228497717,0.07834944355840907,0.0,0.0028638203808295285,0.0013058240593068178,0.0,0.045378890945663865,0.0,0.12645033190410782,0.0,0.0,0.0,0.07834944355840907,0.0,1,0,0,Off,0,0,Off,0,0,Off,0.039543288163284056,0.029657466122463033,On,0.0,0,Off,0.0021723154239766088,0.0,On,0.04320657552168725,0,On,0.02198440715956236,0,On,0.0649226365812614,0.04869197743594604,On,0,0,Off,Off,0.0,23.888888888888914,0.0,0.0,0.0,0.0,0,0.0,1667.2815511111112,Off,0.0,0.0,30.00313709536198,51.666666666666686,46.10666666666668,0.0,51.34062068618998,0.12316968188498802,334.0600270191845,0.0,30.00313709536198,50.08337107431345,51.34062068618998,49.45474626837519,12.43753247303448,24.310083428441995,0.0,3.9,-69.25091230510503,-477.62307959757135,-0.0,-78.71505388288459,233.2842525113056,1087.0614202495892,1.0,0.01806548708170891,0.0,0.0029772970566150653,0.39157319547038877,65.99961422222222,253.80296866404527,0.1846117513724887,11.85329306671265,0.0034120455613898225,27.977782672877368,1.202664460832233
2025-01-01 13:03:00,0.1718292228497717,0.07834944355840907,0.0,0.0028638203808295285,0.0013058240593068178,0.0,0.045378890945663865,0.0,0.12645033190410782,0.0,0.0,0.0,0.07834944355840907,0.0,1,0,0,Off,0,0,Off,0,0,Off,0.039543288163284056,0.029657466122463033,On,0.0,0,Off,0.0021723154239766088,0.0,On,0.04320657552168725,0,On,0.02198440715956236,0,On,0.0649226365812614,0.04869197743594604,On,0,0,Off,Off,0.0,23.888888888888914,0.0,0.0,0.0,0.0,0,0.0,1667.2815511111112,Off,0.0,0.0,29.95458443416834,51.666666666666686,46.10666666666668,0.0,51.32884351519676,0.12320698045800778,334.0600270191845,0.0,29.95458443416834,50.0322778593151,51.32884351519676,49.383995031374276,12.43753247303448,24.301882212871185,0.0,3.9,-67.57881860110092,-477.32190119155086,-0.0,-78.28505619333419,233.2842525113056,1089.6044345918995,1.0,0.01806135283508926,0.0,0.0029622232252342895,0.39121576327738483,65.99961422222222,254.74388627247853,0.1847130630214242,11.84946251601642,0.00341224156384071,27.987230245315303,1.2026974781553956
2025-01-01 13:04:00,0.1718292228497717,0.07834944355840907,0.0,0.0028638203808295285,0.0013058240593068178,0.0,0.045378890945663865,0.0,0.12645033190410782,0.0,0.0,0.0,0.07834944355840907,0.0,1,0,0,Off,0,0,Off,0,0,Off,0.039543288163284056,0.029657466122463033,On,0.0,0,Off,0.0021723154239766088,0.0,On,0.04320657552168725,0,On,0.02198440715956236,0,On,0.0649226365812614,0.04869197743594604,On,0,0,Off,Off,0.0,23.888888888888914,0.0,0.0,0.0,0.0,0,0.0,1667.2815511111112,Off,0.0,0.0,29.905549798110826,51.666666666666686,46.10666666666668,0.0,51.317064775690504,0.12324430659961026,334.06002701918453,0.0,29.905549798110826,49.98119145827599,51.317064775690504,49.313254799568725,12.43753247303448,24.294101819012912,0.0,3.9,-65.95833105713501,-477.03624714601443,-0.0,-77.87720823691566,233.2842525113056,1092.208597046553,1.0,0.01805743031145196,0.0,0.0029479148995529033,0.39087651577681976,65.99961422222222,255.67087181448952,0.18480977721757214,11.846618655443333,0.0034124376270953305,27.995553268261293,1.2027287956411155
2025-01-01 13:05:00,0.1718292228497717,0.07834944355840907,0.0,0.0028638203808295285,0.0013058240593068178,0.0,0.045378890945663865,0.0,0.12645033190410782,0.0,0.0,0.0,0.07834944355840907,0.0,1,0,0,Off,0,0,Off,0,0,Off,0.039543288163284056,0.029657466122463033,On,0.0,0,Off,0.0021723154239766088,0.0,On,0.04320657552168725,0,On,0.02198440715956236,0,On,0.0649226365812614,0.04869197743594604,On,0,0,Off,Off,0.0,23.888888888888914,0.0,0.0,0.0,0.0,0,0.0,1667.2815511111112,Off,0.0,0.0,29.856052679196182,51.666666666666686,46.10666666666668,0.0,51.305284541180924,0.12328166010621822,334.06002701918453,0.0,29.856052679196182,49.93011193883723,51.305284541180924,49.24252563766538,12.43753247303448,24.28672556135578,0.0,3.9,-64.38657325924902,-476.7654939788522,-0.0,-77.49062209993848,233.2842525113056,1094.8738968062416,1.0,0.01805371116273248,0.0,0.002934342621017784,0.39055474944685986,65.99961422222222,256.58529030823604,0.1849020703662428,11.843979817900118,0.0034126337435497565,28.00279473412392,1.202758480500544
2025-01-01 13:06:00,0.1718292228497717,0.07834944355840907,0.0,0.0028638203808295285,0.0013058240593068178,0.0,0.045378890945663865,0.0,0.12645033190410782,0.0,0.0,0.0,0.07834944355840907,0.0,1,0,0,Off,0,0,Off,0,0,Off,0.039543288163284056,0.029657466122463033,On,0.0,0,Off,0.0021723154239766088,0.0,On,0.04320657552168725,0,On,0.02198440715956236,0,On,0.0649226365812614,0.04869197743594604,On,0,0,Off,Off,0.0,23.888888888888914,0.0,0.0,0.0,0.0,0,0.0,1667.2815511111112,Off,0.0,0.0,29.80611147829734,51.666666666666686,46.10666666666668,0.0,51.29350288227929,0.1233190407829302,334.06002701918453,0.0,29.80611147829734,49.879039365904426,51.29350288227929,49.171807607717,12.43753247303448,24.279737689526154,0.0,3.9,-62.860737653270974,-476.5090536451403,-0.0,-77.12446023350077,233.2842525113056,1097.6002786667243,1.0,0.01805018750584233,0.0,0.002921478527747521,0.39024979912970115,65.99961422222222,257.4885237140645,0.18499010929605456,11.840765820379172,0.0034128299058910844,28.0089952903869,1.2027865961899964
2025-01-01 13:07:00,0.1718292228497717,0.07834944355840907,0.0,0.0028638203808295285,0.0013058240593068178,0.0,0.045378890945663865,0.0,0.12645033190410782,0.0,0.0,0.0,0.07834944355840907,0.0,1,0,0,Off,0,0,Off,0,0,Off,0.039543288163284056,0.029657466122463033,On,0.0,0,Off,0.0021723154239766088,0.0,On,0.04320657552168725,0,On,0.02198440715956236,0,On,0.0649226365812614,0.04869197743594604,On,0,0,Off,Off,0.0,23.888888888888914,0.0,0.0,0.0,0.0,0,0.0,1667.2815511111112,Off,0.0,0.0,29.755743569115623,51.666666666666686,46.10666666666668,0.0,51.28171986686064,0.12335644844303198,334.06002701918453,0.0,29.755743569115623,49.82797380180077,51.28171986686064,49.10110076927084,12.43753247303448,24.27312333339828,0.0,3.9,-61.37811853357897,-476.2663714142776,-0.0,-76.7779324451482,233.2842525113056,1100.3876365232893,1.0,0.018046851895625094,0.0,0.002909296265397335,0.38996103586965986,65.99961422222222,258.3819328145412,0.18507405179327927,11.838513746688916,0.0034130261070815207,28.014193370881983,1.202813202630318
2025-01-01 13:08:00,0.1718292228497717,0.07834944355840907,0.0,0.0028638203808295285,0.0013058240593068178,0.0,0.045378890945663865,0.0,0.12645033190410782,0.0,0.0,0.0,0.07834944355840907,0.0,1,0,0,Off,0,0,Off,0,0,Off,0.039543288163284056,0.029657466122463033,On,0.0,0,Off,0.0021723154239766088,0.0,On,0.04320657552168725,0,On,0.02198440715956236,0,On,0.0649226365812614,0.04869197743594604,On,0,0,Off,Off,0.0,23.888888888888914,0.0,0.0,0.0,0.0,0,0.0,1667.2815511111112,Off,0.0,0.0,29.704965359577898,51.666666666666686,46.10666666666668,0.0,51.269935560216496,0.12339388290753632,334.06002701918453,0.0,29.704965359577898,49.7769153064112,51.269935560216496,49.03040517950855,12.43753247303448,24.266868450476736,0.0,3.9,-59.936174473982135,-476.0369238415287,-0.0,-76.45029302300959,233.2842525113056,1103.2358251435064,1.0,0.01804369729889419,0.0,0.0028977709010197736,0.3896878648271383,65.99961422222222,259.2667898792505,0.1851540471183548,11.836444045596284,0.0034132223403433625,28.018425322613066,1.2028383564173246
2025-01-01 13:09:00,0.1718292228497717,0.07834944355840907,0.0,0.0028638203808295285,0.0013058240593068178,0.0,0.045378890945663865,0.0,0.12645033190410782,0.0,0.0,0.0,0.07834944355840907,0.0,1,0,0,Off,0,0,Off,0,0,Off,0.039543288163284056,0.029657466122463033,On,0.0,0,Off,0.0021723154239766088,0.0,On,0.04320657552168725,0,On,0.02198440715956236,0,On,0.0649226365812614,0.04869197743594604,On,0,0,Off,Off,0.0,23.888888888888914,0.0,0.0,0.0,0.0,0,0.0,1667.2815511111112,Off,0.0,0.0,29.65379235188277,51.666666666666686,46.10666666666668,0.0,51.25815002519844,0.12343134400475012,334.06002701918453,0.0,29.65379235188277,49.72586393731791,51.25815002519844,48.95972089337765,12.43753247303448,24.26095977437845,0.0,3.9,-58.53253593202447,-475.8202167898746,-0.0,-76.14083792966294,233.2842525113056,1106.1446537518634,1.0,0.0180407170689671,0.0,0.0028868788378736215,0.38942972321947433,65.99961422222222,260.1442662762075,0.18523023651681633,11.833778429663294,0.00341341859914484,28.021725531211008,1.2028621110280364
2025-01-01 13:10:00,0.1718292228497717,0.07834944355840907,0.0,0.0028638203808295285,0.0013058240593068178,0.0,0.045378890945663865,0.0,0.12645033190410782,0.0,0.0,0.0,0.07834944355840907,0.0,1,0,0,Off,0,0,Off,0,0,Off,0.039543288163284056,0.029657466122463033,On,0.0,0,Off,0.0021723154239766088,0.0,On,0.04320657552168725,0,On,0.02198440715956236,0,On,0.0649226365812614,0.04869197743594604,On,0,0,Off,Off,0.0,23.888888888888914,0.0,0.0,0.0,0.0,0,0.0,1667.2815511111112,Off,0.0,0.0,29.602239199357598,51.666666666666686,46.10666666666668,0.0,51.24636332235275,0.12346883156986839,334.0600270191845,0.0,29.602239199357598,49.674819749927536,51.24636332235275,48.88904796371493,12.43753247303448,24.255384766247726,0.0,3.9,-57.16498801130439,-475.6157835684497,-0.0,-75.84890216058378,233.2842525113056,1109.1138886718718,1.0,0.018037904921626415,0.0,0.002876597734661706,0.3891860783707569,65.99961422222222,261.0154452064234,0.18530275370376093,11.831282488781067,0.003413614877186814,28.02412653983551,1.202884517015265
2025-01-01 13:11:00,0.1718292228497717,0.07834944355840907,0.0,0.0028638203808295285,0.0013058240593068178,0.0,0.045378890945663865,0.0,0.12645033190410782,0.0,0.0,0.0,0.07834944355840907,0.0,1,0,0,Off,0,0,Off,0,0,Off,0.039543288163284056,0.029657466122463033,On,0.0,0,Off,0.0021723154239766088,0.0,On,0.04320657552168725,0,On,0.02198440715956236,0,On,0.0649226365812614,0.04869197743594604,On,0,0,Off,Off,0.0,23.888888888888914,0.0,0.0,0.0,0.0,0,0.0,1667.2815511111112,Off,0.0,0.0,29.55031975872498,51.666666666666686,46.10666666666668,0.0,51.23457551004661,0.12350634544459373,334.06002701918453,0.0,29.55031975872498,49.6237827975902,51.23457551004661,48.81838644136201,12.43753247303448,24.25013156975521,0.0,3.9,-55.83145585549386,-475.4231832104887,-0.0,-75.57385730011406,233.2842525113056,1112.143254161451,1.0,0.01803525491284146,0.0,0.002866906430498595,0.38895642590102625,65.99961422222222,261.88133214380326,0.18537172531391374,11.8297213744824,0.0034138111683902806,28.02565915958333,1.2029056221879024
2025-01-01 13:12:00,0.1718292228497717,0.07834944355840907,0.0,0.0028638203808295285,0.0013058240593068178,0.0,0.045378890945663865,0.0,0.12645033190410782,0.0,0.0,0.0,0.07834944355840907,0.0,1,0,0,Off,0,0,Off,0,0,Off,0.039543288163284056,0.029657466122463033,On,0.0,0,Off,0.0021723154239766088,0.0,On,0.04320657552168725,0,On,0.02198440715956236,0,On,0.0649226365812614,0.04869197743594604,On,0,0,Off,Off,0.0,23.888888888888914,0.0,0.0,0.0,0.0,0,0.0,1667.2815511111112,Off,0.0,0.0,29.498047138960544,51.666666666666686,46.10666666666668,0.0,51.22278664458655,0.1235438854767789,334.06002701918453,0.0,29.498047138960544,49.572753131711394,51.22278664458655,48.747736375273824,12.43753247303448,24.245188969339633,0.0,3.9,-54.529994928316626,-475.24199887740576,-0.0,-75.31510925602592,233.2842525113056,1115.2324332788708,1.0,0.018032761418083583,0.0,0.0028577848750719567,0.3887402880417771,65.99961422222222,262.7428606938095,0.18543727132057433,11.82754682080527,0.0034140074668846257,28.026352572204082,1.202925471778265
2025-01-01 13:13:00,0.1718292228497717,0.07834944355840907,0.0,0.0028638203808295285,0.0013058240593068178,0.0,0.045378890945663865,0.0,0.12645033190410782,0.0,0.0,0.0,0.07834944355840907,0.0,1,0,0,Off,0,0,Off,0,0,Off,0.039543288163284056,0.029657466122463033,On,0.0,0,Off,0.0021723154239766088,0.0,On,0.04320657552168725,0,On,0.02198440715956236,0,On,0.0649226365812614,0.04869197743594604,On,0,0,Off,Off,0.0,23.888888888888914,0.0,0.0,0.0,0.0,0,0.0,1667.2815511111112,Off,0.0,0.0,29.4454337466903,51.666666666666686,46.10666666666668,0.0,51.210996780329566,0.1235814515200916,334.06002701918453,0.0,29.4454337466903,49.52173080185683,51.210996780329566,48.677097812620474,12.43753247303448,24.240546351301145,0.0,3.9,-53.25878323114085,-475.07183637389073,-0.0,-75.07209615126474,233.2842525113056,1118.381068692105,1.0,0.01803041911304212,0.0,0.0028492140633582094,0.38853721206227326,65.99961422222222,263.60089678270907,0.1854995054272292,11.826295648866076,0.0034142037669965797,28.02623442607946,1.2029441085980588
2025-01-01 13:14:00,0.1718292228497717,0.07834944355840907,0.0,0.0028638203808295285,0.0013058240593068178,0.0,0.045378890945663865,0.0,0.12645033190410782,0.0,0.0,0.0,0.07834944355840907,0.0,1,0,0,Off,0,0,Off,0,0,Off,0.039543288163284056,0.029657466122463033,On,0.0,0,Off,0.0021723154239766088,0.0,On,0.04320657552168725,0,On,0.02198440715956236,0,On,0.0649226365812614,0.04869197743594604,On,0,0,Off,Off,0.0,23.888888888888914,0.0,0.0,0.0,0.0,0,0.0,1667.2815511111112,Off,0.0,0.0,29.39249132839899,51.666666666666686,46.10666666666668,0.0,51.19920596978761,0.12361904343369913,334.06002701918453,0.0,29.39249132839899,49.47071585585109,51.19920596978761,48.60647079888283,12.43753247303448,24.23619366748519,0.0,3.9,-52.016114002662505,-474.91232276377724,-0.0,-74.84428635837793,233.2842525113056,1121.5887635459164,1.0,0.018028222955613352,0.0,0.002841175974483523,0.3883467687966896,65.99961422222222,264.45624260818704,0.18555853543432985,11.824420873826323,0.003414400063239823,28.025330926076666,1.2029615731840098
2025-01-01 13:15:00,0.1718292228497717,0.07834944355840907,0.0,0.0028638203808295285,0.0013058240593068178,0.0,0.045378890945663865,0.0,0.12645033190410782,0.0,0.0,0.0,0.07834944355840907,0.0,1,0,0,Off,0,0,Off,0,0,Off,0.039543288163284056,0.029657466122463033,On,0.0,0,Off,0.0021723154239766088,0.0,On,0.04320657552168725,0,On,0.02198440715956236,0,On,0.0649226365812614,0.04869197743594604,On,0,0,Off,Off,0.0,23.888888888888914,0.0,0.0,0.0,0.0,0,0.0,1667.2815511111112,Off,0.0,0.0,29.3658202985776,51.666666666666686,46.10666666666668,0.0,51.18741426372566,0.0,0.0,0.0,29.3658202985776,49.4197083398702,51.18741426372566,48.53585537794248,12.43753247303448,24.23212140136487,0.0,3.9,-50.800388715441215,-474.7631050790374,-0.0,-74.631176665843,233.2842525113056,1124.8550823009327,1.0,0.018026168169069056,0.0,0.002833653514440689,0.3881685512649562,65.99961422222222,265.3096405181336,0.18561446358293146,11.822688665822472,0.0034145963503052004,28.023666917708837,1.2029779039339121
2025-01-01 13:16:00,0.1718292228497717,0.07834944355840907,0.0,0.0028638203808295285,0.0013058240593068178,0.0,0.045378890945663865,0.0,0.12645033190410782,0.0,0.0,0.0,0.07834944355840907,0.0,1,0,0,Off,0,0,Off,0,0,Off,0.039543288163284056,0.029657466122463033,On,0.0,0,Off,0.0021723154239766088,0.0,On,0.04320657552168725,0,On,0.02198440715956236,0,On,0.0649226365812614,0.04869197743594604,On,0,0,Off,Off,0.0,23.888888888888914,0.0,0.0,0.0,0.0,0,0.0,1667.2815511111112,Off,0.0,0.0,29.36542560468321,51.666666666666686,46.10666666666668,0.0,51.18265459047141,0.0,0.0,0.0,29.36542560468321,49.41558709301523,51.18265459047141,48.53205334428715,12.43753247303448,24.228320536350857,0.0,3.9,-49.610110449539604,-474.62384911509935,-0.0,-74.43229056669003,233.2842525113056,1128.1795515702813,1.0,0.018024250226321537,0.0,0.002826630462404239,0.3880021733809638,65.99961422222222,266.1617767209442,0.1856673868767529,11.821864850613439,0.0034147926230515117,28.02126596598597,1.2029931372337839
2025-01-01 13:17:00,0.1718292228497717,0.07834944355840907,0.0,0.0028638203808295285,0.0013058240593068178,0.0,0.045378890945663865,0.0,0.12645033190410782,0.0,0.0,0.0,0.07834944355840907,0.0,1,0,0,Off,0,0,Off,0,0,Off,0.039543288163284056,0.029657466122463033,On,0.0,0,Off,0.0021723154239766088,0.0,On,0.04320657552168725,0,On,0.02198440715956236,0,On,0.0649226365812614,0.04869197743594604,On,0,0,Off,Off,0.0,23.888888888888914,0.0,0.0,0.0,0.0,0,0.0,1667.2815511111112,Off,0.0,0.0,29.364725155760674,51.666666666666686,46.10666666666668,0.0,51.1778951185343,0.0,0.0,0.0,29.364725155760674,49.41146590155224,51.1778951185343,48.52825129306122,12.43753247303448,24.224782526168134,0.0,3.9,-48.44387731515377,-474.49423830612005,-0.0,-74.24717666042537,233.2842525113056,1131.5616632748586,1.0,0.018022464835206895,0.0,0.0028200914203991316,0.3878472687421217,65.99961422222222,267.01328514008605,0.18571739738413115,11.820404104927572,0.0034149888764968307,28.01815042932104,1.2030073075767584
2025-01-01 13:18:00,0.1718292228497717,0.07834944355840907,0.0,0.0028638203808295285,0.0013058240593068178,0.0,0.045378890945663865,0.0,0.12645033190410782,0.0,0.0,0.0,0.07834944355840907,0.0,1,0,0,Off,0,0,Off,0,0,Off,0.039543288163284056,0.029657466122463033,On,0.0,0,Off,0.0021723154239766088,0.0,On,0.04320657552168725,0,On,0.02198440715956236,0,On,0.0649226365812614,0.04869197743594604,On,0,0,Off,Off,0.0,23.888888888888914,0.0,0.0,0.0,0.0,0,0.0,1667.2815511111112,Off,0.0,0.0,29.363728430177193,51.666666666666686,46.10666666666668,0.0,51.17313589332658,0.0,0.0,0.0,29.363728430177193,49.407344808391386,51.17313589332658,48.5244492659238,12.43753247303448,24.22149926716384,0.0,3.9,-47.30037827096527,-474.3739726748041,-0.0,-74.07540716062566,233.2842525113056,1135.0008663367798,1.0,0.018020807924720446,0.0,0.002814021766118701,0.3877034894952364,65.99961422222222,267.86474905315885,0.1857645825210768,11.819072856090827,0.0034151851058103334,28.01434152879467,1.2030204476742568
2025-01-01 13:19:00,0.1718292228497717,0.07834944355840907,0.0,0.0028638203808295285,0.0013058240593068178,0.0,0.045378890945663865,0.0,0.12645033190410782,0.0,0.0,0.0,0.07834944355840907,0.0,1,0,0,Off,0,0,Off,0,0,Off,0.039543288163284056,0.029657466122463033,On,0.0,0,Off,0.0021723154239766088,0.0,On,0.04320657552168725,0,On,0.02198440715956236,0,On,0.0649226365812614,0.04869197743594604,On,0,0,Off,Off,0.0,23.888888888888914,0.0,0.0,0.0,0.0,0,0.0,1667.2815511111112,Off,0.0,0.0,29.362444419986613,51.666666666666686,46.10666666666668,0.0,51.16837695885115,0.0,0.0,0.0,29.362444419986613,49.40322385511263,51.16837695885115,48.520647303243365,12.43753247303448,24.21846307233242,0.0,3.9,-46.17838543959857,-474.2627678485579,-0.0,-73.91657649655245,233.2842525113056,1138.4965811506163,1.0,0.018019275632098784,0.0,0.002808407608538658,0.38757050527017595,65.99961422222222,268.7167063942062,0.18580902531756235,11.817867186721804,0.00341538130630459,28.009859413305602,1.2030325885602968
2025-01-01 13:20:00,0.1718292228497717,0.07834944355840907,0.0,0.0028638203808295285,0.0013058240593068178,0.0,0.045378890945663865,0.0,0.12645033190410782,0.0,0.0,0.0,0.07834944355840907,0.0,1,0,0,Off,0,0,Off,0,0,Off,0.039543288163284056,0.029657466122463033,On,0.0,0,Off,0.0021723154239766088,0.0,On,0.04320657552168725,0,On,0.02198440715956236,0,On,0.0649226365812614,0.04869197743594604,On,0,0,Off,Off,0.0,23.888888888888914,0.0,0.0,0.0,0.0,0,0.0,1667.2815511111112,Off,0.0,0.0,29.36088165940016,51.666666666666686,46.10666666666668,0.0,51.163618357773856,0.0,0.0,0.0,29.36088165940016,49.39910308203393,51.163618357773856,48.51684544416397,12.43753247303448,24.21566664707415,0.0,3.9,-45.07675071312548,-474.1603541422206,-0.0,-73.7703000092063,233.2842525113056,1142.0481913808896,1.0,0.018017864290758464,0.0,0.002803235746394223,0.38744800218275116,65.99961422222222,269.56965092699585,0.18585080466663717,11.816783379237705,0.003415577473428303,28.00472322050295,1.2030437596888621
2025-01-01 13:21:00,0.1718292228497717,0.07834944355840907,0.0,0.0028638203808295285,0.0013058240593068178,0.0,0.045378890945663865,0.0,0.12645033190410782,0.0,0.0,0.0,0.07834944355840907,0.0,1,0,0,Off,0,0,Off,0,0,Off,0.039543288163284056,0.029657466122463033,On,0.0,0,Off,0.0021723154239766088,0.0,On,0.04320657552168725,0,On,0.02198440715956236,0,On,0.0649226365812614,0.04869197743594604,On,0,0,Off,Off,0.0,23.888888888888914,0.0,0.0,0.0,0.0,0,0.0,1667.2815511111112,Off,0.0,0.0,29.359048250843745,51.666666666666686,46.10666666666668,0.0,51.158860131491586,0.0,0.0,0.0,29.359048250843745,49.39498252827559,51.158860131491586,48.5130437266676,12.43753247303448,24.213103066426935,0.0,3.9,-43.994400694745366,-474.06647569753545,-0.0,-73.6362127278376,233.2842525113056,1145.6550470361976,1.0,0.018016570418961993,0.0,0.0027984936290732284,0.38733568189609074,65.99961422222222,270.4240352193222,0.18588999555904548,11.815817904263195,0.003415773602759457,27.998951134168067,1.2030539890253757
2025-01-01 13:22:00,0.1718292228497717,0.07834944355840907,0.0,0.0028638203808295285,0.0013058240593068178,0.0,0.045378890945663865,0.0,0.12645033190410782,0.0,0.0,0.0,0.07834944355840907,0.0,1,0,0,Off,0,0,Off,0,0,Off,0.039543288163284056,0.029657466122463033,On,0.0,0,Off,0.0021723154239766088,0.0,On,0.04320657552168725,0,On,0.02198440715956236,0,On,0.0649226365812614,0.04869197743594604,On,0,0,Off,Off,0.0,23.888888888888914,0.0,0.0,0.0,0.0,0,0.0,1667.2815511111112,Off,0.0,0.0,29.3569518904752,51.666666666666686,46.10666666666668,0.0,51.15410232019644,0.0,0.0,0.0,29.3569518904752,49.390862231820776,51.15410232019644,48.50924218763296,12.43753247303448,24.210765753733707,0.0,3.9,-42.930332348009586,-473.98088967770724,-0.0,-73.51396822460973,233.2842525113056,1149.3164653269253,1.0,0.01801539070919357,0.0,0.002794169319885715,0.3872332607394444,65.99961422222222,271.2802730430018,0.18592666930358556,11.814967409770485,0.0034159696899988584,27.992560438102462,1.2030633031324298
2025-01-01 13:23:00,0.1718292228497717,0.07834944355840907,0.0,0.0028638203808295285,0.0013058240593068178,0.0,0.045378890945663865,0.0,0.12645033190410782,0.0,0.0,0.0,0.07834944355840907,0.0,1,0,0,Off,0,0,Off,0,0,Off,0.039543288163284056,0.029657466122463033,On,0.0,0,Off,0.0021723154239766088,0.0,On,0.04320657552168725,0,On,0.02198440715956236,0,On,0.0649226365812614,0.04869197743594604,On,0,0,Off,Off,0.0,23.888888888888914,0.0,0.0,0.0,0.0,0,0.0,1667.2815511111112,Off,0.0,0.0,29.354599891051976,51.666666666666686,46.10666666666668,0.0,51.149344962936134,0.0,0.0,0.0,29.354599891051976,49.38674222957259,51.149344962936134,48.50544086289082,12.43753247303448,24.208648460631746,0.0,3.9,-41.88360894284989,-473.9033655126346,-0.0,-73.40323754116326,233.2842525113056,1153.0317314485717,1.0,0.018014322018188794,0.0,0.002790251461526846,0.38714046887997094,65.99961422222222,272.1387415996424,0.18596089373432798,11.81499838330791,0.00341616573096404,27.98556756679338,1.2030717272502167
2025-01-01 13:24:00,0.1718292228497717,0.07834944355840907,0.0,0.0028638203808295285,0.0013058240593068178,0.0,0.045378890945663865,0.0,0.12645033190410782,0.0,0.0,0.0,0.07834944355840907,0.0,1,0,0,Off,0,0,Off,0,0,Off,0.039543288163284056,0.029657466122463033,On,0.0,0,Off,0.0021723154239766088,0.0,On,0.04320657552168725,0,On,0.02198440715956236,0,On,0.0649226365812614,0.04869197743594604,On,0,0,Off,Off,0.0,23.888888888888914,0.0,0.0,0.0,0.0,0,0.0,1667.2815511111112,Off,0.0,0.0,29.35199920408998,51.666666666666686,46.10666666666668,0.0,51.144588097670976,0.0,0.0,0.0,29.35199920408998,49.382622557407814,51.144588097670976,48.50163978727623,12.43753247303448,24.206745248271346,0.0,3.9,-40.85335624989415,-473.83368419120325,-0.0,-73.30370818197048,233.2842525113056,1156.800099437409,1.0,0.018013361357572793,0.0,0.0027867292435863797,0.3870570495439305,65.99961422222222,272.99978361197395,0.18599273340553973,11.814368373706476,0.0034163617215835092,27.97798815307412,1.2030792853720422
2025-01-01 13:25:00,0.1718292228497717,0.07834944355840907,0.0,0.0028638203808295285,0.0013058240593068178,0.0,0.045378890945663865,0.0,0.12645033190410782,0.0,0.0,0.0,0.07834944355840907,0.0,1,0,0,Off,0,0,Off,0,0,Off,0.039543288163284056,0.029657466122463033,On,0.0,0,Off,0.0021723154239766088,0.0,On,0.04320657552168725,0,On,0.02198440715956236,0,On,0.0649226365812614,0.04869197743594604,On,0,0,Off,Off,0.0,23.888888888888914,0.0,0.0,0.0,0.0,0,0.0,1667.2815511111112,Off,0.0,0.0,29.349156440317905,51.666666666666686,46.10666666666668,0.0,51.13983176132761,0.0,0.0,0.0,29.349156440317905,49.37850325022765,51.13983176132761,48.497838994677686,12.43753247303448,24.2050504696794,0.0,3.9,-39.83875898906132,-473.77163759735225,-0.0,-73.21508316982045,233.2842525113056,1160.6207929503603,1.0,0.01801250588506546,0.0,0.0027835923719704706,0.3869827582840155,65.99961422222222,273.8637092668057,0.18602224977514425,11.813844260170058,0.0034165576578913206,27.969837072977814,1.203086000315242
2025-01-01 13:26:00,0.1718292228497717,0.07834944355840907,0.0,0.0028638203808295285,0.0013058240593068178,0.0,0.045378890945663865,0.0,0.12645033190410782,0.0,0.0,0.0,0.07834944355840907,0.0,1,0,0,Off,0,0,Off,0,0,Off,0.039543288163284056,0.029657466122463033,On,0.0,0,Off,0.0021723154239766088,0.0,On,0.04320657552168725,0,On,0.02198440715956236,0,On,0.0649226365812614,0.04869197743594604,On,0,0,Off,Off,0.0,23.888888888888914,0.0,0.0,0.0,0.0,0,0.0,1667.2815511111112,Off,0.0,0.0,29.34607788916957,51.666666666666686,46.10666666666668,0.0,51.13507598984968,0.0,0.0,0.0,29.34607788916957,49.374384342005584,51.13507598984968,48.49403851808354,12.43753247303448,24.203558753189125,0.0,3.9,-38.8390574912566,-473.71702788684223,-0.0,-73.13708015909576,233.2842525113056,1164.4930061094121,1.0,0.01801175289621492,0.0,0.0027808310401098114,0.3869173622897523,65.99961422222222,274.73079804337584,0.18604950137746637,11.813423304071199,0.00341675353602195,27.961128487970743,1.203091893787833
2025-01-01 13:27:00,0.1718292228497717,0.07834944355840907,0.0,0.0028638203808295285,0.0013058240593068178,0.0,0.045378890945663865,0.0,0.12645033190410782,0.0,0.0,0.0,0.07834944355840907,0.0,1,0,0,Off,0,0,Off,0,0,Off,0.039543288163284056,0.029657466122463033,On,0.0,0,Off,0.0021723154239766088,0.0,On,0.04320657552168725,0,On,0.02198440715956236,0,On,0.0649226365812614,0.04869197743594604,On,0,0,Off,Off,0.0,23.888888888888914,0.0,0.0,0.0,0.0,0,0.0,1667.2815511111112,Off,0.0,0.0,29.3427695368418,51.666666666666686,46.10666666666668,0.0,51.13032081824556,0.0,0.0,0.0,29.3427695368418,49.37026586583237,51.13032081824556,48.49023838962579,12.43753247303448,24.202264986863895,0.0,3.9,-37.853544574983005,-473.6696669019362,-0.0,-73.06943060287676,233.2842525113056,1168.4159043054824,1.0,0.018011099816624014,0.0,0.0027784359018386516,0.38686063973816914,65.99961422222222,275.6013004185243,0.18607454398594905,11.8131028990449,0.0034169493522054587,27.951875884735433,1.2030969864511722
2025-01-01 13:28:00,0.1718292228497717,0.07834944355840907,0.0,0.0028638203808295285,0.0013058240593068178,0.0,0.045378890945663865,0.0,0.12645033190410782,0.0,0.0,0.0,0.07834944355840907,0.0,1,0,0,Off,0,0,Off,0,0,Off,0.039543288163284056,0.029657466122463033,On,0.0,0,Off,0.0021723154239766088,0.0,On,0.04320657552168725,0,On,0.02198440715956236,0,On,0.0649226365812614,0.04869197743594604,On,0,0,Off,Off,0.0,23.888888888888914,0.0,0.0,0.0,0.0,0,0.0,1667.2815511111112,Off,0.0,0.0,29.33923708325529,51.666666666666686,46.10666666666668,0.0,51.12556628063345,0.0,0.0,0.0,29.33923708325529,49.366147853958694,51.12556628063345,48.48643864062132,12.43753247303448,24.20116430384805,0.0,3.9,-36.881562623309776,-473.6293756213795,-0.0,-73.01187897018575,233.2842525113056,1172.3886249586276,1.0,0.018010544194636574,0.0,0.0027763980458365574,0.3868123791821007,65.99961422222222,276.4754394569499,0.1860974307665071,11.812880563530408,0.003417145102762922,27.942092112663563,1.2031012979789037
2025-01-01 13:29:00,0.1718292228497717,0.07834944355840907,0.0,0.0028638203808295285,0.0013058240593068178,0.0,0.045378890945663865,0.0,0.12645033190410782,0.0,0.0,0.0,0.07834944355840907,0.0,1,0,0,Off,0,0,Off,0,0,Off,0.039543288163284056,0.029657466122463033,On,0.0,0,Off,0.0021723154239766088,0.0,On,0.04320657552168725,0,On,0.02198440715956236,0,On,0.0649226365812614,0.04869197743594604,On,0,0,Off,Off,0.0,23.888888888888914,0.0,0.0,0.0,0.0,0,0.0,1667.2815511111112,Off,0.0,0.0,29.335485958559858,51.666666666666686,46.10666666666668,0.0,51.12081241028397,0.0,0.0,0.0,29.335485958559858,49.36203033783528,51.12081241028397,48.482639301610945,12.43753247303448,24.200252068582476,0.0,3.9,-35.92250036993147,-473.59598364327934,-0.0,-72.96418200995927,233.2842525113056,1176.41028104882,1.0,0.018010083694452988,0.0,0.0027747089715322915,0.3867723789736883,65.99961422222222,277.35341277200155,0.18611821242210194,11.811984643385939,0.003417340784102119,27.9317894192066,1.2031048471124302
2025-01-01 13:30:00,0.1718292228497717,0.07834944355840907,0.0,0.0028638203808295285,0.0013058240593068178,0.0,0.045378890945663865,0.0,0.12645033190410782,0.0,0.0,0.0,0.07834944355840907,0.0,1,0,0,Off,0,0,Off,0,0,Off,0.039543288163284056,0.029657466122463033,On,0.0,0,Off,0.0021723154239766088,0.0,On,0.04320657552168725,0,On,0.02198440715956236,0,On,0.0649226365812614,0.04869197743594604,On,0,0,Off,Off,0.0,23.888888888888914,0.0,0.0,0.0,0.0,0,0.0,1667.2815511111112,Off,0.0,0.0,29.3315213377157,51.666666666666686,46.10666666666668,0.0,51.11605923966022,0.0,0.0,0.0,29.3315213377157,49.357913348150795,51.11605923966022,48.47884040239609,12.43753247303448,24.19952386384571,0.0,5.0,19.802040307436755,-415.14884141518127,-0.0,-63.075730844964916,233.2842525113056,1108.5663642964512,1.0,0.016776058010443025,0.0,0.002548874076341158,0.3596066642003315,65.99961422222222,264.74236005627733,0.1861369373288976,11.811951509921705,0.0034175363927134526,31.884538971316584,1.2031076517130763
2025-01-01 13:31:00,0.1718292228497717,0.07834944355840907,0.0,0.0028638203808295285,0.0013058240593068178,0.0,0.045378890945663865,0.0,0.12645033190410782,0.0,0.0,0.0,0.07834944355840907,0.0,1,0,0,Off,0,0,Off,0,0,Off,0.039543288163284056,0.029657466122463033,On,0.0,0,Off,0.0021723154239766088,0.0,On,0.04320657552168725,0,On,0.02198440715956236,0,On,0.0649226365812614,0.04869197743594604,On,0,0,Off,Off,0.0,23.888888888888914,0.0,0.0,0.0,0.0,0,0.0,1667.2815511111112,Off,0.0,0.0,29.32478412288122,51.666666666666686,46.10666666666668,0.0,51.11130680045575,0.0,0.0,0.0,29.32478412288122,49.35379691486763,51.11130680045575,48.47504197207357,12.43753247303448,24.201179253315654,0.0,5.0,19.222058891613813,-415.20646971593555,-0.0,-63.151051847382114,233.2842525113056,1112.3399755751507,1.0,0.016776940241782043,0.0,0.002551697770446727,0.3596756256580442,65.99961422222222,264.2953279436258,0.1859496660084738,11.80434052655443,0.003417759682233454,31.866998199552494,1.2019315978586826
2025-01-01 13:32:00,0.1718292228497717,0.07834944355840907,0.0,0.0028638203808295285,0.0013058240593068178,0.0,0.045378890945663865,0.0,0.12645033190410782,0.0,0.0,0.0,0.07834944355840907,0.0,1,0,0,Off,0,0,Off,0,0,Off,0.039543288163284056,0.029657466122463033,On,0.0,0,Off,0.0021723154239766088,0.0,On,0.04320657552168725,0,On,0.02198440715956236,0,On,0.0649226365812614,0.04869197743594604,On,0,0,Off,Off,0.0,23.888888888888914,0.0,0.0,0.0,0.0,0,0.0,1667.2815511111112,Off,0.0,0.0,29.318035003867916,51.666666666666686,46.10666666666668,0.0,51.10655550472649,0.0,0.0,0.0,29.318035003867916,49.349681427096115,51.10655550472649,48.47124438828094,12.43753247303448,24.202845825736034,0.0,5.0,19.284573185638124,-415.2644905371033,-0.0,-63.2268860392308,233.2842525113056,1116.154080861657,1.0,0.016777828409203683,0.0,0.0025545402243337453,0.359745046667038,65.99961422222222,264.49169725066656,0.1859431658931009,11.805572978185811,0.003417983067276152,31.849419920524667,1.2019246996368376
2025-01-01 13:33:00,0.1718292228497717,0.07834944355840907,0.0,0.0028638203808295285,0.0013058240593068178,0.0,0.045378890945663865,0.0,0.12645033190410782,0.0,0.0,0.0,0.07834944355840907,0.0,1,0,0,Off,0,0,Off,0,0,Off,0.039543288163284056,0.029657466122463033,On,0.0,0,Off,0.0021723154239766088,0.0,On,0.04320657552168725,0,On,0.02198440715956236,0,On,0.0649226365812614,0.04869197743594604,On,0,0,Off,Off,0.0,23.888888888888914,0.0,0.0,0.0,0.0,0,0.0,1667.2815511111112,Off,0.0,0.0,29.311241012410598,51.666666666666686,46.10666666666668,0.0,51.10180535419754,0.0,0.0,0.0,29.311241012410598,49.345566886506916,51.10180535419754,48.46744765266161,12.43753247303448,24.204551918834444,0.0,5.0,19.791761892485567,-415.32389058929067,-0.0,-63.304523075196514,233.2842525113056,1120.007747718402,1.0,0.016778737613655698,0.0,0.002557449755489032,0.3598161073448731,65.99961422222222,265.1359230456672,0.18593621812036984,11.80682529036866,0.003418206330377926,31.831749209862327,1.2019176418367299
2025-01-01 13:34:00,0.1718292228497717,0.07834944355840907,0.0,0.0028638203808295285,0.0013058240593068178,0.0,0.045378890945663865,0.0,0.12645033190410782,0.0,0.0,0.0,0.07834944355840907,0.0,1,0,0,Off,0,0,Off,0,0,Off,0.039543288163284056,0.029657466122463033,On,0.0,0,Off,0.0021723154239766088,0.0,On,0.04320657552168725,0,On,0.02198440715956236,0,On,0.0649226365812614,0.04869197743594604,On,0,0,Off,Off,0.0,23.888888888888914,0.0,0.0,0.0,0.0,0,0.0,1667.2815511111112,Off,0.0,0.0,29.304379087409416,51.666666666666686,46.10666666666668,0.0,51.09705635549411,0.0,0.0,0.0,29.304379087409416,49.3414532993975,51.09705635549411,48.4636517713492,12.43753247303448,24.206317359856463,0.0,5.0,20.40628128174825,-415.38536048094267,-0.0,-63.384865608660405,233.2842525113056,1123.9000214913858,1.0,0.016779678419214013,0.0,0.0025604601479623282,0.35988963294058346,65.99961422222222,265.89225486004574,0.18592860162669383,11.807337826422469,0.0034184294709190565,31.81393827823816,1.201910344322897
2025-01-01 13:35:00,0.1718292228497717,0.07834944355840907,0.0,0.0028638203808295285,0.0013058240593068178,0.0,0.045378890945663865,0.0,0.12645033190410782,0.0,0.0,0.0,0.07834944355840907,0.0,1,0,0,Off,0,0,Off,0,0,Off,0.039543288163284056,0.029657466122463033,On,0.0,0,Off,0.0021723154239766088,0.0,On,0.04320657552168725,0,On,0.02198440715956236,0,On,0.0649226365812614,0.04869197743594604,On,0,0,Off,Off,0.0,23.888888888888914,0.0,0.0,0.0,0.0,0,0.0,1667.2815511111112,Off,0.0,0.0,29.297441540081554,51.666666666666686,46.10666666666668,0.0,51.09230851866896,0.0,0.0,0.0,29.297441540081554,49.33734067530176,51.09230851866896,48.459856753618176,12.43753247303448,24.208148766802843,0.0,5.0,20.985705976703684,-415.44913102607126,-0.0,-63.468215337799435,233.2842525113056,1127.8299259306239,1.0,0.01678065434976405,0.0,0.002563582648854234,0.35996589831904235,65.99961422222222,266.61879982926877,0.1859202426768811,11.808653350746884,0.003418652487959629,31.795971028875492,1.2019027803551179
2025-01-01 13:36:00,0.1718292228497717,0.07834944355840907,0.0,0.0028638203808295285,0.0013058240593068178,0.0,0.045378890945663865,0.0,0.12645033190410782,0.0,0.0,0.0,0.07834944355840907,0.0,1,0,0,Off,0,0,Off,0,0,Off,0.039543288163284056,0.029657466122463033,On,0.0,0,Off,0.0021723154239766088,0.0,On,0.04320657552168725,0,On,0.02198440715956236,0,On,0.0649226365812614,0.04869197743594604,On,0,0,Off,Off,0.0,23.888888888888914,0.0,0.0,0.0,0.0,0,0.0,1667.2815511111112,Off,0.0,0.0,29.290427120705107,51.666666666666686,46.10666666666668,0.0,51.0875618549175,0.0,0.0,0.0,29.290427120705107,49.33322902483268,51.0875618549175,48.45606260979027,12.43753247303448,24.210047224508234,0.0,5.0,21.5347560716894,-415.51524042330914,-0.0,-63.554622210155976,233.2842525113056,1131.7964637965524,1.0,0.016781665980258847,0.0,0.0025668190662412765,0.3600449478246909,65.99961422222222,267.32036619384894,0.18591112925087366,11.809232943840135,0.0034188753804517574,31.777844657006188,1.2018949455593322
2025-01-01 13:37:00,0.1718292228497717,0.07834944355840907,0.0,0.0028638203808295285,0.0013058240593068178,0.0,0.045378890945663865,0.0,0.12645033190410782,0.0,0.0,0.0,0.07834944355840907,0.0,1,0,0,Off,0,0,Off,0,0,Off,0.039543288163284056,0.029657466122463033,On,0.0,0,Off,0.0021723154239766088,0.0,On,0.04320657552168725,0,On,0.02198440715956236,0,On,0.0649226365812614,0.04869197743594604,On,0,0,Off,Off,0.0,23.888888888888914,0.0,0.0,0.0,0.0,0,0.0,1667.2815511111112,Off,0.0,0.0,29.28333457528841,51.666666666666686,46.10666666666668,0.0,51.0828163756208,0.0,0.0,0.0,29.28333457528841,49.32911835877859,51.0828163756208,48.45226935035748,12.43753247303448,24.212013821532604,0.0,5.0,22.08316437740706,-415.583727026049,-0.0,-63.64413637677047,233.2842525113056,1135.7986174919274,1.0,0.0167827138874516,0.0,0.0025701712121137476,0.3601268259082972,65.99961422222222,268.02677526892097,0.18590124929936813,11.810616686540854,0.0034190981473286013,31.75955634658912,1.2018868355470242
2025-01-01 13:38:00,0.1718292228497717,0.07834944355840907,0.0,0.0028638203808295285,0.0013058240593068178,0.0,0.045378890945663865,0.0,0.12645033190410782,0.0,0.0,0.0,0.07834944355840907,0.0,1,0,0,Off,0,0,Off,0,0,Off,0.039543288163284056,0.029657466122463033,On,0.0,0,Off,0.0021723154239766088,0.0,On,0.04320657552168725,0,On,0.02198440715956236,0,On,0.0649226365812614,0.04869197743594604,On,0,0,Off,Off,0.0,23.888888888888914,0.0,0.0,0.0,0.0,0,0.0,1667.2815511111112,Off,0.0,0.0,29.276161619478664,51.666666666666686,46.10666666666668,0.0,51.078072092346154,0.0,0.0,0.0,29.276161619478664,49.32500868810382,51.078072092346154,48.44847698598266,12.43753247303448,24.21405053219331,0.0,5.0,22.64169033956506,-415.6546600631314,-0.0,-63.736848345291634,233.2842525113056,1139.8353496059515,1.0,0.016783799119859662,0.0,0.0025736424054474856,0.360211613842057,65.99961422222222,268.7489462366825,0.18589058091121052,11.811265974902595,0.0034193207875042866,31.74110114503122,1.2018784423502697
2025-01-01 13:39:00,0.1718292228497717,0.07834944355840907,0.0,0.0028638203808295285,0.0013058240593068178,0.0,0.045378890945663865,0.0,0.12645033190410782,0.0,0.0,0.0,0.07834944355840907,0.0,1,0,0,Off,0,0,Off,0,0,Off,0.039543288163284056,0.029657466122463033,On,0.0,0,Off,0.0021723154239766088,0.0,On,0.04320657552168725,0,On,0.02198440715956236,0,On,0.0649226365812614,0.04869197743594604,On,0,0,Off,Off,0.0,23.888888888888914,0.0,0.0,0.0,0.0,0,0.0,1667.2815511111112,Off,0.0,0.0,29.268905770151612,51.666666666666686,46.10666666666668,0.0,51.073329017000255,0.0,0.0,0.0,29.268905770151612,49.320900024093305,51.073329017000255,48.44468552763984,12.43753247303448,24.21615950212851,0.0,5.0,23.208794371357158,-415.7281147660876,-0.0,-63.83285647085767,233.2842525113056,1143.9056035197268,1.0,0.016784922817019828,0.0,0.002577236253689742,0.36029939995989485,65.99961422222222,269.4855130969968,0.18587910028115967,11.812721571692903,0.003419543299859587,31.722473680933412,1.201869757309574
2025-01-01 13:40:00,0.1718292228497717,0.07834944355840907,0.0,0.0028638203808295285,0.0013058240593068178,0.0,0.045378890945663865,0.0,0.12645033190410782,0.0,0.0,0.0,0.07834944355840907,0.0,1,0,0,Off,0,0,Off,0,0,Off,0.039543288163284056,0.029657466122463033,On,0.0,0,Off,0.0021723154239766088,0.0,On,0.04320657552168725,0,On,0.02198440715956236,0,On,0.0649226365812614,0.04869197743594604,On,0,0,Off,Off,0.0,23.888888888888914,0.0,0.0,0.0,0.0,0,0.0,1667.2815511111112,Off,0.0,0.0,29.26156485008651,51.666666666666686,46.10666666666668,0.0,51.068587161858716,0.0,0.0,0.0,29.26156485008651,49.31679237838046,51.068587161858716,48.44089498664134,12.43753247303448,24.218342614235475,0.0,5.0,23.781504778730664,-415.8041572530814,-0.0,-63.93224719893132,233.2842525113056,1148.0083067211792,1.0,0.016786085978196443,0.0,0.0025809559128755367,0.3603902615854121,65.99961422222222,270.2336567194379,0.18586678654989483,11.814214613254133,0.003419765683239109,31.703669210432878,1.2018607728282884
2025-01-01 13:41:00,0.1718292228497717,0.07834944355840907,0.0,0.0028638203808295285,0.0013058240593068178,0.0,0.045378890945663865,0.0,0.12645033190410782,0.0,0.0,0.0,0.07834944355840907,0.0,1,0,0,Off,0,0,Off,0,0,Off,0.039543288163284056,0.029657466122463033,On,0.0,0,Off,0.0021723154239766088,0.0,On,0.04320657552168725,0,On,0.02198440715956236,0,On,0.0649226365812614,0.04869197743594604,On,0,0,Off,Off,0.0,23.888888888888914,0.0,0.0,0.0,0.0,0,0.0,1667.2815511111112,Off,0.0,0.0,29.25413702165158,51.666666666666686,46.10666666666668,0.0,51.063846539520625,0.0,0.0,0.0,29.25413702165158,49.312685762904245,51.063846539520625,48.43710537459606,12.43753247303448,24.220601459970954,0.0,5.0,24.358393331076854,-415.8828435275052,-0.0,-64.03509375633168,233.2842525113056,1152.1423603175915,1.0,0.01678728944710324,0.0,0.002584804038901974,0.36048426384087534,65.99961422222222,270.99207810360815,0.18585362212399023,11.814975920836494,0.0034199879364554893,31.684683688119247,1.2018514824885655
2025-01-01 13:42:00,0.1718292228497717,0.07834944355840907,0.0,0.0028638203808295285,0.0013058240593068178,0.0,0.045378890945663865,0.0,0.12645033190410782,0.0,0.0,0.0,0.07834944355840907,0.0,1,0,0,Off,0,0,Off,0,0,Off,0.039543288163284056,0.029657466122463033,On,0.0,0,Off,0.0021723154239766088,0.0,On,0.04320657552168725,0,On,0.02198440715956236,0,On,0.0649226365812614,0.04869197743594604,On,0,0,Off,Off,0.0,23.888888888888914,0.0,0.0,0.0,0.0,0,0.0,1667.2815511111112,Off,0.0,0.0,29.246620698303676,51.666666666666686,46.10666666666668,0.0,51.059107162858055,0.0,0.0,0.0,29.246620698303676,49.308580189861516,51.059107162858055,48.43331670336325,12.43753247303448,24.222937415140024,0.0,5.0,24.938897581287847,-415.96422211605176,-0.0,-64.1414595992125,233.2842525113056,1156.3066561046817,1.0,0.016788533952297124,0.0,0.002588782916841441,0.36058146280519715,65.99961422222222,271.76032678524643,0.1858395918311171,11.81654611576254,0.003420210058294067,31.665513585788794,1.201841880744993
2025-01-01 13:43:00,0.1718292228497717,0.07834944355840907,0.0,0.0028638203808295285,0.0013058240593068178,0.0,0.045378890945663865,0.0,0.12645033190410782,0.0,0.0,0.0,0.07834944355840907,0.0,1,0,0,Off,0,0,Off,0,0,Off,0.039543288163284056,0.029657466122463033,On,0.0,0,Off,0.0021723154239766088,0.0,On,0.04320657552168725,0,On,0.02198440715956236,0,On,0.0649226365812614,0.04869197743594604,On,0,0,Off,Off,0.0,23.888888888888914,0.0,0.0,0.0,0.0,0,0.0,1667.2815511111112,Off,0.0,0.0,29.239014489655226,51.666666666666686,46.10666666666668,0.0,51.05436904497873,0.0,0.0,0.0,29.239014489655226,49.3044756716718,51.05436904497873,48.429528985018344,12.43753247303448,24.225351687154358,0.0,5.0,25.52258288394256,-416.0483357136521,-0.0,-64.25140056300354,233.2842525113056,1160.500066051775,1.0,0.016789820132366125,0.0,0.0025928945415801567,0.3606819074832012,65.99961422222222,272.53806664929255,0.18582468239333044,11.817385785869172,0.003420432047516342,31.646155779590586,1.2018319627335636
2025-01-01 13:44:00,0.1718292228497717,0.07834944355840907,0.0,0.0028638203808295285,0.0013058240593068178,0.0,0.045378890945663865,0.0,0.12645033190410782,0.0,0.0,0.0,0.07834944355840907,0.0,1,0,0,Off,0,0,Off,0,0,Off,0.039543288163284056,0.029657466122463033,On,0.0,0,Off,0.0021723154239766088,0.0,On,0.04320657552168725,0,On,0.02198440715956236,0,On,0.0649226365812614,0.04869197743594604,On,0,0,Off,Off,0.0,23.888888888888914,0.0,0.0,0.0,0.0,0,0.0,1667.2815511111112,Off,0.0,0.0,29.2313171802605,51.666666666666686,46.10666666666668,0.0,51.049632199196864,0.0,0.0,0.0,29.2313171802605,49.30037222094974,51.049632199196864,48.42574223182619,12.43753247303448,24.227845333405643,0.0,5.0,26.108952944282862,-416.135221822487,-0.0,-64.36496569757267,233.2842525113056,1164.7214455700928,1.0,0.016791148545726057,0.0,0.002597140649222745,0.36078564057231266,65.99961422222222,273.32488795303703,0.18580888222233294,11.819035580588565,0.003420653902862681,31.62660750665562,1.2018217241973896
2025-01-01 13:45:00,0.1718292228497717,0.07834944355840907,0.0,0.0028638203808295285,0.0013058240593068178,0.0,0.045378890945663865,0.0,0.12645033190410782,0.0,0.0,0.0,0.07834944355840907,0.0,1,0,0,Off,0,0,Off,0,0,Off,0.039543288163284056,0.029657466122463033,On,0.0,0,Off,0.0021723154239766088,0.0,On,0.04320657552168725,0,On,0.02198440715956236,0,On,0.0649226365812614,0.04869197743594604,On,0,0,Off,Off,0.0,23.888888888888914,0.0,0.0,0.0,0.0,0,0.0,1667.2815511111112,Off,0.0,0.0,29.19693842922993,51.666666666666686,46.10666666666668,0.0,51.04489663900719,0.12411313496975852,334.06002701918453,0.0,29.19693842922993,49.29626985048058,51.04489663900719,48.42195645621727,12.43753247303448,24.230419271434283,0.0,5.0,26.69748231721337,-416.2249131051988,-0.0,-64.4821977288368,233.2842525113056,1168.9696339849634,1.0,0.016792519676045784,0.0,0.0026015227345185113,0.36089269888778935,65.99961422222222,274.1203406399434,0.1857921813061143,11.819955740415457,0.0034208756230547283,31.606866341424375,1.201811161445577
2025-01-01 13:46:00,0.1718292228497717,0.07834944355840907,0.0,0.0028638203808295285,0.0013058240593068178,0.0,0.045378890945663865,0.0,0.12645033190410782,0.0,0.0,0.0,0.07834944355840907,0.0,1,0,0,Off,0,0,Off,0,0,Off,0.039543288163284056,0.029657466122463033,On,0.0,0,Off,0.0021723154239766088,0.0,On,0.04320657552168725,0,On,0.02198440715956236,0,On,0.0649226365812614,0.04869197743594604,On,0,0,Off,Off,0.0,23.888888888888914,0.0,0.0,0.0,0.0,0,0.0,1667.2815511111112,Off,0.0,0.0,29.135882929893228,51.666666666666686,46.10666666666668,0.0,51.03312949884328,0.12415097495068678,334.0600270191845,0.0,29.135882929893228,49.24528977871076,51.03312949884328,48.351369918644515,12.43753247303448,24.233074289160953,0.0,5.0,27.28766244379773,-416.31743774028695,-0.0,-64.60313352322451,233.2842525113056,1173.2434549900813,1.0,0.01679393393770608,0.0,0.0026060420683955607,0.3610031137905852,65.99961422222222,274.9239811960035,0.18577457109483408,11.82168698718742,0.0034210972067976646,31.58693017173322,1.2018002713118523
2025-01-01 13:47:00,0.1718292228497717,0.07834944355840907,0.0,0.0028638203808295285,0.0013058240593068178,0.0,0.045378890945663865,0.0,0.12645033190410782,0.0,0.0,0.0,0.07834944355840907,0.0,1,0,0,Off,0,0,Off,0,0,Off,0.039543288163284056,0.029657466122463033,On,0.0,0,Off,0.0021723154239766088,0.0,On,0.04320657552168725,0,On,0.02198440715956236,0,On,0.0649226365812614,0.04869197743594604,On,0,0,Off,Off,0.0,23.888888888888914,0.0,0.0,0.0,0.0,0,0.0,1667.2815511111112,Off,0.0,0.0,29.074742003673464,51.666666666666686,46.10666666666668,0.0,51.021362671522866,0.12418883700524153,334.06002701918453,0.0,29.074742003673464,49.194318275568776,51.021362671522866,48.28079607759173,12.43753247303448,24.23581105575949,0.0,5.0,27.879017815243287,-416.41281979986223,-0.0,-64.72780458136631,233.2842525113056,1177.541717121701,1.0,0.016795391681599943,0.0,0.0026106997165855897,0.361116911641863,65.99961422222222,275.7353896851662,0.1857560443795231,11.822689215609529,0.0034213186527823005,31.566797173260966,1.2017890511105873
2025-01-01 13:48:00,0.1718292228497717,0.07834944355840907,0.0,0.0028638203808295285,0.0013058240593068178,0.0,0.045378890945663865,0.0,0.12645033190410782,0.0,0.0,0.0,0.07834944355840907,0.0,1,0,0,Off,0,0,Off,0,0,Off,0.039543288163284056,0.029657466122463033,On,0.0,0,Off,0.0021723154239766088,0.0,On,0.04320657552168725,0,On,0.02198440715956236,0,On,0.0649226365812614,0.04869197743594604,On,0,0,Off,Off,0.0,23.888888888888914,0.0,0.0,0.0,0.0,0,0.0,1667.2815511111112,Off,0.0,0.0,29.013515011896573,51.666666666666686,46.10666666666668,0.0,51.00959617158781,0.12422672110586877,334.06002701918453,0.0,29.013515011896573,49.14335535304354,51.00959617158781,48.21023494377141,12.43753247303448,24.238630132149492,0.0,5.0,28.471102831434507,-416.5110796141845,-0.0,-64.85623751450814,233.2842525113056,1181.8632141332066,1.0,0.016796893200730176,0.0,0.0026154965575981366,0.36123411424162927,65.99961422222222,276.5541674488216,0.18573659517495594,11.824503261374353,0.003421539959687004,31.546465784807,1.201777498594371
2025-01-01 13:49:00,0.1718292228497717,0.07834944355840907,0.0,0.0028638203808295285,0.0013058240593068178,0.0,0.045378890945663865,0.0,0.12645033190410782,0.0,0.0,0.0,0.07834944355840907,0.0,1,0,0,Off,0,0,Off,0,0,Off,0.039543288163284056,0.029657466122463033,On,0.0,0,Off,0.0021723154239766088,0.0,On,0.04320657552168725,0,On,0.02198440715956236,0,On,0.0649226365812614,0.04869197743594604,On,0,0,Off,Off,0.0,23.888888888888914,0.0,0.0,0.0,0.0,0,0.0,1667.2815511111112,Off,0.0,0.0,28.952201431086962,51.666666666666686,46.10666666666668,0.0,50.9978300136743,0.12426462722461873,334.0600270191846,0.0,28.952201431086962,49.092401023213654,50.9978300136743,48.13968652798333,12.43753247303448,24.241531980479607,0.0,5.0,29.063494507034818,-416.61223410106106,-0.0,-64.98845447499976,233.2842525113056,1186.2067254294482,1.0,0.016798438735269015,0.0,0.0026204332989733545,0.36135473922532446,65.99961422222222,277.37993057179006,0.1857162186137783,11.825588674466024,0.0034217611261794594,31.525934685930554,1.2017656119156583
2025-01-01 13:50:00,0.1718292228497717,0.07834944355840907,0.0,0.0028638203808295285,0.0013058240593068178,0.0,0.045378890945663865,0.0,0.12645033190410782,0.0,0.0,0.0,0.07834944355840907,0.0,1,0,0,Off,0,0,Off,0,0,Off,0.039543288163284056,0.029657466122463033,On,0.0,0,Off,0.0021723154239766088,0.0,On,0.04320657552168725,0,On,0.02198440715956236,0,On,0.0649226365812614,0.04869197743594604,On,0,0,Off,Off,0.0,23.888888888888914,0.0,0.0,0.0,0.0,0,0.0,1667.2815511111112,Off,0.0,0.0,28.890800842893157,51.666666666666686,46.10666666666668,0.0,50.98606421249579,0.12430255533319959,334.06002701918453,0.0,28.890800842893157,49.04145529823115,50.98606421249579,48.06915084109883,12.43753247303448,24.244516972536324,0.0,5.0,29.655788044671795,-416.7162970578292,-0.0,-65.12447353787866,233.2842525113056,1190.5710164397328,1.0,0.016800028477045224,0.0,0.002625510491702964,0.36147880041567243,65.99961422222222,278.212306129074,0.1856949108525449,11.827486443865645,0.003421982150918279,31.505202777118633,1.2017533895927597
2025-01-01 13:51:00,0.1718292228497717,0.07834944355840907,0.0,0.0028638203808295285,0.0013058240593068178,0.0,0.045378890945663865,0.0,0.12645033190410782,0.0,0.0,0.0,0.07834944355840907,0.0,1,0,0,Off,0,0,Off,0,0,Off,0.039543288163284056,0.029657466122463033,On,0.0,0,Off,0.0021723154239766088,0.0,On,0.04320657552168725,0,On,0.02198440715956236,0,On,0.0649226365812614,0.04869197743594604,On,0,0,Off,Off,0.0,23.888888888888914,0.0,0.0,0.0,0.0,0,0.0,1667.2815511111112,Off,0.0,0.0,28.82931292537893,51.666666666666686,46.10666666666668,0.0,50.97429878282731,0.12434050540302714,334.06002701918453,0.0,28.82931292537893,48.990518190306794,50.97429878282731,47.998627894046535,12.43753247303448,24.247585397266803,0.0,5.0,30.24759564369748,-416.823279422487,-0.0,-65.26430904213017,233.2842525113056,1194.9548419135904,1.0,0.016801662573559056,0.0,0.0026307285431409447,0.3616063081376397,65.99961422222222,279.050931597009,0.18567266898762358,11.82865577179569,0.0034222030325544795,31.48426916203498,1.2017408304794164
2025-01-01 13:52:00,0.1718292228497717,0.07834944355840907,0.0,0.0028638203808295285,0.0013058240593068178,0.0,0.045378890945663865,0.0,0.12645033190410782,0.0,0.0,0.0,0.07834944355840907,0.0,1,0,0,Off,0,0,Off,0,0,Off,0.039543288163284056,0.029657466122463033,On,0.0,0,Off,0.0021723154239766088,0.0,On,0.04320657552168725,0,On,0.02198440715956236,0,On,0.0649226365812614,0.04869197743594604,On,0,0,Off,Off,0.0,23.888888888888914,0.0,0.0,0.0,0.0,0,0.0,1667.2815511111112,Off,0.0,0.0,28.76773744515907,51.666666666666686,46.10666666666668,0.0,50.962533739491185,0.12437847740527017,334.06002701918453,0.0,28.76773744515907,48.93958971169651,50.962533739491185,47.92811769779919,12.43753247303448,24.250737467607266,0.0,5.0,30.838543467395198,-416.9331895106452,-0.0,-65.40797190034338,233.2842525113056,1199.3569345161934,1.0,0.016803341131627174,0.0,0.002636087728730199,0.36173726950447715,65.99961422222222,279.8954523670782,0.18564949097878863,11.829867191359,0.003422423769732844,31.463133131393597,1.201727933737176
2025-01-01 13:53:00,0.1718292228497717,0.07834944355840907,0.0,0.0028638203808295285,0.0013058240593068178,0.0,0.045378890945663865,0.0,0.12645033190410782,0.0,0.0,0.0,0.07834944355840907,0.0,1,0,0,Off,0,0,Off,0,0,Off,0.039543288163284056,0.029657466122463033,On,0.0,0,Off,0.0021723154239766088,0.0,On,0.04320657552168725,0,On,0.02198440715956236,0,On,0.0649226365812614,0.04869197743594604,On,0,0,Off,Off,0.0,23.888888888888914,0.0,0.0,0.0,0.0,0,0.0,1667.2815511111112,Off,0.0,0.0,28.706074250243773,51.666666666666686,46.10666666666668,0.0,50.95076909734386,0.12441647131089217,334.06002701918453,0.0,28.706074250243773,48.888669874689015,50.95076909734386,47.8576202633616,12.43753247303448,24.253973326608627,0.0,5.0,31.428273364810025,-417.0460332280021,-0.0,-65.55546987637824,233.2842525113056,1203.776022730912,1.0,0.016805064220653112,0.0,0.0026415882025314437,0.36187168867450364,65.99961422222222,280.74552395788476,0.18562537558064776,11.831891485374019,0.003422644361093172,31.441794148483382,1.201714698810618
2025-01-01 13:54:00,0.1718292228497717,0.07834944355840907,0.0,0.0028638203808295285,0.0013058240593068178,0.0,0.045378890945663865,0.0,0.12645033190410782,0.0,0.0,0.0,0.07834944355840907,0.0,1,0,0,Off,0,0,Off,0,0,Off,0.039543288163284056,0.029657466122463033,On,0.0,0,Off,0.0021723154239766088,0.0,On,0.04320657552168725,0,On,0.02198440715956236,0,On,0.0649226365812614,0.04869197743594604,On,0,0,Off,Off,0.0,23.888888888888914,0.0,0.0,0.0,0.0,0,0.0,1667.2815511111112,Off,0.0,0.0,28.644323263271417,51.666666666666686,46.10666666666668,0.0,50.939004871263776,0.12445448709069011,334.0600270191845,0.0,28.644323263271417,48.83775869159432,50.939004871263776,47.787135601759594,12.43753247303448,24.25729305309066,0.0,5.0,32.016439370667285,-417.1618142664085,-0.0,-65.70680784158077,233.2842525113056,1208.210819430141,1.0,0.01680683187564646,0.0,0.0026472300069478837,0.36200956708825,65.99961422222222,281.60080896735104,0.18560032227928738,11.833187321331316,0.003422864805271436,31.42025183578894,1.2017011254044754
2025-01-01 13:55:00,0.1718292228497717,0.07834944355840907,0.0,0.0028638203808295285,0.0013058240593068178,0.0,0.045378890945663865,0.0,0.12645033190410782,0.0,0.0,0.0,0.07834944355840907,0.0,1,0,0,Off,0,0,Off,0,0,Off,0.039543288163284056,0.029657466122463033,On,0.0,0,Off,0.0021723154239766088,0.0,On,0.04320657552168725,0,On,0.02198440715956236,0,On,0.0649226365812614,0.04869197743594604,On,0,0,Off,Off,0.0,23.888888888888914,0.0,0.0,0.0,0.0,0,0.0,1667.2815511111112,Off,0.0,0.0,28.582484475870785,51.666666666666686,46.10666666666668,0.0,50.92724107614031,0.12449252471532966,334.06002701918453,0.0,28.582484475870785,48.786856174733295,50.92724107614031,47.71666372402979,12.43753247303448,24.260696666685813,0.0,5.0,32.60270690773842,-417.2805342786728,-0.0,-65.86198800321303,233.2842525113056,1212.6600250615506,1.0,0.016808644099916864,0.0,0.0026530130814098303,0.3621509036801966,65.99961422222222,282.4609766783186,0.18557433123570027,11.835296222348045,0.003423085100900846,31.39850596304924,1.2016872134632306
2025-01-01 13:56:00,0.1718292228497717,0.07834944355840907,0.0,0.0028638203808295285,0.0013058240593068178,0.0,0.045378890945663865,0.0,0.12645033190410782,0.0,0.0,0.0,0.07834944355840907,0.0,1,0,0,Off,0,0,Off,0,0,Off,0.039543288163284056,0.029657466122463033,On,0.0,0,Off,0.0021723154239766088,0.0,On,0.04320657552168725,0,On,0.02198440715956236,0,On,0.0649226365812614,0.04869197743594604,On,0,0,Off,Off,0.0,23.888888888888914,0.0,0.0,0.0,0.0,0,0.0,1667.2815511111112,Off,0.0,0.0,28.520557943160952,51.666666666666686,46.10666666666668,0.0,50.91547772686352,0.12453058415537813,334.06002701918453,0.0,28.520557943160952,48.73596233642801,50.91547772686352,47.646204641210254,12.43753247303448,24.26418413241431,0.0,5.0,33.18675163019134,-417.4021930370419,-0.0,-66.02101011154791,233.2842525113056,1217.1223278715122,1.0,0.016810500867518223,0.0,0.002658937270260373,0.36229569507099635,65.99961422222222,283.32570226747555,0.18554740323441915,11.836676487090468,0.003423305246612836,31.376556436415683,1.2016729631525997
2025-01-01 13:57:00,0.1718292228497717,0.07834944355840907,0.0,0.0028638203808295285,0.0013058240593068178,0.0,0.045378890945663865,0.0,0.12645033190410782,0.0,0.0,0.0,0.07834944355840907,0.0,1,0,0,Off,0,0,Off,0,0,Off,0.039543288163284056,0.029657466122463033,On,0.0,0,Off,0.0021723154239766088,0.0,On,0.04320657552168725,0,On,0.02198440715956236,0,On,0.0649226365812614,0.04869197743594604,On,0,0,Off,Off,0.0,23.888888888888914,0.0,0.0,0.0,0.0,0,0.0,1667.2815511111112,Off,0.0,0.0,28.45854377888935,51.666666666666686,46.10666666666668,0.0,50.90371483831468,0.12456866538133479,334.06002701918453,0.0,28.45854377888935,48.685077188992764,50.90371483831468,47.57575836433182,12.43753247303448,24.26775536481959,0.0,5.0,33.76825839917319,-417.52678857637267,-0.0,-66.18387164694997,233.2842525113056,1221.5964041445334,1.0,0.016812402125458693,0.0,0.0026650023298917824,0.3624439357413966,65.99961422222222,284.1946661111903,0.1855195396370394,11.83886990657649,0.003423525241037976,31.354403288643027,1.2016583748428016
2025-01-01 13:58:00,0.1718292228497717,0.07834944355840907,0.0,0.0028638203808295285,0.0013058240593068178,0.0,0.045378890945663865,0.0,0.12645033190410782,0.0,0.0,0.0,0.07834944355840907,0.0,1,0,0,Off,0,0,Off,0,0,Off,0.039543288163284056,0.029657466122463033,On,0.0,0,Off,0.0021723154239766088,0.0,On,0.04320657552168725,0,On,0.02198440715956236,0,On,0.0649226365812614,0.04869197743594604,On,0,0,Off,Off,0.0,23.888888888888914,0.0,0.0,0.0,0.0,0,0.0,1667.2815511111112,Off,0.0,0.0,28.396442151416068,51.666666666666686,46.10666666666668,0.0,50.89195242535759,0.12460676836365894,334.06002701918453,0.0,28.396442151416068,48.63420074472594,50.89195242535759,47.50532490441012,12.43753247303448,24.271410231705936,0.0,5.0,34.346920334583956,-417.6543173234449,-0.0,-66.35056798884614,233.2842525113056,1226.080918327566,1.0,0.016814347795698695,0.0,0.002671207935204038,0.3625956181896019,65.99961422222222,285.06755313556937,0.18549074234016225,11.84033439848828,0.0034237450828068245,31.332046670215313,1.2016434490934258
2025-01-01 13:59:00,0.1718292228497717,0.07834944355840907,0.0,0.0028638203808295285,0.0013058240593068178,0.0,0.045378890945663865,0.0,0.12645033190410782,0.0,0.0,0.0,0.07834944355840907,0.0,1,0,0,Off,0,0,Off,0,0,Off,0.039543288163284056,0.029657466122463033,On,0.0,0,Off,0.0021723154239766088,0.0,On,0.04320657552168725,0,On,0.02198440715956236,0,On,0.0649226365812614,0.04869197743594604,On,0,0,Off,Off,0.0,23.888888888888914,0.0,0.0,0.0,0.0,0,0.0,1667.2815511111112,Off,0.0,0.0,28.334253279258007,51.666666666666686,46.10666666666668,0.0,50.88019050283045,0.12464489307279622,334.06002701918453,0.0,28.334253279258007,48.58333301590224,50.88019050283045,47.43490427243814,12.43753247303448,24.275148557514584,0.0,5.0,34.92243796105953,-417.7847742136804,-0.0,-66.52109256823579,233.2842525113056,1230.5745232090853,1.0,0.016816337776956274,0.0,0.002677553685447349,0.36275073307358924,65.99961422222222,285.9440522316701,0.1854610137373297,11.841840824733524,0.003423964770550711,31.309486841322446,1.2016281866397698
2025-01-01 14:00:00,0.17397822638697827,0.07834944355840907,0.0,0.0028996371064496378,0.0013058240593068178,0.0,0.04641943697902697,0.0,0.1275587894079513,0.0,0.0,0.0,0.07834944355840907,0.0,1,0,0,Off,0,0,Off,0,0,Off,0.039543288163284056,0.029657466122463033,On,0.0,0,Off,0.002327480811403509,0.0,On,0.044091956167623465,0,On,0.023092864663405842,0,On,0.0649226365812614,0.04869197743594604,On,0,0,Off,Off,0.0,23.888888888888914,0.0,0.0,0.0,0.0,0,0.0,1667.2815511111112,Off,0.0,0.0,28.298566716218307,51.666666666666686,46.10666666666668,0.0,50.86842908553843,0.0,0.0,0.0,28.298566716218307,48.53247401476574,50.86842908553843,47.3644964793794,12.43753247303448,24.27897012637189,0.0,5.0,37.64352195838623,-417.91815279644123,-0.0,-66.69543700527034,235.4332560485122,1235.0758600242175,1.0,0.016818371946337812,0.0,0.0026840391095060644,0.36290926933977813,65.99961422222222,286.82385571158557,0.18543035668463337,11.844160384062413,0.0034241843029024764,31.286724164608362,1.2016125883804956
2025-01-01 14:01:00,0.17397822638697827,0.07834944355840907,0.0,0.0028996371064496378,0.0013058240593068178,0.0,0.04641943697902697,0.0,0.1275587894079513,0.0,0.0,0.0,0.07834944355840907,0.0,1,0,0,Off,0,0,Off,0,0,Off,0.039543288163284056,0.029657466122463033,On,0.0,0,Off,0.002327480811403509,0.0,On,0.044091956167623465,0,On,0.023092864663405842,0,On,0.0649226365812614,0.04869197743594604,On,0,0,Off,Off,0.0,23.888888888888914,0.0,0.0,0.0,0.0,0,0.0,1667.2815511111112,Off,0.0,0.0,28.289286901268845,51.666666666666686,46.10666666666668,0.0,50.863701067464085,0.0,0.0,0.0,28.289286901268845,48.52850254800971,50.863701067464085,47.36090328828252,12.43753247303448,24.28295227589075,0.0,5.0,38.203233136958175,-418.05715390258376,-0.0,-66.87713174161911,235.4332560485122,1239.583558526977,1.0,0.016820491457587173,0.0,0.0026907952959703773,0.3630744321477472,65.99961422222222,287.7042627326488,0.18539791220332377,11.84578981139292,0.003424403678497156,31.263570069988358,1.2015963419071192
2025-01-01 14:02:00,0.17397822638697827,0.07834944355840907,0.0,0.0028996371064496378,0.0013058240593068178,0.0,0.04641943697902697,0.0,0.1275587894079513,0.0,0.0,0.0,0.07834944355840907,0.0,1,0,0,Off,0,0,Off,0,0,Off,0.039543288163284056,0.029657466122463033,On,0.0,0,Off,0.002327480811403509,0.0,On,0.044091956167623465,0,On,0.023092864663405842,0,On,0.0649226365812614,0.04869197743594604,On,0,0,Off,Off,0.0,23.888888888888914,0.0,0.0,0.0,0.0,0,0.0,1667.2815511111112,Off,0.0,0.0,28.279915027882193,51.666666666666686,46.10666666666668,0.0,50.858974597710876,0.0,0.0,0.0,28.279915027882193,48.52453238359796,50.858974597710876,47.3573112765415,12.43753247303448,24.287014858824108,0.0,5.0,38.75845883336004,-418.1989815648619,-0.0,-67.06252211958234,235.4332560485122,1244.0962400973365,1.0,0.016822653639875926,0.0,0.002697686105338529,0.36324289411781535,65.99961422222222,288.58670646929215,0.185364571736771,11.847459601949646,0.0034246228947043674,31.24021958374957,1.2015797710509621
2025-01-01 14:03:00,0.17397822638697827,0.07834944355840907,0.0,0.0028996371064496378,0.0013058240593068178,0.0,0.04641943697902697,0.0,0.1275587894079513,0.0,0.0,0.0,0.07834944355840907,0.0,1,0,0,Off,0,0,Off,0,0,Off,0.039543288163284056,0.029657466122463033,On,0.0,0,Off,0.002327480811403509,0.0,On,0.044091956167623465,0,On,0.023092864663405842,0,On,0.0649226365812614,0.04869197743594604,On,0,0,Off,Off,0.0,23.888888888888914,0.0,0.0,0.0,0.0,0,0.0,1667.2815511111112,Off,0.0,0.0,28.270451382098205,51.666666666666686,46.10666666666668,0.0,50.85424968990664,0.0,0.0,0.0,28.270451382098205,48.52056353445012,50.85424968990664,47.35372045672187,12.43753247303448,24.291157642316936,0.0,5.0,39.30995872577151,-418.34362878747675,-0.0,-67.25159904865589,235.4332560485122,1248.612505594278,1.0,0.016824858360929913,0.0,0.002704711033413391,0.3634146434062506,65.99961422222222,289.471930513392,0.18533033837060175,11.849941247897526,0.0034248419502018457,31.216673130729298,1.201562876780373
2025-01-01 14:04:00,0.17397822638697827,0.07834944355840907,0.0,0.0028996371064496378,0.0013058240593068178,0.0,0.04641943697902697,0.0,0.1275587894079513,0.0,0.0,0.0,0.07834944355840907,0.0,1,0,0,Off,0,0,Off,0,0,Off,0.039543288163284056,0.029657466122463033,On,0.0,0,Off,0.002327480811403509,0.0,On,0.044091956167623465,0,On,0.023092864663405842,0,On,0.0649226365812614,0.04869197743594604,On,0,0,Off,Off,0.0,23.888888888888914,0.0,0.0,0.0,0.0,0,0.0,1667.2815511111112,Off,0.0,0.0,28.26089624892726,51.666666666666686,46.10666666666668,0.0,50.84952635763652,0.0,0.0,0.0,28.26089624892726,48.516596013445685,50.84952635763652,47.35013084135027,12.43753247303448,24.295380394262406,0.0,5.0,39.85746317109468,-418.49108861853233,-0.0,-67.44435349647227,235.4332560485122,1253.130953519546,1.0,0.016827105488744817,0.0,0.002711869575650212,0.36358966816787364,65.99961422222222,290.3596492375871,0.1852952151946001,11.851691487052767,0.003425060843669943,31.192931138130895,1.2015456600610925
2025-01-01 14:05:00,0.17397822638697827,0.07834944355840907,0.0,0.0028996371064496378,0.0013058240593068178,0.0,0.04641943697902697,0.0,0.1275587894079513,0.0,0.0,0.0,0.07834944355840907,0.0,1,0,0,Off,0,0,Off,0,0,Off,0.039543288163284056,0.029657466122463033,On,0.0,0,Off,0.002327480811403509,0.0,On,0.044091956167623465,0,On,0.023092864663405842,0,On,0.0649226365812614,0.04869197743594604,On,0,0,Off,Off,0.0,23.888888888888914,0.0,0.0,0.0,0.0,0,0.0,1667.2815511111112,Off,0.0,0.0,28.251249955149078,51.666666666666686,46.10666666666668,0.0,50.84480461444317,0.0,0.0,0.0,28.251249955149078,48.51262983342414,50.84480461444317,47.346542442914625,12.43753247303448,24.299682846678976,0.0,5.0,40.40049562133342,-418.6413528706746,-0.0,-67.64077481643635,235.4332560485122,1257.6501678433206,1.0,0.01682939487210099,0.0,0.002719161165123428,0.3637679550391287,65.99961422222222,291.24936725993217,0.1852592057091984,11.853481690772735,0.003425279573791646,31.168994124862532,1.2015281220041865
2025-01-01 14:06:00,0.17397822638697827,0.07834944355840907,0.0,0.0028996371064496378,0.0013058240593068178,0.0,0.04641943697902697,0.0,0.1275587894079513,0.0,0.0,0.0,0.07834944355840907,0.0,1,0,0,Off,0,0,Off,0,0,Off,0.039543288163284056,0.029657466122463033,On,0.0,0,Off,0.002327480811403509,0.0,On,0.044091956167623465,0,On,0.023092864663405842,0,On,0.0649226365812614,0.04869197743594604,On,0,0,Off,Off,0.0,23.888888888888914,0.0,0.0,0.0,0.0,0,0.0,1667.2815511111112,Off,0.0,0.0,28.24151287535452,51.666666666666686,46.10666666666668,0.0,50.84008447382048,0.0,0.0,0.0,28.24151287535452,48.508665007179104,50.84008447382048,47.34295527385842,12.43753247303448,24.304064690425655,0.0,5.0,40.93870397756885,-418.7944119353476,-0.0,-67.84085050486411,235.4332560485122,1262.1687209137758,1.0,0.016831726337760162,0.0,0.002726585163688982,0.363949488921464,65.99961422222222,292.14071036926845,0.18522231388355379,11.856083636374628,0.0034254981392531888,31.144862714548672,1.2015102638873647
2025-01-01 14:07:00,0.17397822638697827,0.07834944355840907,0.0,0.0028996371064496378,0.0013058240593068178,0.0,0.04641943697902697,0.0,0.1275587894079513,0.0,0.0,0.0,0.07834944355840907,0.0,1,0,0,Off,0,0,Off,0,0,Off,0.039543288163284056,0.029657466122463033,On,0.0,0,Off,0.002327480811403509,0.0,On,0.044091956167623465,0,On,0.023092864663405842,0,On,0.0649226365812614,0.04869197743594604,On,0,0,Off,Off,0.0,23.888888888888914,0.0,0.0,0.0,0.0,0,0.0,1667.2815511111112,Off,0.0,0.0,28.231685424182388,51.666666666666686,46.10666666666668,0.0,50.83536594920655,0.0,0.0,0.0,28.231685424182388,48.504701547451646,50.83536594920655,47.3393693465742,12.43753247303448,24.308525581825265,0.0,5.0,41.47181727200862,-418.9502550128798,-0.0,-68.04456650167995,235.4332560485122,1266.685173343358,1.0,0.016834099693999013,0.0,0.002734140873333544,0.36413425325827636,65.99961422222222,293.03338273805616,0.18518454408136065,11.857953364847877,0.0034257165387447577,31.120537619479546,1.201492087128196
2025-01-01 14:08:00,0.17397822638697827,0.07834944355840907,0.0,0.0028996371064496378,0.0013058240593068178,0.0,0.04641943697902697,0.0,0.1275587894079513,0.0,0.0,0.0,0.07834944355840907,0.0,1,0,0,Off,0,0,Off,0,0,Off,0.039543288163284056,0.029657466122463033,On,0.0,0,Off,0.002327480811403509,0.0,On,0.044091956167623465,0,On,0.023092864663405842,0,On,0.0649226365812614,0.04869197743594604,On,0,0,Off,Off,0.0,23.888888888888914,0.0,0.0,0.0,0.0,0,0.0,1667.2815511111112,Off,0.0,0.0,28.221768051155202,51.666666666666686,46.10666666666668,0.0,50.830649053977645,0.0,0.0,0.0,28.221768051155202,48.50073946692463,50.830649053977645,47.33578467339812,12.43753247303448,24.313065147261735,0.0,5.0,41.999573203064784,-419.10887027192774,-0.0,-68.2519073987799,235.4332560485122,1271.1980737664708,1.0,0.016836514733063777,0.0,0.002741827544078662,0.3643222302276721,65.99961422222222,293.92709482526027,0.1851459010092127,11.859862510473324,0.0034259347709610843,31.09601962947223,1.2014735932655125
2025-01-01 14:09:00,0.17397822638697827,0.07834944355840907,0.0,0.0028996371064496378,0.0013058240593068178,0.0,0.04641943697902697,0.0,0.1275587894079513,0.0,0.0,0.0,0.07834944355840907,0.0,1,0,0,Off,0,0,Off,0,0,Off,0.039543288163284056,0.029657466122463033,On,0.0,0,Off,0.002327480811403509,0.0,On,0.044091956167623465,0,On,0.023092864663405842,0,On,0.0649226365812614,0.04869197743594604,On,0,0,Off,Off,0.0,23.888888888888914,0.0,0.0,0.0,0.0,0,0.0,1667.2815511111112,Off,0.0,0.0,28.211761238586543,51.666666666666686,46.10666666666668,0.0,50.82593380144311,0.0,0.0,0.0,28.211761238586543,48.49677877821783,50.82593380144311,47.33220126660519,12.43753247303448,24.31768298489473,0.0,5.0,42.52170137206255,-419.2702449082794,-0.0,-68.46285651683895,235.4332560485122,1275.705958636212,1.0,0.016838971232090737,0.0,0.0027496443769960493,0.36451340081570516,65.99961422222222,294.82154674866865,0.18510638969697973,11.862583149308128,0.003426152834601968,31.07130960774936,1.2014547839524556
2025-01-01 14:10:00,0.17397822638697827,0.07834944355840907,0.0,0.0028996371064496378,0.0013058240593068178,0.0,0.04641943697902697,0.0,0.1275587894079513,0.0,0.0,0.0,0.07834944355840907,0.0,1,0,0,Off,0,0,Off,0,0,Off,0.039543288163284056,0.029657466122463033,On,0.0,0,Off,0.002327480811403509,0.0,On,0.044091956167623465,0,On,0.023092864663405842,0,On,0.0649226365812614,0.04869197743594604,On,0,0,Off,Off,0.0,23.888888888888914,0.0,0.0,0.0,0.0,0,0.0,1667.2815511111112,Off,0.0,0.0,28.201665500180287,51.666666666666686,46.10666666666668,0.0,50.82122020484042,0.0,0.0,0.0,28.201665500180287,48.49281949388333,50.82122020484042,47.32861913840479,12.43753247303448,24.322378665638773,0.0,5.0,43.037929121906274,-419.43436517796323,-0.0,-68.67739594853461,235.4332560485122,1280.207351929334,1.0,0.016841468953635346,0.0,0.0027575905259766154,0.36470774485914254,65.99961422222222,295.71643419989203,0.1850660154863372,11.864570594994452,0.0034263707283727677,31.046408488602882,1.2014356609524979
2025-01-01 14:11:00,0.17397822638697827,0.07834944355840907,0.0,0.0028996371064496378,0.0013058240593068178,0.0,0.04641943697902697,0.0,0.1275587894079513,0.0,0.0,0.0,0.07834944355840907,0.0,1,0,0,Off,0,0,Off,0,0,Off,0.039543288163284056,0.029657466122463033,On,0.0,0,Off,0.002327480811403509,0.0,On,0.044091956167623465,0,On,0.023092864663405842,0,On,0.0649226365812614,0.04869197743594604,On,0,0,Off,Off,0.0,23.888888888888914,0.0,0.0,0.0,0.0,0,0.0,1667.2815511111112,Off,0.0,0.0,28.1914813802374,51.666666666666686,46.10666666666668,0.0,50.81650827733056,0.0,0.0,0.0,28.1914813802374,48.488861626401146,50.81650827733056,47.325038300936434,12.43753247303448,24.327151734241358,0.0,5.0,43.54798588404955,-419.60121643381507,-0.0,-68.89550660628927,235.4332560485122,1284.700764802821,1.0,0.016844007646254027,0.0,0.0027656650996671426,0.364905241092329,65.99961422222222,296.6114528756417,0.1850247840182066,11.866596778939336,0.003426588450984881,31.021317274806368,1.2014162261350594
2025-01-01 14:12:00,0.17397822638697827,0.07834944355840907,0.0,0.0028996371064496378,0.0013058240593068178,0.0,0.04641943697902697,0.0,0.1275587894079513,0.0,0.0,0.0,0.07834944355840907,0.0,1,0,0,Off,0,0,Off,0,0,Off,0.039543288163284056,0.029657466122463033,On,0.0,0,Off,0.002327480811403509,0.0,On,0.044091956167623465,0,On,0.023092864663405842,0,On,0.0649226365812614,0.04869197743594604,On,0,0,Off,Off,0.0,23.888888888888914,0.0,0.0,0.0,0.0,0,0.0,1667.2815511111112,Off,0.0,0.0,28.181209452069552,51.666666666666686,46.10666666666668,0.0,50.811798031993455,0.0,0.0,0.0,28.181209452069552,48.484905188174864,50.811798031993455,47.32145876626557,12.43753247303448,24.332001710401496,0.0,5.0,44.05160360072236,-419.7707831634616,-0.0,-69.11716827186366,235.4332560485122,1289.184695240306,1.0,0.01684658704510748,0.0,0.002773867163474956,0.36510586719571747,65.99961422222222,297.50629898753544,0.18498270121971822,11.868661447978532,0.0034268060011562033,30.99603703491862,1.2013964814709646
2025-01-01 14:13:00,0.17397822638697827,0.07834944355840907,0.0,0.0028996371064496378,0.0013058240593068178,0.0,0.04641943697902697,0.0,0.1275587894079513,0.0,0.0,0.0,0.07834944355840907,0.0,1,0,0,Off,0,0,Off,0,0,Off,0.039543288163284056,0.029657466122463033,On,0.0,0,Off,0.002327480811403509,0.0,On,0.044091956167623465,0,On,0.023092864663405842,0,On,0.0649226365812614,0.04869197743594604,On,0,0,Off,Off,0.0,23.888888888888914,0.0,0.0,0.0,0.0,0,0.0,1667.2815511111112,Off,0.0,0.0,28.17085031671653,51.666666666666686,46.10666666666668,0.0,50.80708948182367,0.0,0.0,0.0,28.17085031671653,48.48095019152765,50.80708948182367,47.31788054637964,12.43753247303448,24.336928089792526,0.0,5.0,44.5485159409109,-419.94304902396044,-0.0,-69.34235964158181,235.4332560485122,1293.6576275569614,1.0,0.016849206872512994,0.0,0.0027821957414100335,0.36530959984042555,65.99961422222222,298.400668557941,0.18493977329226569,11.871537120737244,0.003427023377611571,30.97056890081236,1.2013764290282856
2025-01-01 14:14:00,0.17397822638697827,0.07834944355840907,0.0,0.0028996371064496378,0.0013058240593068178,0.0,0.04641943697902697,0.0,0.1275587894079513,0.0,0.0,0.0,0.07834944355840907,0.0,1,0,0,Off,0,0,Off,0,0,Off,0.039543288163284056,0.029657466122463033,On,0.0,0,Off,0.002327480811403509,0.0,On,0.044091956167623465,0,On,0.023092864663405842,0,On,0.0649226365812614,0.04869197743594604,On,0,0,Off,Off,0.0,23.888888888888914,0.0,0.0,0.0,0.0,0,0.0,1667.2815511111112,Off,0.0,0.0,28.160404602152987,51.666666666666686,46.10666666666668,0.0,50.80238263972627,0.0,0.0,0.0,28.160404602152987,48.47699664869829,50.80238263972627,47.314303653184304,12.43753247303448,24.34193034495562,0.0,5.0,45.03845814335298,-420.1179968719231,-0.0,-69.5710583656511,235.4332560485122,1298.1180349213525,1.0,0.016851866838427976,0.0,0.0027906498177079305,0.36551641472743296,65.99961422222222,299.294257332415,0.18489600670095854,11.87367808188874,0.0034272405790831866,30.94491406551067,1.2013560709687074
2025-01-01 14:15:00,0.17397822638697827,0.07834944355840907,0.0,0.0028996371064496378,0.0013058240593068178,0.0,0.04641943697902697,0.0,0.1275587894079513,0.0,0.0,0.0,0.07834944355840907,0.0,1,0,0,Off,0,0,Off,0,0,Off,0.039543288163284056,0.029657466122463033,On,0.0,0,Off,0.002327480811403509,0.0,On,0.044091956167623465,0,On,0.023092864663405842,0,On,0.0649226365812614,0.04869197743594604,On,0,0,Off,Off,0.0,23.888888888888914,0.0,0.0,0.0,0.0,0,0.0,1667.2815511111112,Off,0.0,0.0,28.14987296227592,51.666666666666686,46.10666666666668,0.0,50.79767751851285,0.0,0.0,0.0,28.14987296227592,48.473044571837455,50.79767751851285,47.310728098499766,12.43753247303448,24.347007926097085,0.0,5.0,45.52116455471375,-420.29560879027605,-0.0,-69.80324108308679,235.4332560485122,1302.5643668289606,1.0,0.01685456664088233,0.0,0.0027992283382896987,0.3657262866227949,65.99961422222222,300.1867583795644,0.18485140816516138,11.875856699979359,0.0034274576043110323,30.91907378125115,1.2013354095442803
2025-01-01 14:16:00,0.17397822638697827,0.07834944355840907,0.0,0.0028996371064496378,0.0013058240593068178,0.0,0.04641943697902697,0.0,0.1275587894079513,0.0,0.0,0.0,0.07834944355840907,0.0,1,0,0,Off,0,0,Off,0,0,Off,0.039543288163284056,0.029657466122463033,On,0.0,0,Off,0.002327480811403509,0.0,On,0.044091956167623465,0,On,0.023092864663405842,0,On,0.0649226365812614,0.04869197743594604,On,0,0,Off,Off,0.0,23.888888888888914,0.0,0.0,0.0,0.0,0,0.0,1667.2815511111112,Off,0.0,0.0,28.139256075976405,51.666666666666686,46.10666666666668,0.0,50.79297413089768,0.0,0.0,0.0,28.139256075976405,48.46909397300405,50.79297413089768,47.30715389405724,12.43753247303448,24.352160261710026,0.0,5.0,45.996371417615336,-420.47586610887794,-0.0,-70.03888344860621,235.4332560485122,1306.9950664197836,1.0,0.016857305966317394,0.0,0.0028079302119248775,0.36593918938558984,65.99961422222222,301.0778649265873,0.1848059846509602,11.878072675829461,0.0034276744520432664,30.893049357973304,1.2013144470948829
2025-01-01 14:17:00,0.17397822638697827,0.07834944355840907,0.0,0.0028996371064496378,0.0013058240593068178,0.0,0.04641943697902697,0.0,0.1275587894079513,0.0,0.0,0.0,0.07834944355840907,0.0,1,0,0,Off,0,0,Off,0,0,Off,0.039543288163284056,0.029657466122463033,On,0.0,0,Off,0.002327480811403509,0.0,On,0.044091956167623465,0,On,0.023092864663405842,0,On,0.0649226365812614,0.04869197743594604,On,0,0,Off,Off,0.0,23.888888888888914,0.0,0.0,0.0,0.0,0,0.0,1667.2815511111112,Off,0.0,0.0,28.128554646717703,51.666666666666686,46.10666666666668,0.0,50.788272489493956,0.0,0.0,0.0,28.128554646717703,48.46514486416169,50.788272489493956,47.303581051495556,12.43753247303448,24.357386759221882,0.0,5.0,46.463814502713234,-420.658749426039,-0.0,-70.27796016070216,235.4332560485122,1311.4085578458423,1.0,0.016860084489938667,0.0,0.0028167543114381655,0.3661550959969381,65.99961422222222,301.9672680409422,0.1847597433633473,11.880325699650603,0.0034278911210366145,30.866842161736113,1.2012931860455818
2025-01-01 14:18:00,0.17397822638697827,0.07834944355840907,0.0,0.0028996371064496378,0.0013058240593068178,0.0,0.04641943697902697,0.0,0.1275587894079513,0.0,0.0,0.0,0.07834944355840907,0.0,1,0,0,Off,0,0,Off,0,0,Off,0.039543288163284056,0.029657466122463033,On,0.0,0,Off,0.002327480811403509,0.0,On,0.044091956167623465,0,On,0.023092864663405842,0,On,0.0649226365812614,0.04869197743594604,On,0,0,Off,Off,0.0,23.888888888888914,0.0,0.0,0.0,0.0,0,0.0,1667.2815511111112,Off,0.0,0.0,28.117769401657704,51.666666666666686,46.10666666666668,0.0,50.78357260681018,0.0,0.0,0.0,28.117769401657704,48.461197257175264,50.78357260681018,47.30000958235781,12.43753247303448,24.36268680548729,0.0,5.0,46.92322935195287,-420.844238624627,-0.0,-70.52044498263994,235.4332560485122,1315.8032484599912,1.0,0.016862901875986328,0.0,0.0028256994746548997,0.36637397858262927,65.99961422222222,302.8546569107076,0.18471269174010482,11.883388905568427,0.003428107610056746,30.840453613508775,1.2012716289046121
2025-01-01 14:19:00,0.17397822638697827,0.07834944355840907,0.0,0.0028996371064496378,0.0013058240593068178,0.0,0.04641943697902697,0.0,0.1275587894079513,0.0,0.0,0.0,0.07834944355840907,0.0,1,0,0,Off,0,0,Off,0,0,Off,0.039543288163284056,0.029657466122463033,On,0.0,0,Off,0.002327480811403509,0.0,On,0.044091956167623465,0,On,0.023092864663405842,0,On,0.0649226365812614,0.04869197743594604,On,0,0,Off,Off,0.0,23.888888888888914,0.0,0.0,0.0,0.0,0,0.0,1667.2815511111112,Off,0.0,0.0,28.106901091277603,51.666666666666686,46.10666666666668,0.0,50.77887449524664,0.0,0.0,0.0,28.106901091277603,48.457251163807626,50.77887449524664,47.29643949808813,12.43753247303448,24.36805976722471,0.0,5.0,47.37435097976143,-421.032312886201,-0.0,-70.76631076087514,235.4332560485122,1320.1775280146746,1.0,0.01686575777797587,0.0,0.002834764505251835,0.36659580843343176,65.99961422222222,303.7397185783253,0.18466483744631582,11.88571519565573,0.003428323917878646,30.813885188093924,1.2012497782615894
2025-01-01 14:20:00,0.17397822638697827,0.07834944355840907,0.0,0.0028996371064496378,0.0013058240593068178,0.0,0.04641943697902697,0.0,0.1275587894079513,0.0,0.0,0.0,0.07834944355840907,0.0,1,0,0,Off,0,0,Off,0,0,Off,0.039543288163284056,0.029657466122463033,On,0.0,0,Off,0.002327480811403509,0.0,On,0.044091956167623465,0,On,0.023092864663405842,0,On,0.0649226365812614,0.04869197743594604,On,0,0,Off,Off,0.0,23.888888888888914,0.0,0.0,0.0,0.0,0,0.0,1667.2815511111112,Off,0.0,0.0,28.09595048907816,51.666666666666686,46.10666666666668,0.0,50.77417816709192,0.0,0.0,0.0,28.09595048907816,48.4533065957163,50.77417816709192,47.2928708100285,12.43753247303448,24.37350499138318,0.0,5.0,47.81691356726586,-421.2229507026926,-0.0,-71.01552944026642,235.4332560485122,1324.5297677463254,1.0,0.016868651838901627,0.0,0.002843948173490314,0.36682055602252356,65.99961422222222,304.6221376617126,0.18461618836963709,11.888077545312324,0.0034285400432869768,30.787138413217363,1.2012276367860015
2025-01-01 14:21:00,0.17397822638697827,0.07834944355840907,0.0,0.0028996371064496378,0.0013058240593068178,0.0,0.04641943697902697,0.0,0.1275587894079513,0.0,0.0,0.0,0.07834944355840907,0.0,1,0,0,Off,0,0,Off,0,0,Off,0.039543288163284056,0.029657466122463033,On,0.0,0,Off,0.002327480811403509,0.0,On,0.044091956167623465,0,On,0.023092864663405842,0,On,0.0649226365812614,0.04869197743594604,On,0,0,Off,Off,0.0,23.888888888888914,0.0,0.0,0.0,0.0,0,0.0,1667.2815511111112,Off,0.0,0.0,28.084918390887744,51.666666666666686,46.10666666666668,0.0,50.7694836345195,0.0,0.0,0.0,28.084918390887744,48.44936356445025,50.7694836345195,47.289303529415626,12.43753247303448,24.379021805443596,0.0,5.0,48.25065016169847,-421.4161298857885,-0.0,-71.26807207628369,235.4332560485122,1328.8583193754264,1.0,0.016871583691405574,0.0,0.0028532492168394665,0.3670481910202295,65.99961422222222,305.50159607525836,0.1845667526162883,11.890475604522747,0.003428755985076437,30.760214868773826,1.2012052072259625
2025-01-01 14:22:00,0.17397822638697827,0.07834944355840907,0.0,0.0028996371064496378,0.0013058240593068178,0.0,0.04641943697902697,0.0,0.1275587894079513,0.0,0.0,0.0,0.07834944355840907,0.0,1,0,0,Off,0,0,Off,0,0,Off,0.039543288163284056,0.029657466122463033,On,0.0,0,Off,0.002327480811403509,0.0,On,0.044091956167623465,0,On,0.023092864663405842,0,On,0.0649226365812614,0.04869197743594604,On,0,0,Off,Off,0.0,23.888888888888914,0.0,0.0,0.0,0.0,0,0.0,1667.2815511111112,Off,0.0,0.0,28.073805614862334,51.666666666666686,46.10666666666668,0.0,50.76479090958445,0.0,0.0,0.0,28.073805614862334,48.44542208144675,50.76479090958445,47.28573766737791,12.43753247303448,24.384609517659083,0.0,5.0,48.675292384703965,-421.6118275741728,-0.0,-71.52390884441525,235.4332560485122,1333.161514065788,1.0,0.016874552957913777,0.0,0.0028626663404971732,0.36727868230625543,65.99961422222222,306.37777275477987,0.18451653850770644,11.892909013613398,0.003428971742052113,30.733116186218247,1.2011824924072152
2025-01-01 14:23:00,0.17397822638697827,0.07834944355840907,0.0,0.0028996371064496378,0.0013058240593068178,0.0,0.04641943697902697,0.0,0.1275587894079513,0.0,0.0,0.0,0.07834944355840907,0.0,1,0,0,Off,0,0,Off,0,0,Off,0.039543288163284056,0.029657466122463033,On,0.0,0,Off,0.002327480811403509,0.0,On,0.044091956167623465,0,On,0.023092864663405842,0,On,0.0649226365812614,0.04869197743594604,On,0,0,Off,Off,0.0,23.888888888888914,0.0,0.0,0.0,0.0,0,0.0,1667.2815511111112,Off,0.0,0.0,28.0626130012155,51.666666666666686,46.10666666666668,0.0,50.760100004220085,0.0,0.0,0.0,28.0626130012155,48.441482158028265,50.760100004220085,47.282173234932365,12.43753247303448,24.390267417238476,0.0,5.0,49.09057012287039,-421.81002023876596,-0.0,-71.78300904695959,235.4332560485122,1337.437661209677,1.0,0.01687755925074269,0.0,0.0028721982178158685,0.3675119979795892,65.99961422222222,307.2503433600838,0.18446555457783737,11.896151584087026,0.0034291873130298284,30.70584404809278,1.2011594952323652
2025-01-01 14:24:00,0.17397822638697827,0.07834944355840907,0.0,0.0028996371064496378,0.0013058240593068178,0.0,0.04641943697902697,0.0,0.1275587894079513,0.0,0.0,0.0,0.07834944355840907,0.0,1,0,0,Off,0,0,Off,0,0,Off,0.039543288163284056,0.029657466122463033,On,0.0,0,Off,0.002327480811403509,0.0,On,0.044091956167623465,0,On,0.023092864663405842,0,On,0.0649226365812614,0.04869197743594604,On,0,0,Off,Off,0.0,23.888888888888914,0.0,0.0,0.0,0.0,0,0.0,1667.2815511111112,Off,0.0,0.0,28.051341411999015,51.666666666666686,46.10666666666668,0.0,50.7554109302347,0.0,0.0,0.0,28.051341411999015,48.43754380539934,50.7554109302347,47.278610242981664,12.43753247303448,24.3959947744758,0.0,5.0,49.49621122709934,-422.0106836860622,-0.0,-72.04534111732853,235.4332560485122,1341.6850472016035,1.0,0.016880602172176837,0.0,0.0028818434906380643,0.36774810536619,65.99961422222222,308.11897998197776,0.18441380957099382,11.898654727544862,0.0034294026968364876,30.678400187683092,1.2011362186803252
2025-01-01 14:25:00,0.17397822638697827,0.07834944355840907,0.0,0.0028996371064496378,0.0013058240593068178,0.0,0.04641943697902697,0.0,0.1275587894079513,0.0,0.0,0.0,0.07834944355840907,0.0,1,0,0,Off,0,0,Off,0,0,Off,0.039543288163284056,0.029657466122463033,On,0.0,0,Off,0.002327480811403509,0.0,On,0.044091956167623465,0,On,0.023092864663405842,0,On,0.0649226365812614,0.04869197743594604,On,0,0,Off,Off,0.0,23.888888888888914,0.0,0.0,0.0,0.0,0,0.0,1667.2815511111112,Off,0.0,0.0,28.039991731001574,51.666666666666686,46.10666666666668,0.0,50.75072369930834,0.0,0.0,0.0,28.039991731001574,48.43360703464353,50.75072369930834,47.275048702311125,12.43753247303448,24.40179084082899,0.0,5.0,49.89194167510075,-422.21379305967594,-0.0,-72.31087262201017,235.4332560485122,1345.9019368890995,1.0,0.016883681314519606,0.0,0.0028916007695472933,0.36798697102460326,65.99961422222222,308.9833513082746,0.18436131244028253,11.901192086863203,0.0034296178923104207,30.650786388796067,1.2011126658059712
2025-01-01 14:26:00,0.17397822638697827,0.07834944355840907,0.0,0.0028996371064496378,0.0013058240593068178,0.0,0.04641943697902697,0.0,0.1275587894079513,0.0,0.0,0.0,0.07834944355840907,0.0,1,0,0,Off,0,0,Off,0,0,Off,0.039543288163284056,0.029657466122463033,On,0.0,0,Off,0.002327480811403509,0.0,On,0.044091956167623465,0,On,0.023092864663405842,0,On,0.0649226365812614,0.04869197743594604,On,0,0,Off,Off,0.0,23.888888888888914,0.0,0.0,0.0,0.0,0,0.0,1667.2815511111112,Off,0.0,0.0,28.02856486378257,51.666666666666686,46.10666666666668,0.0,50.746038322989534,0.0,0.0,0.0,28.02856486378257,48.429671856720354,50.746038322989534,47.27148862358577,12.43753247303448,24.407654848968587,0.0,5.0,50.27748332371792,-422.419322840824,-0.0,-72.57957026113783,235.4332560485122,1350.0865608083816,1.0,0.016886796260128168,0.0,0.0029014686340694132,0.36822856075035626,65.99961422222222,309.8431203771675,0.18430807234635033,11.903763264422395,0.0034298328983017245,30.623004485608494,1.2010888397399166
2025-01-01 14:27:00,0.17397822638697827,0.07834944355840907,0.0,0.0028996371064496378,0.0013058240593068178,0.0,0.04641943697902697,0.0,0.1275587894079513,0.0,0.0,0.0,0.07834944355840907,0.0,1,0,0,Off,0,0,Off,0,0,Off,0.039543288163284056,0.029657466122463033,On,0.0,0,Off,0.002327480811403509,0.0,On,0.044091956167623465,0,On,0.023092864663405842,0,On,0.0649226365812614,0.04869197743594604,On,0,0,Off,Off,0.0,23.888888888888914,0.0,0.0,0.0,0.0,0,0.0,1667.2815511111112,Off,0.0,0.0,28.01706173772271,51.666666666666686,46.10666666666668,0.0,50.741354812692116,0.0,0.0,0.0,28.01706173772271,48.42573828246226,50.741354812692116,47.26793001734734,12.43753247303448,24.413586012707665,0.0,5.0,50.65255650127122,-422.6272468446287,-0.0,-72.85139986359894,235.4332560485122,1354.2371306088467,1.0,0.01688994658138541,0.0,0.0029114456326751917,0.36847283957548393,65.99961422222222,310.6979471609867,0.18425409865742706,11.906367853149352,0.0034300477136726044,30.595056362804836,1.201064743688766
2025-01-01 14:28:00,0.17397822638697827,0.07834944355840907,0.0,0.0028996371064496378,0.0013058240593068178,0.0,0.04641943697902697,0.0,0.1275587894079513,0.0,0.0,0.0,0.07834944355840907,0.0,1,0,0,Off,0,0,Off,0,0,Off,0.039543288163284056,0.029657466122463033,On,0.0,0,Off,0.002327480811403509,0.0,On,0.044091956167623465,0,On,0.023092864663405842,0,On,0.0649226365812614,0.04869197743594604,On,0,0,Off,Off,0.0,23.888888888888914,0.0,0.0,0.0,0.0,0,0.0,1667.2815511111112,Off,0.0,0.0,28.005483301905887,51.666666666666686,46.10666666666668,0.0,50.73667317969193,0.0,0.0,0.0,28.005483301905887,48.42180632257154,50.73667317969193,47.26437289401135,12.43753247303448,24.419583526994373,0.0,5.0,51.016877670953335,-422.8375382186011,-0.0,-73.12632638498962,235.4332560485122,1358.351825980267,1.0,0.016893131840705254,0.0,0.0029215302828894604,0.3687197717706592,65.99961422222222,311.54748622603194,0.18419940094867104,11.909005436517333,0.003430262337297716,30.566943955558912,1.2010403809351147
2025-01-01 14:29:00,0.17397822638697827,0.07834944355840907,0.0,0.0028996371064496378,0.0013058240593068178,0.0,0.04641943697902697,0.0,0.1275587894079513,0.0,0.0,0.0,0.07834944355840907,0.0,1,0,0,Off,0,0,Off,0,0,Off,0.039543288163284056,0.029657466122463033,On,0.0,0,Off,0.002327480811403509,0.0,On,0.044091956167623465,0,On,0.023092864663405842,0,On,0.0649226365812614,0.04869197743594604,On,0,0,Off,Off,0.0,23.888888888888914,0.0,0.0,0.0,0.0,0,0.0,1667.2815511111112,Off,0.0,0.0,27.993830527304816,51.666666666666686,46.10666666666668,0.0,50.731993435123634,0.0,0.0,0.0,27.993830527304816,48.41787598761728,50.731993435123634,47.26081726386411,12.43753247303448,24.425646567790302,0.0,5.0,51.370159593505804,-423.0501694371035,-0.0,-73.4043139003153,235.4332560485122,1362.428795703209,1.0,0.016896351590477438,0.0,0.0029317210712094814,0.36896932084264616,65.99961422222222,312.3913868824124,0.1841439890027699,11.911675588487878,0.003430476768064507,30.53866924979392,1.2010157548380094
2025-01-01 14:30:00,0.17397822638697827,0.07834944355840907,0.0,0.0028996371064496378,0.0013058240593068178,0.0,0.04641943697902697,0.0,0.1275587894079513,0.0,0.0,0.0,0.07834944355840907,0.0,1,0,0,Off,0,0,Off,0,0,Off,0.039543288163284056,0.029657466122463033,On,0.0,0,Off,0.002327480811403509,0.0,On,0.044091956167623465,0,On,0.023092864663405842,0,On,0.0649226365812614,0.04869197743594604,On,0,0,Off,Off,0.0,23.888888888888914,0.0,0.0,0.0,0.0,0,0.0,1667.2815511111112,Off,0.0,0.0,27.955515119002143,51.666666666666686,46.10666666666668,0.0,50.72731558997744,0.12514254742377232,334.06002701918453,0.0,27.955515119002143,48.41394728803232,50.72731558997744,47.25726313705976,12.43753247303448,24.43177429192489,0.0,4.4,-18.285782136650397,-453.1791128772245,-0.0,-79.25312344371835,235.4332560485122,1156.5159976444422,1.0,0.017506301656900328,0.0,0.003061546851637833,0.38273538860151196,65.99961422222222,278.7131981357802,0.18408787281078545,11.915153160450146,0.0034306910048735612,11.471753375908134,1.2009908688335065
2025-01-01 14:31:00,0.17397822638697827,0.07834944355840907,0.0,0.0028996371064496378,0.0013058240593068178,0.0,0.04641943697902697,0.0,0.1275587894079513,0.0,0.0,0.0,0.07834944355840907,0.0,1,0,0,Off,0,0,Off,0,0,Off,0.039543288163284056,0.029657466122463033,On,0.0,0,Off,0.002327480811403509,0.0,On,0.044091956167623465,0,On,0.023092864663405842,0,On,0.0649226365812614,0.04869197743594604,On,0,0,Off,Off,0.0,23.888888888888914,0.0,0.0,0.0,0.0,0,0.0,1667.2815511111112,Off,0.0,0.0,27.89374689560168,51.666666666666686,46.10666666666668,0.0,50.715606775878335,0.1251808270616684,334.0600270191845,0.0,27.89374689560168,48.363141439623575,50.715606775878335,47.1869087714962,12.43753247303448,24.43521269329284,0.0,4.4,-16.680965899665154,-453.302947586364,-0.0,-79.42210961623384,235.4332560485122,1160.3206380598733,1.0,0.01750808017376158,0.0,0.0030675482481070278,0.38288016058145813,65.99961422222222,280.6108352544204,0.1840542733769976,11.916260690925922,0.0034307714839128863,11.450979339416191,1.2009769339445693
2025-01-01 14:32:00,0.17397822638697827,0.07834944355840907,0.0,0.0028996371064496378,0.0013058240593068178,0.0,0.04641943697902697,0.0,0.1275587894079513,0.0,0.0,0.0,0.07834944355840907,0.0,1,0,0,Off,0,0,Off,0,0,Off,0.039543288163284056,0.029657466122463033,On,0.0,0,Off,0.002327480811403509,0.0,On,0.044091956167623465,0,On,0.023092864663405842,0,On,0.0649226365812614,0.04869197743594604,On,0,0,Off,Off,0.0,23.888888888888914,0.0,0.0,0.0,0.0,0,0.0,1667.2815511111112,Off,0.0,0.0,27.83197632174307,51.666666666666686,46.10666666666668,0.0,50.703898406452716,0.12521912867020873,334.06002701918453,0.0,27.83197632174307,48.3123442598675,50.703898406452716,47.1165671865749,12.43753247303448,24.438661540604823,0.0,4.4,-16.049572409447393,-453.4271720679659,-0.0,-79.59162658165303,235.4332560485122,1164.099896135525,1.0,0.017509864004300334,0.0,0.0030735664803010583,0.3830253447270282,65.99961422222222,281.5359701916594,0.18402055815703683,11.918148555075518,0.0034308518181459576,11.430166457701409,1.2009629573262817
2025-01-01 14:33:00,0.17397822638697827,0.07834944355840907,0.0,0.0028996371064496378,0.0013058240593068178,0.0,0.04641943697902697,0.0,0.1275587894079513,0.0,0.0,0.0,0.07834944355840907,0.0,1,0,0,Off,0,0,Off,0,0,Off,0.039543288163284056,0.029657466122463033,On,0.0,0,Off,0.002327480811403509,0.0,On,0.044091956167623465,0,On,0.023092864663405842,0,On,0.0649226365812614,0.04869197743594604,On,0,0,Off,Off,0.0,23.888888888888914,0.0,0.0,0.0,0.0,0,0.0,1667.2815511111112,Off,0.0,0.0,27.770235631479352,51.666666666666686,46.10666666666668,0.0,50.69219048388753,0.12525745226107013,334.06002701918453,0.0,27.770235631479352,48.26155574909396,50.69219048388753,47.04623838169718,12.43753247303448,24.442093129232937,0.0,4.4,-15.839183611982008,-453.5507883845217,-0.0,-79.76031255546368,235.4332560485122,1167.852460296748,1.0,0.017511638819267525,0.0,0.0030795532084909832,0.3831697748668726,65.99961422222222,282.0386612794912,0.18398703237768654,11.919251835263381,0.0034309320072996798,11.409440081464572,1.2009490507852827
2025-01-01 14:34:00,0.17397822638697827,0.07834944355840907,0.0,0.0028996371064496378,0.0013058240593068178,0.0,0.04641943697902697,0.0,0.1275587894079513,0.0,0.0,0.0,0.07834944355840907,0.0,1,0,0,Off,0,0,Off,0,0,Off,0.039543288163284056,0.029657466122463033,On,0.0,0,Off,0.002327480811403509,0.0,On,0.044091956167623465,0,On,0.023092864663405842,0,On,0.0649226365812614,0.04869197743594604,On,0,0,Off,Off,0.0,23.888888888888914,0.0,0.0,0.0,0.0,0,0.0,1667.2815511111112,Off,0.0,0.0,27.70853344375871,51.666666666666686,46.10666666666668,0.0,50.680483005578324,0.12529579786163159,334.0600270191845,0.0,27.70853344375871,48.21077590310904,50.680483005578324,46.9759223518744,12.43753247303448,24.44550004707725,0.0,4.4,-15.67470800048821,-453.67352928254473,-0.0,-79.92780286497145,235.4332560485122,1171.5769986715727,1.0,0.01751340078677163,0.0,0.003085495527574694,0.3833131395518011,65.99961422222222,282.4933680985157,0.18395377758247977,11.921117829526757,0.0034310120519728976,11.388833691717343,1.2009352442275414
2025-01-01 14:35:00,0.17397822638697827,0.07834944355840907,0.0,0.0028996371064496378,0.0013058240593068178,0.0,0.04641943697902697,0.0,0.1275587894079513,0.0,0.0,0.0,0.07834944355840907,0.0,1,0,0,Off,0,0,Off,0,0,Off,0.039543288163284056,0.029657466122463033,On,0.0,0,Off,0.002327480811403509,0.0,On,0.044091956167623465,0,On,0.023092864663405842,0,On,0.0649226365812614,0.04869197743594604,On,0,0,Off,Off,0.0,23.888888888888914,0.0,0.0,0.0,0.0,0,0.0,1667.2815511111112,Off,0.0,0.0,27.646863059065026,51.666666666666686,46.10666666666668,0.0,50.668775967639235,0.12533416550351542,334.06002701918453,0.0,27.646863059065026,48.160004716509235,50.668775967639235,46.905619090944235,12.43753247303448,24.448888047041827,0.0,4.4,-15.443811373199111,-453.7956017665087,-0.0,-80.09438000548683,235.4332560485122,1175.2721575307046,1.0,0.017515152883756522,0.0,0.003091403498546047,0.3834556813973778,65.99961422222222,283.01291435028423,0.18392073030829734,11.922198210905563,0.0034310919529974056,11.368321205605673,1.2009215144304928
2025-01-01 14:36:00,0.17397822638697827,0.07834944355840907,0.0,0.0028996371064496378,0.0013058240593068178,0.0,0.04641943697902697,0.0,0.1275587894079513,0.0,0.0,0.0,0.07834944355840907,0.0,1,0,0,Off,0,0,Off,0,0,Off,0.039543288163284056,0.029657466122463033,On,0.0,0,Off,0.002327480811403509,0.0,On,0.044091956167623465,0,On,0.023092864663405842,0,On,0.0649226365812614,0.04869197743594604,On,0,0,Off,Off,0.0,23.888888888888914,0.0,0.0,0.0,0.0,0,0.0,1667.2815511111112,Off,0.0,0.0,27.585213859664805,51.666666666666686,46.10666666666668,0.0,50.657069367179844,0.12537255521513138,334.0600270191846,0.0,27.585213859664805,48.109242184831245,50.657069367179844,46.83532859365695,12.43753247303448,24.452266250509545,0.0,4.4,-15.163683759310544,-453.9173343200366,-0.0,-80.26049223093509,235.4332560485122,1178.936562060567,1.0,0.01751689982844141,0.0,0.0030972930449918506,0.38359778451522425,65.99961422222222,283.580886743149,0.1838877900545135,11.924049045784228,0.003431171711023614,11.347861325090959,1.2009078245811116
2025-01-01 14:37:00,0.17397822638697827,0.07834944355840907,0.0,0.0028996371064496378,0.0013058240593068178,0.0,0.04641943697902697,0.0,0.1275587894079513,0.0,0.0,0.0,0.07834944355840907,0.0,1,0,0,Off,0,0,Off,0,0,Off,0.039543288163284056,0.029657466122463033,On,0.0,0,Off,0.002327480811403509,0.0,On,0.044091956167623465,0,On,0.023092864663405842,0,On,0.0649226365812614,0.04869197743594604,On,0,0,Off,Off,0.0,23.888888888888914,0.0,0.0,0.0,0.0,0,0.0,1667.2815511111112,Off,0.0,0.0,27.523576779146367,51.666666666666686,46.10666666666668,0.0,50.645363202887474,0.12541096701975538,334.06002701918453,0.0,27.523576779146367,48.0584883051019,50.645363202887474,46.76505085620913,12.43753247303448,24.455642447195604,0.0,4.4,-14.866924564050379,-454.03900757413714,-0.0,-80.42652248635052,235.4332560485122,1182.5688047904669,1.0,0.017518645649528555,0.0,0.0031031777551230643,0.3837397767284536,65.99961422222222,284.16534944792517,0.18385487104411594,11.925122658589482,0.0034312513264146798,11.327418802789941,1.2008941432434712
2025-01-01 14:38:00,0.17397822638697827,0.07834944355840907,0.0,0.0028996371064496378,0.0013058240593068178,0.0,0.04641943697902697,0.0,0.1275587894079513,0.0,0.0,0.0,0.07834944355840907,0.0,1,0,0,Off,0,0,Off,0,0,Off,0.039543288163284056,0.029657466122463033,On,0.0,0,Off,0.002327480811403509,0.0,On,0.044091956167623465,0,On,0.023092864663405842,0,On,0.0649226365812614,0.04869197743594604,On,0,0,Off,Off,0.0,23.888888888888914,0.0,0.0,0.0,0.0,0,0.0,1667.2815511111112,Off,0.0,0.0,27.461944843564822,51.666666666666686,46.10666666666668,0.0,50.63365747479667,0.125449400936271,334.06002701918453,0.0,27.461944843564822,48.007743075620425,50.63365747479667,46.69478587603231,12.43753247303448,24.459022629457753,0.0,4.4,-14.567268333391809,-454.16083749544777,-0.0,-80.59276546958704,235.4332560485122,1186.1674583765623,1.0,0.017520393445587815,0.0,0.0031090680730685018,0.383881910045439,65.99961422222222,284.75307858313084,0.1838219073348735,11.926973905585648,0.0034313307992885726,11.306966543138023,1.2008804462371916
2025-01-01 14:39:00,0.17397822638697827,0.07834944355840907,0.0,0.0028996371064496378,0.0013058240593068178,0.0,0.04641943697902697,0.0,0.1275587894079513,0.0,0.0,0.0,0.07834944355840907,0.0,1,0,0,Off,0,0,Off,0,0,Off,0.039543288163284056,0.029657466122463033,On,0.0,0,Off,0.002327480811403509,0.0,On,0.044091956167623465,0,On,0.023092864663405842,0,On,0.0649226365812614,0.04869197743594604,On,0,0,Off,Off,0.0,23.888888888888914,0.0,0.0,0.0,0.0,0,0.0,1667.2815511111112,Off,0.0,0.0,27.400312267351183,51.666666666666686,46.10666666666668,0.0,50.62195218397811,0.12548785698017814,334.06002701918453,0.0,27.400312267351183,47.957006495664764,50.62195218397811,46.624533651508095,12.43753247303448,24.462411769292828,0.0,4.4,-14.265999806215433,-454.2830033609301,-0.0,-80.75946580660992,235.4332560485122,1189.7310637172545,1.0,0.0175221457870184,0.0,0.003114972655978633,0.3840243933932631,65.99961422222222,285.3432133128124,0.18378884425404435,11.928053301996261,0.003431410129574762,11.28648208308955,1.2008667135013893
2025-01-01 14:40:00,0.17397822638697827,0.07834944355840907,0.0,0.0028996371064496378,0.0013058240593068178,0.0,0.04641943697902697,0.0,0.1275587894079513,0.0,0.0,0.0,0.07834944355840907,0.0,1,0,0,Off,0,0,Off,0,0,Off,0.039543288163284056,0.029657466122463033,On,0.0,0,Off,0.002327480811403509,0.0,On,0.044091956167623465,0,On,0.023092864663405842,0,On,0.0649226365812614,0.04869197743594604,On,0,0,Off,Off,0.0,23.888888888888914,0.0,0.0,0.0,0.0,0,0.0,1667.2815511111112,Off,0.0,0.0,27.338673857993683,51.666666666666686,46.10666666666668,0.0,50.61024733236199,0.1255263351641635,334.06002701918453,0.0,27.338673857993683,47.90627856532482,50.61024733236199,46.554294181806235,12.43753247303448,24.465814329821818,0.0,4.4,-13.962176278171029,-454.4056661786224,-0.0,-80.92684318868646,235.4332560485122,1193.2581302062044,1.0,0.017523904980618413,0.0,0.003120899266829313,0.38416741415461936,65.99961422222222,285.9370770406256,0.1837556327629069,11.929915306282751,0.0034314893170464297,11.265945276193369,1.2008529270303987
2025-01-01 14:41:00,0.17397822638697827,0.07834944355840907,0.0,0.0028996371064496378,0.0013058240593068178,0.0,0.04641943697902697,0.0,0.1275587894079513,0.0,0.0,0.0,0.07834944355840907,0.0,1,0,0,Off,0,0,Off,0,0,Off,0.039543288163284056,0.029657466122463033,On,0.0,0,Off,0.002327480811403509,0.0,On,0.044091956167623465,0,On,0.023092864663405842,0,On,0.0649226365812614,0.04869197743594604,On,0,0,Off,Off,0.0,23.888888888888914,0.0,0.0,0.0,0.0,0,0.0,1667.2815511111112,Off,0.0,0.0,27.2770248769923,51.666666666666686,46.10666666666668,0.0,50.598542922649884,0.12556483549838188,334.06002701918453,0.0,27.2770248769923,47.855559285419226,50.598542922649884,46.4840674668039,12.43753247303448,24.469234384622826,0.0,4.4,-13.656234339381427,-454.52897298101357,-0.0,-81.09509823152476,235.4332560485122,1196.7471333578685,1.0,0.017525673131339244,0.0,0.003126854983167196,0.3843111432013884,65.99961422222222,286.5345808246447,0.18372222813993494,11.931009596808925,0.003431568361336569,11.24533775150943,1.2008390703920522
2025-01-01 14:42:00,0.17397822638697827,0.07834944355840907,0.0,0.0028996371064496378,0.0013058240593068178,0.0,0.04641943697902697,0.0,0.1275587894079513,0.0,0.0,0.0,0.07834944355840907,0.0,1,0,0,Off,0,0,Off,0,0,Off,0.039543288163284056,0.029657466122463033,On,0.0,0,Off,0.002327480811403509,0.0,On,0.044091956167623465,0,On,0.023092864663405842,0,On,0.0649226365812614,0.04869197743594604,On,0,0,Off,Off,0.0,23.888888888888914,0.0,0.0,0.0,0.0,0,0.0,1667.2815511111112,Off,0.0,0.0,27.215361059485986,51.666666666666686,46.10666666666668,0.0,50.58683895824723,0.12560335799067066,334.06002701918453,0.0,27.215361059485986,47.80484865743163,50.58683895824723,46.41385350702383,12.43753247303448,24.472675600898764,0.0,4.4,-13.349594449251441,-454.6530562112098,-0.0,-81.26441163824117,235.4332560485122,1200.196512297237,1.0,0.017527452133629398,0.0,0.0031328461685191885,0.38445573420153556,65.99961422222222,287.1346173516873,0.18368859016256264,11.932890609245216,0.003431647261950326,11.224642988549432,1.2008251287954208
2025-01-01 14:43:00,0.17397822638697827,0.07834944355840907,0.0,0.0028996371064496378,0.0013058240593068178,0.0,0.04641943697902697,0.0,0.1275587894079513,0.0,0.0,0.0,0.07834944355840907,0.0,1,0,0,Off,0,0,Off,0,0,Off,0.039543288163284056,0.029657466122463033,On,0.0,0,Off,0.002327480811403509,0.0,On,0.044091956167623465,0,On,0.023092864663405842,0,On,0.0649226365812614,0.04869197743594604,On,0,0,Off,Off,0.0,23.888888888888914,0.0,0.0,0.0,0.0,0,0.0,1667.2815511111112,Off,0.0,0.0,27.153678617543733,51.666666666666686,46.10666666666668,0.0,50.57513544319292,0.12564190264677463,334.06002701918453,0.0,27.153678617543733,47.754146683444205,50.57513544319292,46.34365230356985,12.43753247303448,24.476141236475282,0.0,4.4,-13.043749991988335,-454.7780336075294,-0.0,-81.43494404246432,235.4332560485122,1203.6046670030928,1.0,0.01752924366992982,0.0,0.0031388784679063334,0.3846013235076311,65.99961422222222,287.7359716094932,0.18365468313674074,11.934783753994786,0.00343172601827786,11.203846329640916,1.2008110891027484
2025-01-01 14:44:00,0.17397822638697827,0.07834944355840907,0.0,0.0028996371064496378,0.0013058240593068178,0.0,0.04641943697902697,0.0,0.1275587894079513,0.0,0.0,0.0,0.07834944355840907,0.0,1,0,0,Off,0,0,Off,0,0,Off,0.039543288163284056,0.029657466122463033,On,0.0,0,Off,0.002327480811403509,0.0,On,0.044091956167623465,0,On,0.023092864663405842,0,On,0.0649226365812614,0.04869197743594604,On,0,0,Off,Off,0.0,23.888888888888914,0.0,0.0,0.0,0.0,0,0.0,1667.2815511111112,Off,0.0,0.0,27.091974207204487,51.666666666666686,46.10666666666668,0.0,50.56343238208842,0.12568046947057337,334.06002701918453,0.0,27.091974207204487,47.70345336607073,50.56343238208842,46.273463858061895,12.43753247303448,24.479634168119954,0.0,4.4,-12.739958961283406,-454.9040092177107,-0.0,-81.60683739279236,235.4332560485122,1206.9699554226643,1.0,0.017531049225359786,0.0,0.0031449568578637947,0.3847480313609254,65.99961422222222,288.33763160070754,0.18362047558224232,11.935913859915534,0.0034318046296072944,11.182934850697825,1.2007969397150149
2025-01-01 14:45:00,0.17397822638697827,0.07834944355840907,0.0,0.0028996371064496378,0.0013058240593068178,0.0,0.04641943697902697,0.0,0.1275587894079513,0.0,0.0,0.0,0.07834944355840907,0.0,1,0,0,Off,0,0,Off,0,0,Off,0.039543288163284056,0.029657466122463033,On,0.0,0,Off,0.002327480811403509,0.0,On,0.044091956167623465,0,On,0.023092864663405842,0,On,0.0649226365812614,0.04869197743594604,On,0,0,Off,Off,0.0,23.888888888888914,0.0,0.0,0.0,0.0,0,0.0,1667.2815511111112,Off,0.0,0.0,27.056834174098995,51.666666666666686,46.10666666666668,0.0,50.551729780031785,0.0,0.0,0.0,27.056834174098995,47.652768708394305,50.551729780031785,46.20328817257557,12.43753247303448,24.483156928180186,0.0,4.4,-12.43930980835674,-455.0310747138111,-0.0,-81.7802167474901,235.4332560485122,1210.2906903466992,1.0,0.01753287010669846,0.0,0.0031510857108675403,0.38489596344344545,65.99961422222222,288.93872560443225,0.18358593982687446,11.937835368352127,0.0034318830951367662,11.161897194484707,1.2007826704239553
2025-01-01 14:46:00,0.17397822638697827,0.07834944355840907,0.0,0.0028996371064496378,0.0013058240593068178,0.0,0.04641943697902697,0.0,0.1275587894079513,0.0,0.0,0.0,0.07834944355840907,0.0,1,0,0,Off,0,0,Off,0,0,Off,0.039543288163284056,0.029657466122463033,On,0.0,0,Off,0.002327480811403509,0.0,On,0.044091956167623465,0,On,0.023092864663405842,0,On,0.0649226365812614,0.04869197743594604,On,0,0,Off,Off,0.0,23.888888888888914,0.0,0.0,0.0,0.0,0,0.0,1667.2815511111112,Off,0.0,0.0,27.04825034514839,51.666666666666686,46.10666666666668,0.0,50.547060521775414,0.0,0.0,0.0,27.04825034514839,47.64897150839745,50.547060521775414,46.19992700170847,12.43753247303448,24.486711735991253,0.0,4.4,-12.14281855064192,-455.15931051923184,-0.0,-81.95519181277257,235.4332560485122,1213.5651360619877,1.0,0.017534707458658136,0.0,0.003157268850582946,0.385045212208904,65.99961422222222,289.53842773285027,0.18355105165853064,11.938996044528123,0.003431961413985322,11.14072342763721,1.2007682722851958
2025-01-01 14:47:00,0.17397822638697827,0.07834944355840907,0.0,0.0028996371064496378,0.0013058240593068178,0.0,0.04641943697902697,0.0,0.1275587894079513,0.0,0.0,0.0,0.07834944355840907,0.0,1,0,0,Off,0,0,Off,0,0,Off,0.039543288163284056,0.029657466122463033,On,0.0,0,Off,0.002327480811403509,0.0,On,0.044091956167623465,0,On,0.023092864663405842,0,On,0.0649226365812614,0.04869197743594604,On,0,0,Off,Off,0.0,23.888888888888914,0.0,0.0,0.0,0.0,0,0.0,1667.2815511111112,Off,0.0,0.0,27.03962839271788,51.666666666666686,46.10666666666668,0.0,50.54239273420412,0.0,0.0,0.0,27.03962839271788,47.64517551306906,50.54239273420412,46.196566902501544,12.43753247303448,24.490300523327424,0.0,4.4,-11.851459251762805,-455.28878672147937,-0.0,-82.13185818867873,235.4332560485122,1216.79150694323,1.0,0.017536562277074383,0.0,0.0031635095966874947,0.38519585796222755,65.99961422222222,290.13592960988314,0.1835157900430171,11.9409504214069,0.003432039585202815,11.119404924700794,1.2007537375154431
2025-01-01 14:48:00,0.17397822638697827,0.07834944355840907,0.0,0.0028996371064496378,0.0013058240593068178,0.0,0.04641943697902697,0.0,0.1275587894079513,0.0,0.0,0.0,0.07834944355840907,0.0,1,0,0,Off,0,0,Off,0,0,Off,0.039543288163284056,0.029657466122463033,On,0.0,0,Off,0.002327480811403509,0.0,On,0.044091956167623465,0,On,0.023092864663405842,0,On,0.0649226365812614,0.04869197743594604,On,0,0,Off,Off,0.0,23.888888888888914,0.0,0.0,0.0,0.0,0,0.0,1667.2815511111112,Off,0.0,0.0,27.030966384076617,51.666666666666686,46.10666666666668,0.0,50.53772642292483,0.0,0.0,0.0,27.030966384076617,47.641380727759476,50.53772642292483,46.19320788017681,12.43753247303448,24.49392495664598,0.0,4.4,-11.56616298374334,-455.4195638697102,-0.0,-82.31029845769764,235.4332560485122,1219.967954958921,1.0,0.017538435420435476,0.0,0.003169810804065707,0.3853479698034576,65.99961422222222,290.7304432951523,0.18348013687732304,11.942145582747543,0.003432117607778999,11.097934266734667,1.2007390594026157
2025-01-01 14:49:00,0.17397822638697827,0.07834944355840907,0.0,0.0028996371064496378,0.0013058240593068178,0.0,0.04641943697902697,0.0,0.1275587894079513,0.0,0.0,0.0,0.07834944355840907,0.0,1,0,0,Off,0,0,Off,0,0,Off,0.039543288163284056,0.029657466122463033,On,0.0,0,Off,0.002327480811403509,0.0,On,0.044091956167623465,0,On,0.023092864663405842,0,On,0.0649226365812614,0.04869197743594604,On,0,0,Off,Off,0.0,23.888888888888914,0.0,0.0,0.0,0.0,0,0.0,1667.2815511111112,Off,0.0,0.0,27.022262671909143,51.666666666666686,46.10666666666668,0.0,50.533061593831654,0.0,0.0,0.0,27.022262671909143,47.63758715809023,50.533061593831654,46.189849940219524,12.43753247303448,24.497586457484392,0.0,4.4,-11.287813233371168,-455.5516937060531,-0.0,-82.49058318300436,235.4332560485122,1223.0925785682766,1.0,0.01754032762045453,0.0,0.0031761748987500856,0.38550160649328513,65.99961422222222,291.32120760717413,0.18344407676337862,11.944136207240092,0.003432195480651919,11.076305148321017,1.2007242322234424
2025-01-01 14:50:00,0.17397822638697827,0.07834944355840907,0.0,0.0028996371064496378,0.0013058240593068178,0.0,0.04641943697902697,0.0,0.1275587894079513,0.0,0.0,0.0,0.07834944355840907,0.0,1,0,0,Off,0,0,Off,0,0,Off,0.039543288163284056,0.029657466122463033,On,0.0,0,Off,0.002327480811403509,0.0,On,0.044091956167623465,0,On,0.023092864663405842,0,On,0.0649226365812614,0.04869197743594604,On,0,0,Off,Off,0.0,23.888888888888914,0.0,0.0,0.0,0.0,0,0.0,1667.2815511111112,Off,0.0,0.0,27.01351587217348,51.666666666666686,46.10666666666668,0.0,50.52839825306349,0.0,0.0,0.0,27.01351587217348,47.633794809914065,50.52839825306349,46.18649308833936,12.43753247303448,24.501286221308803,0.0,4.4,-11.017251491330313,-455.6852198414208,-0.0,-82.672771830921,235.4332560485122,1226.163409621196,1.0,0.01754223949183889,0.0,0.003182603911131598,0.3856568172528396,65.99961422222222,291.90748413249935,0.18340759679899965,11.945368730241213,0.0034322732027156524,11.054512291624418,1.2007092511673176
2025-01-01 14:51:00,0.17397822638697827,0.07834944355840907,0.0,0.0028996371064496378,0.0013058240593068178,0.0,0.04641943697902697,0.0,0.1275587894079513,0.0,0.0,0.0,0.07834944355840907,0.0,1,0,0,Off,0,0,Off,0,0,Off,0.039543288163284056,0.029657466122463033,On,0.0,0,Off,0.002327480811403509,0.0,On,0.044091956167623465,0,On,0.023092864663405842,0,On,0.0649226365812614,0.04869197743594604,On,0,0,Off,Off,0.0,23.888888888888914,0.0,0.0,0.0,0.0,0,0.0,1667.2815511111112,Off,0.0,0.0,27.004724844119274,51.666666666666686,46.10666666666668,0.0,50.52373640696491,0.0,0.0,0.0,27.004724844119274,47.63000368927797,50.52373640696491,46.183137330434505,12.43753247303448,24.505025234594868,0.0,4.4,-10.755283035259964,-455.8201783678592,-0.0,-82.85691360676422,235.4332560485122,1229.178410807789,1.0,0.017544171541143815,0.0,0.0031890995060636935,0.38581364248862987,65.99961422222222,292.4885528908513,0.18337068638838008,11.947398023386768,0.0034323507728274546,11.032551368484823,1.2006941122672947
2025-01-01 14:52:00,0.17397822638697827,0.07834944355840907,0.0,0.0028996371064496378,0.0013058240593068178,0.0,0.04641943697902697,0.0,0.1275587894079513,0.0,0.0,0.0,0.07834944355840907,0.0,1,0,0,Off,0,0,Off,0,0,Off,0.039543288163284056,0.029657466122463033,On,0.0,0,Off,0.002327480811403509,0.0,On,0.044091956167623465,0,On,0.023092864663405842,0,On,0.0649226365812614,0.04869197743594604,On,0,0,Off,Off,0.0,23.888888888888914,0.0,0.0,0.0,0.0,0,0.0,1667.2815511111112,Off,0.0,0.0,26.995888672449404,51.666666666666686,46.10666666666668,0.0,50.519076062049926,0.0,0.0,0.0,26.995888672449404,47.62621380238901,50.519076062049926,46.17978267255855,12.43753247303448,24.508804290274604,0.0,4.4,-10.502682391517538,-455.95659841221897,-0.0,-83.04304821060347,235.4332560485122,1232.1354706135376,1.0,0.017546124174779895,0.0,0.0031956630100967833,0.3859721144483413,65.99961422222222,293.0637081827927,0.1833333370706687,11.948669899158212,0.0034324281898143656,11.010418929933506,1.2006788123376753
2025-01-01 14:53:00,0.17397822638697827,0.07834944355840907,0.0,0.0028996371064496378,0.0013058240593068178,0.0,0.04641943697902697,0.0,0.1275587894079513,0.0,0.0,0.0,0.07834944355840907,0.0,1,0,0,Off,0,0,Off,0,0,Off,0.039543288163284056,0.029657466122463033,On,0.0,0,Off,0.002327480811403509,0.0,On,0.044091956167623465,0,On,0.023092864663405842,0,On,0.0649226365812614,0.04869197743594604,On,0,0,Off,Off,0.0,23.888888888888914,0.0,0.0,0.0,0.0,0,0.0,1667.2815511111112,Off,0.0,0.0,26.987006650899094,51.666666666666686,46.10666666666668,0.0,50.51441722496857,0.0,0.0,0.0,26.987006650899094,47.62242515558271,50.51441722496857,46.176429120889786,12.43753247303448,24.51262400169278,0.0,4.4,-10.260197892833759,-456.09450263628463,-0.0,-83.23120651994614,235.4332560485122,1235.0323978493514,1.0,0.017548097706248607,0.0,0.0032022954360967047,0.3861322578135882,65.99961422222222,293.6322552148849,0.18329554236500847,11.950739463212411,0.003432505452479323,10.988112342478251,1.2006633489176217
2025-01-01 14:54:00,0.17397822638697827,0.07834944355840907,0.0,0.0028996371064496378,0.0013058240593068178,0.0,0.04641943697902697,0.0,0.1275587894079513,0.0,0.0,0.0,0.07834944355840907,0.0,1,0,0,Off,0,0,Off,0,0,Off,0.039543288163284056,0.029657466122463033,On,0.0,0,Off,0.002327480811403509,0.0,On,0.044091956167623465,0,On,0.023092864663405842,0,On,0.0649226365812614,0.04869197743594604,On,0,0,Off,Off,0.0,23.888888888888914,0.0,0.0,0.0,0.0,0,0.0,1667.2815511111112,Off,0.0,0.0,26.978078267722154,51.666666666666686,46.10666666666668,0.0,50.509759902475736,0.0,0.0,0.0,26.978078267722154,47.618637755293726,50.509759902475736,46.173076681702724,12.43753247303448,24.516484815222864,0.0,4.4,-10.02855580152746,-456.2339076887437,-0.0,-83.42141120669248,235.4332560485122,1237.8669158387906,1.0,0.017550092362683713,0.0,0.0032089975055113436,0.3862940902359867,65.99961422222222,294.19350704539653,0.1832572976303937,11.952051923846906,0.003432582559606834,10.965629730474786,1.2006477202201808
2025-01-01 14:55:00,0.17397822638697827,0.07834944355840907,0.0,0.0028996371064496378,0.0013058240593068178,0.0,0.04641943697902697,0.0,0.1275587894079513,0.0,0.0,0.0,0.07834944355840907,0.0,1,0,0,Off,0,0,Off,0,0,Off,0.039543288163284056,0.029657466122463033,On,0.0,0,Off,0.002327480811403509,0.0,On,0.044091956167623465,0,On,0.023092864663405842,0,On,0.0649226365812614,0.04869197743594604,On,0,0,Off,Off,0.0,23.888888888888914,0.0,0.0,0.0,0.0,0,0.0,1667.2815511111112,Off,0.0,0.0,26.96910319200412,51.666666666666686,46.10666666666668,0.0,50.50510410140234,0.0,0.0,0.0,26.96910319200412,47.614851608028516,50.50510410140234,46.16972536134161,12.43753247303448,24.520387021662792,0.0,4.4,-9.808464270744281,-456.3748246133061,-0.0,-83.61367729424619,235.4332560485122,1240.6366561468376,1.0,0.017552108290760957,0.0,0.0032157696684975297,0.3864576228216546,65.99961422222222,294.7467815882958,0.18321859993900444,11.954162656439468,0.003432659509968248,10.942969924036865,1.2006319250862338
2025-01-01 14:56:00,0.17397822638697827,0.07834944355840907,0.0,0.0028996371064496378,0.0013058240593068178,0.0,0.04641943697902697,0.0,0.1275587894079513,0.0,0.0,0.0,0.07834944355840907,0.0,1,0,0,Off,0,0,Off,0,0,Off,0.039543288163284056,0.029657466122463033,On,0.0,0,Off,0.002327480811403509,0.0,On,0.044091956167623465,0,On,0.023092864663405842,0,On,0.0649226365812614,0.04869197743594604,On,0,0,Off,Off,0.0,23.888888888888914,0.0,0.0,0.0,0.0,0,0.0,1667.2815511111112,Off,0.0,0.0,26.96008126221997,51.666666666666686,46.10666666666668,0.0,50.50044982862838,0.0,0.0,0.0,26.96008126221997,47.61106672033999,50.50044982862838,46.166375166195806,12.43753247303448,24.524330766509976,0.0,4.4,-9.600617173398888,-456.51725921653383,-0.0,-83.8080126596394,235.4332560485122,1243.339151849947,1.0,0.017554145562027473,0.0,0.0032226121220835305,0.38662286056835876,65.99961422222222,295.29139865426214,0.18317944796190677,11.955516278255125,0.0034327363023266663,10.920132412032585,1.2006159629429725
2025-01-01 14:57:00,0.17397822638697827,0.07834944355840907,0.0,0.0028996371064496378,0.0013058240593068178,0.0,0.04641943697902697,0.0,0.1275587894079513,0.0,0.0,0.0,0.07834944355840907,0.0,1,0,0,Off,0,0,Off,0,0,Off,0.039543288163284056,0.029657466122463033,On,0.0,0,Off,0.002327480811403509,0.0,On,0.044091956167623465,0,On,0.023092864663405842,0,On,0.0649226365812614,0.04869197743594604,On,0,0,Off,Off,0.0,23.888888888888914,0.0,0.0,0.0,0.0,0,0.0,1667.2815511111112,Off,0.0,0.0,26.95101247504505,51.666666666666686,46.10666666666668,0.0,50.49579709105782,0.0,0.0,0.0,26.95101247504505,47.607283098803734,50.49579709105782,46.163026102676696,12.43753247303448,24.528316059204712,0.0,4.4,-9.405697790012624,-456.6612123985791,-0.0,-84.00441848503633,235.4332560485122,1245.97183029815,1.0,0.017556204177697227,0.0,0.0032295248265245694,0.38678980275910113,65.99961422222222,295.8266770450906,0.1831398418661398,11.957668465539946,0.003432812935441525,10.897117299760543,1.200599833766539
2025-01-01 14:58:00,0.17397822638697827,0.07834944355840907,0.0,0.0028996371064496378,0.0013058240593068178,0.0,0.04641943697902697,0.0,0.1275587894079513,0.0,0.0,0.0,0.07834944355840907,0.0,1,0,0,Off,0,0,Off,0,0,Off,0.039543288163284056,0.029657466122463033,On,0.0,0,Off,0.002327480811403509,0.0,On,0.044091956167623465,0,On,0.023092864663405842,0,On,0.0649226365812614,0.04869197743594604,On,0,0,Off,Off,0.0,23.888888888888914,0.0,0.0,0.0,0.0,0,0.0,1667.2815511111112,Off,0.0,0.0,26.941896975769158,51.666666666666686,46.10666666666668,0.0,50.49114589559502,0.0,0.0,0.0,26.941896975769158,47.603500749995774,50.49114589559502,46.159678177196156,12.43753247303448,24.532342781422916,0.0,4.4,-9.224382361464478,-456.8066804497282,-0.0,-84.20288966257176,235.4332560485122,1248.5320053576768,1.0,0.01755828407295445,0.0,0.003236507519994072,0.3869584433155802,65.99961422222222,296.3519317023233,0.18309978322227502,11.959063253143974,0.003432889408072885,10.873925270937262,1.200583538048505
2025-01-01 14:59:00,0.17397822638697827,0.07834944355840907,0.0,0.0028996371064496378,0.0013058240593068178,0.0,0.04641943697902697,0.0,0.1275587894079513,0.0,0.0,0.0,0.07834944355840907,0.0,1,0,0,Off,0,0,Off,0,0,Off,0.039543288163284056,0.029657466122463033,On,0.0,0,Off,0.002327480811403509,0.0,On,0.044091956167623465,0,On,0.023092864663405842,0,On,0.0649226365812614,0.04869197743594604,On,0,0,Off,Off,0.0,23.888888888888914,0.0,0.0,0.0,0.0,0,0.0,1667.2815511111112,Off,0.0,0.0,26.932735049723338,51.666666666666686,46.10666666666668,0.0,50.48649624912269,0.0,0.0,0.0,26.932735049723338,47.599719680471765,50.48649624912269,46.156331396146314,12.43753247303448,24.536410694491327,0.0,4.4,-9.057343269225981,-456.95365531537163,-0.0,-84.40341515610315,235.4332560485122,1251.0168706550767,1.0,0.01756038512080286,0.0,0.0032435597317396515,0.3871287711146314,65.99961422222222,296.8664711537366,0.18305927492167254,11.961256645366724,0.003432965718985457,10.850557553663434,1.2005670767658947
2025-01-01 15:00:00,0.18187150958354906,0.07898410699420569,0.0,0.0030311918263924843,0.0013164017832367615,0.0,0.050880101418900814,0.0,0.13099140816464824,0.0,0.0,0.0,0.07898410699420569,0.0,1,0,0,Off,0,0,Off,0,0,Off,0.03860178130225349,0.02895133597669011,On,0.0,0,Off,0.0027153942799707604,0.0,On,0.048164707138930056,0,On,0.0256792655057073,0,On,0.06671036135668745,0.050032771017515576,On,0,0,Off,Off,0.0,23.888888888888914,0.0,0.0,0.0,0.0,0,0.0,1667.2815511111112,Off,0.0,0.0,26.843892529437994,51.666666666666686,46.10666666666668,0.0,50.48184815848104,0.37721862751333946,1000.5055947065802,0.0,26.843892529437994,47.595939896747325,50.48184815848104,46.15298576588047,12.43753247303448,24.5405194460006,0.0,4.4,-1.1371110766544916,-457.1021248321083,-0.0,-84.60597832356817,243.20139851080316,1253.4234839768667,1.0,0.017562507135499967,0.0,0.0032506807938365717,0.38730077027084686,65.99961422222222,297.3695935682188,0.1830183211025391,11.96269209953098,0.0034330418669523913,10.864558110308884,1.200550451354439
2025-01-01 15:01:00,2.6817680873613274,0.07898410699420569,0.0,0.044696134789355454,0.0013164017832367615,0.0,0.050880101418900814,2.499896577777778,0.13099140816464824,0.0,0.0,0.0,0.07898410699420569,0.0,1,0,0,Off,0,0,Off,0,0,Off,0.03860178130225349,0.02895133597669011,On,0.0,0,Off,0.0027153942799707604,0.0,On,0.048164707138930056,0,On,0.0256792655057073,0,On,0.06671036135668745,0.050032771017515576,On,0,0,Off,Off,0.0,23.888888888888914,0.0,0.0,0.0,0.0,0,0.0,1667.2815511111112,Lower On,2499.896577777778,1.0,26.873133763703095,51.666666666666686,46.10666666666668,0.0,50.45613824532319,0.37747371993342926,1000.5055947065802,2499.896577777778,26.873133763703095,47.451760003245994,50.45613824532319,45.949570882207404,12.43753247303448,24.544949049026712,0.0,4.4,-1.0332976854747358,-457.26220985453836,-0.0,-84.82438725807329,243.20139851080316,1255.7487675663735,1.0,0.017564794716147754,0.0,0.003258355746443692,0.3874861573829306,65.99961422222222,297.8519009163338,0.1829738710296136,11.964290101736594,0.003433118114229494,10.839561606254357,1.200532532411267
2025-01-01 15:02:00,2.6817680873613274,0.07898410699420569,0.0,0.044696134789355454,0.0013164017832367615,0.0,0.050880101418900814,2.499896577777778,0.13099140816464824,0.0,0.0,0.0,0.07898410699420569,0.0,1,0,0,Off,0,0,Off,0,0,Off,0.03860178130225349,0.02895133597669011,On,0.0,0,Off,0.0027153942799707604,0.0,On,0.048164707138930056,0,On,0.0256792655057073,0,On,0.06671036135668745,0.050032771017515576,On,0,0,Off,Off,0.0,23.888888888888914,0.0,0.0,0.0,0.0,0,0.0,1667.2815511111112,Lower On,2499.896577777778,1.0,27.10039694458976,51.666666666666686,46.10666666666668,0.0,50.430436712536675,0.37772907427875013,1000.5055947065802,2499.896577777778,27.10039694458976,47.658415546787616,50.430436712536675,46.27240496391309,12.43753247303448,24.549410219404574,0.0,4.4,-0.9474727886404253,-457.42345831630524,-0.0,-85.04438167009334,243.20139851080316,1257.9894909498457,1.0,0.01756709845054309,0.0,0.003266083097187842,0.3876728201380243,65.99961422222222,298.3189686869549,0.18292907863040023,11.966682155017931,0.003433194187217008,10.814434165294188,1.2005144868276398
2025-01-01 15:03:00,2.6817680873613274,0.07898410699420569,0.0,0.044696134789355454,0.0013164017832367615,0.0,0.050880101418900814,2.499896577777778,0.13099140816464824,0.0,0.0,0.0,0.07898410699420569,0.0,1,0,0,Off,0,0,Off,0,0,Off,0.03860178130225349,0.02895133597669011,On,0.0,0,Off,0.0027153942799707604,0.0,On,0.048164707138930056,0,On,0.0256792655057073,0,On,0.06671036135668745,0.050032771017515576,On,0,0,Off,Off,0.0,23.888888888888914,0.0,0.0,0.0,0.0,0,0.0,1667.2815511111112,Lower On,2499.896577777778,1.0,27.3275884022288,51.666666666666686,46.10666666666668,0.0,50.40475332028155,0.3779845937443412,1000.5055947065802,2499.896577777778,27.3275884022288,47.86503919584578,50.40475332028155,46.59518213362791,12.43753247303448,24.55390261894492,0.0,4.4,-0.8765739032529609,-457.5858584708041,-0.0,-85.26594549385806,243.20139851080316,1260.1422613745558,1.0,0.017569418160933055,0.0,0.0032738622130397436,0.38786074344874377,65.99961422222222,298.7738315506061,0.18288394784850343,11.968310992352055,0.003433270084998796,10.78917744239439,1.2004963159794084
2025-01-01 15:04:00,2.6817680873613274,0.07898410699420569,0.0,0.044696134789355454,0.0013164017832367615,0.0,0.050880101418900814,2.499896577777778,0.13099140816464824,0.0,0.0,0.0,0.07898410699420569,0.0,1,0,0,Off,0,0,Off,0,0,Off,0.03860178130225349,0.02895133597669011,On,0.0,0,Off,0.0027153942799707604,0.0,On,0.048164707138930056,0,On,0.0256792655057073,0,On,0.06671036135668745,0.050032771017515576,On,0,0,Off,Off,0.0,23.888888888888914,0.0,0.0,0.0,0.0,0,0.0,1667.2815511111112,Lower On,2499.896577777778,1.0,27.554708518165285,51.666666666666686,46.10666666666668,0.0,50.379088068038094,0.378240278304198,1000.5055947065804,2499.896577777778,27.554708518165285,48.07163096048626,50.379088068038094,46.917902406710354,12.43753247303448,24.558425929363334,0.0,4.4,-0.8213087493340936,-457.74939928750626,-0.0,-85.48906364079458,243.20139851080316,1262.2035116229927,1.0,0.01757175367986678,0.0,0.0032816924958431032,0.38804991306834075,65.99961422222222,299.2157556681635,0.18283848240843584,11.970733799074454,0.003433345806670153,10.763793002192507,1.2004780211620636
2025-01-01 15:05:00,2.6817680873613274,0.07898410699420569,0.0,0.044696134789355454,0.0013164017832367615,0.0,0.050880101418900814,2.499896577777778,0.13099140816464824,0.0,0.0,0.0,0.07898410699420569,0.0,1,0,0,Off,0,0,Off,0,0,Off,0.03860178130225349,0.02895133597669011,On,0.0,0,Off,0.0027153942799707604,0.0,On,0.048164707138930056,0,On,0.0256792655057073,0,On,0.06671036135668745,0.050032771017515576,On,0,0,Off,Off,0.0,23.888888888888914,0.0,0.0,0.0,0.0,0,0.0,1667.2815511111112,Lower On,2499.896577777778,1.0,27.781757809629767,51.666666666666686,46.10666666666668,0.0,50.353440955232216,0.3784961279323283,1000.5055947065802,2499.896577777778,27.781757809629767,48.27819085072126,50.353440955232216,47.24056579846579,12.43753247303448,24.56297971588865,0.0,4.4,-0.7831539557752194,-457.91406552004304,-0.0,-85.71371527098572,243.20139851080316,1264.169486899583,1.0,0.017574104779776754,0.0,0.0032895731462748022,0.38824030988799196,65.99961422222222,299.6432283244504,0.18279268730703438,11.972392743287115,0.0034334213513371767,10.738282934308117,1.2004596041407165
2025-01-01 15:06:00,2.6817680873613274,0.07898410699420569,0.0,0.044696134789355454,0.0013164017832367615,0.0,0.050880101418900814,2.499896577777778,0.13099140816464824,0.0,0.0,0.0,0.07898410699420569,0.0,1,0,0,Off,0,0,Off,0,0,Off,0.03860178130225349,0.02895133597669011,On,0.0,0,Off,0.0027153942799707604,0.0,On,0.048164707138930056,0,On,0.0256792655057073,0,On,0.06671036135668745,0.050032771017515576,On,0,0,Off,Off,0.0,23.888888888888914,0.0,0.0,0.0,0.0,0,0.0,1667.2815511111112,Lower On,2499.896577777778,1.0,28.008736954636106,51.666666666666686,46.10666666666668,0.0,50.32781198121533,0.3787521426029557,1000.50559470658,2499.896577777778,28.008736954636106,48.4847188764904,50.32781198121533,47.56317232412793,12.43753247303448,24.56756340536344,0.0,4.4,-0.7631615669597522,-458.0798369109884,-0.0,-85.93987270853847,243.20139851080316,1266.0362306386162,1.0,0.01757647116169405,0.0,0.0032975031262832033,0.3884319090278426,65.99961422222222,300.0551495417639,0.18274656905112394,11.974845401107455,0.003433496718120425,10.712649951497433,1.2004410672383221
2025-01-01 15:07:00,2.6817680873613274,0.07898410699420569,0.0,0.044696134789355454,0.0013164017832367615,0.0,0.050880101418900814,2.499896577777778,0.13099140816464824,0.0,0.0,0.0,0.07898410699420569,0.0,1,0,0,Off,0,0,Off,0,0,Off,0.03860178130225349,0.02895133597669011,On,0.0,0,Off,0.0027153942799707604,0.0,On,0.048164707138930056,0,On,0.0256792655057073,0,On,0.06671036135668745,0.050032771017515576,On,0,0,Off,Off,0.0,23.888888888888914,0.0,0.0,0.0,0.0,0,0.0,1667.2815511111112,Lower On,2499.896577777778,1.0,28.23564676755916,51.666666666666686,46.10666666666668,0.0,50.302201145240446,0.3790083222907622,1000.5055947065802,2499.896577777778,28.23564676755916,48.69121504763814,50.302201145240446,47.88572199883699,12.43753247303448,24.572176307365137,0.0,4.4,-0.762123427562301,-458.24668895209567,-0.0,-86.16750247904822,243.20139851080316,1267.7995691614592,1.0,0.017578852466176135,0.0,0.0033054811959948543,0.3886246807271316,65.99961422222222,300.45066949277845,0.18270013542466781,11.97653328756579,0.0034335719061592547,10.686897293660785,1.200422413250424
2025-01-01 15:08:00,2.6817680873613274,0.07898410699420569,0.0,0.044696134789355454,0.0013164017832367615,0.0,0.050880101418900814,2.499896577777778,0.13099140816464824,0.0,0.0,0.0,0.07898410699420569,0.0,1,0,0,Off,0,0,Off,0,0,Off,0.03860178130225349,0.02895133597669011,On,0.0,0,Off,0.0027153942799707604,0.0,On,0.048164707138930056,0,On,0.0256792655057073,0,On,0.06671036135668745,0.050032771017515576,On,0,0,Off,Off,0.0,23.888888888888914,0.0,0.0,0.0,0.0,0,0.0,1667.2815511111112,Lower On,2499.896577777778,1.0,28.462488183256596,51.666666666666686,46.10666666666668,0.0,50.276608446441884,0.3792646669710962,1000.5055947065804,2499.896577777778,28.462488183256596,48.89767937389466,50.276608446441884,48.208214837621064,12.43753247303448,24.576817627834767,0.0,4.4,-0.7808366336196286,-458.4145933740742,-0.0,-86.39656597804394,243.20139851080316,1269.4550950900891,1.0,0.01758124828036325,0.0,0.003313505937607178,0.3888185909201051,65.99961422222222,300.8289242076953,0.1826533953380811,11.978234996123486,0.003433646914615495,10.6610286657384,1.2004036453901248
2025-01-01 15:09:00,2.6817680873613274,0.07898410699420569,0.0,0.044696134789355454,0.0013164017832367615,0.0,0.050880101418900814,2.499896577777778,0.13099140816464824,0.0,0.0,0.0,0.07898410699420569,0.0,1,0,0,Off,0,0,Off,0,0,Off,0.03860178130225349,0.02895133597669011,On,0.0,0,Off,0.0027153942799707604,0.0,On,0.048164707138930056,0,On,0.0256792655057073,0,On,0.06671036135668745,0.050032771017515576,On,0,0,Off,Off,0.0,23.888888888888914,0.0,0.0,0.0,0.0,0,0.0,1667.2815511111112,Lower On,2499.896577777778,1.0,28.689262253219,51.666666666666686,46.10666666666668,0.0,50.2510338838174,0.3795211766201587,1000.5055947065802,2499.896577777778,28.689262253219,49.10411186485895,50.2510338838174,48.53065085537974,12.43753247303448,24.581486472258955,0.0,4.4,-0.8201657307757841,-458.58351825874547,-0.0,-86.62701962423826,243.20139851080316,1270.9981493524901,1.0,0.01758365813964033,0.0,0.0033215757611879037,0.38901360137486113,65.99961422222222,301.18897364140486,0.18260635879186266,11.980729602251916,0.003433721742676688,10.635048222770187,1.2003847672751837
2025-01-01 15:10:00,2.6817680873613274,0.07898410699420569,0.0,0.044696134789355454,0.0013164017832367615,0.0,0.050880101418900814,2.499896577777778,0.13099140816464824,0.0,0.0,0.0,0.07898410699420569,0.0,1,0,0,Off,0,0,Off,0,0,Off,0.03860178130225349,0.02895133597669011,On,0.0,0,Off,0.0027153942799707604,0.0,On,0.048164707138930056,0,On,0.0256792655057073,0,On,0.06671036135668745,0.050032771017515576,On,0,0,Off,Off,0.0,23.888888888888914,0.0,0.0,0.0,0.0,0,0.0,1667.2815511111112,Lower On,2499.896577777778,1.0,28.915970145114443,51.666666666666686,46.10666666666668,0.0,50.22547745621082,0.3797778512151857,1000.50559470658,2499.896577777778,28.915970145114443,49.31051252998242,50.22547745621082,48.85303006686822,12.43753247303448,24.58618184621363,0.0,4.4,-0.881023652160593,-458.753428055783,-0.0,-86.85881488260453,243.20139851080316,1272.4238026310504,1.0,0.017586081527936878,0.0,0.0033296889059098653,0.3892096697219066,65.99961422222222,301.5298207754238,0.18255903686902603,11.98245766809821,0.0034337963895592245,10.608960566856162,1.2003657829257512
2025-01-01 15:11:00,2.6817680873613274,0.07898410699420569,0.0,0.044696134789355454,0.0013164017832367615,0.0,0.050880101418900814,2.499896577777778,0.13099140816464824,0.0,0.0,0.0,0.07898410699420569,0.0,1,0,0,Off,0,0,Off,0,0,Off,0.03860178130225349,0.02895133597669011,On,0.0,0,Off,0.0027153942799707604,0.0,On,0.048164707138930056,0,On,0.0256792655057073,0,On,0.06671036135668745,0.050032771017515576,On,0,0,Off,Off,0.0,23.888888888888914,0.0,0.0,0.0,0.0,0,0.0,1667.2815511111112,Lower On,2499.896577777778,1.0,29.142613141556808,51.666666666666686,46.10666666666668,0.0,50.19993916229479,0.38003469073463,1000.5055947065802,2499.896577777778,29.142613141556808,49.51688137855258,50.19993916229479,49.17535248668149,12.43753247303448,24.59090265624716,0.0,4.4,2.63269184952901,-458.9242836117175,-0.0,-87.091898304189,243.20139851080316,1294.951261015617,1.0,0.01758851787820211,0.0,0.0033378434418733323,0.38940674949691045,65.99961422222222,305.4474752546323,0.18251144172383918,11.984977838343132,0.0034338708545114615,10.58277074258028,1.2003466967607375
2025-01-01 15:12:00,2.6817680873613274,0.07898410699420569,0.0,0.044696134789355454,0.0013164017832367615,0.0,0.050880101418900814,2.499896577777778,0.13099140816464824,0.0,0.0,0.0,0.07898410699420569,0.0,1,0,0,Off,0,0,Off,0,0,Off,0.03860178130225349,0.02895133597669011,On,0.0,0,Off,0.0027153942799707604,0.0,On,0.048164707138930056,0,On,0.0256792655057073,0,On,0.06671036135668745,0.050032771017515576,On,0,0,Off,Off,0.0,23.888888888888914,0.0,0.0,0.0,0.0,0,0.0,1667.2815511111112,Lower On,2499.896577777778,1.0,29.36903140485083,51.666666666666686,46.10666666666668,0.0,50.1744190005537,0.3802916951583442,1000.50559470658,2499.896577777778,29.36903140485083,49.723218419676996,50.1744190005537,49.49761812923865,12.43753247303448,24.59578629096101,0.0,4.4,2.8193371281818145,-459.10105882567797,-0.0,-87.3330552224206,243.20139851080316,1298.352698848304,1.0,0.017591038084933685,0.0,0.0033462765353249753,0.38961057322695947,65.99961422222222,306.0520526654772,0.1824620745281139,11.986800244135976,0.0034339451368168078,10.555859723903772,1.2003269549242273
2025-01-01 15:13:00,2.6817680873613274,0.07898410699420569,0.0,0.044696134789355454,0.0013164017832367615,0.0,0.050880101418900814,2.499896577777778,0.13099140816464824,0.0,0.0,0.0,0.07898410699420569,0.0,1,0,0,Off,0,0,Off,0,0,Off,0.03860178130225349,0.02895133597669011,On,0.0,0,Off,0.0027153942799707604,0.0,On,0.048164707138930056,0,On,0.0256792655057073,0,On,0.06671036135668745,0.050032771017515576,On,0,0,Off,Off,0.0,23.888888888888914,0.0,0.0,0.0,0.0,0,0.0,1667.2815511111112,Lower On,2499.896577777778,1.0,29.59535885951368,51.666666666666686,46.10666666666668,0.0,50.148916993231225,0.38054886422593465,1000.50559470658,2499.896577777778,29.59535885951368,49.92952368489507,50.148916993231225,49.81982703072699,12.43753247303448,24.600717674110886,0.0,4.4,3.074417351517809,-459.27958996956727,-0.0,-87.57660533227673,243.20139851080316,1301.7205424031836,1.0,0.017593582751477054,0.0,0.0033547892975365023,0.3898163346263437,65.99961422222222,306.72921414255865,0.1824121918505148,11.988646231499864,0.003434019231447659,10.528746696339425,1.20030702138522
2025-01-01 15:14:00,2.6817680873613274,0.07898410699420569,0.0,0.044696134789355454,0.0013164017832367615,0.0,0.050880101418900814,2.499896577777778,0.13099140816464824,0.0,0.0,0.0,0.07898410699420569,0.0,1,0,0,Off,0,0,Off,0,0,Off,0.03860178130225349,0.02895133597669011,On,0.0,0,Off,0.0027153942799707604,0.0,On,0.048164707138930056,0,On,0.0256792655057073,0,On,0.06671036135668745,0.050032771017515576,On,0,0,Off,Off,0.0,23.888888888888914,0.0,0.0,0.0,0.0,0,0.0,1667.2815511111112,Lower On,2499.896577777778,1.0,29.82159274627145,51.666666666666686,46.10666666666668,0.0,50.123433142667736,0.3808061978763376,1000.5055947065802,2499.896577777778,29.82159274627145,50.135797186951024,50.14197920909267,50.123433142667736,12.43753247303448,24.605699189644636,0.0,4.4,3.345677971795112,-459.4599641718889,-0.0,-87.82266742520183,243.20139851080316,1305.0538372282972,1.0,0.017596153102621123,0.0,0.0033633857624128043,0.3900241315511033,65.99961422222222,307.4269110580826,0.18236176811103755,11.991297233308465,0.0034340931369916637,10.501421129976691,1.2002868865538878
2025-01-01 15:15:00,2.6817680873613274,0.07898410699420569,0.0,0.044696134789355454,0.0013164017832367615,0.0,0.050880101418900814,2.499896577777778,0.13099140816464824,0.0,0.0,0.0,0.07898410699420569,0.0,1,0,0,Off,0,0,Off,0,0,Off,0.03860178130225349,0.02895133597669011,On,0.0,0,Off,0.0027153942799707604,0.0,On,0.048164707138930056,0,On,0.0256792655057073,0,On,0.06671036135668745,0.050032771017515576,On,0,0,Off,Off,0.0,23.888888888888914,0.0,0.0,0.0,0.0,0,0.0,1667.2815511111112,Lower On,2499.896577777778,1.0,30.082442411250554,51.666666666666686,46.10666666666668,0.0,50.34203893897634,0.2534627501052956,669.7945403893424,2499.896577777778,30.082442411250554,50.34203893897634,50.34203893897634,50.34203893897634,12.43753247303448,24.610731221963405,0.0,4.4,3.606400082985374,-459.6421962053006,-0.0,-88.07126158280448,243.20139851080316,1308.3515714528855,1.0,0.017598749331138988,0.0,0.003372066508838671,0.3902339783605812,65.99961422222222,308.11845936028726,0.18231079956006446,11.993193118661724,0.0034341668519629826,10.473881515356041,1.200266548902066
2025-01-01 15:16:00,2.6817680873613274,0.07898410699420569,0.0,0.044696134789355454,0.0013164017832367615,0.0,0.050880101418900814,2.499896577777778,0.13099140816464824,0.0,0.0,0.0,0.07898410699420569,0.0,1,0,0,Off,0,0,Off,0,0,Off,0.03860178130225349,0.02895133597669011,On,0.0,0,Off,0.0027153942799707604,0.0,On,0.048164707138930056,0,On,0.0256792655057073,0,On,0.06671036135668745,0.050032771017515576,On,0,0,Off,Off,0.0,23.888888888888914,0.0,0.0,0.0,0.0,0,0.0,1667.2815511111112,Lower On,2499.896577777778,1.0,30.370443544377054,51.666666666666686,46.10666666666668,0.0,50.59465660874551,0.2517847104009102,669.7945403893424,2499.896577777778,30.370443544377054,50.5946566087455,50.59465660874551,50.59465660874551,12.43753247303448,24.615813158901585,0.0,4.4,3.8528162302900455,-459.8262647611111,-0.0,-88.32235866507888,243.20139851080316,1311.6126695704884,1.0,0.017601371115579557,0.0,0.0033808303957474466,0.39044584783961644,65.99961422222222,308.8000411456768,0.18225929331795876,11.995113658144035,0.003434240374865104,10.446130835306057,1.2002460109190114
2025-01-01 15:17:00,2.6817680873613274,0.07898410699420569,0.0,0.044696134789355454,0.0013164017832367615,0.0,0.050880101418900814,2.499896577777778,0.13099140816464824,0.0,0.0,0.0,0.07898410699420569,0.0,1,0,0,Off,0,0,Off,0,0,Off,0.03860178130225349,0.02895133597669011,On,0.0,0,Off,0.0027153942799707604,0.0,On,0.048164707138930056,0,On,0.0256792655057073,0,On,0.06671036135668745,0.050032771017515576,On,0,0,Off,Off,0.0,23.888888888888914,0.0,0.0,0.0,0.0,0,0.0,1667.2815511111112,Lower On,2499.896577777778,1.0,30.658340471292718,51.666666666666686,46.10666666666668,0.0,50.84723385996849,0.2501290065616018,669.7945403893424,2499.896577777778,30.658340471292718,50.84723385996849,50.8472338599685,50.84723385996849,12.43753247303448,24.620944242093145,0.0,4.4,4.087430016759754,-460.0121432282173,-0.0,-88.5759222992369,243.20139851080316,1314.8359856278398,1.0,0.01760401805911459,0.0,0.0033896760307584187,0.390659706693838,65.99961422222222,309.47409703341077,0.1822072580956673,11.997839134283058,0.003434313704222129,10.418172730128639,1.2002252756831195
2025-01-01 15:18:00,2.6817680873613274,0.07898410699420569,0.0,0.044696134789355454,0.0013164017832367615,0.0,0.050880101418900814,2.499896577777778,0.13099140816464824,0.0,0.0,0.0,0.07898410699420569,0.0,1,0,0,Off,0,0,Off,0,0,Off,0.03860178130225349,0.02895133597669011,On,0.0,0,Off,0.0027153942799707604,0.0,On,0.048164707138930056,0,On,0.0256792655057073,0,On,0.06671036135668745,0.050032771017515576,On,0,0,Off,Off,0.0,23.888888888888914,0.0,0.0,0.0,0.0,0,0.0,1667.2815511111112,Lower On,2499.896577777778,1.0,30.946133998305072,51.666666666666686,46.10666666666668,0.0,51.099770707269755,0.24849519554546334,669.7945403893424,2499.896577777778,30.946133998305072,51.099770707269755,51.09977070726976,51.099770707269755,12.43753247303448,24.626123793178607,0.0,4.4,4.311835539250751,-460.19980788500874,-0.0,-88.83192005480386,243.20139851080316,1318.0202957841398,1.0,0.017606689806248268,0.0,0.0033986021604102577,0.39087552498307787,65.99961422222222,310.1421649682602,0.18215470172875156,11.999807999120112,0.003434386838583353,10.39001047824808,1.200204345950071
2025-01-01 15:19:00,2.6817680873613274,0.07898410699420569,0.0,0.044696134789355454,0.0013164017832367615,0.0,0.050880101418900814,2.499896577777778,0.13099140816464824,0.0,0.0,0.0,0.07898410699420569,0.0,1,0,0,Off,0,0,Off,0,0,Off,0.03860178130225349,0.02895133597669011,On,0.0,0,Off,0.0027153942799707604,0.0,On,0.048164707138930056,0,On,0.0256792655057073,0,On,0.06671036135668745,0.050032771017515576,On,0,0,Off,Off,0.0,23.888888888888914,0.0,0.0,0.0,0.0,0,0.0,1667.2815511111112,Lower On,2499.896577777778,1.0,31.23382487928825,51.666666666666686,46.10666666666668,0.0,51.35226716516061,0.24688284595154922,669.7945403893425,2499.896577777778,31.23382487928825,51.35226716516061,51.35226716516061,51.35226716516061,12.43753247303448,24.631351178587106,0.0,4.4,4.52620808733559,-460.38923662500315,-0.0,-89.09032170509379,243.20139851080316,1321.164290081231,1.0,0.017609386024640086,0.0,0.0034076076093025823,0.3910932746506438,65.99961422222222,310.8043679066293,0.18210163156179734,12.001800449851858,0.003434459776520748,10.361647155111648,1.2001832242948223
2025-01-01 15:20:00,2.6817680873613274,0.07898410699420569,0.0,0.044696134789355454,0.0013164017832367615,0.0,0.050880101418900814,2.499896577777778,0.13099140816464824,0.0,0.0,0.0,0.07898410699420569,0.0,1,0,0,Off,0,0,Off,0,0,Off,0.03860178130225349,0.02895133597669011,On,0.0,0,Off,0.0027153942799707604,0.0,On,0.048164707138930056,0,On,0.0256792655057073,0,On,0.06671036135668745,0.050032771017515576,On,0,0,Off,Off,0.0,23.888888888888914,0.0,0.0,0.0,0.0,0,0.0,1667.2815511111112,Lower On,2499.896577777778,1.0,31.521413877549435,51.666666666666686,46.10666666666668,0.0,51.60472324804657,0.24529153763999095,669.7945403893424,2499.896577777778,31.521413877549435,51.60472324804657,51.60472324804657,51.60472324804657,12.43753247303448,24.636625756802943,0.0,4.4,4.730182092327254,-460.5804070464044,-0.0,-89.35109662111384,243.20139851080316,1324.2665634626017,1.0,0.017612106377902354,0.0,0.0034166911891993254,0.3913129273256801,65.99961422222222,311.46028724904227,0.18204805502280794,12.004597283785397,0.003434532516627548,10.333085870698568,1.2001619133241612
2025-01-01 15:21:00,0.18187150958354906,0.07898410699420569,0.0,0.0030311918263924843,0.0013164017832367615,0.0,0.050880101418900814,0.0,0.13099140816464824,0.0,0.0,0.0,0.07898410699420569,0.0,1,0,0,Off,0,0,Off,0,0,Off,0.03860178130225349,0.02895133597669011,On,0.0,0,Off,0.0027153942799707604,0.0,On,0.048164707138930056,0,On,0.0256792655057073,0,On,0.06671036135668745,0.050032771017515576,On,0,0,Off,Off,0.0,23.888888888888914,0.0,0.0,0.0,0.0,0,0.0,1667.2815511111112,Off,0.0,0.0,31.610828416682466,51.666666666666686,46.10666666666668,0.0,51.857138970226,0.24372086136694612,669.7945403893425,0.0,31.610828416682466,51.857138970226,51.85713897022601,51.857138970226,12.43753247303448,24.641946858420987,0.0,4.4,4.923362375328338,-460.77329572847094,-0.0,-89.61421278452549,243.20139851080316,1327.3256078995296,1.0,0.017614850515318803,0.0,0.003425851664757946,0.3915344534941207,65.99961422222222,312.1094723775217,0.1819939798398216,12.006636051719216,0.003434605057518495,10.304329859135677,1.2001404157570694
2025-01-01 15:22:00,0.18187150958354906,0.07898410699420569,0.0,0.0030311918263924843,0.0013164017832367615,0.0,0.050880101418900814,0.0,0.13099140816464824,0.0,0.0,0.0,0.07898410699420569,0.0,1,0,0,Off,0,0,Off,0,0,Off,0.03860178130225349,0.02895133597669011,On,0.0,0,Off,0.0027153942799707604,0.0,On,0.048164707138930056,0,On,0.0256792655057073,0,On,0.06671036135668745,0.050032771017515576,On,0,0,Off,Off,0.0,23.888888888888914,0.0,0.0,0.0,0.0,0,0.0,1667.2815511111112,Off,0.0,0.0,31.492792390491218,51.666666666666686,46.10666666666668,0.0,51.83833166805514,0.243837197379888,669.7945403893425,0.0,31.492792390491218,51.75870260301878,51.83833166805514,51.71888807050061,12.43753247303448,24.647313785377374,0.0,4.4,5.105437560668406,-460.96787820242906,-0.0,-89.87963674806458,243.20139851080316,1330.3397933039569,1.0,0.0176176180714557,0.0,0.003435087752325369,0.3917578224690477,65.99961422222222,312.7515540003589,0.18193941404857722,12.00869736932081,0.0034346773978307025,10.275382481905467,1.2001187344277975
2025-01-01 15:23:00,0.18187150958354906,0.07898410699420569,0.0,0.0030311918263924843,0.0013164017832367615,0.0,0.050880101418900814,0.0,0.13099140816464824,0.0,0.0,0.0,0.07898410699420569,0.0,1,0,0,Off,0,0,Off,0,0,Off,0.03860178130225349,0.02895133597669011,On,0.0,0,Off,0.0027153942799707604,0.0,On,0.048164707138930056,0,On,0.0256792655057073,0,On,0.06671036135668745,0.050032771017515576,On,0,0,Off,Off,0.0,23.888888888888914,0.0,0.0,0.0,0.0,0,0.0,1667.2815511111112,Off,0.0,0.0,31.37472258503442,51.666666666666686,46.10666666666668,0.0,51.8195241170523,0.24395364604930941,669.7945403893425,0.0,31.37472258503442,51.660282801178944,51.8195241170523,51.58066214324227,12.43753247303448,24.65272581432936,0.0,4.4,5.2761359310186435,-461.1641290728093,-0.0,-90.14733380115226,243.20139851080316,1333.3073678407275,1.0,0.017620408667912632,0.0,0.00344439812587473,0.3919830025337439,65.99961422222222,313.38620029417706,0.18188436595506488,12.011562461009985,0.003434749536224547,10.246247212381121,1.2000968722722132
2025-01-01 15:24:00,0.18187150958354906,0.07898410699420569,0.0,0.0030311918263924843,0.0013164017832367615,0.0,0.050880101418900814,0.0,0.13099140816464824,0.0,0.0,0.0,0.07898410699420569,0.0,1,0,0,Off,0,0,Off,0,0,Off,0.03860178130225349,0.02895133597669011,On,0.0,0,Off,0.0027153942799707604,0.0,On,0.048164707138930056,0,On,0.0256792655057073,0,On,0.06671036135668745,0.050032771017515576,On,0,0,Off,Off,0.0,23.888888888888914,0.0,0.0,0.0,0.0,0,0.0,1667.2815511111112,Off,0.0,0.0,31.25661987495357,51.666666666666686,46.10666666666668,0.0,51.80071632599521,0.24407020748447303,669.7945403893425,0.0,31.25661987495357,51.56187956944713,51.80071632599521,51.44246119117309,12.43753247303448,24.65818219821244,0.0,4.4,5.435168194995754,-461.3620220727805,-0.0,-90.41726804546589,243.20139851080316,1336.2264363953634,1.0,0.01762322191413277,0.0,0.003453781419796845,0.3922099610087153,65.99961422222222,314.01305980243905,0.18182884411791198,12.013667906382503,0.0034348214713844486,10.216927628578873,1.2000748323214963
2025-01-01 15:25:00,0.18187150958354906,0.07898410699420569,0.0,0.0030311918263924843,0.0013164017832367615,0.0,0.050880101418900814,0.0,0.13099140816464824,0.0,0.0,0.0,0.07898410699420569,0.0,1,0,0,Off,0,0,Off,0,0,Off,0.03860178130225349,0.02895133597669011,On,0.0,0,Off,0.0027153942799707604,0.0,On,0.048164707138930056,0,On,0.0256792655057073,0,On,0.06671036135668745,0.050032771017515576,On,0,0,Off,Off,0.0,23.888888888888914,0.0,0.0,0.0,0.0,0,0.0,1667.2815511111112,Off,0.0,0.0,31.138485163479345,51.666666666666686,46.10666666666668,0.0,51.78190830353067,0.24418688179556314,669.7945403893425,0.0,31.138485163479345,51.46349291244121,51.78190830353067,51.30428521689649,12.43753247303448,24.663682165562726,0.0,4.4,5.582209111653924,-461.5615300384574,-0.0,-90.68940235998697,243.20139851080316,1339.0949480134611,1.0,0.01762605740706079,0.0,0.003463236227845889,0.3924386642257062,65.99961422222222,314.63174299929517,0.181772857355108,12.01579474825558,0.0034348932020196025,10.187427415966823,1.2000526177048467
2025-01-01 15:26:00,0.18187150958354906,0.07898410699420569,0.0,0.0030311918263924843,0.0013164017832367615,0.0,0.050880101418900814,0.0,0.13099140816464824,0.0,0.0,0.0,0.07898410699420569,0.0,1,0,0,Off,0,0,Off,0,0,Off,0.03860178130225349,0.02895133597669011,On,0.0,0,Off,0.0027153942799707604,0.0,On,0.048164707138930056,0,On,0.0256792655057073,0,On,0.06671036135668745,0.050032771017515576,On,0,0,Off,Off,0.0,23.888888888888914,0.0,0.0,0.0,0.0,0,0.0,1667.2815511111112,Off,0.0,0.0,31.02031938347716,51.666666666666686,46.10666666666668,0.0,51.76310005817036,0.2443036690937156,669.7945403893425,0.0,31.02031938347716,51.36512283465233,51.76310005817036,51.16613422289333,12.43753247303448,24.669224919099452,0.0,4.4,5.716900767946527,-461.76262485632805,-0.0,-90.96369832938403,243.20139851080316,1341.9106796930557,1.0,0.017628914730419633,0.0,0.0034727611008172525,0.39266907747103014,65.99961422222222,315.2418254428555,0.18171641475872355,12.018724654573932,0.0034349647268647316,10.15775037359193,1.2000302316551643
2025-01-01 15:27:00,0.18187150958354906,0.07898410699420569,0.0,0.0030311918263924843,0.0013164017832367615,0.0,0.050880101418900814,0.0,0.13099140816464824,0.0,0.0,0.0,0.07898410699420569,0.0,1,0,0,Off,0,0,Off,0,0,Off,0.03860178130225349,0.02895133597669011,On,0.0,0,Off,0.0027153942799707604,0.0,On,0.048164707138930056,0,On,0.0256792655057073,0,On,0.06671036135668745,0.050032771017515576,On,0,0,Off,Off,0.0,23.888888888888914,0.0,0.0,0.0,0.0,0,0.0,1667.2815511111112,Off,0.0,0.0,30.90212349948979,51.666666666666686,46.10666666666668,0.0,51.744291598286374,0.24442056949104973,669.7945403893425,0.0,30.90212349948979,51.266769340440696,51.744291598286374,51.028008211517864,12.43753247303448,24.674809634365438,0.0,4.4,5.838856048666003,-461.9652774127177,-0.0,-91.24011617518221,243.20139851080316,1344.6712184427997,1.0,0.017631793454017556,0.0,0.003482354544331152,0.3929011649314305,65.99961422222222,315.84285112576276,0.1816595257089626,12.02089320894875,0.0034350360446808786,10.127900419933994,1.2000076775145005
2025-01-01 15:28:00,0.18187150958354906,0.07898410699420569,0.0,0.0030311918263924843,0.0013164017832367615,0.0,0.050880101418900814,0.0,0.13099140816464824,0.0,0.0,0.0,0.07898410699420569,0.0,1,0,0,Off,0,0,Off,0,0,Off,0.03860178130225349,0.02895133597669011,On,0.0,0,Off,0.0027153942799707604,0.0,On,0.048164707138930056,0,On,0.0256792655057073,0,On,0.06671036135668745,0.050032771017515576,On,0,0,Off,Off,0.0,23.888888888888914,0.0,0.0,0.0,0.0,0,0.0,1667.2815511111112,Off,0.0,0.0,30.783898508885045,51.666666666666686,46.10666666666668,0.0,51.72548293210658,0.24453758310070142,669.7945403893425,0.0,30.783898508885045,51.168432434031146,51.72548293210658,50.88990718499343,12.43753247303448,24.68043545841247,0.0,4.4,5.947656351787941,-462.16945754482083,-0.0,-91.51861468907572,243.20139851080316,1347.373941417515,1.0,0.017634693133078732,0.0,0.0034920150166993817,0.39313488964192866,65.99961422222222,316.43433007488136,0.1816021998876959,12.023081889873279,0.0034351071542562434,10.097881598544625,1.1999849587393234
2025-01-01 15:29:00,0.18187150958354906,0.07898410699420569,0.0,0.0030311918263924843,0.0013164017832367615,0.0,0.050880101418900814,0.0,0.13099140816464824,0.0,0.0,0.0,0.07898410699420569,0.0,1,0,0,Off,0,0,Off,0,0,Off,0.03860178130225349,0.02895133597669011,On,0.0,0,Off,0.0027153942799707604,0.0,On,0.048164707138930056,0,On,0.0256792655057073,0,On,0.06671036135668745,0.050032771017515576,On,0,0,Off,Off,0.0,23.888888888888914,0.0,0.0,0.0,0.0,0,0.0,1667.2815511111112,Off,0.0,0.0,30.665645443897006,51.666666666666686,46.10666666666668,0.0,51.706674067709685,0.24465471003685807,669.7945403893425,0.0,30.665645443897006,51.07011211950855,51.706674067709685,50.751831145407984,12.43753247303448,24.686101508306866,0.0,4.4,6.042846729786902,-462.3751339851441,-0.0,-91.79915115725706,243.20139851080316,1350.0159938179474,1.0,0.017637613307481585,0.0,0.0035017409264892956,0.3933702134263194,65.99961422222222,317.0157333613849,0.18154444729392094,12.02607281464883,0.003435178054407056,10.067698084481869,1.1999620789065073
2025-01-01 15:30:00,0.18187150958354906,0.07898410699420569,0.0,0.0030311918263924843,0.0013164017832367615,0.0,0.050880101418900814,0.0,0.13099140816464824,0.0,0.0,0.0,0.07898410699420569,0.0,1,0,0,Off,0,0,Off,0,0,Off,0.03860178130225349,0.02895133597669011,On,0.0,0,Off,0.0027153942799707604,0.0,On,0.048164707138930056,0,On,0.0256792655057073,0,On,0.06671036135668745,0.050032771017515576,On,0,0,Off,Off,0.0,23.888888888888914,0.0,0.0,0.0,0.0,0,0.0,1667.2815511111112,Off,0.0,0.0,30.600677229526976,51.666666666666686,46.10666666666668,0.0,51.68786501302011,0.0,0.0,0.0,30.600677229526976,50.971808400812904,51.68786501302011,50.61378009470931,12.43753247303448,24.691806869353357,0.0,3.9,-80.94529686317242,-468.3307323122967,-0.0,-83.09685184763725,243.20139851080316,818.208280064234,1.0,0.017403048160503126,0.0,0.003087857394176508,0.38130360095814386,65.99961422222222,227.2808887859583,0.18148627826221012,12.02830054077098,0.0034352487439784974,20.987231176758105,1.199939041720454
2025-01-01 15:31:00,0.18187150958354906,0.07898410699420569,0.0,0.0030311918263924843,0.0013164017832367615,0.0,0.050880101418900814,0.0,0.13099140816464824,0.0,0.0,0.0,0.07898410699420569,0.0,1,0,0,Off,0,0,Off,0,0,Off,0.03860178130225349,0.02895133597669011,On,0.0,0,Off,0.0027153942799707604,0.0,On,0.048164707138930056,0,On,0.0256792655057073,0,On,0.06671036135668745,0.050032771017515576,On,0,0,Off,Off,0.0,23.888888888888914,0.0,0.0,0.0,0.0,0,0.0,1667.2815511111112,Off,0.0,0.0,30.593031043531663,51.666666666666686,46.10666666666668,0.0,51.68315678676481,0.0,0.0,0.0,30.593031043531663,50.96751385213319,51.68315678676481,50.60969238481738,12.43753247303448,24.694071966604255,0.0,3.9,-78.30718791421668,-468.4138296120888,-0.0,-83.19875824996285,243.20139851080316,820.5818656282321,1.0,0.017404239984988683,0.0,0.0030913074369186824,0.3813899788238942,65.99961422222222,230.1040014370318,0.18146945748626972,12.029701271443004,0.003435396107044796,20.9705272414134,1.1999298096835966
2025-01-01 15:32:00,0.18187150958354906,0.07898410699420569,0.0,0.0030311918263924843,0.0013164017832367615,0.0,0.050880101418900814,0.0,0.13099140816464824,0.0,0.0,0.0,0.07898410699420569,0.0,1,0,0,Off,0,0,Off,0,0,Off,0.03860178130225349,0.02895133597669011,On,0.0,0,Off,0.0027153942799707604,0.0,On,0.048164707138930056,0,On,0.0256792655057073,0,On,0.06671036135668745,0.050032771017515576,On,0,0,Off,Off,0.0,23.888888888888914,0.0,0.0,0.0,0.0,0,0.0,1667.2815511111112,Off,0.0,0.0,30.58562451542041,51.666666666666686,46.10666666666668,0.0,51.67844978940839,0.0,0.0,0.0,30.58562451542041,50.96322037653161,51.67844978940839,50.605605670093226,12.43753247303448,24.69613215667426,0.0,3.9,-77.82918832611341,-468.48941476354065,-0.0,-83.29145309937832,243.20139851080316,822.9517966960395,1.0,0.017405323956569418,0.0,0.0030944449934686316,0.3814685348385847,65.99961422222222,230.7502810260024,0.1814548539249554,12.03021521596191,0.0034355433539563214,20.95447599280628,1.1999214033723862
2025-01-01 15:33:00,0.18187150958354906,0.07898410699420569,0.0,0.0030311918263924843,0.0013164017832367615,0.0,0.050880101418900814,0.0,0.13099140816464824,0.0,0.0,0.0,0.07898410699420569,0.0,1,0,0,Off,0,0,Off,0,0,Off,0.03860178130225349,0.02895133597669011,On,0.0,0,Off,0.0027153942799707604,0.0,On,0.048164707138930056,0,On,0.0256792655057073,0,On,0.06671036135668745,0.050032771017515576,On,0,0,Off,Off,0.0,23.888888888888914,0.0,0.0,0.0,0.0,0,0.0,1667.2815511111112,Off,0.0,0.0,30.578520266621528,51.666666666666686,46.10666666666668,0.0,51.673743985295296,0.0,0.0,0.0,30.578520266621528,50.95892794037421,51.673743985295296,50.60151991791366,12.43753247303448,24.69793358297764,0.0,3.9,-78.25402057681333,-468.5555102359168,-0.0,-83.37251091466925,243.20139851080316,825.3177993359504,1.0,0.017406271750350547,0.0,0.003097188166155855,0.3815372179332211,65.99961422222222,230.4726020629695,0.1814430510614424,12.031380751427516,0.0034356904891929834,20.939248093707167,1.1999140397163992
2025-01-01 15:34:00,0.18187150958354906,0.07898410699420569,0.0,0.0030311918263924843,0.0013164017832367615,0.0,0.050880101418900814,0.0,0.13099140816464824,0.0,0.0,0.0,0.07898410699420569,0.0,1,0,0,Off,0,0,Off,0,0,Off,0.03860178130225349,0.02895133597669011,On,0.0,0,Off,0.0027153942799707604,0.0,On,0.048164707138930056,0,On,0.0256792655057073,0,On,0.06671036135668745,0.050032771017515576,On,0,0,Off,Off,0.0,23.888888888888914,0.0,0.0,0.0,0.0,0,0.0,1667.2815511111112,Off,0.0,0.0,30.57172734108412,51.666666666666686,46.10666666666668,0.0,51.66903932946292,0.0,0.0,0.0,30.57172734108412,50.954636501238596,51.66903932946292,50.59743508712644,12.43753247303448,24.699468429718184,0.0,3.9,-78.50396650610048,-468.61182764925695,-0.0,-83.44157772445304,243.20139851080316,827.6795358285565,1.0,0.017407079265954993,0.0,0.0030995251759053668,0.38159573261611635,65.99961422222222,230.34804035680634,0.18143413326148117,12.032411140762846,0.003435837518406779,20.924868472417547,1.199907750159928
2025-01-01 15:35:00,0.18187150958354906,0.07898410699420569,0.0,0.0030311918263924843,0.0013164017832367615,0.0,0.050880101418900814,0.0,0.13099140816464824,0.0,0.0,0.0,0.07898410699420569,0.0,1,0,0,Off,0,0,Off,0,0,Off,0.03860178130225349,0.02895133597669011,On,0.0,0,Off,0.0027153942799707604,0.0,On,0.048164707138930056,0,On,0.0256792655057073,0,On,0.06671036135668745,0.050032771017515576,On,0,0,Off,Off,0.0,23.888888888888914,0.0,0.0,0.0,0.0,0,0.0,1667.2815511111112,Off,0.0,0.0,30.565210748822345,51.666666666666686,46.10666666666668,0.0,51.66433577560498,0.0,0.0,0.0,30.565210748822345,50.950346015433176,51.66433577560498,50.593351135347284,12.43753247303448,24.700766726956342,0.0,3.9,-78.91846671974099,-468.6594675555158,-0.0,-83.50000297424506,243.20139851080316,830.0365881544639,1.0,0.017407762312532465,0.0,0.0031015018483526733,0.3816452258139147,65.99961422222222,230.03960529921667,0.18142777476725946,12.032538664664468,0.0034359844474212762,20.91124219500707,1.1999024136880918
2025-01-01 15:36:00,0.18187150958354906,0.07898410699420569,0.0,0.0030311918263924843,0.0013164017832367615,0.0,0.050880101418900814,0.0,0.13099140816464824,0.0,0.0,0.0,0.07898410699420569,0.0,1,0,0,Off,0,0,Off,0,0,Off,0.03860178130225349,0.02895133597669011,On,0.0,0,Off,0.0027153942799707604,0.0,On,0.048164707138930056,0,On,0.0256792655057073,0,On,0.06671036135668745,0.050032771017515576,On,0,0,Off,Off,0.0,23.888888888888914,0.0,0.0,0.0,0.0,0,0.0,1667.2815511111112,Off,0.0,0.0,30.558952137078126,51.666666666666686,46.10666666666668,0.0,51.659633282616426,0.0,0.0,0.0,30.558952137078126,50.94605644417689,51.659633282616426,50.58926802495713,12.43753247303448,24.701844209902468,0.0,3.9,-78.98682346873261,-468.6990063269414,-0.0,-83.54849332781608,243.20139851080316,832.3884480412943,1.0,0.017408329175962526,0.0,0.0031031422178688928,0.381686298955769,65.99961422222222,230.05927767522172,0.1814238049352723,12.033337144238082,0.0034361312814086076,20.89831960403441,1.1998979668825804
2025-01-01 15:37:00,0.18187150958354906,0.07898410699420569,0.0,0.0030311918263924843,0.0013164017832367615,0.0,0.050880101418900814,0.0,0.13099140816464824,0.0,0.0,0.0,0.07898410699420569,0.0,1,0,0,Off,0,0,Off,0,0,Off,0.03860178130225349,0.02895133597669011,On,0.0,0,Off,0.0027153942799707604,0.0,On,0.048164707138930056,0,On,0.0256792655057073,0,On,0.06671036135668745,0.050032771017515576,On,0,0,Off,Off,0.0,23.888888888888914,0.0,0.0,0.0,0.0,0,0.0,1667.2815511111112,Off,0.0,0.0,30.55291366022631,51.666666666666686,46.10666666666668,0.0,51.6549318121205,0.0,0.0,0.0,30.55291366022631,50.94176775126432,51.6549318121205,50.58518572083624,12.43753247303448,24.702733370467048,0.0,3.9,-79.22039580596083,-468.731635510164,-0.0,-83.5885099523677,243.20139851080316,834.7345038538056,1.0,0.017408796955781142,0.0,0.0031044958081680547,0.38172019179582595,65.99961422222222,229.89835114576775,0.18142187159575215,12.034040127737008,0.003436278025200272,20.885997920254614,1.1998942788272748
2025-01-01 15:38:00,0.18187150958354906,0.07898410699420569,0.0,0.0030311918263924843,0.0013164017832367615,0.0,0.050880101418900814,0.0,0.13099140816464824,0.0,0.0,0.0,0.07898410699420569,0.0,1,0,0,Off,0,0,Off,0,0,Off,0.03860178130225349,0.02895133597669011,On,0.0,0,Off,0.0027153942799707604,0.0,On,0.048164707138930056,0,On,0.0256792655057073,0,On,0.06671036135668745,0.050032771017515576,On,0,0,Off,Off,0.0,23.888888888888914,0.0,0.0,0.0,0.0,0,0.0,1667.2815511111112,Off,0.0,0.0,30.547081350851226,51.666666666666686,46.10666666666668,0.0,51.650231331366,0.0,0.0,0.0,30.547081350851226,50.937479905801396,51.650231331366,50.5811041930191,12.43753247303448,24.703446182650666,0.0,3.9,-79.20121373068315,-468.75779395445517,-0.0,-83.62059094868958,243.20139851080316,837.0740257072591,1.0,0.017409171955469392,0.0,0.0031055808897870775,0.3817473616180024,65.99961422222222,229.9757726616584,0.1814218450634748,12.034653683653016,0.0034364246829223276,20.874239375310818,1.199891301268594
2025-01-01 15:39:00,0.18187150958354906,0.07898410699420569,0.0,0.0030311918263924843,0.0013164017832367615,0.0,0.050880101418900814,0.0,0.13099140816464824,0.0,0.0,0.0,0.07898410699420569,0.0,1,0,0,Off,0,0,Off,0,0,Off,0.03860178130225349,0.02895133597669011,On,0.0,0,Off,0.0027153942799707604,0.0,On,0.048164707138930056,0,On,0.0256792655057073,0,On,0.06671036135668745,0.050032771017515576,On,0,0,Off,Off,0.0,23.888888888888914,0.0,0.0,0.0,0.0,0,0.0,1667.2815511111112,Off,0.0,0.0,30.541425241988062,51.666666666666686,46.10666666666668,0.0,51.64553180967814,0.0,0.0,0.0,30.541425241988062,50.93319287885423,51.64553180967814,50.57702341344228,12.43753247303448,24.70400837387307,0.0,3.9,-79.32142797873905,-468.7784253898379,-0.0,-83.64589364022817,243.20139851080316,839.4061484705373,1.0,0.017409467712773706,0.0,0.0031064366569870387,0.3817687896822185,65.99961422222222,229.90149254052383,0.18142344662832113,12.034407873917733,0.0034365712584417244,20.86296257165173,1.1998889305518088
2025-01-01 15:40:00,0.18187150958354906,0.07898410699420569,0.0,0.0030311918263924843,0.0013164017832367615,0.0,0.050880101418900814,0.0,0.13099140816464824,0.0,0.0,0.0,0.07898410699420569,0.0,1,0,0,Off,0,0,Off,0,0,Off,0.03860178130225349,0.02895133597669011,On,0.0,0,Off,0.0027153942799707604,0.0,On,0.048164707138930056,0,On,0.0256792655057073,0,On,0.06671036135668745,0.050032771017515576,On,0,0,Off,Off,0.0,23.888888888888914,0.0,0.0,0.0,0.0,0,0.0,1667.2815511111112,Off,0.0,0.0,30.535933705861357,51.666666666666686,46.10666666666668,0.0,51.64083322083654,0.0,0.0,0.0,30.535933705861357,50.928906645694546,51.64083322083654,50.57294335812356,12.43753247303448,24.704429913447836,0.0,3.9,-79.23259077856142,-468.79389539151254,-0.0,-83.6648663198295,243.20139851080316,841.7298524312023,1.0,0.017409689474399605,0.0,0.003107078306403554,0.381784856406976,65.99961422222222,230.0247724219775,0.18142656841921567,12.034873690025151,0.0034367177550666816,20.85213606037392,1.199887126506767
2025-01-01 15:41:00,0.18187150958354906,0.07898410699420569,0.0,0.0030311918263924843,0.0013164017832367615,0.0,0.050880101418900814,0.0,0.13099140816464824,0.0,0.0,0.0,0.07898410699420569,0.0,1,0,0,Off,0,0,Off,0,0,Off,0.03860178130225349,0.02895133597669011,On,0.0,0,Off,0.0027153942799707604,0.0,On,0.048164707138930056,0,On,0.0256792655057073,0,On,0.06671036135668745,0.050032771017515576,On,0,0,Off,Off,0.0,23.888888888888914,0.0,0.0,0.0,0.0,0,0.0,1667.2815511111112,Off,0.0,0.0,30.530581726937232,51.666666666666686,46.10666666666668,0.0,51.636135540349436,0.0,0.0,0.0,30.530581726937232,50.92462118322596,51.636135540349436,50.56886400466423,12.43753247303448,24.704732278979183,0.0,3.9,-79.24030786265018,-468.8049919718995,-0.0,-83.67847538322394,243.20139851080316,844.0439411942755,1.0,0.017409848540576214,0.0,0.003107538544759326,0.3817963806925991,65.99961422222222,230.04176098167014,0.18143097784016424,12.035279042162049,0.0034368641758896297,20.841691860606943,1.1998858026053203
2025-01-01 15:42:00,0.18187150958354906,0.07898410699420569,0.0,0.0030311918263924843,0.0013164017832367615,0.0,0.050880101418900814,0.0,0.13099140816464824,0.0,0.0,0.0,0.07898410699420569,0.0,1,0,0,Off,0,0,Off,0,0,Off,0.03860178130225349,0.02895133597669011,On,0.0,0,Off,0.0027153942799707604,0.0,On,0.048164707138930056,0,On,0.0256792655057073,0,On,0.06671036135668745,0.050032771017515576,On,0,0,Off,Off,0.0,23.888888888888914,0.0,0.0,0.0,0.0,0,0.0,1667.2815511111112,Off,0.0,0.0,30.525358651838882,51.666666666666686,46.10666666666668,0.0,51.631438747443454,0.0,0.0,0.0,30.525358651838882,50.920336471862775,51.631438747443454,50.56478533407244,12.43753247303448,24.704924607365072,0.0,3.9,-79.17135639825574,-468.8120503285661,-0.0,-83.68713190037433,243.20139851080316,846.347016404935,1.0,0.017409949718846515,0.0,0.003107831288634465,0.3818037109656391,65.99961422222222,230.1264273198815,0.18143657606533925,12.035628559781838,0.003437010523536321,20.831601122880166,1.1998849220352505
2025-01-01 15:43:00,0.18187150958354906,0.07898410699420569,0.0,0.0030311918263924843,0.0013164017832367615,0.0,0.050880101418900814,0.0,0.13099140816464824,0.0,0.0,0.0,0.07898410699420569,0.0,1,0,0,Off,0,0,Off,0,0,Off,0.03860178130225349,0.02895133597669011,On,0.0,0,Off,0.0027153942799707604,0.0,On,0.048164707138930056,0,On,0.0256792655057073,0,On,0.06671036135668745,0.050032771017515576,On,0,0,Off,Off,0.0,23.888888888888914,0.0,0.0,0.0,0.0,0,0.0,1667.2815511111112,Off,0.0,0.0,30.52024754941733,51.666666666666686,46.10666666666668,0.0,51.62674282292892,0.0,0.0,0.0,30.52024754941733,50.916052493514414,51.62674282292892,50.560707328807176,12.43753247303448,24.705021432728433,0.0,3.9,-79.00150632861659,-468.8156037874574,-0.0,-83.69148994018882,243.20139851080316,848.6374488178799,1.0,0.017410000655687513,0.0,0.003107978665732999,0.3818074012768878,65.99961422222222,230.30418888822655,0.18144320576368111,12.03592960396275,0.0034371568004345153,20.821817845288265,1.1998844262434478
2025-01-01 15:44:00,0.18187150958354906,0.07898410699420569,0.0,0.0030311918263924843,0.0013164017832367615,0.0,0.050880101418900814,0.0,0.13099140816464824,0.0,0.0,0.0,0.07898410699420569,0.0,1,0,0,Off,0,0,Off,0,0,Off,0.03860178130225349,0.02895133597669011,On,0.0,0,Off,0.0027153942799707604,0.0,On,0.048164707138930056,0,On,0.0256792655057073,0,On,0.06671036135668745,0.050032771017515576,On,0,0,Off,Off,0.0,23.888888888888914,0.0,0.0,0.0,0.0,0,0.0,1667.2815511111112,Off,0.0,0.0,30.51523189867326,51.666666666666686,46.10666666666668,0.0,51.62204775013291,0.0,0.0,0.0,30.51523189867326,50.91176923246647,51.62204775013291,50.55662997363326,12.43753247303448,24.70503693906389,0.0,3.9,-78.91411086555348,-468.81617286584424,-0.0,-83.69218787057648,243.20139851080316,850.9133465755468,1.0,0.017410008813085697,0.0,0.0031080022677249164,0.38180799226930523,65.99961422222222,230.3928513600641,0.18145071338289318,12.036189358010104,0.003437303008696171,20.812297108419205,1.1998842580884863
2025-01-01 15:45:00,0.18187150958354906,0.07898410699420569,0.0,0.0030311918263924843,0.0013164017832367615,0.0,0.050880101418900814,0.0,0.13099140816464824,0.0,0.0,0.0,0.07898410699420569,0.0,1,0,0,Off,0,0,Off,0,0,Off,0.03860178130225349,0.02895133597669011,On,0.0,0,Off,0.0027153942799707604,0.0,On,0.048164707138930056,0,On,0.0256792655057073,0,On,0.06671036135668745,0.050032771017515576,On,0,0,Off,Off,0.0,23.888888888888914,0.0,0.0,0.0,0.0,0,0.0,1667.2815511111112,Off,0.0,0.0,30.483714510485413,51.666666666666686,46.10666666666668,0.0,51.61735351483826,0.12229971633727985,334.06002701918453,0.0,30.483714510485413,50.907486675323085,51.61735351483826,50.5525532555655,12.43753247303448,24.704977903663124,0.0,3.9,-78.77184970544698,-468.81400628380146,-0.0,-83.6895307264626,243.20139851080316,853.1725109504736,1.0,0.01740997775639679,0.0,0.003107912410596729,0.38180574225288977,65.99961422222222,230.5302887940139,0.1814590256480377,12.035628351229665,0.0034374491501248557,20.80301749379385,1.199884390267109
2025-01-01 15:46:00,0.18187150958354906,0.07898410699420569,0.0,0.0030311918263924843,0.0013164017832367615,0.0,0.050880101418900814,0.0,0.13099140816464824,0.0,0.0,0.0,0.07898410699420569,0.0,1,0,0,Off,0,0,Off,0,0,Off,0.03860178130225349,0.02895133597669011,On,0.0,0,Off,0.0027153942799707604,0.0,On,0.048164707138930056,0,On,0.0256792655057073,0,On,0.06671036135668745,0.050032771017515576,On,0,0,Off,Off,0.0,23.888888888888914,0.0,0.0,0.0,0.0,0,0.0,1667.2815511111112,Off,0.0,0.0,30.42568802090102,51.666666666666686,46.10666666666668,0.0,51.60562722478483,0.12233633088175314,334.0600270191845,0.0,30.42568802090102,50.856326015310756,51.60562722478483,50.481675410573715,12.43753247303448,24.70485545251642,0.0,3.9,-78.58127283929633,-468.8095123749669,-0.0,-83.68401929974358,243.20139851080316,855.4124015325675,1.0,0.017409913338563232,0.0,0.0031077260281056206,0.381801075252368,65.99961422222222,230.71086032461105,0.18146802212516946,12.035818046218928,0.003437595226377119,20.793943748810623,1.1998847779582211
2025-01-01 15:47:00,0.18187150958354906,0.07898410699420569,0.0,0.0030311918263924843,0.0013164017832367615,0.0,0.050880101418900814,0.0,0.13099140816464824,0.0,0.0,0.0,0.07898410699420569,0.0,1,0,0,Off,0,0,Off,0,0,Off,0.03860178130225349,0.02895133597669011,On,0.0,0,Off,0.0027153942799707604,0.0,On,0.048164707138930056,0,On,0.0256792655057073,0,On,0.06671036135668745,0.050032771017515576,On,0,0,Off,Off,0.0,23.888888888888914,0.0,0.0,0.0,0.0,0,0.0,1667.2815511111112,Off,0.0,0.0,30.36773290359963,51.666666666666686,46.10666666666668,0.0,51.59390074788912,0.12237296794031591,334.06002701918453,0.0,30.36773290359963,50.80517349883009,51.59390074788912,50.41080987430058,12.43753247303448,24.704679554678396,0.0,3.9,-78.37368280850035,-468.8030570234814,-0.0,-83.67610232317391,243.20139851080316,857.6300793778902,1.0,0.01740982080382869,0.0,0.0031074582923129785,0.3817943711831424,65.99961422222222,230.90407802735186,0.18147759489780532,12.035980569553011,0.003437741238867474,20.78504427341395,1.199885381001767
2025-01-01 15:48:00,0.18187150958354906,0.07898410699420569,0.0,0.0030311918263924843,0.0013164017832367615,0.0,0.050880101418900814,0.0,0.13099140816464824,0.0,0.0,0.0,0.07898410699420569,0.0,1,0,0,Off,0,0,Off,0,0,Off,0.03860178130225349,0.02895133597669011,On,0.0,0,Off,0.0027153942799707604,0.0,On,0.048164707138930056,0,On,0.0256792655057073,0,On,0.06671036135668745,0.050032771017515576,On,0,0,Off,Off,0.0,23.888888888888914,0.0,0.0,0.0,0.0,0,0.0,1667.2815511111112,Off,0.0,0.0,30.309839730540148,51.666666666666686,46.10666666666668,0.0,51.58217407540433,0.12240962756107843,334.06002701918453,0.0,30.309839730540148,50.75402911586461,51.58217407540433,50.33995663609475,12.43753247303448,24.70445830355081,0.0,3.9,-78.1557220437748,-468.79493728183706,-0.0,-83.66614411366992,243.20139851080316,859.8221498994609,1.0,0.01740970440968302,0.0,0.0031071215200458367,0.3817859384672443,65.99961422222222,231.10396084092903,0.18148765636066824,12.036120019778089,0.0034378871887934663,20.77629340870911,1.1998861667938743
2025-01-01 15:49:00,0.18187150958354906,0.07898410699420569,0.0,0.0030311918263924843,0.0013164017832367615,0.0,0.050880101418900814,0.0,0.13099140816464824,0.0,0.0,0.0,0.07898410699420569,0.0,1,0,0,Off,0,0,Off,0,0,Off,0.03860178130225349,0.02895133597669011,On,0.0,0,Off,0.0027153942799707604,0.0,On,0.048164707138930056,0,On,0.0256792655057073,0,On,0.06671036135668745,0.050032771017515576,On,0,0,Off,Off,0.0,23.888888888888914,0.0,0.0,0.0,0.0,0,0.0,1667.2815511111112,Off,0.0,0.0,30.252000056450242,51.666666666666686,46.10666666666668,0.0,51.57044719998469,0.12244630978785837,334.0600270191846,0.0,30.252000056450242,50.70289285772093,51.57044719998469,50.26911568658906,12.43753247303448,24.704198949175183,0.0,3.9,-77.92488230885266,-468.78541925200796,-0.0,-83.65447102985512,243.20139851080316,861.9846948748025,1.0,0.01740956796994642,0.0,0.003106726744419618,0.38177605338284976,65.99961422222222,231.31360946220715,0.1814981280298738,12.03624006827038,0.003438033077176463,20.767668159198912,1.1998871061282301
2025-01-01 15:50:00,0.18187150958354906,0.07898410699420569,0.0,0.0030311918263924843,0.0013164017832367615,0.0,0.050880101418900814,0.0,0.13099140816464824,0.0,0.0,0.0,0.07898410699420569,0.0,1,0,0,Off,0,0,Off,0,0,Off,0.03860178130225349,0.02895133597669011,On,0.0,0,Off,0.0027153942799707604,0.0,On,0.048164707138930056,0,On,0.0256792655057073,0,On,0.06671036135668745,0.050032771017515576,On,0,0,Off,Off,0.0,23.888888888888914,0.0,0.0,0.0,0.0,0,0.0,1667.2815511111112,Off,0.0,0.0,30.19420598864548,51.666666666666686,46.10666666666668,0.0,51.558720115539366,0.12248301466062507,334.0600270191846,0.0,30.19420598864548,50.651764716890945,51.558720115539366,50.19828701756674,12.43753247303448,24.703908267734086,0.0,3.9,-77.68203853075852,-468.7747516431606,-0.0,-83.64138809898513,243.20139851080316,864.1131935262966,1.0,0.01740941504917355,0.0,0.0031062842774703917,0.38176497415153926,65.99961422222222,231.53270270058403,0.18150893653705358,12.036344146290478,0.003438178904879938,20.75914701957389,1.1998881717074898
2025-01-01 15:51:00,0.18187150958354906,0.07898410699420569,0.0,0.0030311918263924843,0.0013164017832367615,0.0,0.050880101418900814,0.0,0.13099140816464824,0.0,0.0,0.0,0.07898410699420569,0.0,1,0,0,Off,0,0,Off,0,0,Off,0.03860178130225349,0.02895133597669011,On,0.0,0,Off,0.0027153942799707604,0.0,On,0.048164707138930056,0,On,0.0256792655057073,0,On,0.06671036135668745,0.050032771017515576,On,0,0,Off,Off,0.0,23.888888888888914,0.0,0.0,0.0,0.0,0,0.0,1667.2815511111112,Off,0.0,0.0,30.136450298042064,51.666666666666686,46.10666666666668,0.0,51.546992817150276,0.12251974221574553,334.0600270191845,0.0,30.136450298042064,50.60064468697418,51.546992817150276,50.12747062188614,12.43753247303448,24.703592466314696,0.0,3.9,-77.43038611442,-468.76316227466214,-0.0,-83.6271747278064,243.20139851080316,866.202430620439,1.0,0.017409248912566105,0.0,0.00310580356533646,0.3817529373114053,65.99961422222222,231.75855237724534,0.18152001466261006,12.036435396797218,0.003438324672619693,20.750710279183107,1.1998893385268796
2025-01-01 15:52:00,0.18187150958354906,0.07898410699420569,0.0,0.0030311918263924843,0.0013164017832367615,0.0,0.050880101418900814,0.0,0.13099140816464824,0.0,0.0,0.0,0.07898410699420569,0.0,1,0,0,Off,0,0,Off,0,0,Off,0.03860178130225349,0.02895133597669011,On,0.0,0,Off,0.0027153942799707604,0.0,On,0.048164707138930056,0,On,0.0256792655057073,0,On,0.06671036135668745,0.050032771017515576,On,0,0,Off,Off,0.0,23.888888888888914,0.0,0.0,0.0,0.0,0,0.0,1667.2815511111112,Off,0.0,0.0,30.07872646983708,51.666666666666686,46.10666666666668,0.0,51.53526530097353,0.12255649248628242,334.06002701918453,0.0,30.07872646983708,50.54953276258472,51.53526530097353,50.056666493390324,12.43753247303448,24.70325713902407,0.0,3.9,-77.17279185800379,-468.7508564645392,-0.0,-83.61208272593707,243.20139851080316,868.2463892066849,1.0,0.017409072502893568,0.0,0.003105293121536706,0.38174015604599876,65.99961422222222,231.9887488216693,0.1815313018129762,12.036516652256465,0.0034384703809761798,20.742340163528727,1.1998905840509484
2025-01-01 15:53:00,0.18187150958354906,0.07898410699420569,0.0,0.0030311918263924843,0.0013164017832367615,0.0,0.050880101418900814,0.0,0.13099140816464824,0.0,0.0,0.0,0.07898410699420569,0.0,1,0,0,Off,0,0,Off,0,0,Off,0.03860178130225349,0.02895133597669011,On,0.0,0,Off,0.0027153942799707604,0.0,On,0.048164707138930056,0,On,0.0256792655057073,0,On,0.06671036135668745,0.050032771017515576,On,0,0,Off,Off,0.0,23.888888888888914,0.0,0.0,0.0,0.0,0,0.0,1667.2815511111112,Off,0.0,0.0,30.021028643496322,51.666666666666686,46.10666666666668,0.0,51.52353756413316,0.1225932655023174,334.06002701918453,0.0,30.021028643496322,50.49842893925094,51.52353756413316,49.985874626809846,12.43753247303448,24.702907318490873,0.0,3.9,-76.91164458789183,-468.7380189191128,-0.0,-83.59633862326925,243.20139851080316,870.2381251107684,1.0,0.017408888467590092,0.0,0.003104760605395919,0.38172682214793163,65.99961422222222,232.22131444368705,0.1815427434638626,12.036590460731954,0.003438616030407789,20.73402067224295,1.1998918880060738
2025-01-01 15:54:00,0.18187150958354906,0.07898410699420569,0.0,0.0030311918263924843,0.0013164017832367615,0.0,0.050880101418900814,0.0,0.13099140816464824,0.0,0.0,0.0,0.07898410699420569,0.0,1,0,0,Off,0,0,Off,0,0,Off,0.03860178130225349,0.02895133597669011,On,0.0,0,Off,0.0027153942799707604,0.0,On,0.048164707138930056,0,On,0.0256792655057073,0,On,0.06671036135668745,0.050032771017515576,On,0,0,Off,Off,0.0,23.888888888888914,0.0,0.0,0.0,0.0,0,0.0,1667.2815511111112,Off,0.0,0.0,29.96335155404023,51.666666666666686,46.10666666666668,0.0,51.51180960462391,0.12263006129124718,334.06002701918453,0.0,29.96335155404023,50.44733321332371,51.51180960462391,49.915095017673615,12.43753247303448,24.70254752640616,0.0,3.9,-76.64940510121653,-468.72481558777076,-0.0,-83.58014594469107,243.20139851080316,872.1696195981049,1.0,0.017408699185342855,0.0,0.003104212898977014,0.38171310794523244,65.99961422222222,232.4541579204421,0.18155429061398765,12.036659111487204,0.0034387616212630282,20.725737419954815,1.1998932321768554
2025-01-01 15:55:00,0.18187150958354906,0.07898410699420569,0.0,0.0030311918263924843,0.0013164017832367615,0.0,0.050880101418900814,0.0,0.13099140816464824,0.0,0.0,0.0,0.07898410699420569,0.0,1,0,0,Off,0,0,Off,0,0,Off,0.03860178130225349,0.02895133597669011,On,0.0,0,Off,0.0027153942799707604,0.0,On,0.048164707138930056,0,On,0.0256792655057073,0,On,0.06671036135668745,0.050032771017515576,On,0,0,Off,Off,0.0,23.888888888888914,0.0,0.0,0.0,0.0,0,0.0,1667.2815511111112,Off,0.0,0.0,29.905690501211097,51.666666666666686,46.10666666666668,0.0,51.50008142122272,0.12266687987805346,334.06002701918453,0.0,29.905690501211097,50.39624558189277,51.50008142122272,49.8443276622278,12.43753247303448,24.70218179970654,0.0,3.9,-76.38875312112043,-468.7113946241719,-0.0,-83.56368638898388,243.20139851080316,874.0316072030585,1.0,0.01740850677986408,0.0,0.003103656146912117,0.3816991672988162,65.99961422222222,232.68492938123217,0.1815658995030238,12.035941984444563,0.0034389071537916116,20.71747755459918,1.1998946003006339
2025-01-01 15:56:00,0.18187150958354906,0.07898410699420569,0.0,0.0030311918263924843,0.0013164017832367615,0.0,0.050880101418900814,0.0,0.13099140816464824,0.0,0.0,0.0,0.07898410699420569,0.0,1,0,0,Off,0,0,Off,0,0,Off,0.03860178130225349,0.02895133597669011,On,0.0,0,Off,0.0027153942799707604,0.0,On,0.048164707138930056,0,On,0.0256792655057073,0,On,0.06671036135668745,0.050032771017515576,On,0,0,Off,Off,0.0,23.888888888888914,0.0,0.0,0.0,0.0,0,0.0,1667.2815511111112,Off,0.0,0.0,29.84804132864673,51.666666666666686,46.10666666666668,0.0,51.48835301340472,0.12270372128555944,334.06002701918453,0.0,29.84804132864673,50.345166042707504,51.48835301340472,49.77357255735891,12.43753247303448,24.70181370854433,0.0,3.9,-76.13253945089247,-468.6978870462959,-0.0,-83.54712063842813,243.20139851080316,875.8133659975234,1.0,0.017408313129340575,0.0,0.0031030957837129927,0.38168513628652917,65.99961422222222,232.91106972302848,0.18157753141868982,12.036006241265767,0.0034390526281549844,20.709229701823126,1.199895977995104
2025-01-01 15:57:00,0.18187150958354906,0.07898410699420569,0.0,0.0030311918263924843,0.0013164017832367615,0.0,0.050880101418900814,0.0,0.13099140816464824,0.0,0.0,0.0,0.07898410699420569,0.0,1,0,0,Off,0,0,Off,0,0,Off,0.03860178130225349,0.02895133597669011,On,0.0,0,Off,0.0027153942799707604,0.0,On,0.048164707138930056,0,On,0.0256792655057073,0,On,0.06671036135668745,0.050032771017515576,On,0,0,Off,Off,0.0,23.888888888888914,0.0,0.0,0.0,0.0,0,0.0,1667.2815511111112,Off,0.0,0.0,29.790400404270656,51.666666666666686,46.10666666666668,0.0,51.476624381262454,0.12274058553467745,334.06002701918453,0.0,29.790400404270656,50.29409459410064,51.476624381262454,49.70282970051974,12.43753247303448,24.70144637315339,0.0,3.9,-76.59805959792925,-468.68440735614064,-0.0,-83.53058911895134,243.20139851080316,873.2895726295948,1.0,0.017408119875301033,0.0,0.0031025365593873523,0.38167113384483514,65.99961422222222,232.41553836635958,0.18158915251588562,12.036070770852788,0.0034391980444364698,20.7009839128566,1.199897352690382
2025-01-01 15:58:00,0.18187150958354906,0.07898410699420569,0.0,0.0030311918263924843,0.0013164017832367615,0.0,0.050880101418900814,0.0,0.13099140816464824,0.0,0.0,0.0,0.07898410699420569,0.0,1,0,0,Off,0,0,Off,0,0,Off,0.03860178130225349,0.02895133597669011,On,0.0,0,Off,0.0027153942799707604,0.0,On,0.048164707138930056,0,On,0.0256792655057073,0,On,0.06671036135668745,0.050032771017515576,On,0,0,Off,Off,0.0,23.888888888888914,0.0,0.0,0.0,0.0,0,0.0,1667.2815511111112,Off,0.0,0.0,29.732796611727963,51.666666666666686,46.10666666666668,0.0,51.464895525427906,0.12277747264464826,334.06002701918453,0.0,29.732796611727963,50.2430312349146,51.464895525427906,49.632099089657956,12.43753247303448,24.70105496698476,0.0,3.9,-77.30957158386354,-468.67004453695097,-0.0,-83.5129745606151,243.20139851080316,869.1742930834149,1.0,0.01740791395646382,0.0,0.003101940677339193,0.3816562135884302,65.99961422222222,231.6720490028994,0.1816010321790582,12.036123008061345,0.003439343402651056,20.69281937756506,1.1998988244006672
2025-01-01 15:59:00,0.18187150958354906,0.07898410699420569,0.0,0.0030311918263924843,0.0013164017832367615,0.0,0.050880101418900814,0.0,0.13099140816464824,0.0,0.0,0.0,0.07898410699420569,0.0,1,0,0,Off,0,0,Off,0,0,Off,0.03860178130225349,0.02895133597669011,On,0.0,0,Off,0.0027153942799707604,0.0,On,0.048164707138930056,0,On,0.0256792655057073,0,On,0.06671036135668745,0.050032771017515576,On,0,0,Off,Off,0.0,23.888888888888914,0.0,0.0,0.0,0.0,0,0.0,1667.2815511111112,Off,0.0,0.0,29.67524096214379,51.666666666666686,46.10666666666668,0.0,51.45316644223964,0.12281438264824912,334.0600270191845,0.0,29.67524096214379,50.19197595993825,51.45316644223964,49.561380718787554,12.43753247303448,24.700630020865823,0.0,3.9,-78.04349176035822,-468.6544511521348,-0.0,-83.49385087469703,243.20139851080316,864.8553572394682,1.0,0.01740769039081252,0.0,0.0031012937186242202,0.381640014495877,65.99961422222222,230.90341175567048,0.18161327324544574,12.036158161340346,0.0034394887033576743,20.684766346336875,1.1999004312731474
2025-01-01 16:00:00,0.2050210671135888,0.083148971845499,0.0,0.0034170177852264802,0.0013858161974249835,0.0,0.06237998954274368,0.0,0.14264107757084515,0.0,0.0,0.0,0.083148971845499,0.0,1,0,0,Off,0,0,Off,0,0,Off,0.041426301885345206,0.031069726414008896,On,0.0,0,Off,0.003413638523391813,0.0,On,0.05896635101935187,0,On,0.03177578177684644,0,On,0.0694389939086535,0.05207924543149011,On,0,0,Off,Off,0.0,23.888888888888914,0.0,0.0,0.0,0.0,0,0.0,1667.2815511111112,Off,0.0,0.0,29.61773559123924,51.666666666666686,46.10666666666668,0.0,51.44143712639926,0.12285131558346743,334.0600270191846,0.0,29.61773559123924,50.140928762415115,51.44143712639926,49.49067458042305,12.43753247303448,24.700169692470144,0.0,3.9,-55.853528939699004,-468.6375596476528,-0.0,-83.47313522270022,266.1599517622053,860.3258981282112,1.0,0.01740744820872697,0.0,0.0031005928745909787,0.38162246625946866,65.99961422222222,230.0972141684487,0.18162589582565597,12.036175299586368,0.0034396339473230625,20.734132034027876,1.19990218073028
2025-01-01 16:01:00,0.2050210671135888,0.083148971845499,0.0,0.0034170177852264802,0.0013858161974249835,0.0,0.06237998954274368,0.0,0.14264107757084515,0.0,0.0,0.0,0.083148971845499,0.0,1,0,0,Off,0,0,Off,0,0,Off,0.041426301885345206,0.031069726414008896,On,0.0,0,Off,0.003413638523391813,0.0,On,0.05896635101935187,0,On,0.03177578177684644,0,On,0.0694389939086535,0.05207924543149011,On,0,0,Off,Off,0.0,23.888888888888914,0.0,0.0,0.0,0.0,0,0.0,1667.2815511111112,Off,0.0,0.0,29.559318772243444,51.666666666666686,46.10666666666668,0.0,51.429707572290624,0.12288827148935841,334.06002701918453,0.0,29.559318772243444,50.08988963528901,51.429707572290624,49.41998066678821,12.43753247303448,24.700500574754425,0.0,3.9,-56.75481501376237,-468.6497011718794,-0.0,-83.48802551929545,266.1599517622053,855.5672578227869,1.0,0.017407622288458695,0.0,0.003101096640443778,0.38163507990221784,65.99961422222222,229.22295991520724,0.18162995033829232,12.036593471259042,0.0034397795377113854,20.723648700409488,1.1999007425151917
2025-01-01 16:02:00,0.2050210671135888,0.083148971845499,0.0,0.0034170177852264802,0.0013858161974249835,0.0,0.06237998954274368,0.0,0.14264107757084515,0.0,0.0,0.0,0.083148971845499,0.0,1,0,0,Off,0,0,Off,0,0,Off,0.041426301885345206,0.031069726414008896,On,0.0,0,Off,0.003413638523391813,0.0,On,0.05896635101935187,0,On,0.03177578177684644,0,On,0.0694389939086535,0.05207924543149011,On,0,0,Off,Off,0.0,23.888888888888914,0.0,0.0,0.0,0.0,0,0.0,1667.2815511111112,Off,0.0,0.0,29.50098629947746,51.666666666666686,46.10666666666668,0.0,51.41797791724023,0.12292524995427546,334.0600270191845,0.0,29.50098629947746,50.03885870647405,51.41797791724023,49.34929910109096,12.43753247303448,24.70076691503017,0.0,3.9,-57.700683434094,-468.659474456863,-0.0,-83.50001143803581,266.1599517622053,850.5708139938149,1.0,0.017407762411478886,0.0,0.0031015021346866775,0.38164523298337893,65.99961422222222,228.2988506985995,0.1816347012253846,12.036978840832896,0.0034399250546625275,20.713375641164564,1.1998995643655377
2025-01-01 16:03:00,0.2050210671135888,0.083148971845499,0.0,0.0034170177852264802,0.0013858161974249835,0.0,0.06237998954274368,0.0,0.14264107757084515,0.0,0.0,0.0,0.083148971845499,0.0,1,0,0,Off,0,0,Off,0,0,Off,0.041426301885345206,0.031069726414008896,On,0.0,0,Off,0.003413638523391813,0.0,On,0.05896635101935187,0,On,0.03177578177684644,0,On,0.0694389939086535,0.05207924543149011,On,0,0,Off,Off,0.0,23.888888888888914,0.0,0.0,0.0,0.0,0,0.0,1667.2815511111112,Off,0.0,0.0,29.442740103579297,51.666666666666686,46.10666666666668,0.0,51.406248150565986,0.1229622510325832,334.0600270191845,0.0,29.442740103579297,49.987835964132934,51.406248150565986,49.27862987091641,12.43753247303448,24.700967042114492,0.0,3.9,-58.68146028730962,-468.666818119668,-0.0,-83.5090176877561,266.1599517622053,845.3233898077416,1.0,0.017407867699002755,0.0,0.003101806817505378,0.381652861888187,65.99961422222222,227.33442375790912,0.18164016675114053,12.03733056499404,0.0034400704996212913,20.703318276487305,1.199898653011204
2025-01-01 16:04:00,0.2050210671135888,0.083148971845499,0.0,0.0034170177852264802,0.0013858161974249835,0.0,0.06237998954274368,0.0,0.14264107757084515,0.0,0.0,0.0,0.083148971845499,0.0,1,0,0,Off,0,0,Off,0,0,Off,0.041426301885345206,0.031069726414008896,On,0.0,0,Off,0.003413638523391813,0.0,On,0.05896635101935187,0,On,0.03177578177684644,0,On,0.0694389939086535,0.05207924543149011,On,0,0,Off,Off,0.0,23.888888888888914,0.0,0.0,0.0,0.0,0,0.0,1667.2815511111112,Off,0.0,0.0,29.38458185191388,51.666666666666686,46.10666666666668,0.0,51.39451826129859,0.12299927477965956,334.06002701918453,0.0,29.38458185191388,49.936821396157434,51.39451826129859,49.207972963586855,12.43753247303448,24.701099510811144,0.0,3.9,-59.69934353335691,-468.67167908319584,-0.0,-83.5149791660898,266.1599517622053,839.8107801804225,1.0,0.017407937391041,0.0,0.003102008492131036,0.38165791159601226,65.99961422222222,226.32736295372348,0.18164636274042958,12.036865423343519,0.0034402158740697757,20.693481309816075,1.19989801427197
2025-01-01 16:05:00,0.2050210671135888,0.083148971845499,0.0,0.0034170177852264802,0.0013858161974249835,0.0,0.06237998954274368,0.0,0.14264107757084515,0.0,0.0,0.0,0.083148971845499,0.0,1,0,0,Off,0,0,Off,0,0,Off,0.041426301885345206,0.031069726414008896,On,0.0,0,Off,0.003413638523391813,0.0,On,0.05896635101935187,0,On,0.03177578177684644,0,On,0.0694389939086535,0.05207924543149011,On,0,0,Off,Off,0.0,23.888888888888914,0.0,0.0,0.0,0.0,0,0.0,1667.2815511111112,Off,0.0,0.0,29.326513467761174,51.666666666666686,46.10666666666668,0.0,51.382788238220684,0.12303632125177495,334.06002701918453,0.0,29.326513467761174,49.885814990205304,51.382788238220684,49.13732836619762,12.43753247303448,24.701162655750807,0.0,3.9,-60.75914188172368,-468.67399620556137,-0.0,-83.51782088280892,266.1599517622053,834.017662193829,1.0,0.017407970611664894,0.0,0.0031021046254944284,0.3816603186707518,65.99961422222222,225.2727234444413,0.18165330742141897,12.03714757221086,0.0034403611795224506,20.683870153389897,1.199897654854906
2025-01-01 16:06:00,0.2050210671135888,0.083148971845499,0.0,0.0034170177852264802,0.0013858161974249835,0.0,0.06237998954274368,0.0,0.14264107757084515,0.0,0.0,0.0,0.083148971845499,0.0,1,0,0,Off,0,0,Off,0,0,Off,0.041426301885345206,0.031069726414008896,On,0.0,0,Off,0.003413638523391813,0.0,On,0.05896635101935187,0,On,0.03177578177684644,0,On,0.0694389939086535,0.05207924543149011,On,0,0,Off,Off,0.0,23.888888888888914,0.0,0.0,0.0,0.0,0,0.0,1667.2815511111112,Off,0.0,0.0,29.26853723736417,51.666666666666686,46.10666666666668,0.0,51.371058069828756,0.12307339050621528,334.06002701918453,0.0,29.26853723736417,49.834816733664404,51.371058069828756,49.066696065582235,12.43753247303448,24.701154499427282,0.0,3.9,-61.86454389837513,-468.67369690658563,-0.0,-83.51745382277367,266.1599517622053,827.9274936249435,1.0,0.017407966320615767,0.0,0.0031020922081321897,0.38166000775343273,65.99961422222222,224.16665506877888,0.18166102242526833,12.037393510540378,0.003440506417531028,20.674491223160473,1.1998975827248741
2025-01-01 16:07:00,0.2050210671135888,0.083148971845499,0.0,0.0034170177852264802,0.0013858161974249835,0.0,0.06237998954274368,0.0,0.14264107757084515,0.0,0.0,0.0,0.083148971845499,0.0,1,0,0,Off,0,0,Off,0,0,Off,0.041426301885345206,0.031069726414008896,On,0.0,0,Off,0.003413638523391813,0.0,On,0.05896635101935187,0,On,0.03177578177684644,0,On,0.0694389939086535,0.05207924543149011,On,0,0,Off,Off,0.0,23.888888888888914,0.0,0.0,0.0,0.0,0,0.0,1667.2815511111112,Off,0.0,0.0,29.210655758641053,51.666666666666686,46.10666666666668,0.0,51.35932774427928,0.12311048260145536,334.06002701918453,0.0,29.210655758641053,49.78382661360172,51.35932774427928,48.99607604826295,12.43753247303448,24.701072795935502,0.0,3.9,-63.018574489050536,-468.67069877424433,-0.0,-83.5137769163633,266.1599517622053,821.5224239695148,1.0,0.01740792333630485,0.0,0.0031019678206629362,0.3816568932272198,65.99961422222222,223.00594943935184,0.18166953231337793,12.037602104467808,0.0034406515896913555,20.665351800116653,1.199897806928356
2025-01-01 16:08:00,0.2050210671135888,0.083148971845499,0.0,0.0034170177852264802,0.0013858161974249835,0.0,0.06237998954274368,0.0,0.14264107757084515,0.0,0.0,0.0,0.083148971845499,0.0,1,0,0,Off,0,0,Off,0,0,Off,0.041426301885345206,0.031069726414008896,On,0.0,0,Off,0.003413638523391813,0.0,On,0.05896635101935187,0,On,0.03177578177684644,0,On,0.0694389939086535,0.05207924543149011,On,0,0,Off,Off,0.0,23.888888888888914,0.0,0.0,0.0,0.0,0,0.0,1667.2815511111112,Off,0.0,0.0,29.152871914149102,51.666666666666686,46.10666666666668,0.0,51.34759724934233,0.1231475975973091,334.06002701918453,0.0,29.152871914149102,49.73284461671965,51.34759724934233,48.92546830040832,12.43753247303448,24.700915054465558,0.0,3.9,-64.2244142669008,-468.6649104286518,-0.0,-83.5066780994192,266.1599517622053,814.7831557343114,1.0,0.01740784034815996,0.0,0.00310172766941377,0.3816508801101207,65.99961422222222,221.7872224989649,0.18167886432448282,12.037772096270958,0.003440796697649361,20.656459956239715,1.1998983374988488
2025-01-01 16:09:00,0.2050210671135888,0.083148971845499,0.0,0.0034170177852264802,0.0013858161974249835,0.0,0.06237998954274368,0.0,0.14264107757084515,0.0,0.0,0.0,0.083148971845499,0.0,1,0,0,Off,0,0,Off,0,0,Off,0.041426301885345206,0.031069726414008896,On,0.0,0,Off,0.003413638523391813,0.0,On,0.05896635101935187,0,On,0.03177578177684644,0,On,0.0694389939086535,0.05207924543149011,On,0,0,Off,Off,0.0,23.888888888888914,0.0,0.0,0.0,0.0,0,0.0,1667.2815511111112,Off,0.0,0.0,29.09518888029936,51.666666666666686,46.10666666666668,0.0,51.3358665723593,0.12318473555506743,334.06002701918453,0.0,29.09518888029936,49.681870729316046,51.3358665723593,48.85487280779443,12.43753247303448,24.700678531305144,0.0,3.9,-65.48560838842639,-468.6562312308284,-0.0,-83.49603395650942,266.1599517622053,807.6888374451544,1.0,0.017407715912401568,0.0,0.003101367574074283,0.3816418637466465,65.99961422222222,220.5067050367061,0.18168904846374517,12.037902100332023,0.0034409417431064846,20.647824581187926,1.199899185489132
2025-01-01 16:10:00,0.2050210671135888,0.083148971845499,0.0,0.0034170177852264802,0.0013858161974249835,0.0,0.06237998954274368,0.0,0.14264107757084515,0.0,0.0,0.0,0.083148971845499,0.0,1,0,0,Off,0,0,Off,0,0,Off,0.041426301885345206,0.031069726414008896,On,0.0,0,Off,0.003413638523391813,0.0,On,0.05896635101935187,0,On,0.03177578177684644,0,On,0.0694389939086535,0.05207924543149011,On,0,0,Off,Off,0.0,23.888888888888914,0.0,0.0,0.0,0.0,0,0.0,1667.2815511111112,Off,0.0,0.0,29.03761014588696,51.666666666666686,46.10666666666668,0.0,51.324135700199264,0.12322189653764085,334.0600270191845,0.0,29.03761014588696,49.63090493724299,51.324135700199264,48.78428955576485,12.43753247303448,24.700360213699245,0.0,3.9,-66.80602578149251,-468.6445506930897,-0.0,-83.48170899834057,266.1599517622053,800.216927187062,1.0,0.017407548443531918,0.0,0.0031008829429217902,0.38162972918841703,65.99961422222222,219.1602821477325,0.18170011768058228,12.037990594978496,0.003441086727825299,20.63945543513521,1.1999003630363474
2025-01-01 16:11:00,0.2050210671135888,0.083148971845499,0.0,0.0034170177852264802,0.0013858161974249835,0.0,0.06237998954274368,0.0,0.14264107757084515,0.0,0.0,0.0,0.083148971845499,0.0,1,0,0,Off,0,0,Off,0,0,Off,0.041426301885345206,0.031069726414008896,On,0.0,0,Off,0.003413638523391813,0.0,On,0.05896635101935187,0,On,0.03177578177684644,0,On,0.0694389939086535,0.05207924543149011,On,0,0,Off,Off,0.0,23.888888888888914,0.0,0.0,0.0,0.0,0,0.0,1667.2815511111112,Off,0.0,0.0,28.980139529912435,51.666666666666686,46.10666666666668,0.0,51.31240461921249,0.12325908060971166,334.06002701918453,0.0,28.980139529912435,49.5799472258629,51.31240461921249,48.71371852918812,12.43753247303448,24.699956804635647,0.0,3.9,-68.18983016362307,-468.62974792388763,-0.0,-83.46355498151321,266.1599517622053,792.3430508765882,1.0,0.017407336206307734,0.0,0.00310026874941968,0.3816143506093182,65.99961422222222,217.74352097957248,0.1817121080367663,12.038035914793717,0.003441231653635489,20.63136319877495,1.1999018834233595
2025-01-01 16:12:00,0.2050210671135888,0.083148971845499,0.0,0.0034170177852264802,0.0013858161974249835,0.0,0.06237998954274368,0.0,0.14264107757084515,0.0,0.0,0.0,0.083148971845499,0.0,1,0,0,Off,0,0,Off,0,0,Off,0.041426301885345206,0.031069726414008896,On,0.0,0,Off,0.003413638523391813,0.0,On,0.05896635101935187,0,On,0.03177578177684644,0,On,0.0694389939086535,0.05207924543149011,On,0,0,Off,Off,0.0,23.888888888888914,0.0,0.0,0.0,0.0,0,0.0,1667.2815511111112,Off,0.0,0.0,28.92278119877932,51.666666666666686,46.10666666666668,0.0,51.300673315181406,0.12329628783789473,334.06002701918453,0.0,28.92278119877932,49.5289975800023,51.300673315181406,48.643159712412746,12.43753247303448,24.69946470792848,0.0,3.9,-69.6414954346568,-468.61169108412605,-0.0,-83.44141024245448,266.1599517622053,784.040851417079,1.0,0.017407077307865743,0.0,0.0030995195092283667,0.38159559073118016,65.99961422222222,216.25165412971845,0.18172505887173332,12.038036243078729,0.0034413765224401757,20.623559522503548,1.1999037611389314
2025-01-01 16:13:00,0.2050210671135888,0.083148971845499,0.0,0.0034170177852264802,0.0013858161974249835,0.0,0.06237998954274368,0.0,0.14264107757084515,0.0,0.0,0.0,0.083148971845499,0.0,1,0,0,Off,0,0,Off,0,0,Off,0.041426301885345206,0.031069726414008896,On,0.0,0,Off,0.003413638523391813,0.0,On,0.05896635101935187,0,On,0.03177578177684644,0,On,0.0694389939086535,0.05207924543149011,On,0,0,Off,Off,0.0,23.888888888888914,0.0,0.0,0.0,0.0,0,0.0,1667.2815511111112,Off,0.0,0.0,28.865539685381464,51.666666666666686,46.10666666666668,0.0,51.288941773268995,0.12333351829090705,334.06002701918453,0.0,28.865539685381464,49.47805598390292,51.288941773268995,48.572613089219885,12.43753247303448,24.69888001190425,0.0,3.9,-71.16583711249689,-468.59023679280654,-0.0,-83.4150989693266,266.1599517622053,775.2818291703154,1.0,0.01740676968910852,0.0,0.003098629255042028,0.38157330019523233,65.99961422222222,214.67954688743092,0.1817390129835119,12.037989603607292,0.0034415213362225805,20.61605708022403,1.1999060119435403
2025-01-01 16:14:00,0.2050210671135888,0.083148971845499,0.0,0.0034170177852264802,0.0013858161974249835,0.0,0.06237998954274368,0.0,0.14264107757084515,0.0,0.0,0.0,0.083148971845499,0.0,1,0,0,Off,0,0,Off,0,0,Off,0.041426301885345206,0.031069726414008896,On,0.0,0,Off,0.003413638523391813,0.0,On,0.05896635101935187,0,On,0.03177578177684644,0,On,0.0694389939086535,0.05207924543149011,On,0,0,Off,Off,0.0,23.888888888888914,0.0,0.0,0.0,0.0,0,0.0,1667.2815511111112,Off,0.0,0.0,28.8084199101138,51.666666666666686,46.10666666666668,0.0,51.277209977964276,0.12337077203974717,334.0600270191845,0.0,28.8084199101138,49.42712242117038,51.277209977964276,48.50207864277344,12.43753247303448,24.698198471075127,0.0,3.9,-72.76804459064886,-468.5652294595132,-0.0,-83.38443038434387,266.1599517622053,766.0351749466827,1.0,0.017406411115026315,0.0,0.0030975915083080075,0.38154731685575033,65.99961422222222,213.0216634910029,0.18175401683199682,12.037893851362982,0.0034416660970530556,20.60886962976017,1.199908652943321
2025-01-01 16:15:00,0.2050210671135888,0.083148971845499,0.0,0.0034170177852264802,0.0013858161974249835,0.0,0.06237998954274368,0.0,0.14264107757084515,0.0,0.0,0.0,0.083148971845499,0.0,1,0,0,Off,0,0,Off,0,0,Off,0.041426301885345206,0.031069726414008896,On,0.0,0,Off,0.003413638523391813,0.0,On,0.05896635101935187,0,On,0.03177578177684644,0,On,0.0694389939086535,0.05207924543149011,On,0,0,Off,Off,0.0,23.888888888888914,0.0,0.0,0.0,0.0,0,0.0,1667.2815511111112,Off,0.0,0.0,28.778016493037967,51.666666666666686,46.10666666666668,0.0,51.26547791302476,0.0,0.0,0.0,28.778016493037967,49.37619687471976,51.26547791302476,48.43155635556727,12.43753247303448,24.69741548573664,0.0,3.9,-74.45371169773586,-468.5365005415279,-0.0,-83.34919783380938,266.1599517622053,756.2675967628477,1.0,0.017405999163921125,0.0,0.003096399247725622,0.3815174649933454,65.99961422222222,211.27203491539612,0.181770120765375,12.036964452778207,0.0034418108070965315,20.602012080105986,1.1999117026723878
2025-01-01 16:16:00,0.2050210671135888,0.083148971845499,0.0,0.0034170177852264802,0.0013858161974249835,0.0,0.06237998954274368,0.0,0.14264107757084515,0.0,0.0,0.0,0.083148971845499,0.0,1,0,0,Off,0,0,Off,0,0,Off,0.041426301885345206,0.031069726414008896,On,0.0,0,Off,0.003413638523391813,0.0,On,0.05896635101935187,0,On,0.03177578177684644,0,On,0.0694389939086535,0.05207924543149011,On,0,0,Off,Off,0.0,23.888888888888914,0.0,0.0,0.0,0.0,0,0.0,1667.2815511111112,Off,0.0,0.0,28.77432960827811,51.666666666666686,46.10666666666668,0.0,51.26077844063274,0.0,0.0,0.0,28.77432960827811,49.372158121204336,51.26077844063274,48.42784796149014,12.43753247303448,24.696526079514506,0.0,3.9,-76.22886641488117,-468.5038677265968,-0.0,-83.30917778714691,266.1599517622053,745.9431429071745,1.0,0.017405531215545084,0.0,0.003095044874553257,0.3814835544486574,65.99961422222222,209.42422733665728,0.18178737926947303,12.03676335470541,0.003441955468620427,20.595500565457606,1.199915181183441
2025-01-01 16:17:00,0.2050210671135888,0.083148971845499,0.0,0.0034170177852264802,0.0013858161974249835,0.0,0.06237998954274368,0.0,0.14264107757084515,0.0,0.0,0.0,0.083148971845499,0.0,1,0,0,Off,0,0,Off,0,0,Off,0.041426301885345206,0.031069726414008896,On,0.0,0,Off,0.003413638523391813,0.0,On,0.05896635101935187,0,On,0.03177578177684644,0,On,0.0694389939086535,0.05207924543149011,On,0,0,Off,Off,0.0,23.888888888888914,0.0,0.0,0.0,0.0,0,0.0,1667.2815511111112,Off,0.0,0.0,28.770773406076785,51.666666666666686,46.10666666666668,0.0,51.25607966386253,0.0,0.0,0.0,28.770773406076785,49.3681198851123,51.25607966386253,48.424139995737185,12.43753247303448,24.695524874853696,0.0,3.9,-78.1000017409583,-468.4671340412302,-0.0,-83.26412874480629,266.1599517622053,735.0230169908849,1.0,0.017405004438148693,0.0,0.0030935201747032074,0.38144537967598735,65.99961422222222,207.47130928287294,0.18180585124020832,12.036505591161884,0.0034421000840030654,20.589352526077683,1.199919110146685
2025-01-01 16:18:00,0.2050210671135888,0.083148971845499,0.0,0.0034170177852264802,0.0013858161974249835,0.0,0.06237998954274368,0.0,0.14264107757084515,0.0,0.0,0.0,0.083148971845499,0.0,1,0,0,Off,0,0,Off,0,0,Off,0.041426301885345206,0.031069726414008896,On,0.0,0,Off,0.003413638523391813,0.0,On,0.05896635101935187,0,On,0.03177578177684644,0,On,0.0694389939086535,0.05207924543149011,On,0,0,Off,Off,0.0,23.888888888888914,0.0,0.0,0.0,0.0,0,0.0,1667.2815511111112,Off,0.0,0.0,28.767354619517338,51.666666666666686,46.10666666666668,0.0,51.25138156325075,0.0,0.0,0.0,28.767354619517338,49.36408214810344,51.25138156325075,48.420432440529794,12.43753247303448,24.69440606636897,0.0,3.9,-80.07409979929889,-468.4260868817202,-0.0,-83.21379005162024,266.1599517622053,723.4654340891426,1.0,0.017404415774395197,0.0,0.0030918162774895342,0.38140271871354897,65.99961422222222,205.40582537183633,0.1818256002801466,12.036188228596977,0.003442244655742648,20.58358679628254,1.199923512957392
2025-01-01 16:19:00,0.2050210671135888,0.083148971845499,0.0,0.0034170177852264802,0.0013858161974249835,0.0,0.06237998954274368,0.0,0.14264107757084515,0.0,0.0,0.0,0.083148971845499,0.0,1,0,0,Off,0,0,Off,0,0,Off,0.041426301885345206,0.031069726414008896,On,0.0,0,Off,0.003413638523391813,0.0,On,0.05896635101935187,0,On,0.03177578177684644,0,On,0.0694389939086535,0.05207924543149011,On,0,0,Off,Off,0.0,23.888888888888914,0.0,0.0,0.0,0.0,0,0.0,1667.2815511111112,Off,0.0,0.0,28.76408051157153,51.666666666666686,46.10666666666668,0.0,51.24668411833354,0.0,0.0,0.0,28.76408051157153,49.36004489089264,51.24668411833354,48.4167252771722,12.43753247303448,24.693163392279406,0.0,3.9,-82.1586670020655,-468.38049697621807,-0.0,-83.1578806258748,266.1599517622053,711.2254133926997,1.0,0.01740376192625698,0.0,0.0030899236113546102,0.3813553320785538,65.99961422222222,203.2197588378221,0.1818466950168325,12.035808102719681,0.0034423891864668295,20.5782236988722,1.199928414851215
2025-01-01 16:20:00,0.2050210671135888,0.083148971845499,0.0,0.0034170177852264802,0.0013858161974249835,0.0,0.06237998954274368,0.0,0.14264107757084515,0.0,0.0,0.0,0.083148971845499,0.0,1,0,0,Off,0,0,Off,0,0,Off,0.041426301885345206,0.031069726414008896,On,0.0,0,Off,0.003413638523391813,0.0,On,0.05896635101935187,0,On,0.03177578177684644,0,On,0.0694389939086535,0.05207924543149011,On,0,0,Off,Off,0.0,23.888888888888914,0.0,0.0,0.0,0.0,0,0.0,1667.2815511111112,Off,0.0,0.0,28.760958910827128,51.666666666666686,46.10666666666668,0.0,51.24198730756779,0.0,0.0,0.0,28.760958910827128,49.35600809317546,51.24198730756779,48.4130184859793,12.43753247303448,24.691790103492774,0.0,3.9,-84.36175365100564,-468.33011726213755,-0.0,-83.09609758483893,266.1599517622053,698.2546609253172,1.0,0.017403039338664026,0.0,0.0030878318558978774,0.3813029615702659,65.99961422222222,200.90450943376553,0.1818692094477968,12.035361802870842,0.0034425336789429464,20.573285147433843,1.1999338430290056
2025-01-01 16:21:00,0.2050210671135888,0.083148971845499,0.0,0.0034170177852264802,0.0013858161974249835,0.0,0.06237998954274368,0.0,0.14264107757084515,0.0,0.0,0.0,0.083148971845499,0.0,1,0,0,Off,0,0,Off,0,0,Off,0.041426301885345206,0.031069726414008896,On,0.0,0,Off,0.003413638523391813,0.0,On,0.05896635101935187,0,On,0.03177578177684644,0,On,0.0694389939086535,0.05207924543149011,On,0,0,Off,Off,0.0,23.888888888888914,0.0,0.0,0.0,0.0,0,0.0,1667.2815511111112,Off,0.0,0.0,28.75799824984817,51.666666666666686,46.10666666666668,0.0,51.23729110824708,0.0,0.0,0.0,28.75799824984817,49.351971733548794,51.23729110824708,48.40931204619965,12.43753247303448,24.690278930891687,0.0,3.9,-86.6716086592229,-468.2746816993608,-0.0,-83.02811479190784,266.1599517622053,684.5014434549205,1.0,0.017402244182193233,0.0,0.0030855298910300285,0.3812453290017161,65.99961422222222,198.47123606984044,0.18189322330635432,12.035627554920183,0.0034426781360889416,20.56879475478869,1.1999398267889172
2025-01-01 16:22:00,0.2050210671135888,0.083148971845499,0.0,0.0034170177852264802,0.0013858161974249835,0.0,0.06237998954274368,0.0,0.14264107757084515,0.0,0.0,0.0,0.083148971845499,0.0,1,0,0,Off,0,0,Off,0,0,Off,0.041426301885345206,0.031069726414008896,On,0.0,0,Off,0.003413638523391813,0.0,On,0.05896635101935187,0,On,0.03177578177684644,0,On,0.0694389939086535,0.05207924543149011,On,0,0,Off,Off,0.0,23.888888888888914,0.0,0.0,0.0,0.0,0,0.0,1667.2815511111112,Off,0.0,0.0,28.755206778679327,51.666666666666686,46.10666666666668,0.0,51.23259549641193,0.0,0.0,0.0,28.755206778679327,49.34793578942609,51.23259549641193,48.40560593593317,12.43753247303448,24.68862276099133,0.0,3.9,-89.13254216874134,-468.21393006928594,-0.0,-82.95361327121053,266.1599517622053,669.9105082570304,1.0,0.017401372708491743,0.0,0.003083006825180986,0.3811821619469093,65.99961422222222,195.87504940954977,0.18191881472831717,12.035037899578231,0.003442822560985037,20.56477566498115,1.1999463948046352
2025-01-01 16:23:00,0.2050210671135888,0.083148971845499,0.0,0.0034170177852264802,0.0013858161974249835,0.0,0.06237998954274368,0.0,0.14264107757084515,0.0,0.0,0.0,0.083148971845499,0.0,1,0,0,Off,0,0,Off,0,0,Off,0.041426301885345206,0.031069726414008896,On,0.0,0,Off,0.003413638523391813,0.0,On,0.05896635101935187,0,On,0.03177578177684644,0,On,0.0694389939086535,0.05207924543149011,On,0,0,Off,Off,0.0,23.888888888888914,0.0,0.0,0.0,0.0,0,0.0,1667.2815511111112,Off,0.0,0.0,28.752594972717812,51.666666666666686,46.10666666666668,0.0,51.22790044687698,0.0,0.0,0.0,28.752594972717812,49.34390023706297,51.22790044687698,48.40190013215597,12.43753247303448,24.68681256639698,0.0,3.9,-91.19620570567292,-468.1475320761927,-0.0,-82.87218813401763,266.1599517622053,657.7632101577308,1.0,0.01740042016116772,0.0,0.003080248841240398,0.3811131147821128,65.99961422222222,193.66356274233218,0.18194608275916824,12.034370234676706,0.003442966956870509,20.56125720859781,1.1999535834635922
2025-01-01 16:24:00,0.2050210671135888,0.083148971845499,0.0,0.0034170177852264802,0.0013858161974249835,0.0,0.06237998954274368,0.0,0.14264107757084515,0.0,0.0,0.0,0.083148971845499,0.0,1,0,0,Off,0,0,Off,0,0,Off,0.041426301885345206,0.031069726414008896,On,0.0,0,Off,0.003413638523391813,0.0,On,0.05896635101935187,0,On,0.03177578177684644,0,On,0.0694389939086535,0.05207924543149011,On,0,0,Off,Off,0.0,23.888888888888914,0.0,0.0,0.0,0.0,0,0.0,1667.2815511111112,Off,0.0,0.0,28.750148890470253,51.666666666666686,46.10666666666668,0.0,51.2232059329002,0.0,0.0,0.0,28.750148890470253,49.33986505124494,51.2232059329002,48.39819461041732,12.43753247303448,24.684860304500795,0.0,3.9,-91.593200021933,-468.0759272308794,-0.0,-82.7843785363042,266.1599517622053,655.2723251550418,1.0,0.017399392825675958,0.0,0.0030772740877830595,0.3810386421862788,65.99961422222222,193.10715398304532,0.1819748983726653,12.033630617638018,0.00344311132718619,20.558201256212172,1.1999613446100488
2025-01-01 16:25:00,0.2050210671135888,0.083148971845499,0.0,0.0034170177852264802,0.0013858161974249835,0.0,0.06237998954274368,0.0,0.14264107757084515,0.0,0.0,0.0,0.083148971845499,0.0,1,0,0,Off,0,0,Off,0,0,Off,0.041426301885345206,0.031069726414008896,On,0.0,0,Off,0.003413638523391813,0.0,On,0.05896635101935187,0,On,0.03177578177684644,0,On,0.0694389939086535,0.05207924543149011,On,0,0,Off,Off,0.0,23.888888888888914,0.0,0.0,0.0,0.0,0,0.0,1667.2815511111112,Off,0.0,0.0,28.747795733082665,51.666666666666686,46.10666666666668,0.0,51.21851192981203,0.0,0.0,0.0,28.747795733082665,49.335830208714064,51.21851192981203,48.39448934816509,12.43753247303448,24.682828522352857,0.0,3.9,-92.10943895762341,-468.00141035804023,-0.0,-82.69299878052021,266.1599517622053,652.5964655314646,1.0,0.017398323610700712,0.0,0.003074177815024298,0.38096112899543977,65.99961422222222,192.42501841873172,0.1820045822550124,12.032850708264663,0.0034432556751109594,20.5554068543586,1.1999694262617522
2025-01-01 16:26:00,0.2050210671135888,0.083148971845499,0.0,0.0034170177852264802,0.0013858161974249835,0.0,0.06237998954274368,0.0,0.14264107757084515,0.0,0.0,0.0,0.083148971845499,0.0,1,0,0,Off,0,0,Off,0,0,Off,0.041426301885345206,0.031069726414008896,On,0.0,0,Off,0.003413638523391813,0.0,On,0.05896635101935187,0,On,0.03177578177684644,0,On,0.0694389939086535,0.05207924543149011,On,0,0,Off,Off,0.0,23.888888888888914,0.0,0.0,0.0,0.0,0,0.0,1667.2815511111112,Off,0.0,0.0,28.74553526786182,51.666666666666686,46.10666666666668,0.0,51.21381842376347,0.0,0.0,0.0,28.74553526786182,49.33179569642911,51.21381842376347,48.39078433276194,12.43753247303448,24.68071740689532,0.0,3.9,-92.57507347992055,-467.92398886517657,-0.0,-82.59805805647969,266.1599517622053,649.7239414068434,1.0,0.017397212610586885,0.0,0.0030709602658226046,0.38088058148442183,65.99961422222222,191.78702167953048,0.1820351329308601,12.032030604264776,0.0034434000024430042,20.552873579957947,1.199977827677234
2025-01-01 16:27:00,0.2050210671135888,0.083148971845499,0.0,0.0034170177852264802,0.0013858161974249835,0.0,0.06237998954274368,0.0,0.14264107757084515,0.0,0.0,0.0,0.083148971845499,0.0,1,0,0,Off,0,0,Off,0,0,Off,0.041426301885345206,0.031069726414008896,On,0.0,0,Off,0.003413638523391813,0.0,On,0.05896635101935187,0,On,0.03177578177684644,0,On,0.0694389939086535,0.05207924543149011,On,0,0,Off,Off,0.0,23.888888888888914,0.0,0.0,0.0,0.0,0,0.0,1667.2815511111112,Off,0.0,0.0,28.743360600266882,51.666666666666686,46.10666666666668,0.0,51.20912540094027,0.0,0.0,0.0,28.743360600266882,49.32776150138152,51.20912540094027,48.38707955160214,12.43753247303448,24.678532870788867,0.0,3.9,-93.1309781907205,-467.8438801392032,-0.0,-82.4998230481277,266.1599517622053,646.6425786330682,1.0,0.01739606293291748,0.0,0.0030676304096844474,0.3807972243889104,65.99961422222222,191.05277323440512,0.1820664866392009,12.031173301059793,0.0034435443109776098,20.550582573057497,1.1999865250458974
2025-01-01 16:28:00,0.2050210671135888,0.083148971845499,0.0,0.0034170177852264802,0.0013858161974249835,0.0,0.06237998954274368,0.0,0.14264107757084515,0.0,0.0,0.0,0.083148971845499,0.0,1,0,0,Off,0,0,Off,0,0,Off,0.041426301885345206,0.031069726414008896,On,0.0,0,Off,0.003413638523391813,0.0,On,0.05896635101935187,0,On,0.03177578177684644,0,On,0.0694389939086535,0.05207924543149011,On,0,0,Off,Off,0.0,23.888888888888914,0.0,0.0,0.0,0.0,0,0.0,1667.2815511111112,Off,0.0,0.0,28.741271376127564,51.666666666666686,46.10666666666668,0.0,51.20443284855309,0.0,0.0,0.0,28.741271376127564,49.323727611530295,51.20443284855309,48.383374993018904,12.43753247303448,24.676275206572292,0.0,3.9,-93.64309434661595,-467.7610954546428,-0.0,-82.39830768635186,266.1599517622053,643.3397958606866,1.0,0.017394874727648026,0.0,0.0030641886507922953,0.3807110680205441,65.99961422222222,190.35635703217343,0.18209864073727805,12.030278949570121,0.0034436886023804813,20.548533061160533,1.1999955172007915
2025-01-01 16:29:00,0.2050210671135888,0.083148971845499,0.0,0.0034170177852264802,0.0013858161974249835,0.0,0.06237998954274368,0.0,0.14264107757084515,0.0,0.0,0.0,0.083148971845499,0.0,1,0,0,Off,0,0,Off,0,0,Off,0.041426301885345206,0.031069726414008896,On,0.0,0,Off,0.003413638523391813,0.0,On,0.05896635101935187,0,On,0.03177578177684644,0,On,0.0694389939086535,0.05207924543149011,On,0,0,Off,Off,0.0,23.888888888888914,0.0,0.0,0.0,0.0,0,0.0,1667.2815511111112,Off,0.0,0.0,28.73926204155555,51.666666666666686,46.10666666666668,0.0,51.19974075386542,0.0,0.0,0.0,28.73926204155555,49.31969401488418,51.19974075386542,48.37967064539357,12.43753247303448,24.67394917562344,0.0,3.9,-94.2436437660217,-467.67580994845827,-0.0,-82.29372683923692,266.1599517622053,639.8026975571858,1.0,0.017393650496692913,0.0,0.0030606422061251254,0.38062229323267904,65.99961422222222,189.56594125946825,0.1821315439497958,12.029349962333582,0.003443832878312017,20.546709870341964,1.2000047849692994
2025-01-01 16:30:00,0.2050210671135888,0.083148971845499,0.0,0.0034170177852264802,0.0013858161974249835,0.0,0.06237998954274368,0.0,0.14264107757084515,0.0,0.0,0.0,0.083148971845499,0.0,1,0,0,Off,0,0,Off,0,0,Off,0.041426301885345206,0.031069726414008896,On,0.0,0,Off,0.003413638523391813,0.0,On,0.05896635101935187,0,On,0.03177578177684644,0,On,0.0694389939086535,0.05207924543149011,On,0,0,Off,Off,0.0,23.888888888888914,0.0,0.0,0.0,0.0,0,0.0,1667.2815511111112,Off,0.0,0.0,28.73733315247971,51.666666666666686,46.10666666666668,0.0,51.19504910496639,0.0,0.0,0.0,28.73733315247971,49.31566070023134,51.19504910496639,48.37596649786382,12.43753247303448,24.67155428897899,0.0,2.2,-291.286994179704,-559.299235468923,-0.0,-100.6087855640053,266.1599517622053,134.4304353651892,1.0,0.01909090705709561,0.0,0.0034341419628784934,0.41915581915867745,65.99961422222222,102.46107509101907,0.18216520212558365,12.028386094572237,0.0034439771403283544,-32.04963716424487,1.2000143303333197
2025-01-01 16:31:00,0.2050210671135888,0.083148971845499,0.0,0.0034170177852264802,0.0013858161974249835,0.0,0.06237998954274368,0.0,0.14264107757084515,0.0,0.0,0.0,0.083148971845499,0.0,1,0,0,Off,0,0,Off,0,0,Off,0.041426301885345206,0.031069726414008896,On,0.0,0,Off,0.003413638523391813,0.0,On,0.05896635101935187,0,On,0.03177578177684644,0,On,0.0694389939086535,0.05207924543149011,On,0,0,Off,Off,0.0,23.888888888888914,0.0,0.0,0.0,0.0,0,0.0,1667.2815511111112,Off,0.0,0.0,28.744430921747842,51.666666666666686,46.10666666666668,0.0,51.19035788986265,0.0,0.0,0.0,28.744430921747842,49.311627656281914,51.19035788986265,48.37226253949156,12.43753247303448,24.661401303866125,0.0,2.2,-285.6060678547431,-558.9005545790144,-0.0,-100.05636224464082,266.1599517622053,134.75780816570798,1.0,0.01908592194112564,0.0,0.0034168295305282734,0.41874089677058,65.99961422222222,107.19089720670682,0.18226393009658723,12.024422510200921,0.0034437521160528397,-31.949652593114735,1.2000554038998734
2025-01-01 16:32:00,0.2050210671135888,0.083148971845499,0.0,0.0034170177852264802,0.0013858161974249835,0.0,0.06237998954274368,0.0,0.14264107757084515,0.0,0.0,0.0,0.083148971845499,0.0,1,0,0,Off,0,0,Off,0,0,Off,0.041426301885345206,0.031069726414008896,On,0.0,0,Off,0.003413638523391813,0.0,On,0.05896635101935187,0,On,0.03177578177684644,0,On,0.0694389939086535,0.05207924543149011,On,0,0,Off,Off,0.0,23.888888888888914,0.0,0.0,0.0,0.0,0,0.0,1667.2815511111112,Off,0.0,0.0,28.7515739262373,51.666666666666686,46.10666666666668,0.0,51.18566576687128,0.0,0.0,0.0,28.7515739262373,49.307593616220046,51.18566576687128,48.368557540894436,12.43753247303448,24.651208445835618,0.0,2.2,-282.45624737920923,-558.500422299235,-0.0,-99.50190910069912,266.1599517622053,135.11383168501087,1.0,0.019080916617668264,0.0,0.003399438129398614,0.4183241288677699,65.99961422222222,109.38613225851955,0.1823631913614198,12.019658178687934,0.0034435278014585116,-31.849377725095536,1.2000966404362954
2025-01-01 16:33:00,0.2050210671135888,0.083148971845499,0.0,0.0034170177852264802,0.0013858161974249835,0.0,0.06237998954274368,0.0,0.14264107757084515,0.0,0.0,0.0,0.083148971845499,0.0,1,0,0,Off,0,0,Off,0,0,Off,0.041426301885345206,0.031069726414008896,On,0.0,0,Off,0.003413638523391813,0.0,On,0.05896635101935187,0,On,0.03177578177684644,0,On,0.0694389939086535,0.05207924543149011,On,0,0,Off,Off,0.0,23.888888888888914,0.0,0.0,0.0,0.0,0,0.0,1667.2815511111112,Off,0.0,0.0,28.75884768310339,51.666666666666686,46.10666666666668,0.0,51.180972729249184,0.0,0.0,0.0,28.75884768310339,49.30355857369734,51.180972729249184,48.36485149592142,12.43753247303448,24.64090220679624,0.0,2.2,-281.5516135218496,-558.0959555922298,-0.0,-98.9414307596078,266.1599517622053,135.50010658791527,1.0,0.01907585497515266,0.0,0.0033818420744539516,0.4179025046692704,65.99961422222222,109.32582106778263,0.1824637887185982,12.015617405229394,0.0034433041985652254,-31.748204450787398,1.200138336222078
2025-01-01 16:34:00,0.2050210671135888,0.083148971845499,0.0,0.0034170177852264802,0.0013858161974249835,0.0,0.06237998954274368,0.0,0.14264107757084515,0.0,0.0,0.0,0.083148971845499,0.0,1,0,0,Off,0,0,Off,0,0,Off,0.041426301885345206,0.031069726414008896,On,0.0,0,Off,0.003413638523391813,0.0,On,0.05896635101935187,0,On,0.03177578177684644,0,On,0.0694389939086535,0.05207924543149011,On,0,0,Off,Off,0.0,23.888888888888914,0.0,0.0,0.0,0.0,0,0.0,1667.2815511111112,Off,0.0,0.0,28.76632312018662,51.666666666666686,46.10666666666668,0.0,51.17627875754279,0.0,0.0,0.0,28.76632312018662,49.29952251036379,51.17627875754279,48.3611443867743,12.43753247303448,24.6304216062162,0.0,2.2,-281.1543092815763,-557.6847662192284,-0.0,-98.37161698487469,266.1599517622053,135.9182291658745,1.0,0.01907070703718425,0.0,0.003363936764869731,0.41747351990419307,65.99961422222222,108.74212216032153,0.18256639050951703,12.010708371329233,0.0034430813137165304,-31.645627744814902,1.200180737125166
2025-01-01 16:35:00,0.2050210671135888,0.083148971845499,0.0,0.0034170177852264802,0.0013858161974249835,0.0,0.06237998954274368,0.0,0.14264107757084515,0.0,0.0,0.0,0.083148971845499,0.0,1,0,0,Off,0,0,Off,0,0,Off,0.041426301885345206,0.031069726414008896,On,0.0,0,Off,0.003413638523391813,0.0,On,0.05896635101935187,0,On,0.03177578177684644,0,On,0.0694389939086535,0.05207924543149011,On,0,0,Off,Off,0.0,23.888888888888914,0.0,0.0,0.0,0.0,0,0.0,1667.2815511111112,Off,0.0,0.0,28.77399703376982,51.666666666666686,46.10666666666668,0.0,51.17158382175668,0.0,0.0,0.0,28.77399703376982,49.295485397915286,51.17158382175668,48.35743618599459,12.43753247303448,24.619769369368413,0.0,2.2,-282.0666046559024,-557.2669671187422,-0.0,-97.79262330394081,266.1599517622053,128.82793078918775,1.0,0.01906547410900108,0.0,0.0033457262634684405,0.41703727446372146,65.99961422222222,106.83303400457542,0.18267097127723878,12.005713074681228,0.003442859156845353,-31.541669173281832,1.200223832302528
2025-01-01 16:36:00,0.2050210671135888,0.083148971845499,0.0,0.0034170177852264802,0.0013858161974249835,0.0,0.06237998954274368,0.0,0.14264107757084515,0.0,0.0,0.0,0.083148971845499,0.0,1,0,0,Off,0,0,Off,0,0,Off,0.041426301885345206,0.031069726414008896,On,0.0,0,Off,0.003413638523391813,0.0,On,0.05896635101935187,0,On,0.03177578177684644,0,On,0.0694389939086535,0.05207924543149011,On,0,0,Off,Off,0.0,23.888888888888914,0.0,0.0,0.0,0.0,0,0.0,1667.2815511111112,Off,0.0,0.0,28.78190518281671,51.666666666666686,46.10666666666668,0.0,51.16688789237197,0.0,0.0,0.0,28.78190518281671,49.29144720849729,51.16688789237197,48.35372686655995,12.43753247303448,24.608914733631213,0.0,2.2,-281.363849252244,-556.8413583457321,-0.0,-97.20278573345624,266.1599517622053,130.6718451145974,1.0,0.01906014104169788,0.0,0.003327157327590795,0.41659249568814954,65.99961422222222,106.52034306473912,0.18277787153224387,12.001395360956923,0.0034426377377288916,-31.43607310647559,1.200267745900406
2025-01-01 16:37:00,0.2050210671135888,0.083148971845499,0.0,0.0034170177852264802,0.0013858161974249835,0.0,0.06237998954274368,0.0,0.14264107757084515,0.0,0.0,0.0,0.083148971845499,0.0,1,0,0,Off,0,0,Off,0,0,Off,0.041426301885345206,0.031069726414008896,On,0.0,0,Off,0.003413638523391813,0.0,On,0.05896635101935187,0,On,0.03177578177684644,0,On,0.0694389939086535,0.05207924543149011,On,0,0,Off,Off,0.0,23.888888888888914,0.0,0.0,0.0,0.0,0,0.0,1667.2815511111112,Off,0.0,0.0,28.78996002843444,51.666666666666686,46.10666666666668,0.0,51.162190934555255,0.0,0.0,0.0,28.78996002843444,49.28740790923683,51.162190934555255,48.35001639657762,12.43753247303448,24.5979329053323,0.0,2.2,-291.145628634527,-556.4108946568927,-0.0,-96.60619821235524,266.1599517622053,69.89542740273464,1.0,0.019054744752496536,0.0,0.0033083580248381697,0.4161422536861676,65.99961422222222,95.71151247251565,0.18288627398050794,11.996234160192842,0.003442417067959263,-31.329461005005157,1.200312174909896
2025-01-01 16:38:00,0.2050210671135888,0.083148971845499,0.0,0.0034170177852264802,0.0013858161974249835,0.0,0.06237998954274368,0.0,0.14264107757084515,0.0,0.0,0.0,0.083148971845499,0.0,1,0,0,Off,0,0,Off,0,0,Off,0.041426301885345206,0.031069726414008896,On,0.0,0,Off,0.003413638523391813,0.0,On,0.05896635101935187,0,On,0.03177578177684644,0,On,0.0694389939086535,0.05207924543149011,On,0,0,Off,Off,0.0,23.888888888888914,0.0,0.0,0.0,0.0,0,0.0,1667.2815511111112,Off,0.0,0.0,28.798611435796662,51.666666666666686,46.10666666666668,0.0,51.15749292648459,0.0,0.0,0.0,28.798611435796662,49.28336747954627,51.15749292648459,48.34630475607712,12.43753247303448,24.58643720677053,0.0,2.2,-290.5176032923863,-555.9604309413389,-0.0,-95.98186892635694,266.1599517622053,69.89870131846122,1.0,0.01904909516892479,0.0,0.0032886652608957977,0.4156706723625369,65.99961422222222,95.26474481310424,0.18300041365509168,11.99159216020125,0.0034421971547079996,-31.218629136145793,1.2003586783733686
2025-01-01 16:39:00,0.2050210671135888,0.083148971845499,0.0,0.0034170177852264802,0.0013858161974249835,0.0,0.06237998954274368,0.0,0.14264107757084515,0.0,0.0,0.0,0.083148971845499,0.0,1,0,0,Off,0,0,Off,0,0,Off,0.041426301885345206,0.031069726414008896,On,0.0,0,Off,0.003413638523391813,0.0,On,0.05896635101935187,0,On,0.03177578177684644,0,On,0.0694389939086535,0.05207924543149011,On,0,0,Off,Off,0.0,23.888888888888914,0.0,0.0,0.0,0.0,0,0.0,1667.2815511111112,Off,0.0,0.0,28.807420030568935,51.666666666666686,46.10666666666668,0.0,51.15279377947415,0.0,0.0,0.0,28.807420030568935,49.27932583570317,51.15279377947415,48.34259186381769,12.43753247303448,24.574805194388873,0.0,2.2,-289.9956043359331,-555.50477416554,-0.0,-95.35031788930884,266.1599517622053,69.9005941708495,1.0,0.019043377773882826,0.0,0.0032687246066490532,0.4151932163242355,65.99961422222222,94.69953595671056,0.18311616932366703,11.986102685732657,0.003441978027916829,-31.106702894317806,1.2004057344669747
2025-01-01 16:40:00,0.2050210671135888,0.083148971845499,0.0,0.0034170177852264802,0.0013858161974249835,0.0,0.06237998954274368,0.0,0.14264107757084515,0.0,0.0,0.0,0.083148971845499,0.0,1,0,0,Off,0,0,Off,0,0,Off,0.041426301885345206,0.031069726414008896,On,0.0,0,Off,0.003413638523391813,0.0,On,0.05896635101935187,0,On,0.03177578177684644,0,On,0.0694389939086535,0.05207924543149011,On,0,0,Off,Off,0.0,23.888888888888914,0.0,0.0,0.0,0.0,0,0.0,1667.2815511111112,Off,0.0,0.0,28.816371101014298,51.666666666666686,46.10666666666668,0.0,51.14809347014412,0.0,0.0,0.0,28.816371101014298,49.2752829556476,51.14809347014412,48.33887769839934,12.43753247303448,24.563049490749744,0.0,2.2,-289.46898506483296,-555.0444238194449,-0.0,-94.71223659118614,266.1599517622053,69.90111908749854,1.0,0.019037598743580107,0.0,0.0032485571946157784,0.41471039374382945,65.99961422222222,94.12772358359284,0.18323340643697972,11.981329354468532,0.00344175969530655,-30.99378583399067,1.2004532924172202
2025-01-01 16:41:00,0.2050210671135888,0.083148971845499,0.0,0.0034170177852264802,0.0013858161974249835,0.0,0.06237998954274368,0.0,0.14264107757084515,0.0,0.0,0.0,0.083148971845499,0.0,1,0,0,Off,0,0,Off,0,0,Off,0.041426301885345206,0.031069726414008896,On,0.0,0,Off,0.003413638523391813,0.0,On,0.05896635101935187,0,On,0.03177578177684644,0,On,0.0694389939086535,0.05207924543149011,On,0,0,Off,Off,0.0,23.888888888888914,0.0,0.0,0.0,0.0,0,0.0,1667.2815511111112,Off,0.0,0.0,28.82544681963897,51.666666666666686,46.10666666666668,0.0,51.1433919773016,0.0,0.0,0.0,28.82544681963897,49.27123881938427,51.1433919773016,48.33516224042561,12.43753247303448,24.551185398470448,0.0,2.2,-288.9022970298146,-554.5799836915161,-0.0,-94.0684611952301,266.1599517622053,69.90028916667582,1.0,0.019031765575306465,0.0,0.0032281888170224266,0.41422282408698363,65.99961422222222,93.58619609472638,0.18335196065317014,11.97572335091072,0.003441542163859954,-30.880003827237445,1.2005012906288848
2025-01-01 16:42:00,0.2050210671135888,0.083148971845499,0.0,0.0034170177852264802,0.0013858161974249835,0.0,0.06237998954274368,0.0,0.14264107757084515,0.0,0.0,0.0,0.083148971845499,0.0,1,0,0,Off,0,0,Off,0,0,Off,0.041426301885345206,0.031069726414008896,On,0.0,0,Off,0.003413638523391813,0.0,On,0.05896635101935187,0,On,0.03177578177684644,0,On,0.0694389939086535,0.05207924543149011,On,0,0,Off,Off,0.0,23.888888888888914,0.0,0.0,0.0,0.0,0,0.0,1667.2815511111112,Off,0.0,0.0,28.83462937253474,51.666666666666686,46.10666666666668,0.0,51.13868928240369,0.0,0.0,0.0,28.83462937253474,49.267193409419875,51.13868928240369,48.33144547292797,12.43753247303448,24.539228210995265,0.0,2.2,-288.2941539934444,-554.1120564538577,-0.0,-93.4198264419197,266.1599517622053,69.89811747624188,1.0,0.019025885766009925,0.0,0.0032076453227515107,0.41373112786728294,65.99961422222222,93.07777714012767,0.18347166722492894,11.970848306826742,0.0034413254396634734,-30.765482795620912,1.2005496675257594
2025-01-01 16:43:00,0.2050210671135888,0.083148971845499,0.0,0.0034170177852264802,0.0013858161974249835,0.0,0.06237998954274368,0.0,0.14264107757084515,0.0,0.0,0.0,0.083148971845499,0.0,1,0,0,Off,0,0,Off,0,0,Off,0.041426301885345206,0.031069726414008896,On,0.0,0,Off,0.003413638523391813,0.0,On,0.05896635101935187,0,On,0.03177578177684644,0,On,0.0694389939086535,0.05207924543149011,On,0,0,Off,Off,0.0,23.888888888888914,0.0,0.0,0.0,0.0,0,0.0,1667.2815511111112,Off,0.0,0.0,28.843902315574763,51.666666666666686,46.10666666666668,0.0,51.13398536955544,0.0,0.0,0.0,28.843902315574763,49.263146710761106,51.13398536955544,48.32772738136394,12.43753247303448,24.527192046989157,0.0,2.2,-287.6497439232434,-553.6411980543622,-0.0,-92.76710242677375,266.1599517622053,69.8946170482897,1.0,0.019019966239090882,0.0,0.0031869506143259816,0.413235878706793,65.99961422222222,92.59860479568734,0.18359237379031776,11.965156164146654,0.0034411095279071333,-30.650339043215496,1.2005983662513908
2025-01-01 16:44:00,0.2050210671135888,0.083148971845499,0.0,0.0034170177852264802,0.0013858161974249835,0.0,0.06237998954274368,0.0,0.14264107757084515,0.0,0.0,0.0,0.083148971845499,0.0,1,0,0,Off,0,0,Off,0,0,Off,0.041426301885345206,0.031069726414008896,On,0.0,0,Off,0.003413638523391813,0.0,On,0.05896635101935187,0,On,0.03177578177684644,0,On,0.0694389939086535,0.05207924543149011,On,0,0,Off,Off,0.0,23.888888888888914,0.0,0.0,0.0,0.0,0,0.0,1667.2815511111112,Off,0.0,0.0,28.85325072954235,51.666666666666686,46.10666666666668,0.0,51.1292802253062,0.0,0.0,0.0,28.85325072954235,49.25909871072247,51.1292802253062,48.32400795343061,12.43753247303448,24.515089716722365,0.0,2.2,-286.9737169952363,-553.1679125560656,-0.0,-92.1109874354419,266.1599517622053,69.88980087710235,1.0,0.019014013278324516,0.0,0.003166126411932045,0.4127375977152955,65.99961422222222,92.1452312340659,0.18371394188266815,11.960207932271564,0.0034408944329531884,-30.534678137934563,1.2006473352095424
2025-01-01 16:45:00,0.30042283150096016,0.09563952257906777,0.0,0.0050070471916826695,0.0015939920429844628,0.0,0.1124925341027334,0.0,0.18793029739822675,0.0,0.0,0.0,0.09563952257906777,0.0,1,0,0,Off,0,0,Off,0,0,Off,0.041426301885345206,0.031069726414008896,On,0.0,0,Off,0.003413638523391813,0.0,On,0.10907889557934158,0,On,0.060410933959469684,0,On,0.08609306155341187,0.06456979616505888,On,0,0,Off,Off,0.0,23.888888888888914,0.0,0.0,0.0,0.0,0,0.0,1667.2815511111112,Off,0.0,0.0,28.836071793053407,51.666666666666686,46.10666666666668,0.0,51.12457383842299,0.12385751999750705,334.0600270191846,0.0,28.836071793053407,49.25504939871226,51.12457383842299,48.320287178856894,12.43753247303448,24.50293284124137,0.0,2.2,-126.03396585975963,-552.6926568714898,-0.0,-91.45211449469703,426.39554563666576,69.88368191641,2.0,0.01900803258607349,0.0,0.0031451924514798,0.41223675825913236,131.99922844444444,91.71525986976138,0.18383624566926188,11.955232060875844,0.0034406801584126842,21.159969753714638,1.2006965275852985
2025-01-01 16:46:00,0.30042283150096016,0.09563952257906777,0.0,0.0050070471916826695,0.0015939920429844628,0.0,0.1124925341027334,0.0,0.18793029739822675,0.0,0.0,0.0,0.09563952257906777,0.0,1,0,0,Off,0,0,Off,0,0,Off,0.041426301885345206,0.031069726414008896,On,0.0,0,Off,0.003413638523391813,0.0,On,0.10907889557934158,0,On,0.060410933959469684,0,On,0.08609306155341187,0.06456979616505888,On,0,0,Off,Off,0.0,23.888888888888914,0.0,0.0,0.0,0.0,0,0.0,1667.2815511111112,Off,0.0,0.0,28.785627641772408,51.666666666666686,46.10666666666668,0.0,51.112833320466926,0.12389511896650436,334.06002701918453,0.0,28.785627641772408,49.204119971551535,51.112833320466926,48.249763297093835,12.43753247303448,24.496517386191645,0.0,2.2,-126.0844307903007,-552.441919647189,-0.0,-91.10449298935221,426.39554563666576,69.87627307680826,2.0,0.019004876076655002,0.0,0.0031341386989511616,0.4119723275810182,131.99922844444444,91.06643620957483,0.18391472927620783,11.952236038207099,0.003440828640640545,21.2028238794957,1.200722299918975
2025-01-01 16:47:00,0.30042283150096016,0.09563952257906777,0.0,0.0050070471916826695,0.0015939920429844628,0.0,0.1124925341027334,0.0,0.18793029739822675,0.0,0.0,0.0,0.09563952257906777,0.0,1,0,0,Off,0,0,Off,0,0,Off,0.041426301885345206,0.031069726414008896,On,0.0,0,Off,0.003413638523391813,0.0,On,0.10907889557934158,0,On,0.060410933959469684,0,On,0.08609306155341187,0.06456979616505888,On,0,0,Off,Off,0.0,23.888888888888914,0.0,0.0,0.0,0.0,0,0.0,1667.2815511111112,Off,0.0,0.0,28.735433794242113,51.666666666666686,46.10666666666668,0.0,51.101091543540626,0.12393274480551492,334.06002701918453,0.0,28.735433794242113,49.15319762380482,51.101091543540626,48.17925066393692,12.43753247303448,24.489893629237965,0.0,2.2,-126.05029285876401,-552.1830890178719,-0.0,-90.7456429897639,426.39554563666576,69.86758722333565,2.0,0.019001616815051234,0.0,0.003122721376335241,0.41169921937709825,131.99922844444444,90.4828935122061,0.18399555901939618,11.949910916564644,0.0034409774203878344,21.24742029455695,1.2007489134864873
2025-01-01 16:48:00,0.30042283150096016,0.09563952257906777,0.0,0.0050070471916826695,0.0015939920429844628,0.0,0.1124925341027334,0.0,0.18793029739822675,0.0,0.0,0.0,0.09563952257906777,0.0,1,0,0,Off,0,0,Off,0,0,Off,0.041426301885345206,0.031069726414008896,On,0.0,0,Off,0.003413638523391813,0.0,On,0.10907889557934158,0,On,0.060410933959469684,0,On,0.08609306155341187,0.06456979616505888,On,0,0,Off,Off,0.0,23.888888888888914,0.0,0.0,0.0,0.0,0,0.0,1667.2815511111112,Off,0.0,0.0,28.685468104963718,51.666666666666686,46.10666666666668,0.0,51.08934847230421,0.1239703976560512,334.0600270191846,0.0,28.685468104963718,49.10228232034409,51.08934847230421,48.108749244364034,12.43753247303448,24.48308056932134,0.0,2.2,-125.96550061425063,-551.916911754553,-0.0,-90.37659912664273,426.39554563666576,69.85763717310073,2.0,0.0189982641255829,0.0,0.0031109728011803747,0.41141820853721695,131.99922844444444,89.93246463027934,0.18407852964027321,11.946714191361794,0.003441126509762673,21.29360257664668,1.200776291741442
2025-01-01 16:49:00,0.30042283150096016,0.09563952257906777,0.0,0.0050070471916826695,0.0015939920429844628,0.0,0.1124925341027334,0.0,0.18793029739822675,0.0,0.0,0.0,0.09563952257906777,0.0,1,0,0,Off,0,0,Off,0,0,Off,0.041426301885345206,0.031069726414008896,On,0.0,0,Off,0.003413638523391813,0.0,On,0.10907889557934158,0,On,0.060410933959469684,0,On,0.08609306155341187,0.06456979616505888,On,0,0,Off,Off,0.0,23.888888888888914,0.0,0.0,0.0,0.0,0,0.0,1667.2815511111112,Off,0.0,0.0,28.635711352511862,51.666666666666686,46.10666666666668,0.0,51.07760407470938,0.12400807764937705,334.06002701918453,0.0,28.635711352511862,49.051374029149244,51.07760407470938,48.03825900636918,12.43753247303448,24.47609469503823,0.0,2.2,-125.83658177694815,-551.6440361369878,-0.0,-89.99825954496636,426.39554563666576,69.84643569321406,2.0,0.01899482609952776,0.0,0.003098921002188241,0.41112996719751743,131.99922844444444,89.4101682683402,0.18416346316335966,11.944205933384819,0.0034412759197836886,21.341235031257444,1.2008043682556107
2025-01-01 16:50:00,0.30042283150096016,0.09563952257906777,0.0,0.0050070471916826695,0.0015939920429844628,0.0,0.1124925341027334,0.0,0.18793029739822675,0.0,0.0,0.0,0.09563952257906777,0.0,1,0,0,Off,0,0,Off,0,0,Off,0.041426301885345206,0.031069726414008896,On,0.0,0,Off,0.003413638523391813,0.0,On,0.10907889557934158,0,On,0.060410933959469684,0,On,0.08609306155341187,0.06456979616505888,On,0,0,Off,Off,0.0,23.888888888888914,0.0,0.0,0.0,0.0,0,0.0,1667.2815511111112,Off,0.0,0.0,28.58614590618953,51.666666666666686,46.10666666666668,0.0,51.06585832156474,0.12404578490787234,334.06002701918453,0.0,28.58614590618953,49.00047272089775,51.06585832156474,47.967779920564254,12.43753247303448,24.468951130643095,0.0,2.2,-125.66550182272397,-551.3650567654884,-0.0,-89.61144802731013,426.39554563666576,69.83399549869043,2.0,0.01899131015885031,0.0,0.0030865916916352266,0.41083511193423294,131.99922844444444,88.91545733340882,0.1842501963119289,11.941617845145927,0.003441425660524325,21.390193173970903,1.2008330820964326
2025-01-01 16:51:00,0.30042283150096016,0.09563952257906777,0.0,0.0050070471916826695,0.0015939920429844628,0.0,0.1124925341027334,0.0,0.18793029739822675,0.0,0.0,0.0,0.09563952257906777,0.0,1,0,0,Off,0,0,Off,0,0,Off,0.041426301885345206,0.031069726414008896,On,0.0,0,Off,0.003413638523391813,0.0,On,0.10907889557934158,0,On,0.060410933959469684,0,On,0.08609306155341187,0.06456979616505888,On,0,0,Off,Off,0.0,23.888888888888914,0.0,0.0,0.0,0.0,0,0.0,1667.2815511111112,Off,0.0,0.0,28.536755426487446,51.666666666666686,46.10666666666668,0.0,51.054111186299366,0.12408351954576537,334.06002701918453,0.0,28.536755426487446,48.949578368741385,51.054111186299366,47.8973119599624,12.43753247303448,24.461663893003944,0.0,2.2,-125.45580471433993,-551.080524617652,-0.0,-89.21692793414329,426.39554563666576,69.82032924098795,2.0,0.018987723182551066,0.0,0.003074008706779216,0.41053421432873677,131.99922844444444,88.44610220078954,0.18433857769632603,11.938181993299262,0.0034415757411909347,21.44036160011817,1.2008623767907505
2025-01-01 16:52:00,0.30042283150096016,0.09563952257906777,0.0,0.0050070471916826695,0.0015939920429844628,0.0,0.1124925341027334,0.0,0.18793029739822675,0.0,0.0,0.0,0.09563952257906777,0.0,1,0,0,Off,0,0,Off,0,0,Off,0.041426301885345206,0.031069726414008896,On,0.0,0,Off,0.003413638523391813,0.0,On,0.10907889557934158,0,On,0.060410933959469684,0,On,0.08609306155341187,0.06456979616505888,On,0,0,Off,Off,0.0,23.888888888888914,0.0,0.0,0.0,0.0,0,0.0,1667.2815511111112,Off,0.0,0.0,28.487524836511568,51.666666666666686,46.10666666666668,0.0,51.04236264477081,0.12412128166972516,334.06002701918453,0.0,28.487524836511568,48.898690948125065,51.04236264477081,47.826855099802195,12.43753247303448,24.454245916113386,0.0,2.2,-125.21053395159862,-550.790948025317,-0.0,-88.81540355514392,426.39554563666576,69.80544954373742,2.0,0.018984071518622088,0.0,0.0030611940502853624,0.4102278019422758,131.99922844444444,88.00027199219655,0.18442846756251402,11.935455257882982,0.0034417261701860454,21.491633788978294,1.2008922002263527
2025-01-01 16:53:00,0.30042283150096016,0.09563952257906777,0.0,0.0050070471916826695,0.0015939920429844628,0.0,0.1124925341027334,0.0,0.18793029739822675,0.0,0.0,0.0,0.09563952257906777,0.0,1,0,0,Off,0,0,Off,0,0,Off,0.041426301885345206,0.031069726414008896,On,0.0,0,Off,0.003413638523391813,0.0,On,0.10907889557934158,0,On,0.060410933959469684,0,On,0.08609306155341187,0.06456979616505888,On,0,0,Off,Off,0.0,23.888888888888914,0.0,0.0,0.0,0.0,0,0.0,1667.2815511111112,Off,0.0,0.0,28.43844021169582,51.666666666666686,46.10666666666668,0.0,51.03061267507746,0.12415907137944215,334.06002701918453,0.0,28.43844021169582,48.84781043660959,51.03061267507746,47.75640931737567,12.43753247303448,24.4467091456939,0.0,2.2,-124.93248159865499,-550.4967963903529,-0.0,-88.40752525773931,426.39554563666576,69.78936894597759,2.0,0.0189803610304937,0.0,0.003048168051489479,0.4099163621811298,131.99922844444444,87.57629441277153,0.18451973676852396,11.932668417476165,0.0034418769551702597,21.543911324659536,1.2009225042707414
2025-01-01 16:54:00,0.30042283150096016,0.09563952257906777,0.0,0.0050070471916826695,0.0015939920429844628,0.0,0.1124925341027334,0.0,0.18793029739822675,0.0,0.0,0.0,0.09563952257906777,0.0,1,0,0,Off,0,0,Off,0,0,Off,0.041426301885345206,0.031069726414008896,On,0.0,0,Off,0.003413638523391813,0.0,On,0.10907889557934158,0,On,0.060410933959469684,0,On,0.08609306155341187,0.06456979616505888,On,0,0,Off,Off,0.0,23.888888888888914,0.0,0.0,0.0,0.0,0,0.0,1667.2815511111112,Off,0.0,0.0,28.389488687841492,51.666666666666686,46.10666666666668,0.0,51.018861257387194,0.1241968887681581,334.06002701918453,0.0,28.389488687841492,48.79693681370999,51.018861257387194,47.6859745918714,12.43753247303448,24.439064617953385,0.0,2.2,-124.62423757795887,-550.1985032813153,-0.0,-87.99389377722308,426.39554563666576,69.77209993662444,2.0,0.018976597135681138,0.0,0.003034949500319713,0.40960034550783736,131.99922844444444,87.17261384391368,0.18461226593500987,11.929827068063858,0.0034420281031187303,21.597103248776538,1.2009532444538504
2025-01-01 16:55:00,0.30042283150096016,0.09563952257906777,0.0,0.0050070471916826695,0.0015939920429844628,0.0,0.1124925341027334,0.0,0.18793029739822675,0.0,0.0,0.0,0.09563952257906777,0.0,1,0,0,Off,0,0,Off,0,0,Off,0.041426301885345206,0.031069726414008896,On,0.0,0,Off,0.003413638523391813,0.0,On,0.10907889557934158,0,On,0.060410933959469684,0,On,0.08609306155341187,0.06456979616505888,On,0,0,Off,Off,0.0,23.888888888888914,0.0,0.0,0.0,0.0,0,0.0,1667.2815511111112,Off,0.0,0.0,28.340658378439457,51.666666666666686,46.10666666666668,0.0,51.00710837377979,0.1242347339231541,334.06002701918453,0.0,28.340658378439457,48.74607006074666,51.00710837377979,47.61555090423009,12.43753247303448,24.431322530629966,0.0,2.2,-124.28819195856323,-549.8964692286818,-0.0,-87.5750640890016,426.39554563666576,69.75365494419191,2.0,0.018972784840637646,0.0,0.00302155576793621,0.40928016833467196,131.99922844444444,86.78779572245435,0.1847059446802396,11.926162331060919,0.003442179620373127,21.65112547711701,1.2009843796818702
2025-01-01 16:56:00,0.30042283150096016,0.09563952257906777,0.0,0.0050070471916826695,0.0015939920429844628,0.0,0.1124925341027334,0.0,0.18793029739822675,0.0,0.0,0.0,0.09563952257906777,0.0,1,0,0,Off,0,0,Off,0,0,Off,0.041426301885345206,0.031069726414008896,On,0.0,0,Off,0.003413638523391813,0.0,On,0.10907889557934158,0,On,0.060410933959469684,0,On,0.08609306155341187,0.06456979616505888,On,0,0,Off,Off,0.0,23.888888888888914,0.0,0.0,0.0,0.0,0,0.0,1667.2815511111112,Off,0.0,0.0,28.29193829818587,51.666666666666686,46.10666666666668,0.0,50.99535400810156,0.12427260692620076,334.0600270191845,0.0,28.29193829818587,48.69521016070814,50.99535400810156,47.54513823701144,12.43753247303448,24.42349230859543,0.0,2.2,-123.9265531235211,-549.5910643070665,-0.0,-87.15154898556128,426.39554563666576,69.73404633550477,2.0,0.01896892877293225,0.0,0.0030080029180281046,0.408956215693482,131.99922844444444,86.42051453244092,0.18480067091433958,11.923227340507715,0.0034423315126895383,21.705900261322757,1.2010158719730166
2025-01-01 16:57:00,0.30042283150096016,0.09563952257906777,0.0,0.0050070471916826695,0.0015939920429844628,0.0,0.1124925341027334,0.0,0.18793029739822675,0.0,0.0,0.0,0.09563952257906777,0.0,1,0,0,Off,0,0,Off,0,0,Off,0.041426301885345206,0.031069726414008896,On,0.0,0,Off,0.003413638523391813,0.0,On,0.10907889557934158,0,On,0.060410933959469684,0,On,0.08609306155341187,0.06456979616505888,On,0,0,Off,Off,0.0,23.888888888888914,0.0,0.0,0.0,0.0,0,0.0,1667.2815511111112,Off,0.0,0.0,28.243318292843185,51.666666666666686,46.10666666666668,0.0,50.983598145831365,0.12431050785397335,334.0600270191845,0.0,28.243318292843185,48.64435709812473,50.983598145831365,47.47473657427141,12.43753247303448,24.4155826639146,0.0,2.2,-123.54136244064262,-549.2826305002482,-0.0,-86.7238223524177,426.39554563666576,69.71328641453862,2.0,0.01896503321070255,0.0,0.0029943058086048953,0.4086288436779394,131.99922844444444,86.06954477535743,0.18489635019386344,11.92025221231392,0.0034424837852826255,21.76135569640083,1.2010476862156554
2025-01-01 16:58:00,0.30042283150096016,0.09563952257906777,0.0,0.0050070471916826695,0.0015939920429844628,0.0,0.1124925341027334,0.0,0.18793029739822675,0.0,0.0,0.0,0.09563952257906777,0.0,1,0,0,Off,0,0,Off,0,0,Off,0.041426301885345206,0.031069726414008896,On,0.0,0,Off,0.003413638523391813,0.0,On,0.10907889557934158,0,On,0.060410933959469684,0,On,0.08609306155341187,0.06456979616505888,On,0,0,Off,Off,0.0,23.888888888888914,0.0,0.0,0.0,0.0,0,0.0,1667.2815511111112,Off,0.0,0.0,28.19478897509316,51.666666666666686,46.10666666666668,0.0,50.971840773957126,0.12434843677843467,334.06002701918453,0.0,28.19478897509316,48.593510858951724,50.971840773957126,47.40434590144903,12.43753247303448,24.40760165092998,0.0,2.2,-123.13450737142784,-548.9714838711409,-0.0,-86.29232217373952,426.39554563666576,69.69138742116647,2.0,0.018961102109663307,0.0,0.002980478185275467,0.4082983816819028,131.99922844444444,85.7337530367868,0.18499289513038542,11.917241031179755,0.0034426364428663454,21.817425269295217,1.2010797899464818
2025-01-01 16:59:00,0.30042283150096016,0.09563952257906777,0.0,0.0050070471916826695,0.0015939920429844628,0.0,0.1124925341027334,0.0,0.18793029739822675,0.0,0.0,0.0,0.09563952257906777,0.0,1,0,0,Off,0,0,Off,0,0,Off,0.041426301885345206,0.031069726414008896,On,0.0,0,Off,0.003413638523391813,0.0,On,0.10907889557934158,0,On,0.060410933959469684,0,On,0.08609306155341187,0.06456979616505888,On,0,0,Off,Off,0.0,23.888888888888914,0.0,0.0,0.0,0.0,0,0.0,1667.2815511111112,Off,0.0,0.0,28.14634166558659,51.666666666666686,46.10666666666668,0.0,50.96008188086177,0.12438639376718875,334.06002701918453,0.0,28.14634166558659,48.542671430461894,50.96008188086177,47.33396620526196,12.43753247303448,24.399556716826073,0.0,2.2,-122.70773364988787,-548.6579165543716,-0.0,-85.85745329215729,426.39554563666576,69.66836153038821,2.0,0.01895713912789485,0.0,0.0029665327668061893,0.4079651344527929,131.99922844444444,85.41209055997523,0.18509022484807483,11.913424558646216,0.0034427894896915242,21.87404744471799,1.201112153146918
2025-01-01 17:00:00,0.36002513713825524,0.10255699199010856,0.0,0.006000418952304254,0.0017092831998351428,0.0,0.1490158283939306,0.0,0.21100930874432466,0.0,0.0,0.0,0.10255699199010856,0.0,1,0,0,Off,0,0,Off,0,0,Off,0.04519232932946749,0.033894246997100606,On,0.0,0,Off,0.0043446308479532176,0.0,On,0.14467119754597738,0,On,0.0742666527575132,0,On,0.09155032665734399,0.06866274499300797,On,0,0,Off,Off,0.0,23.888888888888914,0.0,0.0,0.0,0.0,0,0.0,1667.2815511111112,Off,0.0,0.0,28.097968338736393,51.666666666666686,46.10666666666668,0.0,50.94832145621801,0.12442437888380757,334.06002701918453,0.0,28.097968338736393,48.491838801146066,50.94832145621801,47.2635974736101,12.43753247303448,24.391454748065684,0.0,2.2,-63.042359323112805,-548.3421985867483,-0.0,-85.41958994394926,485.6158427166856,69.64422085128106,2.0,0.01895314764860476,0.0,0.002952481323639771,0.4076293839762649,131.99922844444444,85.10358649089913,0.18518826448592182,11.910352582002698,0.0034429429295805497,22.045767852146234,1.2011447480561488
2025-01-01 17:01:00,0.36002513713825524,0.10255699199010856,0.0,0.006000418952304254,0.0017092831998351428,0.0,0.1490158283939306,0.0,0.21100930874432466,0.0,0.0,0.0,0.10255699199010856,0.0,1,0,0,Off,0,0,Off,0,0,Off,0.04519232932946749,0.033894246997100606,On,0.0,0,Off,0.0043446308479532176,0.0,On,0.14467119754597738,0,On,0.0742666527575132,0,On,0.09155032665734399,0.06866274499300797,On,0,0,Off,Off,0.0,23.888888888888914,0.0,0.0,0.0,0.0,0,0.0,1667.2815511111112,Off,0.0,0.0,28.04717385370185,51.666666666666686,46.10666666666668,0.0,50.93655949089114,0.12446239218813263,334.0600270191845,0.0,28.04717385370185,48.44101296062139,50.93655949089114,47.193239695486525,12.43753247303448,24.385440297122386,0.0,2.2,-62.86806008869877,-548.1078741138313,-0.0,-85.0946020210351,485.6158427166856,69.6189774262251,2.0,0.018950184335477214,0.0,0.002942045663656695,0.40738005011043904,131.99922844444444,84.71857332948198,0.18526326036308888,11.908340762679474,0.0034430975698402683,22.0853627242956,1.2011689163746977
2025-01-01 17:02:00,0.36002513713825524,0.10255699199010856,0.0,0.006000418952304254,0.0017092831998351428,0.0,0.1490158283939306,0.0,0.21100930874432466,0.0,0.0,0.0,0.10255699199010856,0.0,1,0,0,Off,0,0,Off,0,0,Off,0.04519232932946749,0.033894246997100606,On,0.0,0,Off,0.0043446308479532176,0.0,On,0.14467119754597738,0,On,0.0742666527575132,0,On,0.09155032665734399,0.06866274499300797,On,0,0,Off,Off,0.0,23.888888888888914,0.0,0.0,0.0,0.0,0,0.0,1667.2815511111112,Off,0.0,0.0,27.9965142369698,51.666666666666686,46.10666666666668,0.0,50.92479634660291,0.12450043254045741,334.06002701918453,0.0,27.9965142369698,48.39019424867715,50.92479634660291,47.12289319971427,12.43753247303448,24.37931681066297,0.0,2.2,-62.65555450501546,-547.8693427267394,-0.0,-84.76377273578778,485.6158427166856,69.59264321221212,2.0,0.01894716707218523,0.0,0.002931416741992718,0.40712611602006105,131.99922844444444,84.3617182408262,0.18533951442780772,11.905501357293826,0.003443252484721561,22.12588108059878,1.201193525672699
2025-01-01 17:03:00,0.36002513713825524,0.10255699199010856,0.0,0.006000418952304254,0.0017092831998351428,0.0,0.1490158283939306,0.0,0.21100930874432466,0.0,0.0,0.0,0.10255699199010856,0.0,1,0,0,Off,0,0,Off,0,0,Off,0.04519232932946749,0.033894246997100606,On,0.0,0,Off,0.0043446308479532176,0.0,On,0.14467119754597738,0,On,0.0742666527575132,0,On,0.09155032665734399,0.06866274499300797,On,0,0,Off,Off,0.0,23.888888888888914,0.0,0.0,0.0,0.0,0,0.0,1667.2815511111112,Off,0.0,0.0,27.945978723474752,51.666666666666686,46.10666666666668,0.0,50.913032005163906,0.12453850002796296,334.06002701918453,0.0,27.945978723474752,48.33938264638569,50.913032005163906,47.05255796699658,12.43753247303448,24.373093522317507,0.0,2.2,-62.417731133670316,-547.6269662339562,-0.0,-84.42760354907779,485.6158427166856,69.56523015137407,2.0,0.0189441003966212,0.0,0.0029206103725662167,0.4068679604203962,131.99922844444444,84.02099593267806,0.18541692616681654,11.903383953440422,0.0034434076806339306,22.167246352152155,1.2012185387199776
2025-01-01 17:04:00,0.36002513713825524,0.10255699199010856,0.0,0.006000418952304254,0.0017092831998351428,0.0,0.1490158283939306,0.0,0.21100930874432466,0.0,0.0,0.0,0.10255699199010856,0.0,1,0,0,Off,0,0,Off,0,0,Off,0.04519232932946749,0.033894246997100606,On,0.0,0,Off,0.0043446308479532176,0.0,On,0.14467119754597738,0,On,0.0742666527575132,0,On,0.09155032665734399,0.06866274499300797,On,0,0,Off,Off,0.0,23.888888888888914,0.0,0.0,0.0,0.0,0,0.0,1667.2815511111112,Off,0.0,0.0,27.89555776094744,51.666666666666686,46.10666666666668,0.0,50.90126644998458,0.12457659473283243,334.06002701918453,0.0,27.89555776094744,48.28857813633016,50.90126644998458,46.98223397950296,12.43753247303448,24.366778624819613,0.0,2.2,-62.15740951257652,-547.3810656964902,-0.0,-84.08653944039887,485.6158427166856,69.5367500647585,2.0,0.0189409883349021,0.0,0.0029096405821716622,0.4066059192478005,131.99922844444444,83.6943529076269,0.185495406440174,11.900448222363355,0.003443563163453934,22.20939061445369,1.2012439224840772
2025-01-01 17:05:00,0.36002513713825524,0.10255699199010856,0.0,0.006000418952304254,0.0017092831998351428,0.0,0.1490158283939306,0.0,0.21100930874432466,0.0,0.0,0.0,0.10255699199010856,0.0,1,0,0,Off,0,0,Off,0,0,Off,0.04519232932946749,0.033894246997100606,On,0.0,0,Off,0.0043446308479532176,0.0,On,0.14467119754597738,0,On,0.0742666527575132,0,On,0.09155032665734399,0.06866274499300797,On,0,0,Off,Off,0.0,23.888888888888914,0.0,0.0,0.0,0.0,0,0.0,1667.2815511111112,Off,0.0,0.0,27.845242514369716,51.666666666666686,46.10666666666668,0.0,50.889499665894974,0.12461471673281978,334.06002701918453,0.0,27.845242514369716,48.23778070243431,50.889499665894974,46.91192122070398,12.43753247303448,24.360379695809325,0.0,2.2,-61.875681527586096,-547.1319380311189,-0.0,-83.74099193285966,485.6158427166856,69.50721472155796,2.0,0.018937834611085478,0.0,0.002898520347943096,0.40634030328524423,131.99922844444444,83.38140571970683,0.18557487277154955,11.898242085953218,0.003443718938585338,22.25225102625516,1.2012696464115995
2025-01-01 17:06:00,0.36002513713825524,0.10255699199010856,0.0,0.006000418952304254,0.0017092831998351428,0.0,0.1490158283939306,0.0,0.21100930874432466,0.0,0.0,0.0,0.10255699199010856,0.0,1,0,0,Off,0,0,Off,0,0,Off,0.04519232932946749,0.033894246997100606,On,0.0,0,Off,0.0043446308479532176,0.0,On,0.14467119754597738,0,On,0.0742666527575132,0,On,0.09155032665734399,0.06866274499300797,On,0,0,Off,Off,0.0,23.888888888888914,0.0,0.0,0.0,0.0,0,0.0,1667.2815511111112,Off,0.0,0.0,27.795024748177013,51.666666666666686,46.10666666666668,0.0,50.87773163903808,0.12465286610158197,334.06002701918453,0.0,27.795024748177013,48.18699032986177,50.87773163903808,46.84161967527363,12.43753247303448,24.353903798884975,0.0,2.2,-61.57420494152086,-546.8798599576028,-0.0,-83.39134456594506,485.6158427166856,69.47663582145744,2.0,0.018934642696901285,0.0,0.002887261771703866,0.4060714023321185,131.99922844444444,83.0811568653413,0.18565524823703114,11.895996985522924,0.003443875010994511,22.295768987326007,1.2012956820204814
2025-01-01 17:07:00,0.36002513713825524,0.10255699199010856,0.0,0.006000418952304254,0.0017092831998351428,0.0,0.1490158283939306,0.0,0.21100930874432466,0.0,0.0,0.0,0.10255699199010856,0.0,1,0,0,Off,0,0,Off,0,0,Off,0.04519232932946749,0.033894246997100606,On,0.0,0,Off,0.0043446308479532176,0.0,On,0.14467119754597738,0,On,0.0742666527575132,0,On,0.09155032665734399,0.06866274499300797,On,0,0,Off,Off,0.0,23.888888888888914,0.0,0.0,0.0,0.0,0,0.0,1667.2815511111112,Off,0.0,0.0,27.7448968098372,51.666666666666686,46.10666666666668,0.0,50.86596235678075,0.1246910429089554,334.06002701918453,0.0,27.7448968098372,48.136207004932004,50.86596235678075,46.77132932900764,12.43753247303448,24.347357497686254,0.0,2.2,-61.25443547353774,-546.6250885585805,-0.0,-83.03795367019627,485.6158427166856,69.44502499434502,2.0,0.01893141581862864,0.0,0.0028758761033158024,0.4057994857666925,131.99922844444444,82.79276403855347,0.18573646131908472,11.892944960636079,0.0034440313852399573,22.33989002527057,1.2013220028433993
2025-01-01 17:08:00,0.36002513713825524,0.10255699199010856,0.0,0.006000418952304254,0.0017092831998351428,0.0,0.1490158283939306,0.0,0.21100930874432466,0.0,0.0,0.0,0.10255699199010856,0.0,1,0,0,Off,0,0,Off,0,0,Off,0.04519232932946749,0.033894246997100606,On,0.0,0,Off,0.0043446308479532176,0.0,On,0.14467119754597738,0,On,0.0742666527575132,0,On,0.09155032665734399,0.06866274499300797,On,0,0,Off,Off,0.0,23.888888888888914,0.0,0.0,0.0,0.0,0,0.0,1667.2815511111112,Off,0.0,0.0,27.694851583541777,51.666666666666686,46.10666666666668,0.0,50.85419180762699,0.12472924722122551,334.06002701918453,0.0,27.694851583541777,48.08543071503842,50.85419180762699,46.70105016874414,12.43753247303448,24.34074689570946,0.0,2.2,-60.9177188416582,-546.367862841195,-0.0,-82.68115053133498,485.6158427166856,69.41239379979442,2.0,0.018928156976655272,0.0,0.0028643738087546517,0.40552480417686093,131.99922844444444,82.51545181418618,0.18581844547434334,11.89063190732362,0.0034441880655010607,22.38456346632136,1.201348584267263
2025-01-01 17:09:00,0.36002513713825524,0.10255699199010856,0.0,0.006000418952304254,0.0017092831998351428,0.0,0.1490158283939306,0.0,0.21100930874432466,0.0,0.0,0.0,0.10255699199010856,0.0,1,0,0,Off,0,0,Off,0,0,Off,0.04519232932946749,0.033894246997100606,On,0.0,0,Off,0.0043446308479532176,0.0,On,0.14467119754597738,0,On,0.0742666527575132,0,On,0.09155032665734399,0.06866274499300797,On,0,0,Off,Off,0.0,23.888888888888914,0.0,0.0,0.0,0.0,0,0.0,1667.2815511111112,Off,0.0,0.0,27.64488245061301,51.666666666666686,46.10666666666668,0.0,50.84241998113821,0.124767479101375,334.06002701918453,0.0,27.64488245061301,48.03466144857307,50.84241998113821,46.6307821822905,12.43753247303448,24.33407767010042,0.0,2.2,-60.56530992937047,-546.1084050637161,-0.0,-82.32124322851946,485.6158427166856,69.37875372718868,2.0,0.01892486896207178,0.0,0.002852764627771665,0.4052475907419292,131.99922844444444,82.2484956461795,0.18590113876778142,11.888289199150993,0.0034443450556045376,22.42974215639125,1.2013754033970283
2025-01-01 17:10:00,0.36002513713825524,0.10255699199010856,0.0,0.006000418952304254,0.0017092831998351428,0.0,0.1490158283939306,0.0,0.21100930874432466,0.0,0.0,0.0,0.10255699199010856,0.0,1,0,0,Off,0,0,Off,0,0,Off,0.04519232932946749,0.033894246997100606,On,0.0,0,Off,0.0043446308479532176,0.0,On,0.14467119754597738,0,On,0.0742666527575132,0,On,0.09155032665734399,0.06866274499300797,On,0,0,Off,Off,0.0,23.888888888888914,0.0,0.0,0.0,0.0,0,0.0,1667.2815511111112,Off,0.0,0.0,27.594983253692646,51.666666666666686,46.10666666666668,0.0,50.830646867859286,0.12480573860931386,334.06002701918453,0.0,27.594983253692646,47.98389919485689,50.830646867859286,46.56052535835569,12.43753247303448,24.327355102398258,0.0,2.2,-60.19837439931945,-545.8469219429411,-0.0,-81.9585183073223,485.6158427166856,69.34411619531951,2.0,0.018921554371765965,0.0,0.0028410576263054985,0.4049680624887978,131.99922844444444,81.9912231342583,0.18598448354017655,11.885148885990962,0.0034445023590489476,22.47538220745637,1.201402438931798
2025-01-01 17:11:00,0.36002513713825524,0.10255699199010856,0.0,0.006000418952304254,0.0017092831998351428,0.0,0.1490158283939306,0.0,0.21100930874432466,0.0,0.0,0.0,0.10255699199010856,0.0,1,0,0,Off,0,0,Off,0,0,Off,0.04519232932946749,0.033894246997100606,On,0.0,0,Off,0.0043446308479532176,0.0,On,0.14467119754597738,0,On,0.0742666527575132,0,On,0.09155032665734399,0.06866274499300797,On,0,0,Off,Off,0.0,23.888888888888914,0.0,0.0,0.0,0.0,0,0.0,1667.2815511111112,Off,0.0,0.0,27.545148263562453,51.666666666666686,46.10666666666668,0.0,50.818872459250024,0.12484402580209282,334.06002701918453,0.0,27.545148263562453,47.93314394407494,50.818872459250024,46.490279686487405,12.43753247303448,24.32058410707615,0.0,2.2,-59.817996121333806,-545.5836057752977,-0.0,-81.59324233309562,485.6158427166856,69.30849255231489,2.0,0.018918215622434287,0.0,0.002829261245116624,0.4046864214577044,131.99922844444444,81.74300927037386,0.18606842609962174,11.882754944908058,0.003444659979027437,22.52144276216847,1.201429671049811
2025-01-01 17:12:00,0.36002513713825524,0.10255699199010856,0.0,0.006000418952304254,0.0017092831998351428,0.0,0.1490158283939306,0.0,0.21100930874432466,0.0,0.0,0.0,0.10255699199010856,0.0,1,0,0,Off,0,0,Off,0,0,Off,0.04519232932946749,0.033894246997100606,On,0.0,0,Off,0.0043446308479532176,0.0,On,0.14467119754597738,0,On,0.0742666527575132,0,On,0.09155032665734399,0.06866274499300797,On,0,0,Off,Off,0.0,23.888888888888914,0.0,0.0,0.0,0.0,0,0.0,1667.2815511111112,Off,0.0,0.0,27.495372148411775,51.666666666666686,46.10666666666668,0.0,50.807096747621465,0.12488234073410177,334.0600270191846,0.0,27.495372148411775,47.88239568721635,50.807096747621465,46.420045157013796,12.43753247303448,24.313769257845113,0.0,2.2,-59.42518330764847,-545.318635470326,-0.0,-81.22566332289277,485.6158427166856,69.27189407563938,2.0,0.018914854963493773,0.0,0.0028173833445853244,0.40440285577611396,131.99922844444444,81.50327276888468,0.1861529164373147,11.879568663038544,0.003444817918448845,22.567885776988724,1.201457081302454
2025-01-01 17:13:00,0.36002513713825524,0.10255699199010856,0.0,0.006000418952304254,0.0017092831998351428,0.0,0.1490158283939306,0.0,0.21100930874432466,0.0,0.0,0.0,0.10255699199010856,0.0,1,0,0,Off,0,0,Off,0,0,Off,0.04519232932946749,0.033894246997100606,On,0.0,0,Off,0.0043446308479532176,0.0,On,0.14467119754597738,0,On,0.0742666527575132,0,On,0.09155032665734399,0.06866274499300797,On,0,0,Off,Off,0.0,23.888888888888914,0.0,0.0,0.0,0.0,0,0.0,1667.2815511111112,Off,0.0,0.0,27.445649945452317,51.666666666666686,46.10666666666668,0.0,50.79531972607685,0.12492068345725378,334.0600270191845,0.0,27.445649945452317,47.831654416018495,50.79531972607685,46.34982176098933,12.43753247303448,24.306914811934192,0.0,2.2,-59.02087403836384,-545.0521775048537,-0.0,-80.85601206747353,485.6158427166856,69.23433197177638,2.0,0.01891147448899946,0.0,0.0028054312460436713,0.4041175406496074,131.99922844444444,81.27147281727784,0.18623790796539222,11.877132790387785,0.0034449761799572997,22.614675822060242,1.2014846525164284
2025-01-01 17:14:00,0.36002513713825524,0.10255699199010856,0.0,0.006000418952304254,0.0017092831998351428,0.0,0.1490158283939306,0.0,0.21100930874432466,0.0,0.0,0.0,0.10255699199010856,0.0,1,0,0,Off,0,0,Off,0,0,Off,0.04519232932946749,0.033894246997100606,On,0.0,0,Off,0.0043446308479532176,0.0,On,0.14467119754597738,0,On,0.0742666527575132,0,On,0.09155032665734399,0.06866274499300797,On,0,0,Off,Off,0.0,23.888888888888914,0.0,0.0,0.0,0.0,0,0.0,1667.2815511111112,Off,0.0,0.0,27.39597703499402,51.666666666666686,46.10666666666668,0.0,50.783541388456705,0.12495905402115638,334.0600270191845,0.0,27.39597703499402,47.78092012291526,50.783541388456705,46.27960949014455,12.43753247303448,24.300024732519795,0.0,2.2,-58.60594142039787,-544.7843868045937,-0.0,-80.48450335273031,485.6158427166856,69.19581735049273,2.0,0.018908076148652503,0.0,0.0027934117699407427,0.4038306392769196,131.99922844444444,81.04710602024062,0.1863233572748194,11.874678931482173,0.003445134765950418,22.661779896378626,1.201512368703378
2025-01-01 17:15:00,0.36002513713825524,0.10255699199010856,0.0,0.006000418952304254,0.0017092831998351428,0.0,0.1490158283939306,0.0,0.21100930874432466,0.0,0.0,0.0,0.10255699199010856,0.0,1,0,0,Off,0,0,Off,0,0,Off,0.04519232932946749,0.033894246997100606,On,0.0,0,Off,0.0043446308479532176,0.0,On,0.14467119754597738,0,On,0.0742666527575132,0,On,0.09155032665734399,0.06866274499300797,On,0,0,Off,Off,0.0,23.888888888888914,0.0,0.0,0.0,0.0,0,0.0,1667.2815511111112,Off,0.0,0.0,27.346349115857834,51.666666666666686,46.10666666666668,0.0,50.77176172928792,0.12499745247327039,334.0600270191846,0.0,27.346349115857834,47.73019280098886,50.77176172928792,46.20940833683934,12.43753247303448,24.29310270945419,0.0,2.2,-58.181198306027625,-544.5154075590253,-0.0,-80.11133708865574,485.6158427166856,69.15636132854252,2.0,0.01890466175797279,0.0,0.002781331271100549,0.4035423036953308,131.99922844444444,80.82970362496783,0.18640922391177006,11.871439458251025,0.0034452936785962216,22.709167257010797,1.201540214976379
2025-01-01 17:16:00,0.36002513713825524,0.10255699199010856,0.0,0.006000418952304254,0.0017092831998351428,0.0,0.1490158283939306,0.0,0.21100930874432466,0.0,0.0,0.0,0.10255699199010856,0.0,1,0,0,Off,0,0,Off,0,0,Off,0.04519232932946749,0.033894246997100606,On,0.0,0,Off,0.0043446308479532176,0.0,On,0.14467119754597738,0,On,0.0742666527575132,0,On,0.09155032665734399,0.06866274499300797,On,0,0,Off,Off,0.0,23.888888888888914,0.0,0.0,0.0,0.0,0,0.0,1667.2815511111112,Off,0.0,0.0,27.296762183519718,51.666666666666686,46.10666666666668,0.0,50.759980743736314,0.12503587885905795,334.0600270191845,0.0,27.296762183519718,47.67947244392513,50.759980743736314,46.13921829401954,12.43753247303448,24.28615217843377,0.0,2.2,-57.74740168610822,-544.2453739750423,-0.0,-79.73669935346247,485.6158427166856,69.11597487482216,2.0,0.018901233007705246,0.0,0.00276919567131543,0.40325267556221506,131.99922844444444,80.61882892571089,0.18649547017086585,11.868955344536813,0.003445452919848861,22.75680926119366,1.20156817747271
2025-01-01 17:17:00,2.8599217149160334,0.10255699199010856,0.0,0.047665361915267226,0.0017092831998351428,0.0,0.1490158283939306,2.499896577777778,0.21100930874432466,0.0,0.0,0.0,0.10255699199010856,0.0,1,0,0,Off,0,0,Off,0,0,Off,0.04519232932946749,0.033894246997100606,On,0.0,0,Off,0.0043446308479532176,0.0,On,0.14467119754597738,0,On,0.0742666527575132,0,On,0.09155032665734399,0.06866274499300797,On,0,0,Off,Off,0.0,23.888888888888914,0.0,0.0,0.0,0.0,0,0.0,1667.2815511111112,Lower On,2499.896577777778,1.0,27.445285880878032,51.666666666666686,46.10666666666668,0.0,50.748198427562606,0.12507433322212028,334.06002701918453,2499.896577777778,27.445285880878032,47.62875904597192,50.748198427562606,46.06903935517658,12.43753247303448,24.279176338732313,0.0,2.2,-57.30525670025611,-543.974410974269,-0.0,-79.36076335964056,485.6158427166856,69.07466891320367,2.0,0.01889779147252153,0.0,0.002757010489490755,0.4029618868779105,131.99922844444444,80.41407491696772,0.18658206090399462,11.866458485259992,0.003445612491463241,22.804679220270906,1.2015962432824139
2025-01-01 17:18:00,2.8599217149160334,0.10255699199010856,0.0,0.047665361915267226,0.0017092831998351428,0.0,0.1490158283939306,2.499896577777778,0.21100930874432466,0.0,0.0,0.0,0.10255699199010856,0.0,1,0,0,Off,0,0,Off,0,0,Off,0.04519232932946749,0.033894246997100606,On,0.0,0,Off,0.0043446308479532176,0.0,On,0.14467119754597738,0,On,0.0742666527575132,0,On,0.09155032665734399,0.06866274499300797,On,0,0,Off,Off,0.0,23.888888888888914,0.0,0.0,0.0,0.0,0,0.0,1667.2815511111112,Lower On,2499.896577777778,1.0,27.7918753321577,51.666666666666686,46.10666666666668,0.0,50.73642453518508,0.1251127837270633,334.06002701918453,2499.896577777778,27.7918753321577,47.9288643447673,50.73642453518508,46.52508424955841,12.43753247303448,24.272178169616506,0.0,2.2,-56.85542035797698,-543.7026348386211,-0.0,-78.98369034830982,485.6158427166856,69.03245429680892,2.0,0.018894338619074663,0.0,0.002744780869542879,0.40267006065474104,131.99922844444444,80.21506211226826,0.18666896334334018,11.863181581319402,0.0034457723950086284,22.85275226449614,1.2016244003821623
2025-01-01 17:19:00,2.8599217149160334,0.10255699199010856,0.0,0.047665361915267226,0.0017092831998351428,0.0,0.1490158283939306,2.499896577777778,0.21100930874432466,0.0,0.0,0.0,0.10255699199010856,0.0,1,0,0,Off,0,0,Off,0,0,Off,0.04519232932946749,0.033894246997100606,On,0.0,0,Off,0.0043446308479532176,0.0,On,0.14467119754597738,0,On,0.0742666527575132,0,On,0.09155032665734399,0.06866274499300797,On,0,0,Off,Off,0.0,23.888888888888914,0.0,0.0,0.0,0.0,0,0.0,1667.2815511111112,Lower On,2499.896577777778,1.0,28.138433238586742,51.666666666666686,46.10666666666668,0.0,50.7246688165024,0.1251511984749282,334.0600270191846,2499.896577777778,28.138433238586742,48.22892100263688,50.7246688165024,46.98104709570413,12.43753247303448,24.26516044554863,0.0,2.2,-56.398504970005945,-543.4301538082273,-0.0,-78.6056304175561,485.6158427166856,68.98934180859439,2.0,0.01889087581345837,0.0,0.002732511606230595,0.4023773115365051,131.99922844444444,80.02143653909168,0.18675614693755097,11.860663894420423,0.0034459326318813186,22.90100521783129,1.2016526375740135
2025-01-01 17:20:00,2.8599217149160334,0.10255699199010856,0.0,0.047665361915267226,0.0017092831998351428,0.0,0.1490158283939306,2.499896577777778,0.21100930874432466,0.0,0.0,0.0,0.10255699199010856,0.0,1,0,0,Off,0,0,Off,0,0,Off,0.04519232932946749,0.033894246997100606,On,0.0,0,Off,0.0043446308479532176,0.0,On,0.14467119754597738,0,On,0.0742666527575132,0,On,0.09155032665734399,0.06866274499300797,On,0,0,Off,Off,0.0,23.888888888888914,0.0,0.0,0.0,0.0,0,0.0,1667.2815511111112,Lower On,2499.896577777778,1.0,28.4849565987642,51.666666666666686,46.10666666666668,0.0,50.71293126127373,0.12518957741154385,334.0600270191845,2499.896577777778,28.4849565987642,48.528929024007724,50.71293126127373,47.43692790537473,12.43753247303448,24.25812575027304,0.0,2.2,-55.935081318025766,-543.15706863548,-0.0,-78.22672328999555,485.6158427166856,68.94534216114866,2.0,0.01888740432811843,0.0,0.002720207169086029,0.40208374637240213,131.99922844444444,79.83286789076402,0.18684358319995606,11.858137694225427,0.0034460932033164287,22.949416481941178,1.2016809444286645
2025-01-01 17:21:00,2.8599217149160334,0.10255699199010856,0.0,0.047665361915267226,0.0017092831998351428,0.0,0.1490158283939306,2.499896577777778,0.21100930874432466,0.0,0.0,0.0,0.10255699199010856,0.0,1,0,0,Off,0,0,Off,0,0,Off,0.04519232932946749,0.033894246997100606,On,0.0,0,Off,0.0043446308479532176,0.0,On,0.14467119754597738,0,On,0.0742666527575132,0,On,0.09155032665734399,0.06866274499300797,On,0,0,Off,Off,0.0,23.888888888888914,0.0,0.0,0.0,0.0,0,0.0,1667.2815511111112,Lower On,2499.896577777778,1.0,28.83144261848099,51.666666666666686,46.10666666666668,0.0,50.70121185970763,0.12522792048134515,334.06002701918453,2499.896577777778,28.83144261848099,48.82888841372811,50.70121185970763,47.89272669073836,12.43753247303448,24.25107648987465,0.0,2.2,-55.46568158405057,-542.8834730986873,-0.0,-77.84709902435715,485.6158427166856,68.90046599691036,2.0,0.018883925348259577,0.0,0.0027078717245962265,0.40178946474901894,131.99922844444444,79.64904782230828,0.18693124556786245,11.854836085984974,0.003446254110398885,22.997965928653194,1.2017093112328456
2025-01-01 17:22:00,2.8599217149160334,0.10255699199010856,0.0,0.047665361915267226,0.0017092831998351428,0.0,0.1490158283939306,2.499896577777778,0.21100930874432466,0.0,0.0,0.0,0.10255699199010856,0.0,1,0,0,Off,0,0,Off,0,0,Off,0.04519232932946749,0.033894246997100606,On,0.0,0,Off,0.0043446308479532176,0.0,On,0.14467119754597738,0,On,0.0742666527575132,0,On,0.09155032665734399,0.06866274499300797,On,0,0,Off,Off,0.0,23.888888888888914,0.0,0.0,0.0,0.0,0,0.0,1667.2815511111112,Lower On,2499.896577777778,1.0,29.17788869640924,51.666666666666686,46.10666666666668,0.0,50.68951060243123,0.1252662276274693,334.06002701918453,2499.896577777778,29.17788869640924,49.12879917703845,50.68951060243123,48.34844346434207,12.43753247303448,24.244014904890047,0.0,2.2,-54.99080205902129,-542.6094544784727,-0.0,-77.46687867546282,485.6158427166856,68.85472388836973,2.0,0.01888043997778745,0.0,0.0026955091567735403,0.40149455948368307,131.99922844444444,79.46968837822858,0.18701910927209053,11.852296671670011,0.003446415354073659,23.046634800216133,1.2017377289405333
2025-01-01 17:23:00,2.8599217149160334,0.10255699199010856,0.0,0.047665361915267226,0.0017092831998351428,0.0,0.1490158283939306,2.499896577777778,0.21100930874432466,0.0,0.0,0.0,0.10255699199010856,0.0,1,0,0,Off,0,0,Off,0,0,Off,0.04519232932946749,0.033894246997100606,On,0.0,0,Off,0.0043446308479532176,0.0,On,0.14467119754597738,0,On,0.0742666527575132,0,On,0.09155032665734399,0.06866274499300797,On,0,0,Off,Off,0.0,23.888888888888914,0.0,0.0,0.0,0.0,0,0.0,1667.2815511111112,Lower On,2499.896577777778,1.0,29.52429241127794,51.666666666666686,46.10666666666668,0.0,50.67782748046155,0.12530449879184627,334.0600270191846,2499.896577777778,29.52429241127794,49.42866131954425,50.67782748046155,48.8040782390856,12.43753247303448,24.23694308154525,0.0,2.2,-54.51090564856332,-542.3350939998307,-0.0,-77.08617490662469,485.6158427166856,68.80812633785683,2.0,0.018876949244822017,0.0,0.002683123086241365,0.40119911708221434,131.99922844444444,79.29452054120648,0.1871071512159152,11.849752162001506,0.003446576935155309,23.09540561674678,1.2017661891276787
2025-01-01 17:24:00,2.8599217149160334,0.10255699199010856,0.0,0.047665361915267226,0.0017092831998351428,0.0,0.1490158283939306,2.499896577777778,0.21100930874432466,0.0,0.0,0.0,0.10255699199010856,0.0,1,0,0,Off,0,0,Off,0,0,Off,0.04519232932946749,0.033894246997100606,On,0.0,0,Off,0.0043446308479532176,0.0,On,0.14467119754597738,0,On,0.0742666527575132,0,On,0.09155032665734399,0.06866274499300797,On,0,0,Off,Off,0.0,23.888888888888914,0.0,0.0,0.0,0.0,0,0.0,1667.2815511111112,Lower On,2499.896577777778,1.0,29.870651509803224,51.666666666666686,46.10666666666668,0.0,50.66616248517878,0.1253427339152826,334.06002701918453,2499.896577777778,29.870651509803224,49.728474847190796,50.66616248517878,49.25963102819681,12.43753247303448,24.229862962187546,0.0,2.2,-54.02642419196536,-542.0604672424863,-0.0,-76.70509255813081,485.6158427166856,68.76068377816554,2.0,0.018873454106815596,0.0,0.0026707168879506428,0.4009032181638397,131.99922844444444,79.12329289196624,0.18719534986269054,11.846436125804885,0.003446738854336879,23.14426209030642,1.2017946839501852
2025-01-01 17:25:00,2.8599217149160334,0.10255699199010856,0.0,0.047665361915267226,0.0017092831998351428,0.0,0.1490158283939306,2.499896577777778,0.21100930874432466,0.0,0.0,0.0,0.10255699199010856,0.0,1,0,0,Off,0,0,Off,0,0,Off,0.04519232932946749,0.033894246997100606,On,0.0,0,Off,0.0043446308479532176,0.0,On,0.14467119754597738,0,On,0.0742666527575132,0,On,0.09155032665734399,0.06866274499300797,On,0,0,Off,Off,0.0,23.888888888888914,0.0,0.0,0.0,0.0,0,0.0,1667.2815511111112,Lower On,2499.896577777778,1.0,30.21696389486067,51.666666666666686,46.10666666666668,0.0,50.65451560830125,0.12538093293754024,334.06002701918453,2499.896577777778,30.21696389486067,50.02823976623963,50.65451560830125,49.71510184520882,12.43753247303448,24.222776354973625,0.0,2.2,-53.53776061499582,-541.7856445219916,-0.0,-76.32372917519713,485.6158427166856,68.71240653966521,2.0,0.018869955455305946,0.0,0.0026582937076331937,0.40060693785581125,131.99922844444444,78.95577036550732,0.1872836851314865,11.843884548778643,0.003446901112198197,23.193189045095572,1.2018232061048801
2025-01-01 17:26:00,2.8599217149160334,0.10255699199010856,0.0,0.047665361915267226,0.0017092831998351428,0.0,0.1490158283939306,2.499896577777778,0.21100930874432466,0.0,0.0,0.0,0.10255699199010856,0.0,1,0,0,Off,0,0,Off,0,0,Off,0.04519232932946749,0.033894246997100606,On,0.0,0,Off,0.0043446308479532176,0.0,On,0.14467119754597738,0,On,0.0742666527575132,0,On,0.09155032665734399,0.06866274499300797,On,0,0,Off,Off,0.0,23.888888888888914,0.0,0.0,0.0,0.0,0,0.0,1667.2815511111112,Lower On,2499.896577777778,1.0,30.56322761562791,51.666666666666686,46.10666666666668,0.0,50.64288684186224,0.12541909579740956,334.0600270191845,2499.896577777778,30.56322761562791,50.32795608324659,50.64288684186224,50.17049070393877,12.43753247303448,24.215684942870567,0.0,2.2,-53.045290897130315,-541.5106912437914,-0.0,-75.94217549846742,485.6158427166856,68.66330498053647,2.0,0.018866454120332377,0.0,0.002645856477088516,0.4003103461600466,131.99922844444444,78.79173312844291,0.18737213830012814,11.841330634844791,0.003447063709213617,23.24217234329894,1.2018517487932572
2025-01-01 17:27:00,2.8599217149160334,0.10255699199010856,0.0,0.047665361915267226,0.0017092831998351428,0.0,0.1490158283939306,2.499896577777778,0.21100930874432466,0.0,0.0,0.0,0.10255699199010856,0.0,1,0,0,Off,0,0,Off,0,0,Off,0.04519232932946749,0.033894246997100606,On,0.0,0,Off,0.0043446308479532176,0.0,On,0.14467119754597738,0,On,0.0742666527575132,0,On,0.09155032665734399,0.06866274499300797,On,0,0,Off,Off,0.0,23.888888888888914,0.0,0.0,0.0,0.0,0,0.0,1667.2815511111112,Lower On,2499.896577777778,1.0,30.90944085728995,51.666666666666686,46.10666666666668,0.0,50.63127617818824,0.12545722243277801,334.06002701918453,2499.896577777778,30.90944085728995,50.6276238050413,50.63127617818824,50.62579761846784,12.43753247303448,24.208590292022965,0.0,2.2,-52.54936594796749,-541.2356682323408,-0.0,-75.56051591995757,485.6158427166856,68.61338929267016,2.0,0.018862950874540832,0.0,0.00263340792839483,0.4000135082939634,131.99922844444444,78.63097548764523,0.1874606919150447,11.838008462915983,0.0034472266457592463,23.29119881614256,1.201880305687767
2025-01-01 17:28:00,2.8599217149160334,0.10255699199010856,0.0,0.047665361915267226,0.0017092831998351428,0.0,0.1490158283939306,2.499896577777778,0.21100930874432466,0.0,0.0,0.0,0.10255699199010856,0.0,1,0,0,Off,0,0,Off,0,0,Off,0.04519232932946749,0.033894246997100606,On,0.0,0,Off,0.0043446308479532176,0.0,On,0.14467119754597738,0,On,0.0742666527575132,0,On,0.09155032665734399,0.06866274499300797,On,0,0,Off,Off,0.0,23.888888888888914,0.0,0.0,0.0,0.0,0,0.0,1667.2815511111112,Lower On,2499.896577777778,1.0,31.266170619777256,51.666666666666686,46.10666666666668,0.0,50.92724293870809,0.12449251869097244,334.0600270191845,2499.896577777778,31.266170619777256,50.92724293870809,50.9272429387081,50.92724293870809,12.43753247303448,24.20149385953207,0.0,2.2,-52.050313294427326,-540.9606320370822,-0.0,-75.1788289069442,485.6158427166856,68.56266963029532,2.0,0.018859446437000604,0.0,0.0026209506071224725,0.3997164850073828,131.99922844444444,78.47330493291342,0.18754932970745922,11.835452438954409,0.0034473899221196926,23.34025619978508,1.201908870900482
2025-01-01 17:29:00,2.8599217149160334,0.10255699199010856,0.0,0.047665361915267226,0.0017092831998351428,0.0,0.1490158283939306,2.499896577777778,0.21100930874432466,0.0,0.0,0.0,0.10255699199010856,0.0,1,0,0,Off,0,0,Off,0,0,Off,0.04519232932946749,0.033894246997100606,On,0.0,0,Off,0.0043446308479532176,0.0,On,0.14467119754597738,0,On,0.0742666527575132,0,On,0.09155032665734399,0.06866274499300797,On,0,0,Off,Off,0.0,23.888888888888914,0.0,0.0,0.0,0.0,0,0.0,1667.2815511111112,Lower On,2499.896577777778,1.0,31.62296813705268,51.666666666666686,46.10666666666668,0.0,51.226812008341355,0.12353106469009031,334.06002701918453,2499.896577777778,31.62296813705268,51.22681200834136,51.22681200834137,51.226812008341355,12.43753247303448,24.19439700069306,0.0,2.2,-51.548438671626286,-540.6856352170945,-0.0,-74.79718739630678,485.6158427166856,68.51115607844906,2.0,0.018855941476755258,0.0,0.0026084868846281972,0.39941933287738407,131.99922844444444,78.31854122508936,0.18763803651539165,11.832896301036431,0.003447553538494362,23.389333075663124,1.2019374389539383
2025-01-01 17:30:00,2.8599217149160334,0.10255699199010856,0.0,0.047665361915267226,0.0017092831998351428,0.0,0.1490158283939306,2.499896577777778,0.21100930874432466,0.0,0.0,0.0,0.10255699199010856,0.0,1,0,0,Off,0,0,Off,0,0,Off,0.04519232932946749,0.033894246997100606,On,0.0,0,Off,0.0043446308479532176,0.0,On,0.14467119754597738,0,On,0.0742666527575132,0,On,0.09155032665734399,0.06866274499300797,On,0,0,Off,Off,0.0,23.888888888888914,0.0,0.0,0.0,0.0,0,0.0,1667.2815511111112,Lower On,2499.896577777778,1.0,32.00629571312584,51.666666666666686,46.10666666666668,0.0,51.52633100443229,0.0,0.0,2499.896577777778,32.00629571312584,51.52633100443229,51.5263310044323,51.52633100443229,12.43753247303448,24.18730097572988,0.0,1.7,-56.556338857392745,-542.185051135258,-0.0,-66.92001217777324,485.6158427166856,0.0,2.0,0.018484611716959972,0.0,0.0022814912336854183,0.38642459269645596,131.99922844444444,66.93288173895286,0.18772679821107524,11.829574674633058,0.0034477174950033433,40.34990958174959,1.201966004754005
2025-01-01 17:31:00,0.36002513713825524,0.10255699199010856,0.0,0.006000418952304254,0.0017092831998351428,0.0,0.1490158283939306,0.0,0.21100930874432466,0.0,0.0,0.0,0.10255699199010856,0.0,1,0,0,Off,0,0,Off,0,0,Off,0.04519232932946749,0.033894246997100606,On,0.0,0,Off,0.0043446308479532176,0.0,On,0.14467119754597738,0,On,0.0742666527575132,0,On,0.09155032665734399,0.06866274499300797,On,0,0,Off,Off,0.0,23.888888888888914,0.0,0.0,0.0,0.0,0,0.0,1667.2815511111112,Off,0.0,0.0,32.2198416337074,51.666666666666686,46.10666666666668,0.0,51.872678729779736,0.0,0.0,0.0,32.2198416337074,51.87267872977973,51.872678729779736,51.872678729779736,12.43753247303448,24.17986369301867,0.0,1.7,-55.21587236410886,-541.895123402789,-0.0,-66.55895049724425,485.6158427166856,0.0,2.0,0.018480839481407055,0.0,0.0022699323671089506,0.38613930494121296,131.99922844444444,67.62235881923864,0.18764318109061956,11.818205836055437,0.0034480003364620957,40.3785068741205,1.2008266087312376
2025-01-01 17:32:00,0.36002513713825524,0.10255699199010856,0.0,0.006000418952304254,0.0017092831998351428,0.0,0.1490158283939306,0.0,0.21100930874432466,0.0,0.0,0.0,0.10255699199010856,0.0,1,0,0,Off,0,0,Off,0,0,Off,0.04519232932946749,0.033894246997100606,On,0.0,0,Off,0.0043446308479532176,0.0,On,0.14467119754597738,0,On,0.0742666527575132,0,On,0.09155032665734399,0.06866274499300797,On,0,0,Off,Off,0.0,23.888888888888914,0.0,0.0,0.0,0.0,0,0.0,1667.2815511111112,Off,0.0,0.0,32.223240206874344,51.666666666666686,46.10666666666668,0.0,51.86788984379973,0.0,0.0,0.0,32.223240206874344,51.86815694494108,51.868290495511765,51.86788984379973,12.43753247303448,24.172412960372213,0.0,1.7,-54.60997093530858,-541.6047331100982,-0.0,-66.19731959642385,485.6158427166856,0.0,2.0,0.018477060027259566,0.0,0.002258347782160481,0.385853404280702,131.99922844444444,67.57623905452786,0.18774241021312185,11.81567510364301,0.0034482836469421486,40.40720243394183,1.2008564958158487
2025-01-01 17:33:00,0.36002513713825524,0.10255699199010856,0.0,0.006000418952304254,0.0017092831998351428,0.0,0.1490158283939306,0.0,0.21100930874432466,0.0,0.0,0.0,0.10255699199010856,0.0,1,0,0,Off,0,0,Off,0,0,Off,0.04519232932946749,0.033894246997100606,On,0.0,0,Off,0.0043446308479532176,0.0,On,0.14467119754597738,0,On,0.0742666527575132,0,On,0.09155032665734399,0.06866274499300797,On,0,0,Off,Off,0.0,23.888888888888914,0.0,0.0,0.0,0.0,0,0.0,1667.2815511111112,Off,0.0,0.0,32.22668037289138,51.666666666666686,46.10666666666668,0.0,51.86310051236683,0.0,0.0,0.0,32.22668037289138,51.86363468314116,51.863901768528336,51.86310051236683,12.43753247303448,24.164926002790217,0.0,1.7,-54.21557297083103,-541.3129932335687,-0.0,-65.83401491545023,485.6158427166856,0.0,2.0,0.018473261797551897,0.0,0.002246702015135796,0.3855660157340358,131.99922844444444,67.31559246150225,0.18784211407762963,11.8123601635529,0.003448567151704739,40.43615964279543,1.2008865305743768
2025-01-01 17:34:00,0.36002513713825524,0.10255699199010856,0.0,0.006000418952304254,0.0017092831998351428,0.0,0.1490158283939306,0.0,0.21100930874432466,0.0,0.0,0.0,0.10255699199010856,0.0,1,0,0,Off,0,0,Off,0,0,Off,0.04519232932946749,0.033894246997100606,On,0.0,0,Off,0.0043446308479532176,0.0,On,0.14467119754597738,0,On,0.0742666527575132,0,On,0.09155032665734399,0.06866274499300797,On,0,0,Off,Off,0.0,23.888888888888914,0.0,0.0,0.0,0.0,0,0.0,1667.2815511111112,Off,0.0,0.0,32.230165989743945,51.666666666666686,46.10666666666668,0.0,51.85831072929197,0.0,0.0,0.0,32.230165989743945,51.85911193854276,51.859512543168165,51.85831072929197,12.43753247303448,24.157399498608314,0.0,1.7,-53.81025450994565,-541.0197752947959,-0.0,-65.46887657099168,485.6158427166856,0.0,2.0,0.018469443100911167,0.0,0.00223498982093518,0.38527701022434324,131.99922844444444,67.0625546391563,0.18794233100556734,11.809790787974872,0.0034488508525410445,40.4654000406728,1.200916726444893
2025-01-01 17:35:00,0.36002513713825524,0.10255699199010856,0.0,0.006000418952304254,0.0017092831998351428,0.0,0.1490158283939306,0.0,0.21100930874432466,0.0,0.0,0.0,0.10255699199010856,0.0,1,0,0,Off,0,0,Off,0,0,Off,0.04519232932946749,0.033894246997100606,On,0.0,0,Off,0.0043446308479532176,0.0,On,0.14467119754597738,0,On,0.0742666527575132,0,On,0.09155032665734399,0.06866274499300797,On,0,0,Off,Off,0.0,23.888888888888914,0.0,0.0,0.0,0.0,0,0.0,1667.2815511111112,Off,0.0,0.0,32.233691685337405,51.666666666666686,46.10666666666668,0.0,51.85352048781278,0.0,0.0,0.0,32.233691685337405,51.85458870476724,51.85512281324448,51.85352048781278,12.43753247303448,24.149838058594025,0.0,1.7,-53.37931694510672,-540.7252598639192,-0.0,-65.1021295335828,485.6158427166856,0.0,2.0,0.018465606270506068,0.0,0.0022232182969243236,0.384986563239072,131.99922844444444,66.83222973570966,0.18804300991845194,11.807203459133245,0.0034491347513899797,40.49489464363657,1.2009470648250182
2025-01-01 17:36:00,0.36002513713825524,0.10255699199010856,0.0,0.006000418952304254,0.0017092831998351428,0.0,0.1490158283939306,0.0,0.21100930874432466,0.0,0.0,0.0,0.10255699199010856,0.0,1,0,0,Off,0,0,Off,0,0,Off,0.04519232932946749,0.033894246997100606,On,0.0,0,Off,0.0043446308479532176,0.0,On,0.14467119754597738,0,On,0.0742666527575132,0,On,0.09155032665734399,0.06866274499300797,On,0,0,Off,Off,0.0,23.888888888888914,0.0,0.0,0.0,0.0,0,0.0,1667.2815511111112,Off,0.0,0.0,32.23725187267173,51.666666666666686,46.10666666666668,0.0,51.8487297819654,0.0,0.0,0.0,32.23725187267173,51.850064976189884,51.850732573302125,51.8487297819654,12.43753247303448,24.142246479211767,0.0,1.7,-52.93051443722965,-540.4296345908816,-0.0,-64.73400757310678,485.6158427166856,0.0,2.0,0.01846175373471221,0.0,0.0022113948414032012,0.38469485763723604,131.99922844444444,66.61728501007308,0.18814409751146768,11.803835794846066,0.0034494188499912927,40.52461322385569,1.2009775263586877
2025-01-01 17:37:00,0.36002513713825524,0.10255699199010856,0.0,0.006000418952304254,0.0017092831998351428,0.0,0.1490158283939306,0.0,0.21100930874432466,0.0,0.0,0.0,0.10255699199010856,0.0,1,0,0,Off,0,0,Off,0,0,Off,0.04519232932946749,0.033894246997100606,On,0.0,0,Off,0.0043446308479532176,0.0,On,0.14467119754597738,0,On,0.0742666527575132,0,On,0.09155032665734399,0.06866274499300797,On,0,0,Off,Off,0.0,23.888888888888914,0.0,0.0,0.0,0.0,0,0.0,1667.2815511111112,Off,0.0,0.0,32.24084167210864,51.666666666666686,46.10666666666668,0.0,51.84393860661649,0.0,0.0,0.0,32.24084167210864,51.845540747970055,51.84634181864684,51.84393860661649,12.43753247303448,24.134628949527446,0.0,1.7,-52.47011849062068,-540.1330633218223,-0.0,-64.36471480157071,485.6158427166856,0.0,2.0,0.018457887614633645,0.0,0.002199525918389266,0.3844020531744762,131.99922844444444,66.41181691608669,0.1882455472044808,11.801219818479323,0.003449703149877048,40.55452936829346,1.2010080941399746
2025-01-01 17:38:00,0.36002513713825524,0.10255699199010856,0.0,0.006000418952304254,0.0017092831998351428,0.0,0.1490158283939306,0.0,0.21100930874432466,0.0,0.0,0.0,0.10255699199010856,0.0,1,0,0,Off,0,0,Off,0,0,Off,0.04519232932946749,0.033894246997100606,On,0.0,0,Off,0.0043446308479532176,0.0,On,0.14467119754597738,0,On,0.0742666527575132,0,On,0.09155032665734399,0.06866274499300797,On,0,0,Off,Off,0.0,23.888888888888914,0.0,0.0,0.0,0.0,0,0.0,1667.2815511111112,Off,0.0,0.0,32.24445680700729,51.666666666666686,46.10666666666668,0.0,51.839146957358,0.0,0.0,0.0,32.24445680700729,51.84101601595195,51.841950545248935,51.839146957358,12.43753247303448,24.126989141300374,0.0,1.7,-52.00086715478443,-539.8356896297772,-0.0,-63.994430072103356,485.6158427166856,0.0,2.0,0.018454009769678776,0.0,0.0021876171961982102,0.3841082899299262,131.99922844444444,66.2134098304105,0.18834731814441336,11.797828024218463,0.0034499876523978405,40.584619913334045,1.2010387533496756
2025-01-01 17:39:00,0.36002513713825524,0.10255699199010856,0.0,0.006000418952304254,0.0017092831998351428,0.0,0.1490158283939306,0.0,0.21100930874432466,0.0,0.0,0.0,0.10255699199010856,0.0,1,0,0,Off,0,0,Off,0,0,Off,0.04519232932946749,0.033894246997100606,On,0.0,0,Off,0.0043446308479532176,0.0,On,0.14467119754597738,0,On,0.0742666527575132,0,On,0.09155032665734399,0.06866274499300797,On,0,0,Off,Off,0.0,23.888888888888914,0.0,0.0,0.0,0.0,0,0.0,1667.2815511111112,Off,0.0,0.0,32.24809341899411,51.666666666666686,46.10666666666668,0.0,51.8343548304176,0.0,0.0,0.0,32.24809341899411,51.83649077657995,51.837558749661135,51.8343548304176,12.43753247303448,24.119330367108468,0.0,1.7,-51.523791832647305,-539.5376429884783,-0.0,-63.62331466854316,485.6158427166856,0.0,2.0,0.018450121877701137,0.0,0.0021756737924642257,0.3838136943569504,131.99922844444444,66.02132310768847,0.18844937343464743,11.795190939989244,0.003450272358745125,40.61486394276175,1.2010694906169268
2025-01-01 17:40:00,0.36002513713825524,0.10255699199010856,0.0,0.006000418952304254,0.0017092831998351428,0.0,0.1490158283939306,0.0,0.21100930874432466,0.0,0.0,0.0,0.10255699199010856,0.0,1,0,0,Off,0,0,Off,0,0,Off,0.04519232932946749,0.033894246997100606,On,0.0,0,Off,0.0043446308479532176,0.0,On,0.14467119754597738,0,On,0.0742666527575132,0,On,0.09155032665734399,0.06866274499300797,On,0,0,Off,Off,0.0,23.888888888888914,0.0,0.0,0.0,0.0,0,0.0,1667.2815511111112,Off,0.0,0.0,32.25174796920145,51.666666666666686,46.10666666666668,0.0,51.82956222259651,0.0,0.0,0.0,32.25174796920145,51.83196502683993,51.83316642896165,51.82956222259651,12.43753247303448,24.111655665554323,0.0,1.7,-51.03954491767348,-539.2390421016063,-0.0,-63.2515164523527,485.6158427166856,0.0,2.0,0.018446225478167634,0.0,0.002163700405981142,0.38351838253979265,131.99922844444444,65.83517091959985,0.18855167918302593,11.792545554228806,0.0034505572699666644,40.64524224877414,1.2011002936752642
2025-01-01 17:41:00,0.36002513713825524,0.10255699199010856,0.0,0.006000418952304254,0.0017092831998351428,0.0,0.1490158283939306,0.0,0.21100930874432466,0.0,0.0,0.0,0.10255699199010856,0.0,1,0,0,Off,0,0,Off,0,0,Off,0.04519232932946749,0.033894246997100606,On,0.0,0,Off,0.0043446308479532176,0.0,On,0.14467119754597738,0,On,0.0742666527575132,0,On,0.09155032665734399,0.06866274499300797,On,0,0,Off,Off,0.0,23.888888888888914,0.0,0.0,0.0,0.0,0,0.0,1667.2815511111112,Off,0.0,0.0,32.255417199485436,51.666666666666686,46.10666666666668,0.0,51.82476913122193,0.0,0.0,0.0,32.255417199485436,51.827438764214406,51.828773580710646,51.82476913122193,12.43753247303448,24.10396783456676,0.0,1.7,-50.54873596292816,-538.9399962090989,-0.0,-62.87917149031109,485.6158427166856,0.0,2.0,0.018442321988997496,0.0,0.0021517013678379704,0.3832224614584759,131.99922844444444,65.65458901979616,0.18865420413415368,11.789129789876931,0.003450842386978275,40.675737123392004,1.2011311512283216
2025-01-01 17:42:00,0.36002513713825524,0.10255699199010856,0.0,0.006000418952304254,0.0017092831998351428,0.0,0.1490158283939306,0.0,0.21100930874432466,0.0,0.0,0.0,0.10255699199010856,0.0,1,0,0,Off,0,0,Off,0,0,Off,0.04519232932946749,0.033894246997100606,On,0.0,0,Off,0.0043446308479532176,0.0,On,0.14467119754597738,0,On,0.0742666527575132,0,On,0.09155032665734399,0.06866274499300797,On,0,0,Off,Off,0.0,23.888888888888914,0.0,0.0,0.0,0.0,0,0.0,1667.2815511111112,Off,0.0,0.0,32.25909810986203,51.666666666666686,46.10666666666668,0.0,51.8199755541054,0.0,0.0,0.0,32.25909810986203,51.82291198664314,51.824380202912025,51.8199755541054,12.43753247303448,24.096269450501524,0.0,1.7,-50.05195915094953,-538.6406058397057,-0.0,-62.50640499257297,485.6158427166856,0.0,2.0,0.018438412716199518,0.0,0.0021396806704950737,0.38292602970919754,131.99922844444444,65.47920896464358,0.18875691946123352,11.786472216139163,0.0034511277105741377,40.70633224014302,1.2011620528728761
2025-01-01 17:43:00,0.36002513713825524,0.10255699199010856,0.0,0.006000418952304254,0.0017092831998351428,0.0,0.1490158283939306,0.0,0.21100930874432466,0.0,0.0,0.0,0.10255699199010856,0.0,1,0,0,Off,0,0,Off,0,0,Off,0.04519232932946749,0.033894246997100606,On,0.0,0,Off,0.0043446308479532176,0.0,On,0.14467119754597738,0,On,0.0742666527575132,0,On,0.09155032665734399,0.06866274499300797,On,0,0,Off,Off,0.0,23.888888888888914,0.0,0.0,0.0,0.0,0,0.0,1667.2815511111112,Off,0.0,0.0,32.26278793933537,51.666666666666686,46.10666666666668,0.0,51.815181489504354,0.0,0.0,0.0,32.26278793933537,51.81838469248695,51.81998629397826,51.815181489504354,12.43753247303448,24.08856288474056,0.0,1.7,-49.5497764453292,-538.3409634654456,-0.0,-62.1333321284995,485.6158427166856,0.0,2.0,0.018434498862244235,0.0,0.0021276419930169157,0.38262917812966446,131.99922844444444,65.30867643193024,0.18885979858557372,11.783810274658423,0.0034514132414362963,40.73701255140641,1.2011929890319817
2025-01-01 17:44:00,0.36002513713825524,0.10255699199010856,0.0,0.006000418952304254,0.0017092831998351428,0.0,0.1490158283939306,0.0,0.21100930874432466,0.0,0.0,0.0,0.10255699199010856,0.0,1,0,0,Off,0,0,Off,0,0,Off,0.04519232932946749,0.033894246997100606,On,0.0,0,Off,0.0043446308479532176,0.0,On,0.14467119754597738,0,On,0.0742666527575132,0,On,0.09155032665734399,0.06866274499300797,On,0,0,Off,Off,0.0,23.888888888888914,0.0,0.0,0.0,0.0,0,0.0,1667.2815511111112,Off,0.0,0.0,32.266484147519236,51.666666666666686,46.10666666666668,0.0,51.81038693608663,0.0,0.0,0.0,32.266484147519236,51.813856880494114,51.81559185269786,51.81038693608663,12.43753247303448,24.08085031955027,0.0,1.7,-49.04270913143688,-538.0411541265157,-0.0,-61.760058805619906,485.6158427166856,0.0,2.0,0.0184305815340645,0.0,0.0021155887252036127,0.3823319903970217,131.99922844444444,65.14266108401311,0.18896281700387402,11.780382372354238,0.0034516989801434503,40.76776419018712,1.2012239508910842
2025-01-01 17:45:00,0.36002513713825524,0.10255699199010856,0.0,0.006000418952304254,0.0017092831998351428,0.0,0.1490158283939306,0.0,0.21100930874432466,0.0,0.0,0.0,0.10255699199010856,0.0,1,0,0,Off,0,0,Off,0,0,Off,0.04519232932946749,0.033894246997100606,On,0.0,0,Off,0.0043446308479532176,0.0,On,0.14467119754597738,0,On,0.0742666527575132,0,On,0.09155032665734399,0.06866274499300797,On,0,0,Off,Off,0.0,23.888888888888914,0.0,0.0,0.0,0.0,0,0.0,1667.2815511111112,Off,0.0,0.0,32.24359510874979,51.666666666666686,46.10666666666668,0.0,51.80559189289767,0.12171494023757602,334.0600270191845,0.0,32.24359510874979,51.80932854976942,51.811196878205294,51.80559189289767,12.43753247303448,24.073133762996925,0.0,1.7,-48.53123801862512,-537.7412560188326,-0.0,-61.38668240198999,485.6158427166856,0.0,2.0,0.018426661750581705,0.0,0.0021035239903040674,0.382034543590559,131.99922844444444,64.98085768551188,0.189065952125584,11.77771519799893,0.0034519849271790713,40.79857437762746,1.2012549303379232
2025-01-01 17:46:00,0.36002513713825524,0.10255699199010856,0.0,0.006000418952304254,0.0017092831998351428,0.0,0.1490158283939306,0.0,0.21100930874432466,0.0,0.0,0.0,0.10255699199010856,0.0,1,0,0,Off,0,0,Off,0,0,Off,0.04519232932946749,0.033894246997100606,On,0.0,0,Off,0.0043446308479532176,0.0,On,0.14467119754597738,0,On,0.0742666527575132,0,On,0.09155032665734399,0.06866274499300797,On,0,0,Off,Off,0.0,23.888888888888914,0.0,0.0,0.0,0.0,0,0.0,1667.2815511111112,Off,0.0,0.0,32.19412426781571,51.666666666666686,46.10666666666668,0.0,51.79376348011287,0.1217515213460401,334.06002701918453,0.0,32.19412426781571,51.757920905259226,51.79376348011287,51.7399996178324,12.43753247303448,24.065415062709405,0.0,1.7,-48.01580644409643,-537.4413410360903,-0.0,-61.01329244184731,485.6158427166856,0.0,2.0,0.018422740449650952,0.0,0.002091450665979419,0.38173690871104693,131.99922844444444,64.82298431715557,0.18916918312277073,11.774284553263108,0.0034522710829388826,40.82943133762123,1.2012859199070796
2025-01-01 17:47:00,0.36002513713825524,0.10255699199010856,0.0,0.006000418952304254,0.0017092831998351428,0.0,0.1490158283939306,0.0,0.21100930874432466,0.0,0.0,0.0,0.10255699199010856,0.0,1,0,0,Off,0,0,Off,0,0,Off,0.04519232932946749,0.033894246997100606,On,0.0,0,Off,0.0043446308479532176,0.0,On,0.14467119754597738,0,On,0.0742666527575132,0,On,0.09155032665734399,0.06866274499300797,On,0,0,Off,Off,0.0,23.888888888888914,0.0,0.0,0.0,0.0,0,0.0,1667.2815511111112,Off,0.0,0.0,32.144661731336384,51.666666666666686,46.10666666666668,0.0,51.78193357647759,0.12178812906466276,334.0600270191845,0.0,32.144661731336384,51.706520203567095,51.78193357647759,51.66881351711185,12.43753247303448,24.057695918490847,0.0,1.7,-47.496823471113885,-537.1414752664494,-0.0,-60.63997121471708,485.6158427166856,0.0,2.0,0.0184188184944254,0.0,0.002079371403515261,0.3814391511566762,131.99922844444444,64.66878029336692,0.18927249079252875,11.771615907155805,0.0034525574477377538,40.86032421854592,1.2013169127291616
2025-01-01 17:48:00,0.36002513713825524,0.10255699199010856,0.0,0.006000418952304254,0.0017092831998351428,0.0,0.1490158283939306,0.0,0.21100930874432466,0.0,0.0,0.0,0.10255699199010856,0.0,1,0,0,Off,0,0,Off,0,0,Off,0.04519232932946749,0.033894246997100606,On,0.0,0,Off,0.0043446308479532176,0.0,On,0.14467119754597738,0,On,0.0742666527575132,0,On,0.09155032665734399,0.06866274499300797,On,0,0,Off,Off,0.0,23.888888888888914,0.0,0.0,0.0,0.0,0,0.0,1667.2815511111112,Off,0.0,0.0,32.09520567882612,51.666666666666686,46.10666666666668,0.0,51.77010218264197,0.12182476341960337,334.06002701918453,0.0,32.09520567882612,51.655126443527564,51.77010218264197,51.59763857397037,12.43753247303448,24.049977893868036,0.0,1.7,-46.947040500531386,-536.8417194473691,-0.0,-60.266794342337896,485.6158427166856,0.0,2.0,0.01841489667918482,0.0,0.002067288645417275,0.38114133115894555,131.99922844444444,64.54563057249,0.18937585743094212,11.76894761840424,0.0034528440218160555,40.89124302156688,1.2013479024842673
2025-01-01 17:49:00,0.36002513713825524,0.10255699199010856,0.0,0.006000418952304254,0.0017092831998351428,0.0,0.1490158283939306,0.0,0.21100930874432466,0.0,0.0,0.0,0.10255699199010856,0.0,1,0,0,Off,0,0,Off,0,0,Off,0.04519232932946749,0.033894246997100606,On,0.0,0,Off,0.0043446308479532176,0.0,On,0.14467119754597738,0,On,0.0742666527575132,0,On,0.09155032665734399,0.06866274499300797,On,0,0,Off,Off,0.0,23.888888888888914,0.0,0.0,0.0,0.0,0,0.0,1667.2815511111112,Off,0.0,0.0,32.04575330299707,51.666666666666686,46.10666666666668,0.0,51.75826929952634,0.12186142443621896,334.06002701918453,0.0,32.04575330299707,51.60373962423067,51.75826929952634,51.526474786582845,12.43753247303448,24.042263401020854,0.0,1.7,-46.45907896428781,-536.5421672118393,-0.0,-59.893878391995955,485.6158427166856,0.0,2.0,0.018410976229859405,0.0,0.002055206167894263,0.380843541799813,131.99922844444444,64.36112392286198,0.18947925563104595,11.765519540470432,0.003453130805345522,40.92217226687326,1.2013788794206168
2025-01-01 17:50:00,0.36002513713825524,0.10255699199010856,0.0,0.006000418952304254,0.0017092831998351428,0.0,0.1490158283939306,0.0,0.21100930874432466,0.0,0.0,0.0,0.10255699199010856,0.0,1,0,0,Off,0,0,Off,0,0,Off,0.04519232932946749,0.033894246997100606,On,0.0,0,Off,0.0043446308479532176,0.0,On,0.14467119754597738,0,On,0.0742666527575132,0,On,0.09155032665734399,0.06866274499300797,On,0,0,Off,Off,0.0,23.888888888888914,0.0,0.0,0.0,0.0,0,0.0,1667.2815511111112,Off,0.0,0.0,31.996305796967306,51.666666666666686,46.10666666666668,0.0,51.746434928467885,0.12189811213860711,334.06002701918453,0.0,31.996305796967306,51.552359745160416,51.746434928467885,51.45532215350669,12.43753247303448,24.034551413814516,0.0,1.7,-45.92071093309107,-536.242778645114,-0.0,-59.521173671538776,485.6158427166856,0.0,2.0,0.018407056625302436,0.0,0.0020431223651061047,0.3805457434993907,131.99922844444444,64.22739866687606,0.18958269706002984,11.762854162303583,0.003453417798391643,40.953118574631375,1.201409847684351
2025-01-01 17:51:00,0.36002513713825524,0.10255699199010856,0.0,0.006000418952304254,0.0017092831998351428,0.0,0.1490158283939306,0.0,0.21100930874432466,0.0,0.0,0.0,0.10255699199010856,0.0,1,0,0,Off,0,0,Off,0,0,Off,0.04519232932946749,0.033894246997100606,On,0.0,0,Off,0.0043446308479532176,0.0,On,0.14467119754597738,0,On,0.0742666527575132,0,On,0.09155032665734399,0.06866274499300797,On,0,0,Off,Off,0.0,23.888888888888914,0.0,0.0,0.0,0.0,0,0.0,1667.2815511111112,Off,0.0,0.0,31.94685966900539,51.666666666666686,46.10666666666668,0.0,51.73459907062602,0.1219348265514471,334.06002701918453,0.0,31.94685966900539,51.500986805633374,51.73459907062602,51.38418067313705,12.43753247303448,24.026844932911942,0.0,1.7,-45.36603905233818,-535.9436701409182,-0.0,-59.14882507319671,485.6158427166856,0.0,2.0,0.01840313939108805,0.0,0.002031041942066248,0.3802480521991376,131.99922844444444,64.11061344509112,0.18968614754166604,11.76019137056753,0.003453705001065346,40.98406264082531,1.201440795142709
2025-01-01 17:52:00,0.36002513713825524,0.10255699199010856,0.0,0.006000418952304254,0.0017092831998351428,0.0,0.1490158283939306,0.0,0.21100930874432466,0.0,0.0,0.0,0.10255699199010856,0.0,1,0,0,Off,0,0,Off,0,0,Off,0.04519232932946749,0.033894246997100606,On,0.0,0,Off,0.0043446308479532176,0.0,On,0.14467119754597738,0,On,0.0742666527575132,0,On,0.09155032665734399,0.06866274499300797,On,0,0,Off,Off,0.0,23.888888888888914,0.0,0.0,0.0,0.0,0,0.0,1667.2815511111112,Off,0.0,0.0,31.897413076213866,51.666666666666686,46.10666666666668,0.0,51.722761727678744,0.12197156769783955,334.0600270191845,0.0,31.897413076213866,51.44962080545613,51.722761727678744,51.31305034434482,12.43753247303448,24.019145542002267,0.0,1.7,-44.86999471737113,-535.6449030116383,-0.0,-58.7769089109781,485.6158427166856,0.0,2.0,0.018399225333085887,0.0,0.002018967389318838,0.3799505292401418,131.99922844444444,63.93597448855975,0.18978958896205275,11.756771394895154,0.003453992413345081,41.0149942531082,1.2014717153894225
2025-01-01 17:53:00,0.36002513713825524,0.10255699199010856,0.0,0.006000418952304254,0.0017092831998351428,0.0,0.1490158283939306,0.0,0.21100930874432466,0.0,0.0,0.0,0.10255699199010856,0.0,1,0,0,Off,0,0,Off,0,0,Off,0.04519232932946749,0.033894246997100606,On,0.0,0,Off,0.0043446308479532176,0.0,On,0.14467119754597738,0,On,0.0742666527575132,0,On,0.09155032665734399,0.06866274499300797,On,0,0,Off,Off,0.0,23.888888888888914,0.0,0.0,0.0,0.0,0,0.0,1667.2815511111112,Off,0.0,0.0,31.847967382619288,51.666666666666686,46.10666666666668,0.0,51.71092290157755,0.12200833560006313,334.06002701918453,0.0,31.847967382619288,51.398261744693926,51.71092290157755,51.241931166252115,12.43753247303448,24.011452068946248,0.0,1.7,-44.30196028859808,-535.3464316136854,-0.0,-58.405368354059945,485.6158427166856,0.0,2.0,0.018395313856336384,0.0,0.002006896877092034,0.3796531295019567,131.99922844444444,63.83399696246165,0.18989303459270704,11.754115055878717,0.003454280035139231,41.0459209516581,1.2015026131594995
2025-01-01 17:54:00,0.36002513713825524,0.10255699199010856,0.0,0.006000418952304254,0.0017092831998351428,0.0,0.1490158283939306,0.0,0.21100930874432466,0.0,0.0,0.0,0.10255699199010856,0.0,1,0,0,Off,0,0,Off,0,0,Off,0.04519232932946749,0.033894246997100606,On,0.0,0,Off,0.0043446308479532176,0.0,On,0.14467119754597738,0,On,0.0742666527575132,0,On,0.09155032665734399,0.06866274499300797,On,0,0,Off,Off,0.0,23.888888888888914,0.0,0.0,0.0,0.0,0,0.0,1667.2815511111112,Off,0.0,0.0,31.798518501019487,51.666666666666686,46.10666666666668,0.0,51.69908259407077,0.12204513028105361,334.06002701918453,0.0,31.798518501019487,51.34690962322057,51.69908259407077,51.170823137795466,12.43753247303448,24.00376802651841,0.0,1.7,-43.80139321326891,-535.0483920366386,-0.0,-58.034372792828236,485.6158427166856,0.0,2.0,0.018391406747889763,0.0,0.0019948359275108025,0.37935598899686374,131.99922844444444,63.66552889951223,0.18999644427193502,11.750703252872842,0.0034545678664079393,41.076820056379056,1.201533474245566
2025-01-01 17:55:00,0.36002513713825524,0.10255699199010856,0.0,0.006000418952304254,0.0017092831998351428,0.0,0.1490158283939306,0.0,0.21100930874432466,0.0,0.0,0.0,0.10255699199010856,0.0,1,0,0,Off,0,0,Off,0,0,Off,0.04519232932946749,0.033894246997100606,On,0.0,0,Off,0.0043446308479532176,0.0,On,0.14467119754597738,0,On,0.0742666527575132,0,On,0.09155032665734399,0.06866274499300797,On,0,0,Off,Off,0.0,23.888888888888914,0.0,0.0,0.0,0.0,0,0.0,1667.2815511111112,Off,0.0,0.0,31.749068360247065,51.666666666666686,46.10666666666668,0.0,51.687240807513795,0.12208195176188578,334.06002701918453,0.0,31.749068360247065,51.29556444148346,51.687240807513795,51.099726258468294,12.43753247303448,23.996091757461045,0.0,1.7,-43.23221251157014,-534.7507197870882,-0.0,-57.66384192859762,485.6158427166856,0.0,2.0,0.018387503166336614,0.0,0.001982781952060542,0.37905904389935896,131.99922844444444,63.566506487430104,0.19009983677317566,11.748055498964625,0.003454855906955732,41.107702227343935,1.2015643053434024
2025-01-01 17:56:00,0.36002513713825524,0.10255699199010856,0.0,0.006000418952304254,0.0017092831998351428,0.0,0.1490158283939306,0.0,0.21100930874432466,0.0,0.0,0.0,0.10255699199010856,0.0,1,0,0,Off,0,0,Off,0,0,Off,0.04519232932946749,0.033894246997100606,On,0.0,0,Off,0.0043446308479532176,0.0,On,0.14467119754597738,0,On,0.0742666527575132,0,On,0.09155032665734399,0.06866274499300797,On,0,0,Off,Off,0.0,23.888888888888914,0.0,0.0,0.0,0.0,0,0.0,1667.2815511111112,Off,0.0,0.0,31.69961317152695,51.666666666666686,46.10666666666668,0.0,51.67539754397493,0.12211880006455059,334.06002701918453,0.0,31.69961317152695,51.24422619965932,51.67539754397493,51.02864052750152,12.43753247303448,23.988426518404765,0.0,1.7,-42.728288883187474,-534.4535409174663,-0.0,-57.29393264601721,485.6158427166856,0.0,2.0,0.01838360476914739,0.0,0.0019707400789719604,0.3787624204806938,131.99922844444444,63.403341963610394,0.19020317477031157,11.74541313916415,0.0034551441566603126,41.13854639206461,1.2015950932788984
2025-01-01 17:57:00,0.36002513713825524,0.10255699199010856,0.0,0.006000418952304254,0.0017092831998351428,0.0,0.1490158283939306,0.0,0.21100930874432466,0.0,0.0,0.0,0.10255699199010856,0.0,1,0,0,Off,0,0,Off,0,0,Off,0.04519232932946749,0.033894246997100606,On,0.0,0,Off,0.0043446308479532176,0.0,On,0.14467119754597738,0,On,0.0742666527575132,0,On,0.09155032665734399,0.06866274499300797,On,0,0,Off,Off,0.0,23.888888888888914,0.0,0.0,0.0,0.0,0,0.0,1667.2815511111112,Off,0.0,0.0,31.650154913443487,51.666666666666686,46.10666666666668,0.0,51.663552806085164,0.12215567520931155,334.06002701918453,0.0,31.650154913443487,51.19289489845659,51.663552806085164,50.95756594464231,12.43753247303448,23.98077060954494,0.0,1.7,-42.15807615304334,-534.1567892731504,-0.0,-56.92456257722595,485.6158427166856,0.0,2.0,0.01837971069335128,0.0,0.001958707653868202,0.3784660532885472,131.99922844444444,63.30743298064738,0.1903064775090179,11.7420160587155,0.003455432615254814,41.16936348382377,1.2016258449196535
2025-01-01 17:58:00,0.36002513713825524,0.10255699199010856,0.0,0.006000418952304254,0.0017092831998351428,0.0,0.1490158283939306,0.0,0.21100930874432466,0.0,0.0,0.0,0.10255699199010856,0.0,1,0,0,Off,0,0,Off,0,0,Off,0.04519232932946749,0.033894246997100606,On,0.0,0,Off,0.0043446308479532176,0.0,On,0.14467119754597738,0,On,0.0742666527575132,0,On,0.09155032665734399,0.06866274499300797,On,0,0,Off,Off,0.0,23.888888888888914,0.0,0.0,0.0,0.0,0,0.0,1667.2815511111112,Off,0.0,0.0,31.60069003047198,51.666666666666686,46.10666666666668,0.0,51.651706596180986,0.12219257721737047,334.06002701918453,0.0,31.60069003047198,51.14157053830603,51.651706596180986,50.886502509368555,12.43753247303448,23.973127087280734,0.0,1.7,-41.65183509160664,-533.8605830527882,-0.0,-56.5558788205899,485.6158427166856,0.0,2.0,0.01837582249517442,0.0,0.0019466894977016728,0.37817006099220546,131.99922844444444,63.14878406508586,0.19040970987309377,11.739384577912041,0.0034557212825474235,41.20013368303739,1.2016565478990948
2025-01-01 17:59:00,0.36002513713825524,0.10255699199010856,0.0,0.006000418952304254,0.0017092831998351428,0.0,0.1490158283939306,0.0,0.21100930874432466,0.0,0.0,0.0,0.10255699199010856,0.0,1,0,0,Off,0,0,Off,0,0,Off,0.04519232932946749,0.033894246997100606,On,0.0,0,Off,0.0043446308479532176,0.0,On,0.14467119754597738,0,On,0.0742666527575132,0,On,0.09155032665734399,0.06866274499300797,On,0,0,Off,Off,0.0,23.888888888888914,0.0,0.0,0.0,0.0,0,0.0,1667.2815511111112,Off,0.0,0.0,31.551220569968507,51.666666666666686,46.10666666666668,0.0,51.639858917126915,0.12222950610830569,334.0600270191845,0.0,31.551220569968507,51.090253120137376,51.639858917126915,50.815450221642614,12.43753247303448,23.965494192953795,0.0,1.7,-41.08117089641104,-533.564853816715,-0.0,-56.18779616350357,485.6158427166856,0.0,2.0,0.01837193928173736,0.0,0.001934682863960004,0.3778743758682974,131.99922844444444,63.055636367121814,0.19051289177390135,11.736758287857448,0.0034560101582103695,41.23086830480533,1.201687209322779
2025-01-01 18:00:00,0.4200157593014554,0.10538061394646447,0.0,0.007000262655024256,0.0017563435657744078,0.0,0.17956235577628227,0.0,0.24045340352517316,0.0,0.0,0.0,0.10538061394646447,0.0,1,0,0,Off,0,0,Off,0,0,Off,0.04707534305152864,0.03530650728864647,On,0.0,0,Off,0.004965292397660819,0.0,On,0.17459706337862144,0,On,0.0999459182632205,0,On,0.09343214221042404,0.070074106657818,On,0,0,Off,Off,0.0,23.888888888888914,0.0,0.0,0.0,0.0,0,0.0,1667.2815511111112,Off,0.0,0.0,31.50174317035294,51.666666666666686,46.10666666666668,0.0,51.628009771482745,0.1222664619026652,334.06002701918453,0.0,31.50174317035294,51.03894264459306,51.628009771482745,50.74440908114822,12.43753247303448,23.95787481654274,0.0,1.7,19.285544905571726,-533.2697132332256,-0.0,-55.820453566775555,545.4747377911701,0.0,2.0,0.01836806252513658,0.0,0.0019226923184508613,0.3775791102727454,131.99922844444444,62.9009739144028,0.1906159899294434,11.733380196578354,0.0034562992419935558,41.30106669580268,1.201717817495243
2025-01-01 18:01:00,0.4200157593014554,0.10538061394646447,0.0,0.007000262655024256,0.0017563435657744078,0.0,0.17956235577628227,0.0,0.24045340352517316,0.0,0.0,0.0,0.10538061394646447,0.0,1,0,0,Off,0,0,Off,0,0,Off,0.04707534305152864,0.03530650728864647,On,0.0,0,Off,0.004965292397660819,0.0,On,0.17459706337862144,0,On,0.0999459182632205,0,On,0.09343214221042404,0.070074106657818,On,0,0,Off,Off,0.0,23.888888888888914,0.0,0.0,0.0,0.0,0,0.0,1667.2815511111112,Off,0.0,0.0,31.449745391238707,51.666666666666686,46.10666666666668,0.0,51.616159162307476,0.12230344461945981,334.06002701918453,0.0,31.449745391238707,50.98763911278726,51.616159162307476,50.673379088027154,12.43753247303448,23.952428390881305,0.0,1.7,19.60199557258909,-533.0587828022753,-0.0,-55.55792648623494,545.4747377911701,0.0,2.0,0.01836529111347539,0.0,0.0019141181545061193,0.37736798691258244,131.99922844444444,62.74396706992914,0.19069427197787012,11.731865307027537,0.0034565888105861776,41.31767492524573,1.2017396375270493
2025-01-01 18:02:00,0.4200157593014554,0.10538061394646447,0.0,0.007000262655024256,0.0017563435657744078,0.0,0.17956235577628227,0.0,0.24045340352517316,0.0,0.0,0.0,0.10538061394646447,0.0,1,0,0,Off,0,0,Off,0,0,Off,0.04707534305152864,0.03530650728864647,On,0.0,0,Off,0.004965292397660819,0.0,On,0.17459706337862144,0,On,0.0999459182632205,0,On,0.09343214221042404,0.070074106657818,On,0,0,Off,Off,0.0,23.888888888888914,0.0,0.0,0.0,0.0,0,0.0,1667.2815511111112,Off,0.0,0.0,31.39781304673079,51.666666666666686,46.10666666666668,0.0,51.60430746608766,0.122340453111288,334.06002701918453,0.0,31.39781304673079,50.936342878434125,51.60430746608766,50.60236058460736,12.43753247303448,23.94693277425023,0.0,1.7,19.8265667329066,-532.845980887883,-0.0,-55.29307396030343,545.4747377911701,0.0,2.0,0.01836249445334168,0.0,0.001905463868212826,0.37715490276677227,131.99922844444444,62.49088378992285,0.1907731574823319,11.729567111283334,0.0034568784903620145,41.33462486354205,1.2017616572567684
2025-01-01 18:03:00,0.4200157593014554,0.10538061394646447,0.0,0.007000262655024256,0.0017563435657744078,0.0,0.17956235577628227,0.0,0.24045340352517316,0.0,0.0,0.0,0.10538061394646447,0.0,1,0,0,Off,0,0,Off,0,0,Off,0.04707534305152864,0.03530650728864647,On,0.0,0,Off,0.004965292397660819,0.0,On,0.17459706337862144,0,On,0.0999459182632205,0,On,0.09343214221042404,0.070074106657818,On,0,0,Off,Off,0.0,23.888888888888914,0.0,0.0,0.0,0.0,0,0.0,1667.2815511111112,Off,0.0,0.0,31.345946086604783,51.666666666666686,46.10666666666668,0.0,51.592454674971115,0.12237748742917919,334.0600270191845,0.0,31.345946086604783,50.88505393235046,51.592454674971115,50.531353561040135,12.43753247303448,23.941388000766366,0.0,1.7,20.17280600622928,-532.6313097198881,-0.0,-55.025898870085804,545.4747377911701,0.0,2.0,0.018359672556163022,0.0,0.001896729439158604,0.3769398576681218,131.99922844444444,62.35527680503302,0.1908526469722298,11.727244091610867,0.0034571682836645632,41.35191669113886,1.201783876566716
2025-01-01 18:04:00,0.4200157593014554,0.10538061394646447,0.0,0.007000262655024256,0.0017563435657744078,0.0,0.17956235577628227,0.0,0.24045340352517316,0.0,0.0,0.0,0.10538061394646447,0.0,1,0,0,Off,0,0,Off,0,0,Off,0.04707534305152864,0.03530650728864647,On,0.0,0,Off,0.004965292397660819,0.0,On,0.17459706337862144,0,On,0.0999459182632205,0,On,0.09343214221042404,0.070074106657818,On,0,0,Off,Off,0.0,23.888888888888914,0.0,0.0,0.0,0.0,0,0.0,1667.2815511111112,Off,0.0,0.0,31.29413565437568,51.666666666666686,46.10666666666668,0.0,51.58060078111284,0.12241454762423622,334.06002701918453,0.0,31.29413565437568,50.83377226536011,51.58060078111284,50.46035800748375,12.43753247303448,23.935801673253675,0.0,1.7,20.428856466219145,-532.415064494488,-0.0,-54.75676870916384,545.4747377911701,0.0,2.0,0.01835682928571108,0.0,0.0018879267745469538,0.37672314508973315,131.99922844444444,62.12595187870072,0.1909326541316867,11.725657780052222,0.0034574581928384297,41.36950144393596,1.2018062647215644
2025-01-01 18:05:00,0.4200157593014554,0.10538061394646447,0.0,0.007000262655024256,0.0017563435657744078,0.0,0.17956235577628227,0.0,0.24045340352517316,0.0,0.0,0.0,0.10538061394646447,0.0,1,0,0,Off,0,0,Off,0,0,Off,0.04707534305152864,0.03530650728864647,On,0.0,0,Off,0.004965292397660819,0.0,On,0.17459706337862144,0,On,0.0999459182632205,0,On,0.09343214221042404,0.070074106657818,On,0,0,Off,Off,0.0,23.888888888888914,0.0,0.0,0.0,0.0,0,0.0,1667.2815511111112,Off,0.0,0.0,31.242382167348808,51.666666666666686,46.10666666666668,0.0,51.568745777983885,0.12245163374353964,334.06002701918453,0.0,31.242382167348808,50.78249786952986,51.568745777983885,50.389373915302855,12.43753247303448,23.930173425262712,0.0,1.7,20.78954216700015,-532.1972318112715,-0.0,-54.48566689187558,545.4747377911701,0.0,2.0,0.018353964450339225,0.0,0.0018790552325554757,0.37650474952205554,131.99922844444444,61.99770307897704,0.19101318396101155,11.723292462103888,0.0034577482198921788,41.38738185000712,1.2018288232212384
2025-01-01 18:06:00,0.4200157593014554,0.10538061394646447,0.0,0.007000262655024256,0.0017563435657744078,0.0,0.17956235577628227,0.0,0.24045340352517316,0.0,0.0,0.0,0.10538061394646447,0.0,1,0,0,Off,0,0,Off,0,0,Off,0.04707534305152864,0.03530650728864647,On,0.0,0,Off,0.004965292397660819,0.0,On,0.17459706337862144,0,On,0.0999459182632205,0,On,0.09343214221042404,0.070074106657818,On,0,0,Off,Off,0.0,23.888888888888914,0.0,0.0,0.0,0.0,0,0.0,1667.2815511111112,Off,0.0,0.0,31.190677974527716,51.666666666666686,46.10666666666668,0.0,51.55688965899295,0.12248874583445148,334.06002701918453,0.0,31.190677974527716,50.73123073686793,51.55688965899295,50.31840127580543,12.43753247303448,23.924509824798733,0.0,1.7,21.06522298550078,-531.9780666067088,-0.0,-54.212910783273735,545.4747377911701,0.0,2.0,0.018351081388434123,0.0,0.0018701251057842538,0.37628492461636454,131.99922844444444,61.781462584313154,0.19109416182696537,11.720909344789202,0.003458038366852976,41.40551556502955,1.201851525511829
2025-01-01 18:07:00,0.4200157593014554,0.10538061394646447,0.0,0.007000262655024256,0.0017563435657744078,0.0,0.17956235577628227,0.0,0.24045340352517316,0.0,0.0,0.0,0.10538061394646447,0.0,1,0,0,Off,0,0,Off,0,0,Off,0.04707534305152864,0.03530650728864647,On,0.0,0,Off,0.004965292397660819,0.0,On,0.17459706337862144,0,On,0.0999459182632205,0,On,0.09343214221042404,0.070074106657818,On,0,0,Off,Off,0.0,23.888888888888914,0.0,0.0,0.0,0.0,0,0.0,1667.2815511111112,Off,0.0,0.0,31.139023707718366,51.666666666666686,46.10666666666668,0.0,51.545032418685615,0.12252588394085871,334.0600270191845,0.0,31.139023707718366,50.679970860456294,51.545032418685615,50.24744008134164,12.43753247303448,23.918810321934192,0.0,1.7,21.439495044055036,-531.757548279961,-0.0,-53.93847482532315,545.4747377911701,0.0,2.0,0.018348179815595955,0.0,0.0018611354709966042,0.3760636479004397,131.99922844444444,61.66078035816894,0.1911755947366676,11.719265205462815,0.003458328635457386,41.42390646800049,1.2018743738332915
2025-01-01 18:08:00,0.4200157593014554,0.10538061394646447,0.0,0.007000262655024256,0.0017563435657744078,0.0,0.17956235577628227,0.0,0.24045340352517316,0.0,0.0,0.0,0.10538061394646447,0.0,1,0,0,Off,0,0,Off,0,0,Off,0.04707534305152864,0.03530650728864647,On,0.0,0,Off,0.004965292397660819,0.0,On,0.17459706337862144,0,On,0.0999459182632205,0,On,0.09343214221042404,0.070074106657818,On,0,0,Off,Off,0.0,23.888888888888914,0.0,0.0,0.0,0.0,0,0.0,1667.2815511111112,Off,0.0,0.0,31.087412378698104,51.666666666666686,46.10666666666668,0.0,51.53317405151323,0.12256304810702225,334.06002701918453,0.0,31.087412378698104,50.62871823328824,51.53317405151323,50.17649032417576,12.43753247303448,23.9130809161458,0.0,1.7,21.732669479153174,-531.535909587453,-0.0,-53.66264875914229,545.4747377911701,0.0,2.0,0.01834526278196226,0.0,0.0018520957386052857,0.3758411512455708,131.99922844444444,61.4564900345784,0.19125741441872696,11.716848782593042,0.0034586190274684824,41.44251582245496,1.201897343927558
2025-01-01 18:09:00,0.4200157593014554,0.10538061394646447,0.0,0.007000262655024256,0.0017563435657744078,0.0,0.17956235577628227,0.0,0.24045340352517316,0.0,0.0,0.0,0.10538061394646447,0.0,1,0,0,Off,0,0,Off,0,0,Off,0.04707534305152864,0.03530650728864647,On,0.0,0,Off,0.004965292397660819,0.0,On,0.17459706337862144,0,On,0.0999459182632205,0,On,0.09343214221042404,0.070074106657818,On,0,0,Off,Off,0.0,23.888888888888914,0.0,0.0,0.0,0.0,0,0.0,1667.2815511111112,Off,0.0,0.0,31.03584482865955,51.666666666666686,46.10666666666668,0.0,51.52131455296547,0.12260023837402509,334.06002701918453,0.0,31.03584482865955,50.57747284933783,51.52131455296547,50.10555199752402,12.43753247303448,23.907320878330093,0.0,1.7,22.118588864536264,-531.3131229091342,-0.0,-53.385398281499164,545.4747377911701,0.0,2.0,0.01834232991247528,0.0,0.001843004709589329,0.3756174053606225,131.99922844444444,61.342372263999586,0.19133962985229916,11.715173608489398,0.0034589095443835092,41.46134863761583,1.2019204387575448
2025-01-01 18:10:00,0.4200157593014554,0.10538061394646447,0.0,0.007000262655024256,0.0017563435657744078,0.0,0.17956235577628227,0.0,0.24045340352517316,0.0,0.0,0.0,0.10538061394646447,0.0,1,0,0,Off,0,0,Off,0,0,Off,0.04707534305152864,0.03530650728864647,On,0.0,0,Off,0.004965292397660819,0.0,On,0.17459706337862144,0,On,0.0999459182632205,0,On,0.09343214221042404,0.070074106657818,On,0,0,Off,Off,0.0,23.888888888888914,0.0,0.0,0.0,0.0,0,0.0,1667.2815511111112,Off,0.0,0.0,30.984314667129183,51.666666666666686,46.10666666666668,0.0,51.50945391840667,0.12263745478341538,334.06002701918453,0.0,30.984314667129183,50.52623470246104,51.50945391840667,50.03462509448823,12.43753247303448,23.901535695042494,0.0,1.7,22.42689229184151,-531.0894009958768,-0.0,-53.10698821832788,545.4747377911701,0.0,2.0,0.01833938399718442,0.0,0.001833870998072178,0.37539262245935756,131.99922844444444,61.14854371487591,0.19142217851061571,11.71272898325526,0.0034592001877339854,41.48036943533391,1.20194363613659
2025-01-01 18:11:00,0.4200157593014554,0.10538061394646447,0.0,0.007000262655024256,0.0017563435657744078,0.0,0.17956235577628227,0.0,0.24045340352517316,0.0,0.0,0.0,0.10538061394646447,0.0,1,0,0,Off,0,0,Off,0,0,Off,0.04707534305152864,0.03530650728864647,On,0.0,0,Off,0.004965292397660819,0.0,On,0.17459706337862144,0,On,0.0999459182632205,0,On,0.09343214221042404,0.070074106657818,On,0,0,Off,Off,0.0,23.888888888888914,0.0,0.0,0.0,0.0,0,0.0,1667.2815511111112,Off,0.0,0.0,30.932822910882578,51.666666666666686,46.10666666666668,0.0,51.49759214415063,0.1226746973738319,334.06002701918453,0.0,30.932822910882578,50.4750037874107,51.49759214415063,49.96370960904074,12.43753247303448,23.895724487169844,0.0,1.7,22.822869209771966,-530.8647103509053,-0.0,-52.82737694460321,545.4747377911701,0.0,2.0,0.018336424585131975,0.0,0.0018246931741512104,0.37516676754191663,131.99922844444444,61.04021871411025,0.1915050710235173,11.711027536885377,0.003459490958807973,41.499584172081924,1.2019669396328903
2025-01-01 18:12:00,0.4200157593014554,0.10538061394646447,0.0,0.007000262655024256,0.0017563435657744078,0.0,0.17956235577628227,0.0,0.24045340352517316,0.0,0.0,0.0,0.10538061394646447,0.0,1,0,0,Off,0,0,Off,0,0,Off,0.04707534305152864,0.03530650728864647,On,0.0,0,Off,0.004965292397660819,0.0,On,0.17459706337862144,0,On,0.0999459182632205,0,On,0.09343214221042404,0.070074106657818,On,0,0,Off,Off,0.0,23.888888888888914,0.0,0.0,0.0,0.0,0,0.0,1667.2815511111112,Off,0.0,0.0,30.88136368622162,51.666666666666686,46.10666666666668,0.0,51.485729226359695,0.12271196618445501,334.0600270191846,0.0,30.88136368622162,50.42378009879696,51.485729226359695,49.8928055350156,12.43753247303448,23.889892297801193,0.0,1.7,23.144288807099088,-530.6392464269638,-0.0,-52.54680774274355,545.4747377911701,0.0,2.0,0.01833345424150826,0.0,0.001815479163623297,0.3749400358291104,131.99922844444444,60.85560518563632,0.19158824982977554,11.708559173319937,0.0034597818589343168,41.5189601866839,1.2019903288506653
2025-01-01 18:13:00,0.4200157593014554,0.10538061394646447,0.0,0.007000262655024256,0.0017563435657744078,0.0,0.17956235577628227,0.0,0.24045340352517316,0.0,0.0,0.0,0.10538061394646447,0.0,1,0,0,Off,0,0,Off,0,0,Off,0.04707534305152864,0.03530650728864647,On,0.0,0,Off,0.004965292397660819,0.0,On,0.17459706337862144,0,On,0.0999459182632205,0,On,0.09343214221042404,0.070074106657818,On,0,0,Off,Off,0.0,23.888888888888914,0.0,0.0,0.0,0.0,0,0.0,1667.2815511111112,Off,0.0,0.0,30.829938159194683,51.666666666666686,46.10666666666668,0.0,51.47386516206887,0.12274926125178788,334.06002701918453,0.0,30.829938159194683,50.37256363205428,51.47386516206887,49.82191286704699,12.43753247303448,23.884038120128427,0.0,1.7,23.548930619113435,-530.4129707261752,-0.0,-52.2652327570198,545.4747377911701,0.0,2.0,0.01833047245073703,0.0,0.001806227339939053,0.37471238745934177,131.99922844444444,60.75239631113832,0.19167172696544466,11.706079817114176,0.0034600728892177465,41.53850424345835,1.2020138078733913
2025-01-01 18:14:00,0.4200157593014554,0.10538061394646447,0.0,0.007000262655024256,0.0017563435657744078,0.0,0.17956235577628227,0.0,0.24045340352517316,0.0,0.0,0.0,0.10538061394646447,0.0,1,0,0,Off,0,0,Off,0,0,Off,0.04707534305152864,0.03530650728864647,On,0.0,0,Off,0.004965292397660819,0.0,On,0.17459706337862144,0,On,0.0999459182632205,0,On,0.09343214221042404,0.070074106657818,On,0,0,Off,Off,0.0,23.888888888888914,0.0,0.0,0.0,0.0,0,0.0,1667.2815511111112,Off,0.0,0.0,30.77854090589608,51.666666666666686,46.10666666666668,0.0,51.46199994813949,0.12278658261294047,334.06002701918453,0.0,30.77854090589608,50.32135438245348,51.46199994813949,49.75103159961048,12.43753247303448,23.87816661132381,0.0,1.7,23.88171289713864,-530.1860636471158,-0.0,-51.98287652090133,545.4747377911701,0.0,2.0,0.018327481582335922,0.0,0.0017969450299768254,0.3744840028673258,131.99922844444444,60.57591527398556,0.1917554491897844,11.704347435482864,0.0034603640508093247,41.55818613265401,1.2020373578637416
2025-01-01 18:15:00,0.4200157593014554,0.10538061394646447,0.0,0.007000262655024256,0.0017563435657744078,0.0,0.17956235577628227,0.0,0.24045340352517316,0.0,0.0,0.0,0.10538061394646447,0.0,1,0,0,Off,0,0,Off,0,0,Off,0.04707534305152864,0.03530650728864647,On,0.0,0,Off,0.004965292397660819,0.0,On,0.17459706337862144,0,On,0.0999459182632205,0,On,0.09343214221042404,0.070074106657818,On,0,0,Off,Off,0.0,23.888888888888914,0.0,0.0,0.0,0.0,0,0.0,1667.2815511111112,Off,0.0,0.0,30.753762508026202,51.666666666666686,46.10666666666668,0.0,51.450133582238706,0.0,0.0,0.0,30.753762508026202,50.27015234602658,51.450133582238706,49.68016172792052,12.43753247303448,23.87227665580481,0.0,1.7,24.29380525124759,-529.9584824335813,-0.0,-51.69968587354632,545.4747377911701,0.0,2.0,0.018324481065673356,0.0,0.0017876304395406898,0.37425483804733345,131.99922844444444,60.47723576720506,0.19183942973803772,11.701850056138035,0.003460655344652833,41.57801330828902,1.2020609833441718
2025-01-01 18:16:00,0.4200157593014554,0.10538061394646447,0.0,0.007000262655024256,0.0017563435657744078,0.0,0.17956235577628227,0.0,0.24045340352517316,0.0,0.0,0.0,0.10538061394646447,0.0,1,0,0,Off,0,0,Off,0,0,Off,0.04707534305152864,0.03530650728864647,On,0.0,0,Off,0.004965292397660819,0.0,On,0.17459706337862144,0,On,0.0999459182632205,0,On,0.09343214221042404,0.070074106657818,On,0,0,Off,Off,0.0,23.888888888888914,0.0,0.0,0.0,0.0,0,0.0,1667.2815511111112,Off,0.0,0.0,30.75559233874714,51.666666666666686,46.10666666666668,0.0,51.4452989410585,0.0,0.0,0.0,30.75559233874714,50.265836313110555,51.4452989410585,49.676104999136584,12.43753247303448,23.866372574224737,0.0,1.7,24.63642298805155,-529.7303943560971,-0.0,-51.41586899820779,545.4747377911701,0.0,2.0,0.018321473099646476,0.0,0.00177829037333351,0.37402506054223345,131.99922844444444,60.307948551186286,0.19192361913623904,11.700100861649025,0.0034609467717431246,41.597957698132866,1.2020846668363057
2025-01-01 18:17:00,0.4200157593014554,0.10538061394646447,0.0,0.007000262655024256,0.0017563435657744078,0.0,0.17956235577628227,0.0,0.24045340352517316,0.0,0.0,0.0,0.10538061394646447,0.0,1,0,0,Off,0,0,Off,0,0,Off,0.04707534305152864,0.03530650728864647,On,0.0,0,Off,0.004965292397660819,0.0,On,0.17459706337862144,0,On,0.0999459182632205,0,On,0.09343214221042404,0.070074106657818,On,0,0,Off,Off,0.0,23.888888888888914,0.0,0.0,0.0,0.0,0,0.0,1667.2815511111112,Off,0.0,0.0,30.75743971534366,51.666666666666686,46.10666666666668,0.0,51.44046414378807,0.0,0.0,0.0,30.75743971534366,50.26152002339312,51.44046414378807,49.672047963195645,12.43753247303448,23.860453158162198,0.0,1.7,25.054904268185,-529.5017530260657,-0.0,-51.13136820896228,545.4747377911701,0.0,2.0,0.01831845706662065,0.0,0.0017689228939103045,0.37379462280600334,131.99922844444444,60.21328771204286,0.19200803164471958,11.697588674497467,0.0034612383328824483,41.618027346474584,1.2021084132373188
2025-01-01 18:18:00,0.4200157593014554,0.10538061394646447,0.0,0.007000262655024256,0.0017563435657744078,0.0,0.17956235577628227,0.0,0.24045340352517316,0.0,0.0,0.0,0.10538061394646447,0.0,1,0,0,Off,0,0,Off,0,0,Off,0.04707534305152864,0.03530650728864647,On,0.0,0,Off,0.004965292397660819,0.0,On,0.17459706337862144,0,On,0.0999459182632205,0,On,0.09343214221042404,0.070074106657818,On,0,0,Off,Off,0.0,23.888888888888914,0.0,0.0,0.0,0.0,0,0.0,1667.2815511111112,Off,0.0,0.0,30.75929995035023,51.666666666666686,46.10666666666668,0.0,51.435629187797026,0.0,0.0,0.0,30.75929995035023,50.25720347441185,51.435629187797026,49.66799061771927,12.43753247303448,23.85452243411917,0.0,1.7,25.406024479856796,-529.2727142379674,-0.0,-50.84637739621162,545.4747377911701,0.0,2.0,0.018315435016359235,0.0,0.001759534349618634,0.3735636811143101,131.99922844444444,60.050378322865555,0.19209262108135572,11.69507093051166,0.00346153002892818,41.6381960492721,1.2021322062566762
2025-01-01 18:19:00,0.4200157593014554,0.10538061394646447,0.0,0.007000262655024256,0.0017563435657744078,0.0,0.17956235577628227,0.0,0.24045340352517316,0.0,0.0,0.0,0.10538061394646447,0.0,1,0,0,Off,0,0,Off,0,0,Off,0.04707534305152864,0.03530650728864647,On,0.0,0,Off,0.004965292397660819,0.0,On,0.17459706337862144,0,On,0.0999459182632205,0,On,0.09343214221042404,0.070074106657818,On,0,0,Off,Off,0.0,23.888888888888914,0.0,0.0,0.0,0.0,0,0.0,1667.2815511111112,Off,0.0,0.0,30.76117453985194,51.666666666666686,46.10666666666668,0.0,51.430794071151745,0.0,0.0,0.0,30.76117453985194,50.25288666436219,51.430794071151745,49.663932960967415,12.43753247303448,23.84857911431945,0.0,1.7,25.82996513595299,-529.043228500706,-0.0,-50.56083500932681,545.4747377911701,0.0,2.0,0.018312406291036414,0.0,0.0017501226803881393,0.3733321848913705,131.99922844444444,59.959290854815606,0.19217740258447394,11.693301517122698,0.003461821860557921,41.658472357006694,1.2021560511119067
2025-01-01 18:20:00,0.4200157593014554,0.10538061394646447,0.0,0.007000262655024256,0.0017563435657744078,0.0,0.17956235577628227,0.0,0.24045340352517316,0.0,0.0,0.0,0.10538061394646447,0.0,1,0,0,Off,0,0,Off,0,0,Off,0.04707534305152864,0.03530650728864647,On,0.0,0,Off,0.004965292397660819,0.0,On,0.17459706337862144,0,On,0.0999459182632205,0,On,0.09343214221042404,0.070074106657818,On,0,0,Off,Off,0.0,23.888888888888914,0.0,0.0,0.0,0.0,0,0.0,1667.2815511111112,Off,0.0,0.0,30.763059096649986,51.666666666666686,46.10666666666668,0.0,51.42595879169626,0.0,0.0,0.0,30.763059096649986,50.24856959122959,51.42595879169626,49.659874990996265,12.43753247303448,23.84262696756471,0.0,1.7,26.188422304786968,-528.8134415539935,-0.0,-50.274922415876425,545.4747377911701,0.0,2.0,0.01830937280976808,0.0,0.00174069383484168,0.3731002805434579,131.99922844444444,59.80204848348668,0.1922623328551292,11.690773056948828,0.003462113828507875,41.67883170200474,1.2021799325531017
2025-01-01 18:21:00,0.4200157593014554,0.10538061394646447,0.0,0.007000262655024256,0.0017563435657744078,0.0,0.17956235577628227,0.0,0.24045340352517316,0.0,0.0,0.0,0.10538061394646447,0.0,1,0,0,Off,0,0,Off,0,0,Off,0.04707534305152864,0.03530650728864647,On,0.0,0,Off,0.004965292397660819,0.0,On,0.17459706337862144,0,On,0.0999459182632205,0,On,0.09343214221042404,0.070074106657818,On,0,0,Off,Off,0.0,23.888888888888914,0.0,0.0,0.0,0.0,0,0.0,1667.2815511111112,Off,0.0,0.0,30.764955196402187,51.666666666666686,46.10666666666668,0.0,51.42112334792671,0.0,0.0,0.0,30.764955196402187,50.24425225361524,51.42112334792671,49.65581670645951,12.43753247303448,23.836664638165452,0.0,1.7,26.617007137064377,-528.5833012540567,-0.0,-49.98857476113534,545.4747377911701,0.0,2.0,0.01830633388031596,0.0,0.0017312456477671524,0.37286791489790405,131.99922844444444,59.71414536108615,0.19234742778499253,11.688993730498137,0.0034624059333457093,41.69928306963819,1.2022038560720183
2025-01-01 18:22:00,0.4200157593014554,0.10538061394646447,0.0,0.007000262655024256,0.0017563435657744078,0.0,0.17956235577628227,0.0,0.24045340352517316,0.0,0.0,0.0,0.10538061394646447,0.0,1,0,0,Off,0,0,Off,0,0,Off,0.04707534305152864,0.03530650728864647,On,0.0,0,Off,0.004965292397660819,0.0,On,0.17459706337862144,0,On,0.0999459182632205,0,On,0.09343214221042404,0.070074106657818,On,0,0,Off,Off,0.0,23.888888888888914,0.0,0.0,0.0,0.0,0,0.0,1667.2815511111112,Off,0.0,0.0,30.766858715537584,51.666666666666686,46.10666666666668,0.0,51.41628773810506,0.0,0.0,0.0,30.766858715537584,50.239934649899176,51.41628773810506,49.65175810579623,12.43753247303448,23.830695668663665,0.0,1.7,26.981780462536335,-528.3529445117045,-0.0,-49.701962416490844,545.4747377911701,0.0,2.0,0.018303291307094047,0.0,0.0017217837169129645,0.37263522569733704,131.99922844444444,59.56194959956147,0.19243264660574605,11.686456895507435,0.0034626981757006816,41.71980332855402,1.2022278073323902
2025-01-01 18:23:00,0.4200157593014554,0.10538061394646447,0.0,0.007000262655024256,0.0017563435657744078,0.0,0.17956235577628227,0.0,0.24045340352517316,0.0,0.0,0.0,0.10538061394646447,0.0,1,0,0,Off,0,0,Off,0,0,Off,0.04707534305152864,0.03530650728864647,On,0.0,0,Off,0.004965292397660819,0.0,On,0.17459706337862144,0,On,0.0999459182632205,0,On,0.09343214221042404,0.070074106657818,On,0,0,Off,Off,0.0,23.888888888888914,0.0,0.0,0.0,0.0,0,0.0,1667.2815511111112,Off,0.0,0.0,30.76877129792881,51.666666666666686,46.10666666666668,0.0,51.411451961106216,0.0,0.0,0.0,30.76877129792881,50.23561677904014,51.411451961106216,49.64769918800711,12.43753247303448,23.824718645193528,0.0,1.7,27.414293505949217,-528.1223169134429,-0.0,-49.415017700414204,545.4747377911701,0.0,2.0,0.018300244368368485,0.0,0.0017123057867919002,0.37240215754034406,131.99922844444444,59.47689032863607,0.19251800585645792,11.684669851544392,0.003462990556043376,41.74040183836584,1.202251792060952
2025-01-01 18:24:00,0.4200157593014554,0.10538061394646447,0.0,0.007000262655024256,0.0017563435657744078,0.0,0.17956235577628227,0.0,0.24045340352517316,0.0,0.0,0.0,0.10538061394646447,0.0,1,0,0,Off,0,0,Off,0,0,Off,0.04707534305152864,0.03530650728864647,On,0.0,0,Off,0.004965292397660819,0.0,On,0.17459706337862144,0,On,0.0999459182632205,0,On,0.09343214221042404,0.070074106657818,On,0,0,Off,Off,0.0,23.888888888888914,0.0,0.0,0.0,0.0,0,0.0,1667.2815511111112,Off,0.0,0.0,30.7706890519387,51.666666666666686,46.10666666666668,0.0,51.40661601556074,0.0,0.0,0.0,30.7706890519387,50.231298639766194,51.40661601556074,49.64363995186893,12.43753247303448,23.8187369112224,0.0,1.7,27.784487532237563,-527.8915476010559,-0.0,-49.12790130804248,545.4747377911701,0.0,2.0,0.018297194767639066,0.0,0.0017028171465210355,0.37216884054855315,131.99922844444444,59.32919865016565,0.192603466994544,11.682126707437636,0.003463283074908537,41.76105673098421,1.202275796725286
2025-01-01 18:25:00,0.4200157593014554,0.10538061394646447,0.0,0.007000262655024256,0.0017563435657744078,0.0,0.17956235577628227,0.0,0.24045340352517316,0.0,0.0,0.0,0.10538061394646447,0.0,1,0,0,Off,0,0,Off,0,0,Off,0.04707534305152864,0.03530650728864647,On,0.0,0,Off,0.004965292397660819,0.0,On,0.17459706337862144,0,On,0.0999459182632205,0,On,0.09343214221042404,0.070074106657818,On,0,0,Off,Off,0.0,23.888888888888914,0.0,0.0,0.0,0.0,0,0.0,1667.2815511111112,Off,0.0,0.0,30.77261367981571,51.666666666666686,46.10666666666668,0.0,51.40177990067766,0.0,0.0,0.0,30.77261367981571,50.22698023135154,51.40177990067766,49.63958039668849,12.43753247303448,23.812749003017576,0.0,1.7,28.220299116096385,-527.6605802182511,-0.0,-48.84054313851278,545.4747377911701,0.0,2.0,0.018294141757871595,0.0,0.0016933154630156902,0.37193521740578495,131.99922844444444,59.24668468169002,0.19268904711614912,11.679580622098044,0.003463575732680911,41.781777688528955,1.202299827253609
2025-01-01 18:26:00,0.4200157593014554,0.10538061394646447,0.0,0.007000262655024256,0.0017563435657744078,0.0,0.17956235577628227,0.0,0.24045340352517316,0.0,0.0,0.0,0.10538061394646447,0.0,1,0,0,Off,0,0,Off,0,0,Off,0.04707534305152864,0.03530650728864647,On,0.0,0,Off,0.004965292397660819,0.0,On,0.17459706337862144,0,On,0.0999459182632205,0,On,0.09343214221042404,0.070074106657818,On,0,0,Off,Off,0.0,23.888888888888914,0.0,0.0,0.0,0.0,0,0.0,1667.2815511111112,Off,0.0,0.0,30.77454149461776,51.666666666666686,46.10666666666668,0.0,51.396943615412994,0.0,0.0,0.0,30.77454149461776,50.22266155283148,51.396943615412994,49.63552052154074,12.43753247303448,23.806758088531534,0.0,1.7,28.595127189775667,-527.4295370562561,-0.0,-48.553095354527684,545.4747377911701,0.0,2.0,0.018291086953601137,0.0,0.0016838057533767373,0.3717014115163789,131.99922844444444,59.103021809389276,0.19277470964011864,11.677786255214993,0.003463868529811621,41.802543956116935,1.2023238708221957
2025-01-01 18:27:00,0.4200157593014554,0.10538061394646447,0.0,0.007000262655024256,0.0017563435657744078,0.0,0.17956235577628227,0.0,0.24045340352517316,0.0,0.0,0.0,0.10538061394646447,0.0,1,0,0,Off,0,0,Off,0,0,Off,0.04707534305152864,0.03530650728864647,On,0.0,0,Off,0.004965292397660819,0.0,On,0.17459706337862144,0,On,0.0999459182632205,0,On,0.09343214221042404,0.070074106657818,On,0,0,Off,Off,0.0,23.888888888888914,0.0,0.0,0.0,0.0,0,0.0,1667.2815511111112,Off,0.0,0.0,30.776474248514013,51.666666666666686,46.10666666666668,0.0,51.392107159270786,0.0,0.0,0.0,30.776474248514013,50.21834260375878,51.392107159270786,49.63146032600278,12.43753247303448,23.800762661274913,0.0,1.7,29.03368283277399,-527.198360095804,-0.0,-48.26548578466593,545.4747377911701,0.0,2.0,0.01828802958608242,0.0,0.0016742856177629376,0.37146736391791174,131.99922844444444,59.02279092207379,0.1928604721424772,11.675236530852061,0.003464161466609434,41.82336549411983,1.2023479335320881
2025-01-01 18:28:00,0.4200157593014554,0.10538061394646447,0.0,0.007000262655024256,0.0017563435657744078,0.0,0.17956235577628227,0.0,0.24045340352517316,0.0,0.0,0.0,0.10538061394646447,0.0,1,0,0,Off,0,0,Off,0,0,Off,0.04707534305152864,0.03530650728864647,On,0.0,0,Off,0.004965292397660819,0.0,On,0.17459706337862144,0,On,0.0999459182632205,0,On,0.09343214221042404,0.070074106657818,On,0,0,Off,Off,0.0,23.888888888888914,0.0,0.0,0.0,0.0,0,0.0,1667.2815511111112,Off,0.0,0.0,30.778408435292864,51.666666666666686,46.10666666666668,0.0,51.38727053149466,0.0,0.0,0.0,30.778408435292864,50.21402338344025,51.38727053149466,49.627399809413056,12.43753247303448,23.794765734147855,0.0,1.7,29.41245294002431,-526.9671655752184,-0.0,-47.977859052547146,545.4747377911701,0.0,2.0,0.018284971191264796,0.0,0.001664759833066235,0.37123319208245475,131.99922844444444,58.882739776619665,0.19294629977386463,11.673438863950782,0.0034644545434514063,41.844222530458914,1.2023720031856047
2025-01-01 18:29:00,0.4200157593014554,0.10538061394646447,0.0,0.007000262655024256,0.0017563435657744078,0.0,0.17956235577628227,0.0,0.24045340352517316,0.0,0.0,0.0,0.10538061394646447,0.0,1,0,0,Off,0,0,Off,0,0,Off,0.04707534305152864,0.03530650728864647,On,0.0,0,Off,0.004965292397660819,0.0,On,0.17459706337862144,0,On,0.0999459182632205,0,On,0.09343214221042404,0.070074106657818,On,0,0,Off,Off,0.0,23.888888888888914,0.0,0.0,0.0,0.0,0,0.0,1667.2815511111112,Off,0.0,0.0,30.780345850141675,51.666666666666686,46.10666666666668,0.0,51.382433731849375,0.0,0.0,0.0,30.780345850141675,50.20970389167481,51.382433731849375,49.62333897158754,12.43753247303448,23.788765764004125,0.0,1.7,29.853263798077307,-526.7358940523744,-0.0,-47.69014121548431,545.4747377911701,0.0,2.0,0.01828191098177071,0.0,0.001655225941983872,0.3709988356315983,131.99922844444444,58.8045612747659,0.1930322105240049,11.670887015457645,0.0034647477605789885,41.86512526580179,1.2023960860320286
2025-01-01 18:30:00,0.4200157593014554,0.10538061394646447,0.0,0.007000262655024256,0.0017563435657744078,0.0,0.17956235577628227,0.0,0.24045340352517316,0.0,0.0,0.0,0.10538061394646447,0.0,1,0,0,Off,0,0,Off,0,0,Off,0.04707534305152864,0.03530650728864647,On,0.0,0,Off,0.004965292397660819,0.0,On,0.17459706337862144,0,On,0.0999459182632205,0,On,0.09343214221042404,0.070074106657818,On,0,0,Off,Off,0.0,23.888888888888914,0.0,0.0,0.0,0.0,0,0.0,1667.2815511111112,Off,0.0,0.0,30.782283146821214,51.666666666666686,46.10666666666668,0.0,51.3775967598329,0.0,0.0,0.0,30.782283146821214,50.205384128009435,51.3775967598329,49.619277812097714,12.43753247303448,23.782765626500915,0.0,0.6,0.6700415739493906,-561.2921973311452,-0.0,-43.85923368090979,545.4747377911701,0.0,2.0,0.01848206806549138,0.0,0.0014441842342458793,0.3707962898572397,131.99922844444444,60.346734794834234,0.19311817107543167,11.669087474581731,0.0034650411183035673,29.554008860897973,1.2024201704277881
2025-01-01 18:31:00,0.4200157593014554,0.10538061394646447,0.0,0.007000262655024256,0.0017563435657744078,0.0,0.17956235577628227,0.0,0.24045340352517316,0.0,0.0,0.0,0.10538061394646447,0.0,1,0,0,Off,0,0,Off,0,0,Off,0.04707534305152864,0.03530650728864647,On,0.0,0,Off,0.004965292397660819,0.0,On,0.17459706337862144,0,On,0.0999459182632205,0,On,0.09343214221042404,0.070074106657818,On,0,0,Off,Off,0.0,23.888888888888914,0.0,0.0,0.0,0.0,0,0.0,1667.2815511111112,Off,0.0,0.0,30.785761560006044,51.666666666666686,46.10666666666668,0.0,51.37275961544055,0.0,0.0,0.0,30.785761560006044,50.201064092460705,51.37275961544055,49.61521633097078,12.43753247303448,23.775440637023106,0.0,0.6,2.602390421112773,-561.0010005136454,-0.0,-43.533437286037696,545.4747377911701,0.0,2.0,0.018478318159632034,0.0,0.0014339095723844904,0.3705353146573137,131.99922844444444,61.66209042962573,0.1932147910876947,11.6657149430844,0.0034652482053020924,29.59352395084705,1.202449683475508
2025-01-01 18:32:00,0.4200157593014554,0.10538061394646447,0.0,0.007000262655024256,0.0017563435657744078,0.0,0.17956235577628227,0.0,0.24045340352517316,0.0,0.0,0.0,0.10538061394646447,0.0,1,0,0,Off,0,0,Off,0,0,Off,0.04707534305152864,0.03530650728864647,On,0.0,0,Off,0.004965292397660819,0.0,On,0.17459706337862144,0,On,0.0999459182632205,0,On,0.09343214221042404,0.070074106657818,On,0,0,Off,Off,0.0,23.888888888888914,0.0,0.0,0.0,0.0,0,0.0,1667.2815511111112,Off,0.0,0.0,30.789140211052047,51.666666666666686,46.10666666666668,0.0,51.36792206959152,0.0,0.0,0.0,30.789140211052047,50.196743568745816,51.36792206959152,49.61115431832297,12.43753247303448,23.768200907112927,0.0,0.6,3.433424323778411,-560.7132517178098,-0.0,-43.211520514316476,545.4747377911701,0.0,2.0,0.01847461150254955,0.0,0.0014237510019438876,0.3702773045284519,131.99922844444444,61.88345876473453,0.19331048678155413,11.663137915687225,0.0034654555640960443,29.632441445697246,1.202478852492721
2025-01-01 18:33:00,0.4200157593014554,0.10538061394646447,0.0,0.007000262655024256,0.0017563435657744078,0.0,0.17956235577628227,0.0,0.24045340352517316,0.0,0.0,0.0,0.10538061394646447,0.0,1,0,0,Off,0,0,Off,0,0,Off,0.04707534305152864,0.03530650728864647,On,0.0,0,Off,0.004965292397660819,0.0,On,0.17459706337862144,0,On,0.0999459182632205,0,On,0.09343214221042404,0.070074106657818,On,0,0,Off,Off,0.0,23.888888888888914,0.0,0.0,0.0,0.0,0,0.0,1667.2815511111112,Off,0.0,0.0,30.792468626908978,51.666666666666686,46.10666666666668,0.0,51.36308413709423,0.0,0.0,0.0,30.792468626908978,50.19242257086556,51.36308413709423,49.60709178775123,12.43753247303448,23.761003882517162,0.0,0.6,3.9453595401840857,-560.4272580492734,-0.0,-42.89158888506082,545.4747377911701,0.0,2.0,0.018470926317324794,0.0,0.0014136489018870852,0.37002074478240915,131.99922844444444,61.78946868334817,0.19340575163613866,11.660582558166553,0.003465663190544299,29.671067313319163,1.2025078497794541
2025-01-01 18:34:00,0.4200157593014554,0.10538061394646447,0.0,0.007000262655024256,0.0017563435657744078,0.0,0.17956235577628227,0.0,0.24045340352517316,0.0,0.0,0.0,0.10538061394646447,0.0,1,0,0,Off,0,0,Off,0,0,Off,0.04707534305152864,0.03530650728864647,On,0.0,0,Off,0.004965292397660819,0.0,On,0.17459706337862144,0,On,0.0999459182632205,0,On,0.09343214221042404,0.070074106657818,On,0,0,Off,Off,0.0,23.888888888888914,0.0,0.0,0.0,0.0,0,0.0,1667.2815511111112,Off,0.0,0.0,30.79576164251226,51.666666666666686,46.10666666666668,0.0,51.35824582539568,0.0,0.0,0.0,30.79576164251226,50.188101105870025,51.35824582539568,49.603028746107206,12.43753247303448,23.753836819779387,0.0,0.6,4.460957657086624,-560.1425122448826,-0.0,-42.57307462390242,545.4747377911701,0.0,2.0,0.01846725608453721,0.0,0.0014035854344188843,0.369765182169618,131.99922844444444,61.70180673470143,0.19350073317568778,11.657291167648063,0.003465871082620258,29.709493140714734,1.202536726926442
2025-01-01 18:35:00,0.4200157593014554,0.10538061394646447,0.0,0.007000262655024256,0.0017563435657744078,0.0,0.17956235577628227,0.0,0.24045340352517316,0.0,0.0,0.0,0.10538061394646447,0.0,1,0,0,Off,0,0,Off,0,0,Off,0.04707534305152864,0.03530650728864647,On,0.0,0,Off,0.004965292397660819,0.0,On,0.17459706337862144,0,On,0.0999459182632205,0,On,0.09343214221042404,0.070074106657818,On,0,0,Off,Off,0.0,23.888888888888914,0.0,0.0,0.0,0.0,0,0.0,1667.2815511111112,Off,0.0,0.0,30.799020038163885,51.666666666666686,46.10666666666668,0.0,51.3534071397378,0.0,0.0,0.0,30.799020038163885,50.18377917872734,51.3534071397378,49.59896519822212,12.43753247303448,23.746699053172133,0.0,0.6,4.954757891174836,-559.8589871530274,-0.0,-42.255947104569564,545.4747377911701,0.0,2.0,0.01846360046793121,0.0,0.0013935597045610243,0.36951059377874845,131.99922844444444,61.5949543576016,0.19359543855676897,11.654766088728202,0.0034660792389303464,29.747723574493882,1.2025654866137467
2025-01-01 18:36:00,0.4200157593014554,0.10538061394646447,0.0,0.007000262655024256,0.0017563435657744078,0.0,0.17956235577628227,0.0,0.24045340352517316,0.0,0.0,0.0,0.10538061394646447,0.0,1,0,0,Off,0,0,Off,0,0,Off,0.04707534305152864,0.03530650728864647,On,0.0,0,Off,0.004965292397660819,0.0,On,0.17459706337862144,0,On,0.0999459182632205,0,On,0.09343214221042404,0.070074106657818,On,0,0,Off,Off,0.0,23.888888888888914,0.0,0.0,0.0,0.0,0,0.0,1667.2815511111112,Off,0.0,0.0,30.80224561524489,51.666666666666686,46.10666666666668,0.0,51.348568085246505,0.0,0.0,0.0,30.80224561524489,50.17945679429613,51.348568085246505,49.59490114882094,12.43753247303448,23.739589039340032,0.0,0.6,5.501056059146208,-559.5766207954456,-0.0,-41.94013675926368,545.4747377911701,0.0,2.0,0.018459958681542144,0.0,0.0013835695826135124,0.3692569253538563,131.99922844444444,61.543075822685225,0.19368988518733904,11.651504331543737,0.0034662876581132607,29.78576959733737,1.202594135076954
2025-01-01 18:37:00,0.4200157593014554,0.10538061394646447,0.0,0.007000262655024256,0.0017563435657744078,0.0,0.17956235577628227,0.0,0.24045340352517316,0.0,0.0,0.0,0.10538061394646447,0.0,1,0,0,Off,0,0,Off,0,0,Off,0.04707534305152864,0.03530650728864647,On,0.0,0,Off,0.004965292397660819,0.0,On,0.17459706337862144,0,On,0.0999459182632205,0,On,0.09343214221042404,0.070074106657818,On,0,0,Off,Off,0.0,23.888888888888914,0.0,0.0,0.0,0.0,0,0.0,1667.2815511111112,Off,0.0,0.0,30.80543699351049,51.666666666666686,46.10666666666668,0.0,51.34372866677992,0.0,0.0,0.0,30.80543699351049,50.17513395718218,51.34372866677992,49.59083660238333,12.43753247303448,23.732507969158238,0.0,0.6,6.005881468050575,-559.2954597998215,-0.0,-41.625695496549206,545.4747377911701,0.0,2.0,0.018456331339765937,0.0,0.0013736167795953208,0.3690042201672642,131.99922844444444,61.45229897325109,0.19378405862616063,11.649008225757804,0.0034664963388837348,29.823622478539512,1.2026226674769285
2025-01-01 18:38:00,0.4200157593014554,0.10538061394646447,0.0,0.007000262655024256,0.0017563435657744078,0.0,0.17956235577628227,0.0,0.24045340352517316,0.0,0.0,0.0,0.10538061394646447,0.0,1,0,0,Off,0,0,Off,0,0,Off,0.04707534305152864,0.03530650728864647,On,0.0,0,Off,0.004965292397660819,0.0,On,0.17459706337862144,0,On,0.0999459182632205,0,On,0.09343214221042404,0.070074106657818,On,0,0,Off,Off,0.0,23.888888888888914,0.0,0.0,0.0,0.0,0,0.0,1667.2815511111112,Off,0.0,0.0,30.80859675327671,51.666666666666686,46.10666666666668,0.0,51.33888888940123,0.0,0.0,0.0,30.80859675327671,50.17081067218504,51.33888888940123,49.58677156357696,12.43753247303448,23.725453629687856,0.0,0.6,6.546635326741807,-559.015415647158,-0.0,-41.312524083116884,545.4747377911701,0.0,2.0,0.018452717313331594,0.0,0.001363698222031017,0.3687524000124554,131.99922844444444,61.399837265846514,0.19387798412490279,11.646525664129094,0.003466705279896341,29.861298046457087,1.2026510927626743
2025-01-01 18:39:00,0.4200157593014554,0.10538061394646447,0.0,0.007000262655024256,0.0017563435657744078,0.0,0.17956235577628227,0.0,0.24045340352517316,0.0,0.0,0.0,0.10538061394646447,0.0,1,0,0,Off,0,0,Off,0,0,Off,0.04707534305152864,0.03530650728864647,On,0.0,0,Off,0.004965292397660819,0.0,On,0.17459706337862144,0,On,0.0999459182632205,0,On,0.09343214221042404,0.070074106657818,On,0,0,Off,Off,0.0,23.888888888888914,0.0,0.0,0.0,0.0,0,0.0,1667.2815511111112,Off,0.0,0.0,30.81172413253569,51.666666666666686,46.10666666666668,0.0,51.33404875779007,0.0,0.0,0.0,30.81172413253569,50.16648694374209,51.33404875779007,49.582706036718115,12.43753247303448,23.71842668033329,0.0,0.6,7.044085272032817,-558.7365138832712,-0.0,-41.000650857663175,545.4747377911701,0.0,2.0,0.018449116944248473,0.0,0.0013538148727852044,0.3685014891710868,131.99922844444444,61.30651222179695,0.19397165345739045,11.643306951571319,0.003466914479915156,29.89879140739024,1.2026794082483816
2025-01-01 18:40:00,0.4200157593014554,0.10538061394646447,0.0,0.007000262655024256,0.0017563435657744078,0.0,0.17956235577628227,0.0,0.24045340352517316,0.0,0.0,0.0,0.10538061394646447,0.0,1,0,0,Off,0,0,Off,0,0,Off,0.04707534305152864,0.03530650728864647,On,0.0,0,Off,0.004965292397660819,0.0,On,0.17459706337862144,0,On,0.0999459182632205,0,On,0.09343214221042404,0.070074106657818,On,0,0,Off,Off,0.0,23.888888888888914,0.0,0.0,0.0,0.0,0,0.0,1667.2815511111112,Off,0.0,0.0,30.81482169258364,51.666666666666686,46.10666666666668,0.0,51.32920827673927,0.0,0.0,0.0,30.81482169258364,50.162162776397665,51.32920827673927,49.57864002622687,12.43753247303448,23.71142492417442,0.0,0.6,7.57877312757023,-558.4586667007127,-0.0,-40.689977410627726,545.4747377911701,0.0,2.0,0.01844552911094208,0.0,0.0013439636764622737,0.36825140991629896,131.99922844444444,61.2526794477405,0.19406509175129213,11.6408512678757,0.0034671239376705973,29.936118298368065,1.2027076228199607
2025-01-01 18:41:00,0.4200157593014554,0.10538061394646447,0.0,0.007000262655024256,0.0017563435657744078,0.0,0.17956235577628227,0.0,0.24045340352517316,0.0,0.0,0.0,0.10538061394646447,0.0,1,0,0,Off,0,0,Off,0,0,Off,0.04707534305152864,0.03530650728864647,On,0.0,0,Off,0.004965292397660819,0.0,On,0.17459706337862144,0,On,0.0999459182632205,0,On,0.09343214221042404,0.070074106657818,On,0,0,Off,Off,0.0,23.888888888888914,0.0,0.0,0.0,0.0,0,0.0,1667.2815511111112,Off,0.0,0.0,30.81788852570099,51.666666666666686,46.10666666666668,0.0,51.32436745066093,0.0,0.0,0.0,30.81788852570099,50.15783817433664,51.32436745066093,49.5745735361745,12.43753247303448,23.704449145643075,0.0,0.6,8.069370876822518,-558.1819046353598,-0.0,-40.38053767074223,545.4747377911701,0.0,2.0,0.01844195421929774,0.0,0.001334145770205394,0.3680021909614308,131.99922844444444,61.15707539175443,0.1941582893454561,11.638408745027967,0.003467333652001938,29.973272927535454,1.2027357332857243
2025-01-01 18:42:00,0.4200157593014554,0.10538061394646447,0.0,0.007000262655024256,0.0017563435657744078,0.0,0.17956235577628227,0.0,0.24045340352517316,0.0,0.0,0.0,0.10538061394646447,0.0,1,0,0,Off,0,0,Off,0,0,Off,0.04707534305152864,0.03530650728864647,On,0.0,0,Off,0.004965292397660819,0.0,On,0.17459706337862144,0,On,0.0999459182632205,0,On,0.09343214221042404,0.070074106657818,On,0,0,Off,Off,0.0,23.888888888888914,0.0,0.0,0.0,0.0,0,0.0,1667.2815511111112,Off,0.0,0.0,30.82092714317885,51.666666666666686,46.10666666666668,0.0,51.31952628410198,0.0,0.0,0.0,30.82092714317885,50.15351314187127,51.31952628410198,49.570506570755924,12.43753247303448,23.69749719056331,0.0,0.6,8.59856136675154,-557.9061416465136,-0.0,-40.07223523010589,545.4747377911701,0.0,2.0,0.01843839116916774,0.0,0.0013243581546082703,0.3677537560202147,131.99922844444444,61.102200452200805,0.1942512709270034,11.635228961667647,0.003467543621708581,30.010270746092765,1.2027637483600924
2025-01-01 18:43:00,0.4200157593014554,0.10538061394646447,0.0,0.007000262655024256,0.0017563435657744078,0.0,0.17956235577628227,0.0,0.24045340352517316,0.0,0.0,0.0,0.10538061394646447,0.0,1,0,0,Off,0,0,Off,0,0,Off,0.04707534305152864,0.03530650728864647,On,0.0,0,Off,0.004965292397660819,0.0,On,0.17459706337862144,0,On,0.0999459182632205,0,On,0.09343214221042404,0.070074106657818,On,0,0,Off,Off,0.0,23.888888888888914,0.0,0.0,0.0,0.0,0,0.0,1667.2815511111112,Off,0.0,0.0,30.82393650220125,51.666666666666686,46.10666666666668,0.0,51.31468478123608,0.0,0.0,0.0,30.82393650220125,50.1491876829614,51.31468478123608,49.56643913382407,12.43753247303448,23.690569959209252,0.0,0.6,9.083013252448836,-557.6314128874507,-0.0,-39.765109187754874,545.4747377911701,0.0,2.0,0.018434840425662014,0.0,0.0013146021286523993,0.3675061379196243,131.99922844444444,61.0047975364842,0.19434402550024035,11.632811260760116,0.0034677538456967926,30.04710512771141,1.2027916643825187
2025-01-01 18:44:00,0.4200157593014554,0.10538061394646447,0.0,0.007000262655024256,0.0017563435657744078,0.0,0.17956235577628227,0.0,0.24045340352517316,0.0,0.0,0.0,0.10538061394646447,0.0,1,0,0,Off,0,0,Off,0,0,Off,0.04707534305152864,0.03530650728864647,On,0.0,0,Off,0.004965292397660819,0.0,On,0.17459706337862144,0,On,0.0999459182632205,0,On,0.09343214221042404,0.070074106657818,On,0,0,Off,Off,0.0,23.888888888888914,0.0,0.0,0.0,0.0,0,0.0,1667.2815511111112,Off,0.0,0.0,30.82691907016352,51.666666666666686,46.10666666666668,0.0,51.30984294639181,0.0,0.0,0.0,30.82691907016352,50.144861801713205,51.30984294639181,49.56237122937391,12.43753247303448,23.683665335011973,0.0,0.6,9.607103811242723,-557.3576338746582,-0.0,-39.45906490102169,545.4747377911701,0.0,2.0,0.018431300907465583,0.0,0.0013048747420251533,0.3672592616373957,131.99922844444444,60.949064795752435,0.19443657736696082,11.62965614665347,0.003467964322827201,30.08379127327286,1.2028194899166096
2025-01-01 18:45:00,0.4200157593014554,0.10538061394646447,0.0,0.007000262655024256,0.0017563435657744078,0.0,0.17956235577628227,0.0,0.24045340352517316,0.0,0.0,0.0,0.10538061394646447,0.0,1,0,0,Off,0,0,Off,0,0,Off,0.04707534305152864,0.03530650728864647,On,0.0,0,Off,0.004965292397660819,0.0,On,0.17459706337862144,0,On,0.0999459182632205,0,On,0.09343214221042404,0.070074106657818,On,0,0,Off,Off,0.0,23.888888888888914,0.0,0.0,0.0,0.0,0,0.0,1667.2815511111112,Off,0.0,0.0,30.829873693134793,51.666666666666686,46.10666666666668,0.0,51.30500078353098,0.0,0.0,0.0,30.829873693134793,50.14053550188658,51.30500078353098,49.55830286106439,12.43753247303448,23.676784313524657,0.0,0.6,10.085872458031417,-557.0848435560513,-0.0,-39.15414571676431,545.4747377911701,0.0,2.0,0.01842777312842172,0.0,0.001295177427014493,0.3670131633879775,131.99922844444444,60.85012393967685,0.19452891443141376,11.627262076367144,0.0034681750520655537,30.12032186834184,1.2028472209161074
2025-01-01 18:46:00,0.4200157593014554,0.10538061394646447,0.0,0.007000262655024256,0.0017563435657744078,0.0,0.17956235577628227,0.0,0.24045340352517316,0.0,0.0,0.0,0.10538061394646447,0.0,1,0,0,Off,0,0,Off,0,0,Off,0.04707534305152864,0.03530650728864647,On,0.0,0,Off,0.004965292397660819,0.0,On,0.17459706337862144,0,On,0.0999459182632205,0,On,0.09343214221042404,0.070074106657818,On,0,0,Off,Off,0.0,23.888888888888914,0.0,0.0,0.0,0.0,0,0.0,1667.2815511111112,Off,0.0,0.0,30.832802801398977,51.666666666666686,46.10666666666668,0.0,51.30015829678687,0.0,0.0,0.0,30.832802801398977,50.136208787403376,51.30015829678687,49.55423403271164,12.43753247303448,23.669924809793134,0.0,0.6,10.60518410145471,-556.8129587628301,-0.0,-38.850258484701996,545.4747377911701,0.0,2.0,0.0184242560230091,0.0,0.0012855072742427225,0.36676776920473586,131.99922844444444,60.793663557816764,0.1946210606761289,11.624878897218231,0.0034683860323272016,30.156711905472243,1.202874865817971
2025-01-01 18:47:00,0.4200157593014554,0.10538061394646447,0.0,0.007000262655024256,0.0017563435657744078,0.0,0.17956235577628227,0.0,0.24045340352517316,0.0,0.0,0.0,0.10538061394646447,0.0,1,0,0,Off,0,0,Off,0,0,Off,0.04707534305152864,0.03530650728864647,On,0.0,0,Off,0.004965292397660819,0.0,On,0.17459706337862144,0,On,0.0999459182632205,0,On,0.09343214221042404,0.070074106657818,On,0,0,Off,Off,0.0,23.888888888888914,0.0,0.0,0.0,0.0,0,0.0,1667.2815511111112,Off,0.0,0.0,30.835705145048518,51.666666666666686,46.10666666666668,0.0,51.29531548993147,0.0,0.0,0.0,30.835705145048518,50.131881661844375,51.29531548993147,49.55016474780083,12.43753247303448,23.663087901770613,0.0,0.6,11.07867181396324,-556.5420217209687,-0.0,-38.54745021985367,545.4747377911701,0.0,2.0,0.01842075014724213,0.0,0.0012758658315098169,0.36652311823635536,131.99922844444444,60.693405963615426,0.194713003051061,11.621758993686264,0.0034685972626311633,30.192953473383334,1.2029024202422793
2025-01-01 18:48:00,0.4200157593014554,0.10538061394646447,0.0,0.007000262655024256,0.0017563435657744078,0.0,0.17956235577628227,0.0,0.24045340352517316,0.0,0.0,0.0,0.10538061394646447,0.0,1,0,0,Off,0,0,Off,0,0,Off,0.04707534305152864,0.03530650728864647,On,0.0,0,Off,0.004965292397660819,0.0,On,0.17459706337862144,0,On,0.0999459182632205,0,On,0.09343214221042404,0.070074106657818,On,0,0,Off,Off,0.0,23.888888888888914,0.0,0.0,0.0,0.0,0,0.0,1667.2815511111112,Off,0.0,0.0,30.838583122183852,51.666666666666686,46.10666666666668,0.0,51.29047236692253,0.0,0.0,0.0,30.838583122183852,50.12755412896575,51.29047236692253,49.54609500998736,12.43753247303448,23.656271532012042,0.0,0.6,11.593490690235853,-556.2719504094766,-0.0,-38.24562907623772,545.4747377911701,0.0,2.0,0.018417254449316023,0.0,0.0012662502248274958,0.3662791374299868,131.99922844444444,60.63633238478001,0.19480476526409918,11.619397877681745,0.003468808741941935,30.22906138486669,1.2029298925158827
2025-01-01 18:49:00,0.4200157593014554,0.10538061394646447,0.0,0.007000262655024256,0.0017563435657744078,0.0,0.17956235577628227,0.0,0.24045340352517316,0.0,0.0,0.0,0.10538061394646447,0.0,1,0,0,Off,0,0,Off,0,0,Off,0.04707534305152864,0.03530650728864647,On,0.0,0,Off,0.004965292397660819,0.0,On,0.17459706337862144,0,On,0.0999459182632205,0,On,0.09343214221042404,0.070074106657818,On,0,0,Off,Off,0.0,23.888888888888914,0.0,0.0,0.0,0.0,0,0.0,1667.2815511111112,Off,0.0,0.0,30.841435399341844,51.666666666666686,46.10666666666668,0.0,51.285628931361316,0.0,0.0,0.0,30.841435399341844,50.12322619218715,51.285628931361316,49.54202482260006,12.43753247303448,23.649476850088107,0.0,0.6,12.062052916924245,-556.0027898999382,-0.0,-37.944845251790575,545.4747377911701,0.0,2.0,0.01841376952192209,0.0,0.001256662102607822,0.36603586848904746,131.99922844444444,60.53495027748276,0.19489633343296783,11.616300035052499,0.0034690204693264256,30.26502720822075,1.202957277968772
2025-01-01 18:50:00,0.4200157593014554,0.10538061394646447,0.0,0.007000262655024256,0.0017563435657744078,0.0,0.17956235577628227,0.0,0.24045340352517316,0.0,0.0,0.0,0.10538061394646447,0.0,1,0,0,Off,0,0,Off,0,0,Off,0.04707534305152864,0.03530650728864647,On,0.0,0,Off,0.004965292397660819,0.0,On,0.17459706337862144,0,On,0.0999459182632205,0,On,0.09343214221042404,0.070074106657818,On,0,0,Off,Off,0.0,23.888888888888914,0.0,0.0,0.0,0.0,0,0.0,1667.2815511111112,Off,0.0,0.0,30.844264346574178,51.666666666666686,46.10666666666668,0.0,51.28078518704724,0.0,0.0,0.0,30.844264346574178,50.118897855115335,51.28078518704724,49.53795418914939,12.43753247303448,23.642701822577724,0.0,0.6,12.572632802228611,-555.7344591774669,-0.0,-37.645008045130105,545.4747377911701,0.0,2.0,0.018410294325209044,0.0,0.0012470986215457785,0.36579323915409173,131.99922844444444,60.477362233655406,0.19498773102876282,11.613960068540145,0.003469232443793427,30.300865600724684,1.2029845848317293
2025-01-01 18:51:00,0.4200157593014554,0.10538061394646447,0.0,0.007000262655024256,0.0017563435657744078,0.0,0.17956235577628227,0.0,0.24045340352517316,0.0,0.0,0.0,0.10538061394646447,0.0,1,0,0,Off,0,0,Off,0,0,Off,0.04707534305152864,0.03530650728864647,On,0.0,0,Off,0.004965292397660819,0.0,On,0.17459706337862144,0,On,0.0999459182632205,0,On,0.09343214221042404,0.070074106657818,On,0,0,Off,Off,0.0,23.888888888888914,0.0,0.0,0.0,0.0,0,0.0,1667.2815511111112,Off,0.0,0.0,30.84706855759563,51.666666666666686,46.10666666666668,0.0,51.27594113742743,0.0,0.0,0.0,30.84706855759563,50.11456912102449,51.27594113742743,49.53388311282302,12.43753247303448,23.635947661388368,0.0,0.6,13.054427638836671,-555.4670057871791,-0.0,-37.34617041965807,545.4747377911701,0.0,2.0,0.018406829483815213,0.0,0.0012375615178330298,0.36555129335646114,131.99922844444444,60.39286605450367,0.1950789434421383,11.61163066119666,0.0034694446644530554,30.336567676086624,1.2030118081821664
2025-01-01 18:52:00,0.4200157593014554,0.10538061394646447,0.0,0.007000262655024256,0.0017563435657744078,0.0,0.17956235577628227,0.0,0.24045340352517316,0.0,0.0,0.0,0.10538061394646447,0.0,1,0,0,Off,0,0,Off,0,0,Off,0.04707534305152864,0.03530650728864647,On,0.0,0,Off,0.004965292397660819,0.0,On,0.17459706337862144,0,On,0.0999459182632205,0,On,0.09343214221042404,0.070074106657818,On,0,0,Off,Off,0.0,23.888888888888914,0.0,0.0,0.0,0.0,0,0.0,1667.2815511111112,Off,0.0,0.0,30.849849640112485,51.666666666666686,46.10666666666668,0.0,51.271096786157955,0.0,0.0,0.0,30.849849640112485,50.11023999338611,51.271096786157955,49.5298115970002,12.43753247303448,23.629212988218043,0.0,0.6,13.519537861518756,-555.2003747002752,-0.0,-37.04827072596944,545.4747377911701,0.0,2.0,0.018403374293660724,0.0,0.0012280488705919295,0.3653099822498152,131.99922844444444,60.29344549659329,0.19516998648479975,11.608564093134943,0.00346965713035417,30.372143350983542,1.203038953596482
2025-01-01 18:53:00,0.4200157593014554,0.10538061394646447,0.0,0.007000262655024256,0.0017563435657744078,0.0,0.17956235577628227,0.0,0.24045340352517316,0.0,0.0,0.0,0.10538061394646447,0.0,1,0,0,Off,0,0,Off,0,0,Off,0.04707534305152864,0.03530650728864647,On,0.0,0,Off,0.004965292397660819,0.0,On,0.17459706337862144,0,On,0.0999459182632205,0,On,0.09343214221042404,0.070074106657818,On,0,0,Off,Off,0.0,23.888888888888914,0.0,0.0,0.0,0.0,0,0.0,1667.2815511111112,Off,0.0,0.0,30.85260861736399,51.666666666666686,46.10666666666668,0.0,51.266252136655915,0.0,0.0,0.0,30.85260861736399,50.10591047544611,51.266252136655915,49.52573964484121,12.43753247303448,23.622496926861608,0.0,0.6,14.025935263159568,-554.9345308033429,-0.0,-36.7512695794487,545.4747377911701,0.0,2.0,0.018399928308012813,0.0,0.001218559465945266,0.36506927493280766,131.99922844444444,60.23699785478101,0.19526087009995818,11.606254183018125,0.00346986984061421,30.407598906530048,1.2030660246166522
2025-01-01 18:54:00,0.4200157593014554,0.10538061394646447,0.0,0.007000262655024256,0.0017563435657744078,0.0,0.17956235577628227,0.0,0.24045340352517316,0.0,0.0,0.0,0.10538061394646447,0.0,1,0,0,Off,0,0,Off,0,0,Off,0.04707534305152864,0.03530650728864647,On,0.0,0,Off,0.004965292397660819,0.0,On,0.17459706337862144,0,On,0.0999459182632205,0,On,0.09343214221042404,0.070074106657818,On,0,0,Off,Off,0.0,23.888888888888914,0.0,0.0,0.0,0.0,0,0.0,1667.2815511111112,Off,0.0,0.0,30.855344066171536,51.666666666666686,46.10666666666668,0.0,51.261407192186276,0.0,0.0,0.0,30.855344066171536,50.101580570306766,51.261407192186276,49.52166725936701,12.43753247303448,23.615800703602044,0.0,0.6,14.501425814479205,-554.6695222101778,-0.0,-36.45522057834065,545.4747377911701,0.0,2.0,0.018396492158893163,0.0,0.0012090950605107155,0.3648292158542693,131.99922844444444,60.15143081182738,0.19535157950996027,11.60320774434457,0.003470082794394085,30.442925346495763,1.2030930162617717
2025-01-01 18:55:00,0.4200157593014554,0.10538061394646447,0.0,0.007000262655024256,0.0017563435657744078,0.0,0.17956235577628227,0.0,0.24045340352517316,0.0,0.0,0.0,0.10538061394646447,0.0,1,0,0,Off,0,0,Off,0,0,Off,0.04707534305152864,0.03530650728864647,On,0.0,0,Off,0.004965292397660819,0.0,On,0.17459706337862144,0,On,0.0999459182632205,0,On,0.09343214221042404,0.070074106657818,On,0,0,Off,Off,0.0,23.888888888888914,0.0,0.0,0.0,0.0,0,0.0,1667.2815511111112,Off,0.0,0.0,30.858057635268192,51.666666666666686,46.10666666666668,0.0,51.2565619562255,0.0,0.0,0.0,30.858057635268192,50.09725028127009,51.2565619562255,49.51759444379239,12.43753247303448,23.609122904746208,0.0,0.6,14.95977581587789,-554.4052925493953,-0.0,-36.16006059502262,545.4747377911701,0.0,2.0,0.018393065123668884,0.0,0.0011996536799670017,0.3645897548281147,131.99922844444444,60.05039116912555,0.19544213099108954,11.600917412566325,0.003470295990792685,30.478132864421703,1.2031199342530976
2025-01-01 18:56:00,0.4200157593014554,0.10538061394646447,0.0,0.007000262655024256,0.0017563435657744078,0.0,0.17956235577628227,0.0,0.24045340352517316,0.0,0.0,0.0,0.10538061394646447,0.0,1,0,0,Off,0,0,Off,0,0,Off,0.04707534305152864,0.03530650728864647,On,0.0,0,Off,0.004965292397660819,0.0,On,0.17459706337862144,0,On,0.0999459182632205,0,On,0.09343214221042404,0.070074106657818,On,0,0,Off,Off,0.0,23.888888888888914,0.0,0.0,0.0,0.0,0,0.0,1667.2815511111112,Off,0.0,0.0,30.860750317464866,51.666666666666686,46.10666666666668,0.0,51.251716432004955,0.0,0.0,0.0,30.860750317464866,50.09291961140673,51.251716432004955,49.51352120110762,12.43753247303448,23.602462679907333,0.0,0.6,15.46072823363943,-554.1418077756539,-0.0,-35.865751455244315,545.4747377911701,0.0,2.0,0.018389646768543877,0.0,0.0011902341442126957,0.36435086182224297,131.99922844444444,59.99354967336742,0.1955325342215933,11.597889851587162,0.00347050942897938,30.513227568364847,1.203146782029036
2025-01-01 18:57:00,0.4200157593014554,0.10538061394646447,0.0,0.007000262655024256,0.0017563435657744078,0.0,0.17956235577628227,0.0,0.24045340352517316,0.0,0.0,0.0,0.10538061394646447,0.0,1,0,0,Off,0,0,Off,0,0,Off,0.04707534305152864,0.03530650728864647,On,0.0,0,Off,0.004965292397660819,0.0,On,0.17459706337862144,0,On,0.0999459182632205,0,On,0.09343214221042404,0.070074106657818,On,0,0,Off,Off,0.0,23.888888888888914,0.0,0.0,0.0,0.0,0,0.0,1667.2815511111112,Off,0.0,0.0,30.863420588188927,51.666666666666686,46.10666666666668,0.0,51.246870622608405,0.0,0.0,0.0,30.863420588188927,50.08858856364798,51.246870622608405,49.509447534167776,12.43753247303448,23.59582134251643,0.0,0.6,15.930649038442539,-553.8791194484696,-0.0,-35.57235060501493,545.4747377911701,0.0,2.0,0.018386237770286314,0.0,0.001180838333322731,0.36411258441549266,131.99922844444444,59.907381300756896,0.19562277339694545,11.595618179837059,0.0034707231081658038,30.548199822075055,1.2031735542552773
2025-01-01 18:58:00,0.4200157593014554,0.10538061394646447,0.0,0.007000262655024256,0.0017563435657744078,0.0,0.17956235577628227,0.0,0.24045340352517316,0.0,0.0,0.0,0.10538061394646447,0.0,1,0,0,Off,0,0,Off,0,0,Off,0.04707534305152864,0.03530650728864647,On,0.0,0,Off,0.004965292397660819,0.0,On,0.17459706337862144,0,On,0.0999459182632205,0,On,0.09343214221042404,0.070074106657818,On,0,0,Off,Off,0.0,23.888888888888914,0.0,0.0,0.0,0.0,0,0.0,1667.2815511111112,Off,0.0,0.0,30.866070059450166,51.666666666666686,46.10666666666668,0.0,51.24202453134619,0.0,0.0,0.0,30.866070059450166,50.08425714113911,51.24202453134619,49.50537344603558,12.43753247303448,23.58919751015962,0.0,0.6,16.383204660598153,-553.6171724892272,-0.0,-35.279796381365216,545.4747377911701,0.0,2.0,0.018382837421943198,0.0,0.001171464313944338,0.36387487347591624,131.99922844444444,59.805435740020314,0.1957128644709924,11.593355355724295,0.003470937027497153,30.58305961052846,1.2032002565275848
2025-01-01 18:59:00,0.4200157593014554,0.10538061394646447,0.0,0.007000262655024256,0.0017563435657744078,0.0,0.17956235577628227,0.0,0.24045340352517316,0.0,0.0,0.0,0.10538061394646447,0.0,1,0,0,Off,0,0,Off,0,0,Off,0.04707534305152864,0.03530650728864647,On,0.0,0,Off,0.004965292397660819,0.0,On,0.17459706337862144,0,On,0.0999459182632205,0,On,0.09343214221042404,0.070074106657818,On,0,0,Off,Off,0.0,23.888888888888914,0.0,0.0,0.0,0.0,0,0.0,1667.2815511111112,Off,0.0,0.0,30.868699693951815,51.666666666666686,46.10666666666668,0.0,51.23717816128901,0.0,0.0,0.0,30.868699693951815,50.07992534679914,51.23717816128901,49.50129893955422,12.43753247303448,23.582590358369814,0.0,0.6,16.879040896662673,-553.355933919619,-0.0,-34.988051817382996,545.4747377911701,0.0,2.0,0.018379445302741007,0.0,0.0011621109401900268,0.36363769985041045,131.99922844444444,59.74828884249453,0.19580281685155076,11.590355521597107,0.0034711511861876512,30.617812866529057,1.203226892180266
2025-01-01 19:00:00,0.28497114223356174,0.08801996684256527,0.0,0.0047495190372260285,0.0014669994473760879,0.0,0.09611567744557019,0.0,0.18885546478799156,0.0,0.0,0.0,0.08801996684256527,0.0,1,0,0,Off,0,0,Off,0,0,Off,0.04519232932946749,0.033894246997100606,On,0.0,0,Off,0.005275623172514621,0.0,On,0.09084005427305557,0,On,0.0714955089979045,0,On,0.07216762646061957,0.05412571984546466,On,0,0,Off,Off,0.0,23.888888888888914,0.0,0.0,0.0,0.0,0,0.0,1667.2815511111112,Off,0.0,0.0,30.871307900745943,51.666666666666686,46.10666666666668,0.0,51.23233151536445,0.0,0.0,0.0,30.871307900745943,50.07559318341201,51.23233151536445,49.49722401743579,12.43753247303448,23.57600125728196,0.0,0.6,-182.2119452858464,-553.0954575341485,-0.0,-34.697176852084155,345.9190226035406,0.0,1.0,0.018376062118612122,0.0,0.0011527801729143714,0.3634011131636961,65.99961422222222,59.66166649684574,0.19589261406034517,11.58811047495898,0.0034713655834925656,-21.022935519840512,1.203253455648886
2025-01-01 19:01:00,0.28497114223356174,0.08801996684256527,0.0,0.0047495190372260285,0.0014669994473760879,0.0,0.09611567744557019,0.0,0.18885546478799156,0.0,0.0,0.0,0.08801996684256527,0.0,1,0,0,Off,0,0,Off,0,0,Off,0.04519232932946749,0.033894246997100606,On,0.0,0,Off,0.005275623172514621,0.0,On,0.09084005427305557,0,On,0.0714955089979045,0,On,0.07216762646061957,0.05412571984546466,On,0,0,Off,Off,0.0,23.888888888888914,0.0,0.0,0.0,0.0,0,0.0,1667.2815511111112,Off,0.0,0.0,30.882279173674245,51.666666666666686,46.10666666666668,0.0,51.227484596736524,0.0,0.0,0.0,30.882279173674245,50.07126065398489,51.227484596736524,49.49314868260909,12.43753247303448,23.562223773613205,0.0,0.6,-180.8645456120405,-552.5509708038658,-0.0,-34.089205921585,345.9190226035406,0.0,1.0,0.01836898697582853,0.0,0.0011332604821577678,0.3629062250403431,65.99961422222222,59.856608509869716,0.19604707297553942,11.581591610334964,0.003471218376334676,-20.913303409272043,1.2033094340154187
2025-01-01 19:02:00,0.28497114223356174,0.08801996684256527,0.0,0.0047495190372260285,0.0014669994473760879,0.0,0.09611567744557019,0.0,0.18885546478799156,0.0,0.0,0.0,0.08801996684256527,0.0,1,0,0,Off,0,0,Off,0,0,Off,0.04519232932946749,0.033894246997100606,On,0.0,0,Off,0.005275623172514621,0.0,On,0.09084005427305557,0,On,0.0714955089979045,0,On,0.07216762646061957,0.05412571984546466,On,0,0,Off,Off,0.0,23.888888888888914,0.0,0.0,0.0,0.0,0,0.0,1667.2815511111112,Off,0.0,0.0,30.892981125800755,51.666666666666686,46.10666666666668,0.0,51.22263616236864,0.0,0.0,0.0,30.892981125800755,50.06692658483155,51.22263616236864,49.48907179606301,12.43753247303448,23.548676231002002,0.0,0.6,-179.599545579017,-552.0157778237177,-0.0,-33.491690871483854,345.9190226035406,0.0,1.0,0.01836202849868361,0.0,0.0011140539943908564,0.3624193360976753,65.99961422222222,59.988900512644044,0.19619899460417478,11.575934724189356,0.003471071943657037,-20.805367881537958,1.2033644844128937
2025-01-01 19:03:00,0.28497114223356174,0.08801996684256527,0.0,0.0047495190372260285,0.0014669994473760879,0.0,0.09611567744557019,0.0,0.18885546478799156,0.0,0.0,0.0,0.08801996684256527,0.0,1,0,0,Off,0,0,Off,0,0,Off,0.04519232932946749,0.033894246997100606,On,0.0,0,Off,0.005275623172514621,0.0,On,0.09084005427305557,0,On,0.0714955089979045,0,On,0.07216762646061957,0.05412571984546466,On,0,0,Off,Off,0.0,23.888888888888914,0.0,0.0,0.0,0.0,0,0.0,1667.2815511111112,Off,0.0,0.0,30.90342896866007,51.666666666666686,46.10666666666668,0.0,51.21778625228501,0.0,0.0,0.0,30.90342896866007,50.06259101374887,51.21778625228501,49.48499339448082,12.43753247303448,23.535345593039118,0.0,0.6,-178.29861246897156,-551.4893535015827,-0.0,-32.904041679540136,345.9190226035406,0.0,1.0,0.018355180059656338,0.0,0.0010951428271165397,0.3619399902427129,65.99961422222222,60.17576010861072,0.19634852565239586,11.570387984911044,0.0034709262733965255,-20.69903484060455,1.2034186594733727
2025-01-01 19:04:00,0.28497114223356174,0.08801996684256527,0.0,0.0047495190372260285,0.0014669994473760879,0.0,0.09611567744557019,0.0,0.18885546478799156,0.0,0.0,0.0,0.08801996684256527,0.0,1,0,0,Off,0,0,Off,0,0,Off,0.04519232932946749,0.033894246997100606,On,0.0,0,Off,0.005275623172514621,0.0,On,0.09084005427305557,0,On,0.0714955089979045,0,On,0.07216762646061957,0.05412571984546466,On,0,0,Off,Off,0.0,23.888888888888914,0.0,0.0,0.0,0.0,0,0.0,1667.2815511111112,Off,0.0,0.0,30.91363214516182,51.666666666666686,46.10666666666668,0.0,51.21293490424844,0.0,0.0,0.0,30.91363214516182,50.058253976398994,51.21293490424844,49.480913512474274,12.43753247303448,23.522223779286016,0.0,0.6,-177.11413647747213,-550.9713692818128,-0.0,-32.32588802717489,345.9190226035406,0.0,1.0,0.018348437571696623,0.0,0.0010765160795730892,0.36146790857579497,65.99961422222222,60.26409822797497,0.19649575478418005,11.564203662400198,0.003470781354158565,-20.594246238560526,1.2034719917471652
2025-01-01 19:05:00,0.28497114223356174,0.08801996684256527,0.0,0.0047495190372260285,0.0014669994473760879,0.0,0.09611567744557019,0.0,0.18885546478799156,0.0,0.0,0.0,0.08801996684256527,0.0,1,0,0,Off,0,0,Off,0,0,Off,0.04519232932946749,0.033894246997100606,On,0.0,0,Off,0.005275623172514621,0.0,On,0.09084005427305557,0,On,0.0714955089979045,0,On,0.07216762646061957,0.05412571984546466,On,0,0,Off,Off,0.0,23.888888888888914,0.0,0.0,0.0,0.0,0,0.0,1667.2815511111112,Off,0.0,0.0,30.923605868207606,51.666666666666686,46.10666666666668,0.0,51.20808215461775,0.0,0.0,0.0,30.923605868207606,50.05391550711877,51.20808215461775,49.47683218336928,12.43753247303448,23.509297748812596,0.0,0.6,-175.88660065122815,-550.4613015204435,-0.0,-31.756642118330063,345.9190226035406,0.0,1.0,0.01834179439394055,0.0,0.0010581557663862956,0.36100263284126977,65.99961422222222,60.41232038400486,0.19664082991769574,11.558862782437494,0.003470637174962047,-20.490907705027293,1.2035245339238474
2025-01-01 19:06:00,0.28497114223356174,0.08801996684256527,0.0,0.0047495190372260285,0.0014669994473760879,0.0,0.09611567744557019,0.0,0.18885546478799156,0.0,0.0,0.0,0.08801996684256527,0.0,1,0,0,Off,0,0,Off,0,0,Off,0.04519232932946749,0.033894246997100606,On,0.0,0,Off,0.005275623172514621,0.0,On,0.09084005427305557,0,On,0.0714955089979045,0,On,0.07216762646061957,0.05412571984546466,On,0,0,Off,Off,0.0,23.888888888888914,0.0,0.0,0.0,0.0,0,0.0,1667.2815511111112,Off,0.0,0.0,30.933357905579136,51.666666666666686,46.10666666666668,0.0,51.20322803749019,0.0,0.0,0.0,30.933357905579136,50.04957563811007,51.20322803749019,49.47274943842002,12.43753247303448,23.4965608574176,0.0,0.6,-174.7541368965044,-549.9588797380427,-0.0,-31.195998974035508,345.9190226035406,0.0,1.0,0.018335247167983234,0.0,0.0010400529438010747,0.36054393411524316,65.99961422222222,60.48171921203311,0.19678382370063255,11.553617958606573,0.003470493725495811,-20.38897148336326,1.203576312760922
2025-01-01 19:07:00,0.28497114223356174,0.08801996684256527,0.0,0.0047495190372260285,0.0014669994473760879,0.0,0.09611567744557019,0.0,0.18885546478799156,0.0,0.0,0.0,0.08801996684256527,0.0,1,0,0,Off,0,0,Off,0,0,Off,0.04519232932946749,0.033894246997100606,On,0.0,0,Off,0.005275623172514621,0.0,On,0.09084005427305557,0,On,0.0714955089979045,0,On,0.07216762646061957,0.05412571984546466,On,0,0,Off,Off,0.0,23.888888888888914,0.0,0.0,0.0,0.0,0,0.0,1667.2815511111112,Off,0.0,0.0,30.94290131545362,51.666666666666686,46.10666666666668,0.0,51.19837258580806,0.0,0.0,0.0,30.94290131545362,50.04523440048463,51.19837258580806,49.468665307822924,12.43753247303448,23.484001912847326,0.0,0.6,-173.59213776801369,-549.4636546453952,-0.0,-30.643454307427138,345.9190226035406,0.0,1.0,0.01832879019353495,0.0,0.0010221921687768067,0.3600914189535126,65.99961422222222,60.59594858126815,0.19692486314649746,11.54772099264641,0.003470350995788969,-20.288356501265365,1.2036273734821283
2025-01-01 19:08:00,0.28497114223356174,0.08801996684256527,0.0,0.0047495190372260285,0.0014669994473760879,0.0,0.09611567744557019,0.0,0.18885546478799156,0.0,0.0,0.0,0.08801996684256527,0.0,1,0,0,Off,0,0,Off,0,0,Off,0.04519232932946749,0.033894246997100606,On,0.0,0,Off,0.005275623172514621,0.0,On,0.09084005427305557,0,On,0.0714955089979045,0,On,0.07216762646061957,0.05412571984546466,On,0,0,Off,Off,0.0,23.888888888888914,0.0,0.0,0.0,0.0,0,0.0,1667.2815511111112,Off,0.0,0.0,30.95224328610743,51.666666666666686,46.10666666666668,0.0,51.19351583057237,0.0,0.0,0.0,30.95224328610743,50.04089182352158,51.19351583057237,49.464579819996175,12.43753247303448,23.471614766192396,0.0,0.6,-172.50760540551738,-548.9753764531921,-0.0,-30.098726659832437,345.9190226035406,0.0,1.0,0.018322420358978003,0.0,0.001004565133129335,0.3596448748514839,65.99961422222222,60.64747510396669,0.1970640158559966,11.54265415865893,0.003470208976446136,-20.18901846159181,1.203677740863177
2025-01-01 19:09:00,0.28497114223356174,0.08801996684256527,0.0,0.0047495190372260285,0.0014669994473760879,0.0,0.09611567744557019,0.0,0.18885546478799156,0.0,0.0,0.0,0.08801996684256527,0.0,1,0,0,Off,0,0,Off,0,0,Off,0.04519232932946749,0.033894246997100606,On,0.0,0,Off,0.005275623172514621,0.0,On,0.09084005427305557,0,On,0.0714955089979045,0,On,0.07216762646061957,0.05412571984546466,On,0,0,Off,Off,0.0,23.888888888888914,0.0,0.0,0.0,0.0,0,0.0,1667.2815511111112,Off,0.0,0.0,30.961395052211635,51.666666666666686,46.10666666666668,0.0,51.18865780171537,0.0,0.0,0.0,30.961395052211635,50.03654793549119,51.18865780171537,49.46049300237911,12.43753247303448,23.459389789531805,0.0,0.6,-171.40381161966616,-548.4936587464017,-0.0,-29.561382343515685,345.9190226035406,0.0,1.0,0.018316132760223786,0.0,0.000987158547679601,0.359203963260992,65.99961422222222,60.73220686671061,0.1972013911249634,11.536927891961433,0.0034700676583873705,-20.090887557052024,1.2037274538091762
2025-01-01 19:10:00,0.28497114223356174,0.08801996684256527,0.0,0.0047495190372260285,0.0014669994473760879,0.0,0.09611567744557019,0.0,0.18885546478799156,0.0,0.0,0.0,0.08801996684256527,0.0,1,0,0,Off,0,0,Off,0,0,Off,0.04519232932946749,0.033894246997100606,On,0.0,0,Off,0.005275623172514621,0.0,On,0.09084005427305557,0,On,0.0714955089979045,0,On,0.07216762646061957,0.05412571984546466,On,0,0,Off,Off,0.0,23.888888888888914,0.0,0.0,0.0,0.0,0,0.0,1667.2815511111112,Off,0.0,0.0,30.970363243734134,51.666666666666686,46.10666666666668,0.0,51.183798527499086,0.0,0.0,0.0,30.970363243734134,50.03220276308711,51.183798527499086,49.45640488088114,12.43753247303448,23.447321311185142,0.0,0.6,-170.36217593314154,-548.0182715379914,-0.0,-29.031162363973042,345.9190226035406,0.0,1.0,0.018309924524339275,0.0,0.0009699647244358988,0.3587684876597985,65.99961422222222,60.76823536528235,0.19733705159727774,11.53202325580471,0.003469927033028242,-19.99392284561794,1.2037765351830931
2025-01-01 19:11:00,0.28497114223356174,0.08801996684256527,0.0,0.0047495190372260285,0.0014669994473760879,0.0,0.09611567744557019,0.0,0.18885546478799156,0.0,0.0,0.0,0.08801996684256527,0.0,1,0,0,Off,0,0,Off,0,0,Off,0.04519232932946749,0.033894246997100606,On,0.0,0,Off,0.005275623172514621,0.0,On,0.09084005427305557,0,On,0.0714955089979045,0,On,0.07216762646061957,0.05412571984546466,On,0,0,Off,Off,0.0,23.888888888888914,0.0,0.0,0.0,0.0,0,0.0,1667.2815511111112,Off,0.0,0.0,30.979157518186177,51.666666666666686,46.10666666666668,0.0,51.17893803519978,0.0,0.0,0.0,30.979157518186177,50.027856332072496,51.17893803519978,49.45231548050886,12.43753247303448,23.435401056407837,0.0,0.6,-169.31040069405674,-547.5488827439963,-0.0,-28.507694019225386,345.9190226035406,0.0,1.0,0.018303791436344186,0.0,0.0009529722406592553,0.3583381570544845,65.99961422222222,60.827153465624455,0.19747109120502687,11.526452806492095,0.003469787092075731,-19.8980642774635,1.2038250184229105
2025-01-01 19:12:00,0.28497114223356174,0.08801996684256527,0.0,0.0047495190372260285,0.0014669994473760879,0.0,0.09611567744557019,0.0,0.18885546478799156,0.0,0.0,0.0,0.08801996684256527,0.0,1,0,0,Off,0,0,Off,0,0,Off,0.04519232932946749,0.033894246997100606,On,0.0,0,Off,0.005275623172514621,0.0,On,0.09084005427305557,0,On,0.0714955089979045,0,On,0.07216762646061957,0.05412571984546466,On,0,0,Off,Off,0.0,23.888888888888914,0.0,0.0,0.0,0.0,0,0.0,1667.2815511111112,Off,0.0,0.0,30.98778403387117,51.666666666666686,46.10666666666668,0.0,51.17407635065796,0.0,0.0,0.0,30.98778403387117,50.02350866685513,51.17407635065796,49.44822482495372,12.43753247303448,23.423623756611985,0.0,0.6,-168.30736762724098,-547.0852791107138,-0.0,-27.990737300379507,345.9190226035406,0.0,1.0,0.01829773082485704,0.0,0.0009361739316842092,0.35791278841164975,65.99961422222222,60.84962618031174,0.19760356841193388,11.52169639720359,0.0034696478276630602,-19.80327374620094,1.203872924776147
2025-01-01 19:13:00,0.28497114223356174,0.08801996684256527,0.0,0.0047495190372260285,0.0014669994473760879,0.0,0.09611567744557019,0.0,0.18885546478799156,0.0,0.0,0.0,0.08801996684256527,0.0,1,0,0,Off,0,0,Off,0,0,Off,0.04519232932946749,0.033894246997100606,On,0.0,0,Off,0.005275623172514621,0.0,On,0.09084005427305557,0,On,0.0714955089979045,0,On,0.07216762646061957,0.05412571984546466,On,0,0,Off,Off,0.0,23.888888888888914,0.0,0.0,0.0,0.0,0,0.0,1667.2815511111112,Off,0.0,0.0,30.996251076274426,51.666666666666686,46.10666666666668,0.0,51.16921349879852,0.0,0.0,0.0,30.996251076274426,50.01915979097856,51.16921349879852,49.44413293706859,12.43753247303448,23.41198231401289,0.0,0.6,-167.3021980197098,-546.627175761073,-0.0,-27.479972476440444,345.9190226035406,0.0,1.0,0.018291739074598246,0.0,0.0009195600010488644,0.35749213215982895,65.99961422222222,60.88592761426308,0.19773456375426282,11.516268579089992,0.0034695092321945496,-19.709499699968088,1.203920282924402
2025-01-01 19:14:00,0.28497114223356174,0.08801996684256527,0.0,0.0047495190372260285,0.0014669994473760879,0.0,0.09611567744557019,0.0,0.18885546478799156,0.0,0.0,0.0,0.08801996684256527,0.0,1,0,0,Off,0,0,Off,0,0,Off,0.04519232932946749,0.033894246997100606,On,0.0,0,Off,0.005275623172514621,0.0,On,0.09084005427305557,0,On,0.0714955089979045,0,On,0.07216762646061957,0.05412571984546466,On,0,0,Off,Off,0.0,23.888888888888914,0.0,0.0,0.0,0.0,0,0.0,1667.2815511111112,Off,0.0,0.0,31.004564399270837,51.666666666666686,46.10666666666668,0.0,51.16434950331452,0.0,0.0,0.0,31.004564399270837,50.01480972682353,51.16434950331452,49.44003983857804,12.43753247303448,23.400471805659826,0.0,0.6,-166.33399267470895,-546.1743737896076,-0.0,-26.975175818278643,345.9190226035406,0.0,1.0,0.01828581368700554,0.0,0.0009031237327463316,0.3570760168303483,65.99961422222222,60.89653432963655,0.19786413211254594,11.511648001160076,0.00346937129844045,-19.616706466058087,1.2039671127299882
2025-01-01 19:15:00,0.28497114223356174,0.08801996684256527,0.0,0.0047495190372260285,0.0014669994473760879,0.0,0.09611567744557019,0.0,0.18885546478799156,0.0,0.0,0.0,0.08801996684256527,0.0,1,0,0,Off,0,0,Off,0,0,Off,0.04519232932946749,0.033894246997100606,On,0.0,0,Off,0.005275623172514621,0.0,On,0.09084005427305557,0,On,0.0714955089979045,0,On,0.07216762646061957,0.05412571984546466,On,0,0,Off,Off,0.0,23.888888888888914,0.0,0.0,0.0,0.0,0,0.0,1667.2815511111112,Off,0.0,0.0,31.01273109195355,51.666666666666686,46.10666666666668,0.0,51.15948438704355,0.0,0.0,0.0,31.01273109195355,50.01045849596326,51.15948438704355,49.43594555042312,12.43753247303448,23.389086160070256,0.0,0.6,-165.37069658292694,-545.7266294423722,-0.0,-26.47607372413242,345.9190226035406,0.0,1.0,0.018279951570012776,0.0,0.000886856750853013,0.35666422902191275,65.99961422222222,60.912983980037126,0.19799234231446555,11.506351099397198,0.0034692340194246753,-19.52484991214993,1.2040134387259525
2025-01-01 19:16:00,0.28497114223356174,0.08801996684256527,0.0,0.0047495190372260285,0.0014669994473760879,0.0,0.09611567744557019,0.0,0.18885546478799156,0.0,0.0,0.0,0.08801996684256527,0.0,1,0,0,Off,0,0,Off,0,0,Off,0.04519232932946749,0.033894246997100606,On,0.0,0,Off,0.005275623172514621,0.0,On,0.09084005427305557,0,On,0.0714955089979045,0,On,0.07216762646061957,0.05412571984546466,On,0,0,Off,Off,0.0,23.888888888888914,0.0,0.0,0.0,0.0,0,0.0,1667.2815511111112,Off,0.0,0.0,31.020756560406493,51.666666666666686,46.10666666666668,0.0,51.15461817176924,0.0,0.0,0.0,31.020756560406493,50.00610611897609,51.15461817176924,49.43185009257952,12.43753247303448,23.37782075136421,-0.011068137524702593,0.6,-164.4340010843781,-545.2837561483941,-0.0,-25.98245646088772,345.9190226035406,0.0,1.0,0.018274150373574233,0.0,0.0008707527247738021,0.3562566072014168,65.99961422222222,60.91318892136316,0.1981192461634784,11.501855326071993,0.0034690973884844273,-19.433896458755225,1.204059279584082
2025-01-01 19:17:00,0.28497114223356174,0.08801996684256527,0.0,0.0047495190372260285,0.0014669994473760879,0.0,0.09611567744557019,0.0,0.18885546478799156,0.0,0.0,0.0,0.08801996684256527,0.0,1,0,0,Off,0,0,Off,0,0,Off,0.04519232932946749,0.033894246997100606,On,0.0,0,Off,0.005275623172514621,0.0,On,0.09084005427305557,0,On,0.0714955089979045,0,On,0.07216762646061957,0.05412571984546466,On,0,0,Off,Off,0.0,23.888888888888914,0.0,0.0,0.0,0.0,0,0.0,1667.2815511111112,Off,0.0,0.0,31.02864684768342,51.666666666666686,46.10666666666668,0.0,51.14975087847146,0.0,0.0,0.0,31.02864684768342,50.00175261568167,51.14975087847146,49.427753484286775,12.43753247303448,23.366670405415295,-0.02221848347361899,0.6,-163.50842846345836,-544.8455460753095,-0.0,-25.49409070838012,345.9190226035406,0.0,1.0,0.018268407463336137,0.0,0.0008548045227180126,0.3558529696362357,65.99961422222222,60.91218571669063,0.1982449022264351,11.496678905806,0.0034689613991955733,-19.343808468835885,1.2041046562092397
2025-01-01 19:18:00,0.28497114223356174,0.08801996684256527,0.0,0.0047495190372260285,0.0014669994473760879,0.0,0.09611567744557019,0.0,0.18885546478799156,0.0,0.0,0.0,0.08801996684256527,0.0,1,0,0,Off,0,0,Off,0,0,Off,0.04519232932946749,0.033894246997100606,On,0.0,0,Off,0.005275623172514621,0.0,On,0.09084005427305557,0,On,0.0714955089979045,0,On,0.07216762646061957,0.05412571984546466,On,0,0,Off,Off,0.0,23.888888888888914,0.0,0.0,0.0,0.0,0,0.0,1667.2815511111112,Off,0.0,0.0,31.036407059804006,51.666666666666686,46.10666666666668,0.0,51.14488252723159,0.0,0.0,0.0,31.036407059804006,49.99739800505152,51.14488252723159,49.4236557439615,12.43753247303448,23.355630752612598,-0.03325813627631646,0.6,-162.6003182363296,-544.4118232958367,-0.0,-25.010778812332777,345.9190226035406,0.0,1.0,0.018262720617345775,0.0,0.0008390061463151874,0.3554531633590535,65.99961422222222,60.90326126829931,0.19836935965547928,11.491559345649492,0.003468826045401196,-19.254554169669884,1.2041495862462714
2025-01-01 19:19:00,0.28497114223356174,0.08801996684256527,0.0,0.0047495190372260285,0.0014669994473760879,0.0,0.09611567744557019,0.0,0.18885546478799156,0.0,0.0,0.0,0.08801996684256527,0.0,1,0,0,Off,0,0,Off,0,0,Off,0.04519232932946749,0.033894246997100606,On,0.0,0,Off,0.005275623172514621,0.0,On,0.09084005427305557,0,On,0.0714955089979045,0,On,0.07216762646061957,0.05412571984546466,On,0,0,Off,Off,0.0,23.888888888888914,0.0,0.0,0.0,0.0,0,0.0,1667.2815511111112,Off,0.0,0.0,31.044042322837253,51.666666666666686,46.10666666666668,0.0,51.14001313737187,0.0,0.0,0.0,31.044042322837253,49.99304230534062,51.14001313737187,49.41955688932501,12.43753247303448,23.34469740543468,-0.044191483454234515,0.6,-161.70882020667864,-543.982411436089,-0.0,-24.53232271832653,345.9190226035406,0.0,1.0,0.01825708760267308,0.0,0.0008233515561341926,0.35505703443420805,65.99961422222222,60.88689134419633,0.19849266800309645,11.487232846026124,0.0034686913211700978,-19.1661016246405,1.2041940874189088
2025-01-01 19:20:00,0.28497114223356174,0.08801996684256527,0.0,0.0047495190372260285,0.0014669994473760879,0.0,0.09611567744557019,0.0,0.18885546478799156,0.0,0.0,0.0,0.08801996684256527,0.0,1,0,0,Off,0,0,Off,0,0,Off,0.04519232932946749,0.033894246997100606,On,0.0,0,Off,0.005275623172514621,0.0,On,0.09084005427305557,0,On,0.0714955089979045,0,On,0.07216762646061957,0.05412571984546466,On,0,0,Off,Off,0.0,23.888888888888914,0.0,0.0,0.0,0.0,0,0.0,1667.2815511111112,Off,0.0,0.0,31.051557483005954,51.666666666666686,46.10666666666668,0.0,51.13514272745242,0.0,0.0,0.0,31.051557483005954,49.988685534084524,51.13514272745242,49.415456937400585,12.43753247303448,23.333866216110845,-0.05502267277806894,0.6,-160.8267110214715,-543.5571437865333,-0.0,-24.058535234319294,345.9190226035406,0.0,1.0,0.018251506308219832,0.0,0.0008078350411086744,0.35466443730348995,65.99961422222222,60.869945395840475,0.19861487412980455,11.482220099767307,0.00346855722079787,-19.078420625740247,1.2042381764831098
2025-01-01 19:21:00,0.28497114223356174,0.08801996684256527,0.0,0.0047495190372260285,0.0014669994473760879,0.0,0.09611567744557019,0.0,0.18885546478799156,0.0,0.0,0.0,0.08801996684256527,0.0,1,0,0,Off,0,0,Off,0,0,Off,0.04519232932946749,0.033894246997100606,On,0.0,0,Off,0.005275623172514621,0.0,On,0.09084005427305557,0,On,0.0714955089979045,0,On,0.07216762646061957,0.05412571984546466,On,0,0,Off,Off,0.0,23.888888888888914,0.0,0.0,0.0,0.0,0,0.0,1667.2815511111112,Off,0.0,0.0,31.05895686059358,51.666666666666686,46.10666666666668,0.0,51.130271315312804,0.0,0.0,0.0,31.05895686059358,49.98432770813866,51.130271315312804,49.41135590455159,12.43753247303448,23.323133488316177,-0.06575540057273699,0.6,-159.96607113980872,-543.1358715906007,-0.0,-23.589249256084052,345.9190226035406,0.0,1.0,0.01824597485396435,0.0,0.0007924515232071359,0.3542752424884472,65.99961422222222,60.840027103335395,0.19873601964996832,11.477257978826266,0.0034684237387946123,-18.991484251195427,1.2042818683666843
2025-01-01 19:22:00,0.28497114223356174,0.08801996684256527,0.0,0.0047495190372260285,0.0014669994473760879,0.0,0.09611567744557019,0.0,0.18885546478799156,0.0,0.0,0.0,0.08801996684256527,0.0,1,0,0,Off,0,0,Off,0,0,Off,0.04519232932946749,0.033894246997100606,On,0.0,0,Off,0.005275623172514621,0.0,On,0.09084005427305557,0,On,0.0714955089979045,0,On,0.07216762646061957,0.05412571984546466,On,0,0,Off,Off,0.0,23.888888888888914,0.0,0.0,0.0,0.0,0,0.0,1667.2815511111112,Off,0.0,0.0,31.066245076049082,51.666666666666686,46.10666666666668,0.0,51.12539891815025,0.0,0.0,0.0,31.066245076049082,49.97996884375213,51.12539891815025,49.407253806553086,12.43753247303448,23.312495266984627,-0.07639362190428756,0.6,-159.10767399066742,-542.7184361503174,-0.0,-23.1242866865205,345.9190226035406,0.0,1.0,0.018240491225071383,0.0,0.0007771955406259428,0.35388931086056147,65.99961422222222,60.81602624262989,0.19885614943713847,11.473081963172438,0.0034682908698616586,-18.905263652611037,1.204325179053545
2025-01-01 19:23:00,0.28497114223356174,0.08801996684256527,0.0,0.0047495190372260285,0.0014669994473760879,0.0,0.09611567744557019,0.0,0.18885546478799156,0.0,0.0,0.0,0.08801996684256527,0.0,1,0,0,Off,0,0,Off,0,0,Off,0.04519232932946749,0.033894246997100606,On,0.0,0,Off,0.005275623172514621,0.0,On,0.09084005427305557,0,On,0.0714955089979045,0,On,0.07216762646061957,0.05412571984546466,On,0,0,Off,Off,0.0,23.888888888888914,0.0,0.0,0.0,0.0,0,0.0,1667.2815511111112,Off,0.0,0.0,31.073425739914615,51.666666666666686,46.10666666666668,0.0,51.12052555247503,0.0,0.0,0.0,31.073425739914615,49.97560895652564,51.12052555247503,49.40315065855095,12.43753247303448,23.301948464554027,-0.08694042433488747,0.6,-158.27505002513442,-542.3047130106442,-0.0,-22.663507647386655,345.9190226035406,0.0,1.0,0.018235053852489767,0.0,0.0007620628634077496,0.35350653450938335,65.99961422222222,60.77414802935574,0.19897529809944645,11.468215175270226,0.003468158608905105,-18.819736330027734,1.2043681210084836
2025-01-01 19:24:00,0.28497114223356174,0.08801996684256527,0.0,0.0047495190372260285,0.0014669994473760879,0.0,0.09611567744557019,0.0,0.18885546478799156,0.0,0.0,0.0,0.08801996684256527,0.0,1,0,0,Off,0,0,Off,0,0,Off,0.04519232932946749,0.033894246997100606,On,0.0,0,Off,0.005275623172514621,0.0,On,0.09084005427305557,0,On,0.0714955089979045,0,On,0.07216762646061957,0.05412571984546466,On,0,0,Off,Off,0.0,23.888888888888914,0.0,0.0,0.0,0.0,0,0.0,1667.2815511111112,Off,0.0,0.0,31.080503275943475,51.666666666666686,46.10666666666668,0.0,51.11565123426056,0.0,0.0,0.0,31.080503275943475,49.971248061553126,51.11565123426056,49.39904647519941,12.43753247303448,23.29148929393509,-0.09739959495382422,0.6,-157.43833264963206,-541.8945504617956,-0.0,-22.206741976579124,345.9190226035406,0.0,1.0,0.018229660805260964,0.0,0.0007470482467077853,0.35312677990447255,65.99961422222222,60.74393718520204,0.19909350878223364,11.463393491017921,0.0034680269509909413,-18.734874620382424,1.204410709542541
2025-01-01 19:25:00,0.28497114223356174,0.08801996684256527,0.0,0.0047495190372260285,0.0014669994473760879,0.0,0.09611567744557019,0.0,0.18885546478799156,0.0,0.0,0.0,0.08801996684256527,0.0,1,0,0,Off,0,0,Off,0,0,Off,0.04519232932946749,0.033894246997100606,On,0.0,0,Off,0.005275623172514621,0.0,On,0.09084005427305557,0,On,0.0714955089979045,0,On,0.07216762646061957,0.05412571984546466,On,0,0,Off,Off,0.0,23.888888888888914,0.0,0.0,0.0,0.0,0,0.0,1667.2815511111112,Off,0.0,0.0,31.08748066812077,51.666666666666686,46.10666666666668,0.0,51.11077597882256,0.0,0.0,0.0,31.08748066812077,49.96688617330773,51.11077597882256,49.39494127055031,12.43753247303448,23.281115204905007,-0.10777368398390763,0.6,-156.63120705036874,-541.4878454798327,-0.0,-21.753873798756906,345.9190226035406,0.0,1.0,0.01822431078895122,0.0,0.0007321482103090608,0.3527499581970704,65.99961422222222,60.69148962468025,0.19921080989647058,11.459352190647678,0.0034678958913814213,-18.650659931146972,1.2044529549459881
2025-01-01 19:26:00,0.28497114223356174,0.08801996684256527,0.0,0.0047495190372260285,0.0014669994473760879,0.0,0.09611567744557019,0.0,0.18885546478799156,0.0,0.0,0.0,0.08801996684256527,0.0,1,0,0,Off,0,0,Off,0,0,Off,0.04519232932946749,0.033894246997100606,On,0.0,0,Off,0.005275623172514621,0.0,On,0.09084005427305557,0,On,0.0714955089979045,0,On,0.07216762646061957,0.05412571984546466,On,0,0,Off,Off,0.0,23.888888888888914,0.0,0.0,0.0,0.0,0,0.0,1667.2815511111112,Off,0.0,0.0,31.09436216809323,51.666666666666686,46.10666666666668,0.0,51.10589980103304,0.0,0.0,0.0,31.09436216809323,49.96252330584379,51.10589980103304,49.390835058249166,12.43753247303448,23.27082255730625,-0.11806633158266422,0.6,-155.81436101699921,-541.0844524724151,-0.0,-21.304739899930063,345.9190226035406,0.0,1.0,0.018219001945935932,0.0,0.0007173576988229446,0.35237594074684747,65.99961422222222,60.65580875180548,0.1993272430795682,11.454615953713368,0.0034677654254710016,-18.567065636105408,1.2044948719414057
2025-01-01 19:27:00,0.28497114223356174,0.08801996684256527,0.0,0.0047495190372260285,0.0014669994473760879,0.0,0.09611567744557019,0.0,0.18885546478799156,0.0,0.0,0.0,0.08801996684256527,0.0,1,0,0,Off,0,0,Off,0,0,Off,0.04519232932946749,0.033894246997100606,On,0.0,0,Off,0.005275623172514621,0.0,On,0.09084005427305557,0,On,0.0714955089979045,0,On,0.07216762646061957,0.05412571984546466,On,0,0,Off,Off,0.0,23.888888888888914,0.0,0.0,0.0,0.0,0,0.0,1667.2815511111112,Off,0.0,0.0,31.10115020563848,51.666666666666686,46.10666666666668,0.0,51.10102271513191,0.0,0.0,0.0,31.10115020563848,49.95815947261898,51.10102271513191,49.38672785136252,12.43753247303448,23.260609276205113,-0.1282796126838015,0.6,-155.03049866423737,-540.6842873550357,-0.0,-20.859245610619226,345.9190226035406,0.0,1.0,0.018213733224802544,0.0,0.000702673896223246,0.352004655586837,65.99961422222222,60.59401169787692,0.1994428312496279,11.449920605469925,0.003467635548842969,-18.484076602815147,1.2045364688952325
2025-01-01 19:28:00,0.28497114223356174,0.08801996684256527,0.0,0.0047495190372260285,0.0014669994473760879,0.0,0.09611567744557019,0.0,0.18885546478799156,0.0,0.0,0.0,0.08801996684256527,0.0,1,0,0,Off,0,0,Off,0,0,Off,0.04519232932946749,0.033894246997100606,On,0.0,0,Off,0.005275623172514621,0.0,On,0.09084005427305557,0,On,0.0714955089979045,0,On,0.07216762646061957,0.05412571984546466,On,0,0,Off,Off,0.0,23.888888888888914,0.0,0.0,0.0,0.0,0,0.0,1667.2815511111112,Off,0.0,0.0,31.10784888117291,51.666666666666686,46.10666666666668,0.0,51.09614473499776,0.0,0.0,0.0,31.10784888117291,49.95379468674998,51.09614473499776,49.38261966262609,12.43753247303448,23.250471850417885,-0.13841703847102949,0.6,-154.23191114641185,-540.2872099098898,-0.0,-20.417233822983317,345.9190226035406,0.0,1.0,0.01820850283226344,0.0,0.0006880919131044777,0.35163597836260585,65.99961422222222,60.55350998292077,0.19955761472413336,11.446000041419142,0.0034675062571882997,-18.40166711507825,1.20457776001362
2025-01-01 19:29:00,0.28497114223356174,0.08801996684256527,0.0,0.0047495190372260285,0.0014669994473760879,0.0,0.09611567744557019,0.0,0.18885546478799156,0.0,0.0,0.0,0.08801996684256527,0.0,1,0,0,Off,0,0,Off,0,0,Off,0.04519232932946749,0.033894246997100606,On,0.0,0,Off,0.005275623172514621,0.0,On,0.09084005427305557,0,On,0.0714955089979045,0,On,0.07216762646061957,0.05412571984546466,On,0,0,Off,Off,0.0,23.888888888888914,0.0,0.0,0.0,0.0,0,0.0,1667.2815511111112,Off,0.0,0.0,31.11446013338479,51.666666666666686,46.10666666666668,0.0,51.091265873899545,0.0,0.0,0.0,31.11446013338479,49.94942896077798,51.091265873899545,49.3785105042172,12.43753247303448,23.24040862625333,-0.14848026263558367,0.6,-153.46078233886146,-539.8931528233443,-0.0,-19.97862863970571,345.9190226035406,0.0,1.0,0.018203309932394933,0.0,0.0006736095230157176,0.3512698520881675,65.99961422222222,60.49197652064789,0.19967161154289367,11.441381749235273,0.003467377546380272,-18.31982511050479,1.2046187519575715
2025-01-01 19:30:00,0.28497114223356174,0.08801996684256527,0.0,0.0047495190372260285,0.0014669994473760879,0.0,0.09611567744557019,0.0,0.18885546478799156,0.0,0.0,0.0,0.08801996684256527,0.0,1,0,0,Off,0,0,Off,0,0,Off,0.04519232932946749,0.033894246997100606,On,0.0,0,Off,0.005275623172514621,0.0,On,0.09084005427305557,0,On,0.0714955089979045,0,On,0.07216762646061957,0.05412571984546466,On,0,0,Off,Off,0.0,23.888888888888914,0.0,0.0,0.0,0.0,0,0.0,1667.2815511111112,Off,0.0,0.0,31.12098757433514,51.666666666666686,46.10666666666668,0.0,51.08638614481792,0.0,0.0,0.0,31.12098757433514,49.945062306972126,51.08638614481792,49.37440038804923,12.43753247303448,23.23041651142897,-0.15847237745994391,-1.1,-221.99211557119895,-609.1169822762419,-0.0,-19.705592369531274,345.9190226035406,0.0,1.0,0.01899363983345219,0.0,0.000614464766313082,0.3648760603528796,65.99961422222222,60.91143647103357,0.19978485717882324,11.436800133600126,0.0034672494123781077,-18.290941212614694,1.2046594572375595
2025-01-01 19:31:00,0.28497114223356174,0.08801996684256527,0.0,0.0047495190372260285,0.0014669994473760879,0.0,0.09611567744557019,0.0,0.18885546478799156,0.0,0.0,0.0,0.08801996684256527,0.0,1,0,0,Off,0,0,Off,0,0,Off,0.04519232932946749,0.033894246997100606,On,0.0,0,Off,0.005275623172514621,0.0,On,0.09084005427305557,0,On,0.0714955089979045,0,On,0.07216762646061957,0.05412571984546466,On,0,0,Off,Off,0.0,23.888888888888914,0.0,0.0,0.0,0.0,0,0.0,1667.2815511111112,Off,0.0,0.0,31.13080447966754,51.666666666666686,46.10666666666668,0.0,51.08150556019652,0.0,0.0,0.0,31.13080447966754,49.94069473709462,51.08150556019652,49.37028932554367,12.43753247303448,23.217596201884596,-0.17129268700431766,-1.1,-218.02496587493408,-608.5883265749147,-0.0,-19.142666800995947,345.9190226035406,0.0,1.0,0.018987159970668285,0.0,0.0005972261723475071,0.36443469708840054,65.99961422222222,63.78700489743602,0.19993235495705913,11.431509430076716,0.0034671214847208417,-18.196959609422176,1.2047116613985889
2025-01-01 19:32:00,0.28497114223356174,0.08801996684256527,0.0,0.0047495190372260285,0.0014669994473760879,0.0,0.09611567744557019,0.0,0.18885546478799156,0.0,0.0,0.0,0.08801996684256527,0.0,1,0,0,Off,0,0,Off,0,0,Off,0.04519232932946749,0.033894246997100606,On,0.0,0,Off,0.005275623172514621,0.0,On,0.09084005427305557,0,On,0.0714955089979045,0,On,0.07216762646061957,0.05412571984546466,On,0,0,Off,Off,0.0,23.888888888888914,0.0,0.0,0.0,0.0,0,0.0,1667.2815511111112,Off,0.0,0.0,31.14032788418618,51.666666666666686,46.10666666666668,0.0,51.076623631103516,0.0,0.0,0.0,31.14032788418618,49.93632578949669,51.076623631103516,49.36617686869329,12.43753247303448,23.205026778266692,-0.18386211062222202,-1.1,-216.30202254854748,-608.0701920514452,-0.0,-18.59102757510275,345.9190226035406,0.0,1.0,0.018980805762737862,0.0,0.0005803157068795676,0.36400177802007344,65.99961422222222,64.44017447445984,0.2000769808723555,11.425612057278482,0.00346699421989014,-18.104682777413952,1.2047628496757177
2025-01-01 19:33:00,0.28497114223356174,0.08801996684256527,0.0,0.0047495190372260285,0.0014669994473760879,0.0,0.09611567744557019,0.0,0.18885546478799156,0.0,0.0,0.0,0.08801996684256527,0.0,1,0,0,Off,0,0,Off,0,0,Off,0.04519232932946749,0.033894246997100606,On,0.0,0,Off,0.005275623172514621,0.0,On,0.09084005427305557,0,On,0.0714955089979045,0,On,0.07216762646061957,0.05412571984546466,On,0,0,Off,Off,0.0,23.888888888888914,0.0,0.0,0.0,0.0,0,0.0,1667.2815511111112,Off,0.0,0.0,31.149662529323898,51.666666666666686,46.10666666666668,0.0,51.07174040115498,0.0,0.0,0.0,31.149662529323898,49.931955505368734,51.07174040115498,49.36206305747561,12.43753247303448,23.192618257084668,-0.19627063180424642,-1.1,-215.02071055357368,-607.5588608843486,-0.0,-18.046712468408767,345.9190226035406,0.0,1.0,0.018974531775820428,0.0,0.0005636127480430237,0.36357421311174704,65.99961422222222,64.6658401956432,0.20021981592657404,11.420531171576858,0.0034668676057995848,-18.013507876789884,1.2048133876560716
2025-01-01 19:34:00,0.28497114223356174,0.08801996684256527,0.0,0.0047495190372260285,0.0014669994473760879,0.0,0.09611567744557019,0.0,0.18885546478799156,0.0,0.0,0.0,0.08801996684256527,0.0,1,0,0,Off,0,0,Off,0,0,Off,0.04519232932946749,0.033894246997100606,On,0.0,0,Off,0.005275623172514621,0.0,On,0.09084005427305557,0,On,0.0714955089979045,0,On,0.07216762646061957,0.05412571984546466,On,0,0,Off,Off,0.0,23.888888888888914,0.0,0.0,0.0,0.0,0,0.0,1667.2815511111112,Off,0.0,0.0,31.158833658464257,51.666666666666686,46.10666666666668,0.0,51.06685589839855,0.0,0.0,0.0,31.158833658464257,49.92758391120153,51.06685589839855,49.35794791760302,12.43753247303448,23.18034896819295,-0.20853992069596572,-1.1,-214.0430409141092,-607.0534339628837,-0.0,-17.50876151702122,345.9190226035406,0.0,1.0,0.018968327092716866,0.0,0.000547088438780725,0.36315126222692024,65.99961422222222,64.60013196225518,0.20036111759296835,11.41478737110025,0.003466741634619919,-17.923289893342808,1.2048633632909647
2025-01-01 19:35:00,0.28497114223356174,0.08801996684256527,0.0,0.0047495190372260285,0.0014669994473760879,0.0,0.09611567744557019,0.0,0.18885546478799156,0.0,0.0,0.0,0.08801996684256527,0.0,1,0,0,Off,0,0,Off,0,0,Off,0.04519232932946749,0.033894246997100606,On,0.0,0,Off,0.005275623172514621,0.0,On,0.09084005427305557,0,On,0.0714955089979045,0,On,0.07216762646061957,0.05412571984546466,On,0,0,Off,Off,0.0,23.888888888888914,0.0,0.0,0.0,0.0,0,0.0,1667.2815511111112,Off,0.0,0.0,31.167859703127956,51.666666666666686,46.10666666666668,0.0,51.061970147129536,0.0,0.0,0.0,31.167859703127956,49.92321102994319,51.061970147129536,49.35383147135001,12.43753247303448,23.168203092854956,-0.22068579603395833,-1.1,-213.05832658527135,-606.5532543448236,-0.0,-16.976473038270797,345.9190226035406,0.0,1.0,0.018962183748001276,0.0,0.0005307217442801404,0.36273238571665906,65.99961422222222,64.55237819428233,0.20050107336018036,11.409840205172607,0.0034666162995471254,-17.833922956763157,1.2049128407684473
2025-01-01 19:36:00,0.28497114223356174,0.08801996684256527,0.0,0.0047495190372260285,0.0014669994473760879,0.0,0.09611567744557019,0.0,0.18885546478799156,0.0,0.0,0.0,0.08801996684256527,0.0,1,0,0,Off,0,0,Off,0,0,Off,0.04519232932946749,0.033894246997100606,On,0.0,0,Off,0.005275623172514621,0.0,On,0.09084005427305557,0,On,0.0714955089979045,0,On,0.07216762646061957,0.05412571984546466,On,0,0,Off,Off,0.0,23.888888888888914,0.0,0.0,0.0,0.0,0,0.0,1667.2815511111112,Off,0.0,0.0,31.176745307542948,51.666666666666686,46.10666666666668,0.0,51.05708316890345,0.0,0.0,0.0,31.176745307542948,49.91883688195509,51.05708316890345,49.349713738480915,12.43753247303448,23.156176659806768,-0.2327122290821464,-1.1,-212.04755990086397,-606.0581536425179,-0.0,-16.449665578781925,345.9190226035406,0.0,1.0,0.018956099764336203,0.0,0.0005145075599218564,0.36231745179685804,65.99961422222222,64.54123671689531,0.20063972768252436,11.404220751557588,0.0034664915945258746,-17.74538064622767,1.2049618361194148
2025-01-01 19:37:00,0.28497114223356174,0.08801996684256527,0.0,0.0047495190372260285,0.0014669994473760879,0.0,0.09611567744557019,0.0,0.18885546478799156,0.0,0.0,0.0,0.08801996684256527,0.0,1,0,0,Off,0,0,Off,0,0,Off,0.04519232932946749,0.033894246997100606,On,0.0,0,Off,0.005275623172514621,0.0,On,0.09084005427305557,0,On,0.0714955089979045,0,On,0.07216762646061957,0.05412571984546466,On,0,0,Off,Off,0.0,23.888888888888914,0.0,0.0,0.0,0.0,0,0.0,1667.2815511111112,Off,0.0,0.0,31.185494103836408,51.666666666666686,46.10666666666668,0.0,51.05219498458528,0.0,0.0,0.0,31.185494103836408,49.91446148694686,51.05219498458528,49.34559473812766,12.43753247303448,23.14426656687083,-0.24462232201808476,-1.1,-211.0500300639098,-605.5679994865254,-0.0,-15.928196121417264,345.9190226035406,0.0,1.0,0.01895007360249503,0.0,0.0004984419406437763,0.36190635841350943,65.99961422222222,64.52714294049231,0.20077711465306625,11.399393621579762,0.0034663675136887557,-17.657642351796067,1.2050103618465282
2025-01-01 19:38:00,0.28497114223356174,0.08801996684256527,0.0,0.0047495190372260285,0.0014669994473760879,0.0,0.09611567744557019,0.0,0.18885546478799156,0.0,0.0,0.0,0.08801996684256527,0.0,1,0,0,Off,0,0,Off,0,0,Off,0.04519232932946749,0.033894246997100606,On,0.0,0,Off,0.005275623172514621,0.0,On,0.09084005427305557,0,On,0.0714955089979045,0,On,0.07216762646061957,0.05412571984546466,On,0,0,Off,Off,0.0,23.888888888888914,0.0,0.0,0.0,0.0,0,0.0,1667.2815511111112,Off,0.0,0.0,31.1941111760042,51.666666666666686,46.10666666666668,0.0,51.04730561449987,0.0,0.0,0.0,31.1941111760042,49.910084864118375,51.04730561449987,49.341474488927624,12.43753247303448,23.132468463716233,-0.2564204251726814,-1.1,-210.0650153402005,-605.0826083715328,-0.0,-15.41186735367969,345.9190226035406,0.0,1.0,0.018944103090229904,0.0,0.00048251924600315897,0.3614989601846998,65.99961422222222,64.51043778147154,0.20091328368035002,11.39389111420408,0.0034662440513152093,-17.57067905794001,1.2050584355340772
2025-01-01 19:39:00,0.28497114223356174,0.08801996684256527,0.0,0.0047495190372260285,0.0014669994473760879,0.0,0.09611567744557019,0.0,0.18885546478799156,0.0,0.0,0.0,0.08801996684256527,0.0,1,0,0,Off,0,0,Off,0,0,Off,0.04519232932946749,0.033894246997100606,On,0.0,0,Off,0.005275623172514621,0.0,On,0.09084005427305557,0,On,0.0714955089979045,0,On,0.07216762646061957,0.05412571984546466,On,0,0,Off,Off,0.0,23.888888888888914,0.0,0.0,0.0,0.0,0,0.0,1667.2815511111112,Off,0.0,0.0,31.2026013367524,51.666666666666686,46.10666666666668,0.0,51.042415078216195,0.0,0.0,0.0,31.2026013367524,49.905707031955984,51.042415078216195,49.33735300882589,12.43753247303448,23.12077823226875,-0.26811065662016276,-1.1,-209.1018058521471,-604.6018066104784,-0.0,-14.900492529888908,345.9190226035406,0.0,1.0,0.01893818617112621,0.0,0.00046673413557018123,0.3610951194667602,65.99961422222222,64.4814706846796,0.20104828154752555,11.389175919429348,0.003466121201890752,-17.48446328341174,1.2051060738281556
2025-01-01 19:40:00,0.28497114223356174,0.08801996684256527,0.0,0.0047495190372260285,0.0014669994473760879,0.0,0.09611567744557019,0.0,0.18885546478799156,0.0,0.0,0.0,0.08801996684256527,0.0,1,0,0,Off,0,0,Off,0,0,Off,0.04519232932946749,0.033894246997100606,On,0.0,0,Off,0.005275623172514621,0.0,On,0.09084005427305557,0,On,0.0714955089979045,0,On,0.07216762646061957,0.05412571984546466,On,0,0,Off,Off,0.0,23.888888888888914,0.0,0.0,0.0,0.0,0,0.0,1667.2815511111112,Off,0.0,0.0,31.210969558810074,51.666666666666686,46.10666666666668,0.0,51.03752339458766,0.0,0.0,0.0,31.210969558810074,49.90132800827068,51.03752339458766,49.333230315112196,12.43753247303448,23.109191616414943,-0.279697272473971,-1.1,-208.14338025191972,-604.1254150919766,-0.0,-14.393879253441584,345.9190226035406,0.0,1.0,0.018932320717262533,0.0,0.00045108106956602475,0.36069469357582057,65.99961422222222,64.45689148995788,0.20118215690337324,11.383781771751577,0.0034659989600960713,-17.398966594495786,1.2051532939424978
2025-01-01 19:41:00,0.28497114223356174,0.08801996684256527,0.0,0.0047495190372260285,0.0014669994473760879,0.0,0.09611567744557019,0.0,0.18885546478799156,0.0,0.0,0.0,0.08801996684256527,0.0,1,0,0,Off,0,0,Off,0,0,Off,0.04519232932946749,0.033894246997100606,On,0.0,0,Off,0.005275623172514621,0.0,On,0.09084005427305557,0,On,0.0714955089979045,0,On,0.07216762646061957,0.05412571984546466,On,0,0,Off,Off,0.0,23.888888888888914,0.0,0.0,0.0,0.0,0,0.0,1667.2815511111112,Off,0.0,0.0,31.21921987883419,51.666666666666686,46.10666666666668,0.0,51.032630581728334,0.0,0.0,0.0,31.21921987883419,49.89694781017551,51.032630581728334,49.32910642439911,12.43753247303448,23.097705163820137,-0.29118372506877677,-1.1,-207.2114793990517,-603.6532879899097,-0.0,-13.8918706356615,345.9190226035406,0.0,1.0,0.018926505006073284,0.0,0.00043555558192199346,0.3602975673511069,65.99961422222222,64.41465662297887,0.201314948797609,11.37917032508068,0.0034658773208136673,-17.314165937518464,1.2052001098270533
2025-01-01 19:42:00,1.9522526933446729,0.08801996684256527,0.0,0.03253754488907788,0.0014669994473760879,0.0,0.09611567744557019,0.0,0.18885546478799156,1.6672815511111112,0.0,0.0,0.08801996684256527,0.0,1,0,0,Off,0,0,Off,0,0,Off,0.04519232932946749,0.033894246997100606,On,0.0,0,Off,0.005275623172514621,0.0,On,0.09084005427305557,0,On,0.0714955089979045,0,On,0.07216762646061957,0.05412571984546466,On,0,0,Off,On,1667.2815511111112,23.888888888888914,1.0,0.0,1.6672815511111112,0.0,1,1667.2815511111112,1667.2815511111112,Off,0.0,0.0,31.227357051610657,51.666666666666686,46.10666666666668,0.0,51.0277366571521,0.0,0.0,0.0,31.227357051610657,49.89256645421705,51.0277366571521,49.32498135274953,12.43753247303448,23.08631480420662,-0.30257408468229485,-1.1,1461.0043246548212,-603.1852542981918,-0.0,-13.394283116909486,345.9190226035406,0.0,1.0,0.018920737000700252,0.0,0.00042015236009512594,0.3599036040317952,65.99961422222222,64.3832883552708,0.20144670396423697,11.373876770980562,0.0034657562790898363,-17.230034082571958,1.205246537950958
2025-01-01 19:43:00,1.9522526933446729,0.08801996684256527,0.0,0.03253754488907788,0.0014669994473760879,0.0,0.09611567744557019,0.0,0.18885546478799156,1.6672815511111112,0.0,0.0,0.08801996684256527,0.0,1,0,0,Off,0,0,Off,0,0,Off,0.04519232932946749,0.033894246997100606,On,0.0,0,Off,0.005275623172514621,0.0,On,0.09084005427305557,0,On,0.0714955089979045,0,On,0.07216762646061957,0.05412571984546466,On,0,0,Off,On,1667.2815511111112,23.888888888888914,1.0,0.0,1.6672815511111112,0.0,1,1667.2815511111112,1667.2815511111112,Off,0.0,0.0,31.165345448517147,51.666666666666686,46.10666666666668,0.0,51.02284163766588,0.0,0.0,0.0,31.165345448517147,49.88818395627456,51.02284163766588,49.32085511557891,12.43753247303448,23.13521587463278,-0.2536730142561332,-1.1,1454.975403020173,-605.1956271450571,-0.0,-15.53208314467524,345.9190226035406,0.0,1.0,0.01894549352683617,0.0,0.0004862278699267521,0.3615938457004399,65.99961422222222,62.502539595253396,0.20084485478976527,11.394264147471555,0.003465635830164053,-17.551134439804553,1.2050477027189104
2025-01-01 19:44:00,1.9522526933446729,0.08801996684256527,0.0,0.03253754488907788,0.0014669994473760879,0.0,0.09611567744557019,0.0,0.18885546478799156,1.6672815511111112,0.0,0.0,0.08801996684256527,0.0,1,0,0,Off,0,0,Off,0,0,Off,0.04519232932946749,0.033894246997100606,On,0.0,0,Off,0.005275623172514621,0.0,On,0.09084005427305557,0,On,0.0714955089979045,0,On,0.07216762646061957,0.05412571984546466,On,0,0,Off,On,1667.2815511111112,23.888888888888914,1.0,0.0,1.6672815511111112,0.0,1,1667.2815511111112,1667.2815511111112,Off,0.0,0.0,31.105296497361064,51.666666666666686,46.10666666666668,0.0,51.017955949582586,0.0,0.0,0.0,31.105296497361064,49.88381016114104,51.017955949582586,49.31673726692027,12.43753247303448,23.182438775492376,-0.20645011339653863,-1.1,1448.0722737541146,-607.1395107614045,-0.0,-17.600371766256032,345.9190226035406,0.0,1.0,0.018969384002878894,0.0,0.0005499036131067132,0.363223315643718,65.99961422222222,59.61158256712341,0.20026520871825748,11.414506609730076,0.0034655131162973194,-17.860209260248592,1.204855757972345
2025-01-01 19:45:00,1.9522526933446729,0.08801996684256527,0.0,0.03253754488907788,0.0014669994473760879,0.0,0.09611567744557019,0.0,0.18885546478799156,1.6672815511111112,0.0,0.0,0.08801996684256527,0.0,1,0,0,Off,0,0,Off,0,0,Off,0.04519232932946749,0.033894246997100606,On,0.0,0,Off,0.005275623172514621,0.0,On,0.09084005427305557,0,On,0.0714955089979045,0,On,0.07216762646061957,0.05412571984546466,On,0,0,Off,On,1667.2815511111112,23.888888888888914,1.0,0.0,1.6672815511111112,0.0,1,1667.2815511111112,1667.2815511111112,Off,0.0,0.0,31.04715363996903,51.666666666666686,46.10666666666668,0.0,51.0130793010497,0.0,0.0,0.0,31.04715363996903,49.87944479337473,51.0130793010497,49.312627539537246,12.43753247303448,23.228031842475716,-0.16085704641319865,-1.1,1442.4576739448141,-609.0186348487591,-0.0,-19.6008631349008,345.9190226035406,0.0,1.0,0.01899243462260148,0.0,0.0006112589834440949,0.36479397868086,65.99961422222222,57.87659821382223,0.19970698315283505,11.43389887498345,0.0034653882215502593,-18.157647680653138,1.2046705006287917
2025-01-01 19:46:00,1.9522526933446729,0.08801996684256527,0.0,0.03253754488907788,0.0014669994473760879,0.0,0.09611567744557019,0.0,0.18885546478799156,1.6672815511111112,0.0,0.0,0.08801996684256527,0.0,1,0,0,Off,0,0,Off,0,0,Off,0.04519232932946749,0.033894246997100606,On,0.0,0,Off,0.005275623172514621,0.0,On,0.09084005427305557,0,On,0.0714955089979045,0,On,0.07216762646061957,0.05412571984546466,On,0,0,Off,On,1667.2815511111112,23.888888888888914,1.0,0.0,1.6672815511111112,0.0,1,1667.2815511111112,1667.2815511111112,Off,0.0,0.0,30.990774363775895,51.666666666666686,46.10666666666668,0.0,51.0082114086247,0.0,0.0,0.0,30.990774363775895,49.875087585471334,51.0082114086247,49.30852567389466,12.43753247303448,23.272117296452752,-0.11677159243616231,-1.1,1436.877590684205,-610.8377987372056,-0.0,-21.538551417266067,345.9190226035406,0.0,1.0,0.01901470876731474,0.0,0.0006704714137137813,0.36631031598414954,65.99961422222222,56.0533671240249,0.19916852171424665,11.45250419277533,0.0034652612273180766,-18.444327754500005,1.2044914278510375
2025-01-01 19:47:00,1.9522526933446729,0.08801996684256527,0.0,0.03253754488907788,0.0014669994473760879,0.0,0.09611567744557019,0.0,0.18885546478799156,1.6672815511111112,0.0,0.0,0.08801996684256527,0.0,1,0,0,Off,0,0,Off,0,0,Off,0.04519232932946749,0.033894246997100606,On,0.0,0,Off,0.005275623172514621,0.0,On,0.09084005427305557,0,On,0.0714955089979045,0,On,0.07216762646061957,0.05412571984546466,On,0,0,Off,On,1667.2815511111112,23.888888888888914,1.0,0.0,1.6672815511111112,0.0,1,1667.2815511111112,1667.2815511111112,Off,0.0,0.0,30.93607614874139,51.666666666666686,46.10666666666668,0.0,51.0033520100505,0.0,0.0,0.0,30.93607614874139,49.87073828992702,51.0033520100505,49.30443142986528,12.43753247303448,23.31476581517003,-0.0741230737188836,-1.1,1431.5477874829703,-612.5997031354681,-0.0,-23.416209264068367,345.9190226035406,0.0,1.0,0.019036243585279847,0.0,0.0007276475341290184,0.3677750030453988,65.99961422222222,54.3631261678547,0.1986488108496163,11.470359433273982,0.003465132208872641,-18.720776085934357,1.2043182469817921
2025-01-01 19:48:00,1.9522526933446729,0.08801996684256527,0.0,0.03253754488907788,0.0014669994473760879,0.0,0.09611567744557019,0.0,0.18885546478799156,1.6672815511111112,0.0,0.0,0.08801996684256527,0.0,1,0,0,Off,0,0,Off,0,0,Off,0.04519232932946749,0.033894246997100606,On,0.0,0,Off,0.005275623172514621,0.0,On,0.09084005427305557,0,On,0.0714955089979045,0,On,0.07216762646061957,0.05412571984546466,On,0,0,Off,On,1667.2815511111112,23.888888888888914,1.0,0.0,1.6672815511111112,0.0,1,1667.2815511111112,1667.2815511111112,Off,0.0,0.0,30.882972223634145,51.666666666666686,46.10666666666668,0.0,50.998500855338385,0.0,0.0,0.0,30.882972223634145,49.86639667081892,50.998500855338385,49.3003445785592,12.43753247303448,23.356051741744608,-0.0328371471443063,-1.1,1426.4424859406631,-614.3072209983948,-0.0,-25.236803111042803,345.9190226035406,0.0,1.0,0.01905707793443105,0.0,0.0007828977216341258,0.3691908168915398,65.99961422222222,52.785936335448994,0.19814680912545934,11.488242460872868,0.0034650012378346223,-18.987538723240274,1.2041506509914641
2025-01-01 19:49:00,1.9522526933446729,0.08801996684256527,0.0,0.03253754488907788,0.0014669994473760879,0.0,0.09611567744557019,0.0,0.18885546478799156,1.6672815511111112,0.0,0.0,0.08801996684256527,0.0,1,0,0,Off,0,0,Off,0,0,Off,0.04519232932946749,0.033894246997100606,On,0.0,0,Off,0.005275623172514621,0.0,On,0.09084005427305557,0,On,0.0714955089979045,0,On,0.07216762646061957,0.05412571984546466,On,0,0,Off,On,1667.2815511111112,23.888888888888914,1.0,0.0,1.6672815511111112,0.0,1,1667.2815511111112,1667.2815511111112,Off,0.0,0.0,30.831381761633406,51.666666666666686,46.10666666666668,0.0,50.99365770739974,0.0,0.0,0.0,30.831381761633406,49.86206250440182,50.99365770739974,49.29626490290286,12.43753247303448,23.396044322373708,0.0,-1.1,1421.544328267716,-615.9630342237982,-0.0,-27.00310532272609,345.9190226035406,0.0,1.0,0.019077247967341407,0.0,0.0008363244342723239,0.3705603368486534,65.99961422222222,51.30989409958873,0.19766155138193853,11.504712201994664,0.0034648683820296803,-19.245122984781016,1.2039883540456968
2025-01-01 19:50:00,1.9522526933446729,0.08801996684256527,0.0,0.03253754488907788,0.0014669994473760879,0.0,0.09611567744557019,0.0,0.18885546478799156,1.6672815511111112,0.0,0.0,0.08801996684256527,0.0,1,0,0,Off,0,0,Off,0,0,Off,0.04519232932946749,0.033894246997100606,On,0.0,0,Off,0.005275623172514621,0.0,On,0.09084005427305557,0,On,0.0714955089979045,0,On,0.07216762646061957,0.05412571984546466,On,0,0,Off,On,1667.2815511111112,23.888888888888914,1.0,0.0,1.6672815511111112,0.0,1,1667.2815511111112,1667.2815511111112,Off,0.0,0.0,30.781229134792618,51.666666666666686,46.10666666666668,0.0,50.988822341162354,0.0,0.0,0.0,30.781229134792618,49.85773557827383,50.988822341162354,49.29219219682958,12.43753247303448,23.434808346142297,0.0,-1.1,1416.8427581112765,-617.5696579776957,-0.0,-28.71771906739414,345.9190226035406,0.0,1.0,0.019096787468728633,0.0,0.0008880231898253144,0.37188596903337073,65.99961422222222,49.92956144171433,0.19719213938103705,11.521281884899658,0.0034647337057558693,-19.49400223718389,1.2038310888535022
2025-01-01 19:51:00,1.9522526933446729,0.08801996684256527,0.0,0.03253754488907788,0.0014669994473760879,0.0,0.09611567744557019,0.0,0.18885546478799156,1.6672815511111112,0.0,0.0,0.08801996684256527,0.0,1,0,0,Off,0,0,Off,0,0,Off,0.04519232932946749,0.033894246997100606,On,0.0,0,Off,0.005275623172514621,0.0,On,0.09084005427305557,0,On,0.0714955089979045,0,On,0.07216762646061957,0.05412571984546466,On,0,0,Off,On,1667.2815511111112,23.888888888888914,1.0,0.0,1.6672815511111112,0.0,1,1667.2815511111112,1667.2815511111112,Off,0.0,0.0,30.732443300274785,51.666666666666686,46.10666666666668,0.0,50.98399454279753,0.0,0.0,0.0,30.732443300274785,49.853415690646855,50.98399454279753,49.288126264571524,12.43753247303448,23.47240467194053,0.0,-1.1,1412.3266748074661,-619.1294606557615,-0.0,-30.38309869164987,345.9190226035406,0.0,1.0,0.01911572813389192,0.0,0.0009380833757121285,0.37316996660509205,65.99961422222222,48.638660440225706,0.19673773405023642,11.537243901802801,0.0034645972700179718,-19.73461984691721,1.2036786044815069
2025-01-01 19:52:00,1.9522526933446729,0.08801996684256527,0.0,0.03253754488907788,0.0014669994473760879,0.0,0.09611567744557019,0.0,0.18885546478799156,1.6672815511111112,0.0,0.0,0.08801996684256527,0.0,1,0,0,Off,0,0,Off,0,0,Off,0.04519232932946749,0.033894246997100606,On,0.0,0,Off,0.005275623172514621,0.0,On,0.09084005427305557,0,On,0.0714955089979045,0,On,0.07216762646061957,0.05412571984546466,On,0,0,Off,On,1667.2815511111112,23.888888888888914,1.0,0.0,1.6672815511111112,0.0,1,1667.2815511111112,1667.2815511111112,Off,0.0,0.0,30.6849575271894,51.666666666666686,46.10666666666668,0.0,50.97917410903848,0.0,0.0,0.0,30.6849575271894,49.84910264970303,50.97917410903848,49.28406692003531,12.43753247303448,23.50889046254843,0.0,-1.1,1407.985724066213,-620.644671942882,-0.0,-32.00155751077744,345.9190226035406,0.0,1.0,0.019134099697918894,0.0,0.0009865886546372425,0.37441443971880084,65.99961422222222,47.43137980522067,0.19629755140264998,11.551884005319163,0.0034644591327344983,-19.967391129065174,1.2035306653627955
2025-01-01 19:53:00,1.9522526933446729,0.08801996684256527,0.0,0.03253754488907788,0.0014669994473760879,0.0,0.09611567744557019,0.0,0.18885546478799156,1.6672815511111112,0.0,0.0,0.08801996684256527,0.0,1,0,0,Off,0,0,Off,0,0,Off,0.04519232932946749,0.033894246997100606,On,0.0,0,Off,0.005275623172514621,0.0,On,0.09084005427305557,0,On,0.0714955089979045,0,On,0.07216762646061957,0.05412571984546466,On,0,0,Off,On,1667.2815511111112,23.888888888888914,1.0,0.0,1.6672815511111112,0.0,1,1667.2815511111112,1667.2815511111112,Off,0.0,0.0,30.63870909181965,51.666666666666686,46.10666666666668,0.0,50.9743608465393,0.0,0.0,0.0,30.63870909181965,49.844796272989626,50.9743608465393,49.28001398621479,12.43753247303448,23.544319445882163,0.0,-1.1,1403.810280762229,-622.1173921749423,-0.0,-33.57527707796348,345.9190226035406,0.0,1.0,0.01915193007735565,0.0,0.0010336173960302575,0.3756213661897358,65.99961422222222,46.30237630048302,0.1958708582764873,11.567461748211773,0.003464319348931435,-20.192705433786497,1.203387050199868
2025-01-01 19:54:00,1.9522526933446729,0.08801996684256527,0.0,0.03253754488907788,0.0014669994473760879,0.0,0.09611567744557019,0.0,0.18885546478799156,1.6672815511111112,0.0,0.0,0.08801996684256527,0.0,1,0,0,Off,0,0,Off,0,0,Off,0.04519232932946749,0.033894246997100606,On,0.0,0,Off,0.005275623172514621,0.0,On,0.09084005427305557,0,On,0.0714955089979045,0,On,0.07216762646061957,0.05412571984546466,On,0,0,Off,On,1667.2815511111112,23.888888888888914,1.0,0.0,1.6672815511111112,0.0,1,1667.2815511111112,1667.2815511111112,Off,0.0,0.0,30.5936389959705,51.666666666666686,46.10666666666668,0.0,50.969554571279225,0.0,0.0,0.0,30.5936389959705,49.84049638685666,50.969554571279225,49.275967294645376,12.43753247303448,23.57874215674349,0.0,-1.1,1399.791327336277,-623.5496010531615,-0.0,-35.10631584320707,345.9190226035406,0.0,1.0,0.01916924550093648,0.0,0.0010792430720751565,0.3767926012955496,65.99961422222222,45.246670517993635,0.19545696843586258,11.581771652570222,0.0034641779709217086,-20.410928064401258,1.203247550950732
2025-01-01 19:55:00,1.9522526933446729,0.08801996684256527,0.0,0.03253754488907788,0.0014669994473760879,0.0,0.09611567744557019,0.0,0.18885546478799156,1.6672815511111112,0.0,0.0,0.08801996684256527,0.0,1,0,0,Off,0,0,Off,0,0,Off,0.04519232932946749,0.033894246997100606,On,0.0,0,Off,0.005275623172514621,0.0,On,0.09084005427305557,0,On,0.0714955089979045,0,On,0.07216762646061957,0.05412571984546466,On,0,0,Off,On,1667.2815511111112,23.888888888888914,1.0,0.0,1.6672815511111112,0.0,1,1667.2815511111112,1667.2815511111112,Off,0.0,0.0,30.54969171005766,51.666666666666686,46.10666666666668,0.0,50.964755108008816,0.0,0.0,0.0,30.54969171005766,49.83620282593405,50.964755108008816,49.27192668489667,12.43753247303448,23.612206156905145,0.0,-1.1,1395.9204245244985,-624.9431656017532,-0.0,-36.59661707541465,345.9190226035406,0.0,1.0,0.019186070628417713,0.0,0.0011235346166142525,0.37792988666625915,65.99961422222222,44.2596334870145,0.1950552390428011,11.595582280420693,0.0034640350484715083,-20.62240201749459,1.2031119719064496
2025-01-01 19:56:00,1.9522526933446729,0.08801996684256527,0.0,0.03253754488907788,0.0014669994473760879,0.0,0.09611567744557019,0.0,0.18885546478799156,1.6672815511111112,0.0,0.0,0.08801996684256527,0.0,1,0,0,Off,0,0,Off,0,0,Off,0.04519232932946749,0.033894246997100606,On,0.0,0,Off,0.005275623172514621,0.0,On,0.09084005427305557,0,On,0.0714955089979045,0,On,0.07216762646061957,0.05412571984546466,On,0,0,Off,On,1667.2815511111112,23.888888888888914,1.0,0.0,1.6672815511111112,0.0,1,1667.2815511111112,1667.2815511111112,Off,0.0,0.0,30.506814935925224,51.666666666666686,46.10666666666668,0.0,50.9599622897343,0.0,0.0,0.0,30.506814935925224,49.831915432644834,50.9599622897343,49.267892004100105,12.43753247303448,23.644756238504876,0.0,-1.1,1392.1896685428385,-626.2998475586453,-0.0,-38.04801624179148,345.9190226035406,0.0,1.0,0.01920242866013731,0.0,0.001166556754549319,0.37903485845261625,65.99961422222222,43.33695862862356,0.1946650674277442,11.60891686116333,0.0034638906289546734,-20.82744958211165,1.2029801288395425
2025-01-01 19:57:00,1.9522526933446729,0.08801996684256527,0.0,0.03253754488907788,0.0014669994473760879,0.0,0.09611567744557019,0.0,0.18885546478799156,1.6672815511111112,0.0,0.0,0.08801996684256527,0.0,1,0,0,Off,0,0,Off,0,0,Off,0.04519232932946749,0.033894246997100606,On,0.0,0,Off,0.005275623172514621,0.0,On,0.09084005427305557,0,On,0.0714955089979045,0,On,0.07216762646061957,0.05412571984546466,On,0,0,Off,On,1667.2815511111112,23.888888888888914,1.0,0.0,1.6672815511111112,0.0,1,1667.2815511111112,1667.2815511111112,Off,0.0,0.0,30.464959388244328,51.666666666666686,46.10666666666668,0.0,50.955175957237145,0.0,0.0,0.0,30.464959388244328,49.82763405675165,50.955175957237145,49.26386310650891,12.43753247303448,23.676434611619868,0.0,-1.1,1388.5916520951182,-627.6213102209482,-0.0,-39.462247860318094,345.9190226035406,0.0,1.0,0.019218341437841104,0.0,0.0012083703037701515,0.38010905482074214,65.99961422222222,42.47463646173267,0.1942858881363063,11.622546368780098,0.003463744757496107,-21.02637380737347,1.202851848219368
2025-01-01 19:58:00,1.9522526933446729,0.08801996684256527,0.0,0.03253754488907788,0.0014669994473760879,0.0,0.09611567744557019,0.0,0.18885546478799156,1.6672815511111112,0.0,0.0,0.08801996684256527,0.0,1,0,0,Off,0,0,Off,0,0,Off,0.04519232932946749,0.033894246997100606,On,0.0,0,Off,0.005275623172514621,0.0,On,0.09084005427305557,0,On,0.0714955089979045,0,On,0.07216762646061957,0.05412571984546466,On,0,0,Off,On,1667.2815511111112,23.888888888888914,1.0,0.0,1.6672815511111112,0.0,1,1667.2815511111112,1667.2815511111112,Off,0.0,0.0,30.424078592383278,51.666666666666686,46.10666666666668,0.0,50.950395958626196,0.0,0.0,0.0,30.424078592383278,49.82335855493392,50.950395958626196,49.25983985308779,12.43753247303448,23.707281077409146,0.0,-1.1,1385.1194291323393,-628.909124790051,-0.0,-40.84095186678858,345.9190226035406,0.0,1.0,0.0192338295375633,0.0,0.0012490324522161647,0.3811539228361697,65.99961422222222,41.668932074527035,0.1939171702254925,11.634994231892913,0.0034635974771051086,-21.219459850815635,1.2027269664885043
2025-01-01 19:59:00,1.9522526933446729,0.08801996684256527,0.0,0.03253754488907788,0.0014669994473760879,0.0,0.09611567744557019,0.0,0.18885546478799156,1.6672815511111112,0.0,0.0,0.08801996684256527,0.0,1,0,0,Off,0,0,Off,0,0,Off,0.04519232932946749,0.033894246997100606,On,0.0,0,Off,0.005275623172514621,0.0,On,0.09084005427305557,0,On,0.0714955089979045,0,On,0.07216762646061957,0.05412571984546466,On,0,0,Off,On,1667.2815511111112,23.888888888888914,1.0,0.0,1.6672815511111112,0.0,1,1667.2815511111112,1667.2815511111112,Off,0.0,0.0,30.384128697905318,51.666666666666686,46.10666666666668,0.0,50.9456221489198,0.0,0.0,0.0,30.384128697905318,49.8190887903934,50.9456221489198,49.2558221111302,12.43753247303448,23.737333188087558,0.0,-1.1,1381.7664822227212,-630.1647762576437,-0.0,-42.185679534873636,345.9190226035406,0.0,1.0,0.01924891235527566,0.0,0.0012885970124146225,0.3821708247941975,65.99961422222222,40.91636430058671,0.1935584147852812,11.64777900101785,0.003463448828799435,-21.406976218539707,1.202605329394758
2025-01-01 20:00:00,1.9503609712383236,0.08597304311522283,0.0,0.03250601618730539,0.0014328840519203805,0.0,0.08051106733533248,0.0,0.2025683527918799,1.6672815511111112,0.0,0.0,0.08597304311522283,0.0,1,0,0,Off,0,0,Off,0,0,Off,0.04425082246843692,0.033188116851327686,On,0.0,0,Off,0.005430788559941521,0.0,On,0.07508027877539096,0,On,0.08793762863824944,0,On,0.07037990168519354,0.05278492626389514,On,0,0,Off,On,1667.2815511111112,23.888888888888914,1.0,0.0,1.6672815511111112,0.0,1,1667.2815511111112,1667.2815511111112,Off,0.0,0.0,30.34506830602326,51.666666666666686,46.10666666666668,0.0,50.94085438965571,0.0,0.0,0.0,30.34506830602326,49.814824632485866,50.94085438965571,49.25180975390095,12.43753247303448,23.766626394844693,0.0,-1.1,1376.7601111504769,-631.3896688690763,-0.0,-43.49789898314944,344.15244123147113,0.0,1.0,0.01926360818593419,0.0,0.0013271146555558968,0.38316104404659757,65.99961422222222,40.21368666012006,0.1932091526644385,11.660169906421302,0.0034632988517208324,-21.626718127216,1.2024867913740191
2025-01-01 20:01:00,1.9503609712383236,0.08597304311522283,0.0,0.03250601618730539,0.0014328840519203805,0.0,0.08051106733533248,0.0,0.2025683527918799,1.6672815511111112,0.0,0.0,0.08597304311522283,0.0,1,0,0,Off,0,0,Off,0,0,Off,0.04425082246843692,0.033188116851327686,On,0.0,0,Off,0.005430788559941521,0.0,On,0.07508027877539096,0,On,0.08793762863824944,0,On,0.07037990168519354,0.05278492626389514,On,0,0,Off,On,1667.2815511111112,23.888888888888914,1.0,0.0,1.6672815511111112,0.0,1,1667.2815511111112,1667.2815511111112,Off,0.0,0.0,30.30693252033557,51.666666666666686,46.10666666666668,0.0,50.93609254852658,0.0,0.0,0.0,30.30693252033557,49.81056595637709,50.93609254852658,49.247802660302355,12.43753247303448,23.79513040125377,0.0,-1.1,1373.6358958676828,-632.5824610890068,-0.0,-44.776138463746186,344.15244123147113,0.0,1.0,0.019277902316869093,0.0,0.0013645494090125426,0.38412363741951666,65.99961422222222,39.560503077853284,0.19286966794962318,11.67215136409294,0.0034631473201963262,-21.803404598605574,1.2023714734381126
2025-01-01 20:02:00,1.9503609712383236,0.08597304311522283,0.0,0.03250601618730539,0.0014328840519203805,0.0,0.08051106733533248,0.0,0.2025683527918799,1.6672815511111112,0.0,0.0,0.08597304311522283,0.0,1,0,0,Off,0,0,Off,0,0,Off,0.04425082246843692,0.033188116851327686,On,0.0,0,Off,0.005430788559941521,0.0,On,0.07508027877539096,0,On,0.08793762863824944,0,On,0.07037990168519354,0.05278492626389514,On,0,0,Off,On,1667.2815511111112,23.888888888888914,1.0,0.0,1.6672815511111112,0.0,1,1667.2815511111112,1667.2815511111112,Off,0.0,0.0,30.26960794286041,51.666666666666686,46.10666666666668,0.0,50.93133648800923,0.0,0.0,0.0,30.26960794286041,49.806312632306344,50.93133648800923,49.243800704454905,12.43753247303448,23.822942542403705,0.0,-1.1,1370.6130455695595,-633.7471564424699,-0.0,-46.0246561574615,344.15244123147113,0.0,1.0,0.019291844012230018,0.0,0.0014010326962104022,0.3850619672252253,65.99961422222222,38.95086582690847,0.19253879467435067,11.683773591895198,0.0034629945360340687,-21.975251441777324,1.2022589794724345
2025-01-01 20:03:00,1.9503609712383236,0.08597304311522283,0.0,0.03250601618730539,0.0014328840519203805,0.0,0.08051106733533248,0.0,0.2025683527918799,1.6672815511111112,0.0,0.0,0.08597304311522283,0.0,1,0,0,Off,0,0,Off,0,0,Off,0.04425082246843692,0.033188116851327686,On,0.0,0,Off,0.005430788559941521,0.0,On,0.07508027877539096,0,On,0.08793762863824944,0,On,0.07037990168519354,0.05278492626389514,On,0,0,Off,On,1667.2815511111112,23.888888888888914,1.0,0.0,1.6672815511111112,0.0,1,1667.2815511111112,1667.2815511111112,Off,0.0,0.0,30.233059747769662,51.666666666666686,46.10666666666668,0.0,50.92658608743674,0.0,0.0,0.0,30.233059747769662,49.80206454642734,50.92658608743674,49.239803775922645,12.43753247303448,23.850092636846092,0.0,-1.1,1367.8366612849122,-634.8849416233256,-0.0,-47.24469556273419,344.15244123147113,0.0,1.0,0.019305448622693754,0.0,0.0014366068291824525,0.38597710647627603,65.99961422222222,38.53230612838975,0.19221614259739753,11.695051994540876,0.003462840533271733,-22.142470319340923,1.202149187178083
2025-01-01 20:04:00,1.9503609712383236,0.08597304311522283,0.0,0.03250601618730539,0.0014328840519203805,0.0,0.08051106733533248,0.0,0.2025683527918799,1.6672815511111112,0.0,0.0,0.08597304311522283,0.0,1,0,0,Off,0,0,Off,0,0,Off,0.04425082246843692,0.033188116851327686,On,0.0,0,Off,0.005430788559941521,0.0,On,0.07508027877539096,0,On,0.08793762863824944,0,On,0.07037990168519354,0.05278492626389514,On,0,0,Off,On,1667.2815511111112,23.888888888888914,1.0,0.0,1.6672815511111112,0.0,1,1667.2815511111112,1667.2815511111112,Off,0.0,0.0,30.19724873371494,51.666666666666686,46.10666666666668,0.0,50.921841231319924,0.0,0.0,0.0,30.19724873371494,49.79782158978132,50.921841231319924,49.235811769012024,12.43753247303448,23.876614268906884,0.0,-1.1,1364.8111778387047,-635.9971663644725,-0.0,-48.43767743965985,344.15244123147113,0.0,1.0,0.01931873335162653,0.0,0.0014713187795755516,0.38687024936896836,65.99961422222222,37.81202930025468,0.19190128176932558,11.7060038773232,0.0034626853444658795,-22.30529622914394,1.2020419591434974
2025-01-01 20:05:00,1.9503609712383236,0.08597304311522283,0.0,0.03250601618730539,0.0014328840519203805,0.0,0.08051106733533248,0.0,0.2025683527918799,1.6672815511111112,0.0,0.0,0.08597304311522283,0.0,1,0,0,Off,0,0,Off,0,0,Off,0.04425082246843692,0.033188116851327686,On,0.0,0,Off,0.005430788559941521,0.0,On,0.07508027877539096,0,On,0.08793762863824944,0,On,0.07037990168519354,0.05278492626389514,On,0,0,Off,On,1667.2815511111112,23.888888888888914,1.0,0.0,1.6672815511111112,0.0,1,1667.2815511111112,1667.2815511111112,Off,0.0,0.0,30.16215815103718,51.666666666666686,46.10666666666668,0.0,50.917101809997625,0.0,0.0,0.0,30.16215815103718,49.7935836589111,50.917101809997625,49.231824583367846,12.43753247303448,23.90252173116957,0.0,-1.1,1362.1080074490278,-637.0843758162799,-0.0,-49.604161619033256,344.15244123147113,0.0,1.0,0.019331705709928534,0.0,0.0015051900357440514,0.3877419355339274,65.99961422222222,37.36255254175846,0.19159400831107973,11.716636727117185,0.0034625290005249492,-22.463837079266874,1.2019372361480802
2025-01-01 20:06:00,1.9503609712383236,0.08597304311522283,0.0,0.03250601618730539,0.0014328840519203805,0.0,0.08051106733533248,0.0,0.2025683527918799,1.6672815511111112,0.0,0.0,0.08597304311522283,0.0,1,0,0,Off,0,0,Off,0,0,Off,0.04425082246843692,0.033188116851327686,On,0.0,0,Off,0.005430788559941521,0.0,On,0.07508027877539096,0,On,0.08793762863824944,0,On,0.07037990168519354,0.05278492626389514,On,0,0,Off,On,1667.2815511111112,23.888888888888914,1.0,0.0,1.6672815511111112,0.0,1,1667.2815511111112,1667.2815511111112,Off,0.0,0.0,30.127748291114084,51.666666666666686,46.10666666666668,0.0,50.912367716299606,0.0,0.0,0.0,30.127748291114084,49.789350652710176,50.912367716299606,49.22784212091547,12.43753247303448,23.92784905167855,0.0,-1.1,1359.5710289019466,-638.1479470619655,-0.0,-50.74560226718761,344.15244123147113,0.0,1.0,0.01934438306587582,0.0,0.0015382676911906356,0.38859336450371146,65.99961422222222,37.03058588851721,0.19129389361273472,11.72696805136685,0.0034623715316088673,-22.618328629717162,1.2018348792039102
2025-01-01 20:07:00,1.9503609712383236,0.08597304311522283,0.0,0.03250601618730539,0.0014328840519203805,0.0,0.08051106733533248,0.0,0.2025683527918799,1.6672815511111112,0.0,0.0,0.08597304311522283,0.0,1,0,0,Off,0,0,Off,0,0,Off,0.04425082246843692,0.033188116851327686,On,0.0,0,Off,0.005430788559941521,0.0,On,0.07508027877539096,0,On,0.08793762863824944,0,On,0.07037990168519354,0.05278492626389514,On,0,0,Off,On,1667.2815511111112,23.888888888888914,1.0,0.0,1.6672815511111112,0.0,1,1667.2815511111112,1667.2815511111112,Off,0.0,0.0,30.093987756781605,51.666666666666686,46.10666666666668,0.0,50.90763884895892,0.0,0.0,0.0,30.093987756781605,49.78512247564481,50.90763884895892,49.22386428898776,12.43753247303448,23.952623120552364,0.0,-1.1,1356.8221532887837,-639.1889620899541,-0.0,-51.863138995365894,344.15244123147113,0.0,1.0,0.019356779184617097,0.0,0.0015705892762477348,0.38942549080673894,65.99961422222222,36.44026203152133,0.1910005945984975,11.737769391114774,0.0034622129662213487,-22.768958955558425,1.201734778319209
2025-01-01 20:08:00,1.9503609712383236,0.08597304311522283,0.0,0.03250601618730539,0.0014328840519203805,0.0,0.08051106733533248,0.0,0.2025683527918799,1.6672815511111112,0.0,0.0,0.08597304311522283,0.0,1,0,0,Off,0,0,Off,0,0,Off,0.04425082246843692,0.033188116851327686,On,0.0,0,Off,0.005430788559941521,0.0,On,0.07508027877539096,0,On,0.08793762863824944,0,On,0.07037990168519354,0.05278492626389514,On,0,0,Off,On,1667.2815511111112,23.888888888888914,1.0,0.0,1.6672815511111112,0.0,1,1667.2815511111112,1667.2815511111112,Off,0.0,0.0,30.060862326885854,51.666666666666686,46.10666666666668,0.0,50.902915111376515,0.0,0.0,0.0,30.060862326885854,49.78089903658759,50.902915111376515,49.21989099919314,12.43753247303448,23.976856069469044,0.0,-1.1,1354.445786892093,-640.207886115806,-0.0,-52.95725087303675,344.15244123147113,0.0,1.0,0.01936890042452288,0.0,0.00160217288971474,0.3902387695525671,65.99961422222222,36.17693153835354,0.19071394020448937,11.747532511820035,0.0034620533315466505,-22.915819197023943,1.201636883288024
2025-01-01 20:09:00,1.9503609712383236,0.08597304311522283,0.0,0.03250601618730539,0.0014328840519203805,0.0,0.08051106733533248,0.0,0.2025683527918799,1.6672815511111112,0.0,0.0,0.08597304311522283,0.0,1,0,0,Off,0,0,Off,0,0,Off,0.04425082246843692,0.033188116851327686,On,0.0,0,Off,0.005430788559941521,0.0,On,0.07508027877539096,0,On,0.08793762863824944,0,On,0.07037990168519354,0.05278492626389514,On,0,0,Off,On,1667.2815511111112,23.888888888888914,1.0,0.0,1.6672815511111112,0.0,1,1667.2815511111112,1667.2815511111112,Off,0.0,0.0,30.028334097560855,51.666666666666686,46.10666666666668,0.0,50.8981964090683,0.0,0.0,0.0,30.028334097560855,49.77668024640695,50.8981964090683,49.21592216507627,12.43753247303448,24.000580387331997,0.0,-1.1,1351.8839411115455,-641.2060433939105,-0.0,-54.029340822909035,344.15244123147113,0.0,1.0,0.019380763306442783,0.0,0.0016330630019477934,0.3910343356918362,65.99961422222222,35.68533298578244,0.19043352819047688,11.75703100685869,0.0034618926541360906,-23.05913216238411,1.2015410616463762
2025-01-01 20:10:00,1.9503609712383236,0.08597304311522283,0.0,0.03250601618730539,0.0014328840519203805,0.0,0.08051106733533248,0.0,0.2025683527918799,1.6672815511111112,0.0,0.0,0.08597304311522283,0.0,1,0,0,Off,0,0,Off,0,0,Off,0.04425082246843692,0.033188116851327686,On,0.0,0,Off,0.005430788559941521,0.0,On,0.07508027877539096,0,On,0.08793762863824944,0,On,0.07037990168519354,0.05278492626389514,On,0,0,Off,On,1667.2815511111112,23.888888888888914,1.0,0.0,1.6672815511111112,0.0,1,1667.2815511111112,1667.2815511111112,Off,0.0,0.0,29.996390104952177,51.666666666666686,46.10666666666668,0.0,50.893482653185046,0.0,0.0,0.0,29.996390104952177,49.772466021290754,50.893482653185046,49.21195770534362,12.43753247303448,24.023807132608102,0.0,-1.1,1349.6291109740441,-642.1838599812102,-0.0,-55.079848626135494,344.15244123147113,0.0,1.0,0.01939237361291696,0.0,0.0016632760018792487,0.3918126018008614,65.99961422222222,35.45882723880747,0.19015920416362952,11.767030570223667,0.0034617309589730183,-23.198980516593444,1.2014472676791956
2025-01-01 20:11:00,1.9503609712383236,0.08597304311522283,0.0,0.03250601618730539,0.0014328840519203805,0.0,0.08051106733533248,0.0,0.2025683527918799,1.6672815511111112,0.0,0.0,0.08597304311522283,0.0,1,0,0,Off,0,0,Off,0,0,Off,0.04425082246843692,0.033188116851327686,On,0.0,0,Off,0.005430788559941521,0.0,On,0.07508027877539096,0,On,0.08793762863824944,0,On,0.07037990168519354,0.05278492626389514,On,0,0,Off,On,1667.2815511111112,23.888888888888914,1.0,0.0,1.6672815511111112,0.0,1,1667.2815511111112,1667.2815511111112,Off,0.0,0.0,29.96499746645975,51.666666666666686,46.10666666666668,0.0,50.88877375680553,0.0,0.0,0.0,29.96499746645975,49.768256279246316,50.88877375680553,49.207997540466714,12.43753247303448,24.04656448558381,0.0,-1.1,1347.2145542178305,-643.1424853469549,-0.0,-56.109992456644314,344.15244123147113,0.0,1.0,0.019403745668122183,0.0,0.0016928504147593944,0.39257455132455643,65.99961422222222,35.03303967884736,0.18989061994998324,11.776026600093473,0.0034615682704661316,-23.335557449738978,1.201355386509353
2025-01-01 20:12:00,1.9503609712383236,0.08597304311522283,0.0,0.03250601618730539,0.0014328840519203805,0.0,0.08051106733533248,0.0,0.2025683527918799,1.6672815511111112,0.0,0.0,0.08597304311522283,0.0,1,0,0,Off,0,0,Off,0,0,Off,0.04425082246843692,0.033188116851327686,On,0.0,0,Off,0.005430788559941521,0.0,On,0.07508027877539096,0,On,0.08793762863824944,0,On,0.07037990168519354,0.05278492626389514,On,0,0,Off,On,1667.2815511111112,23.888888888888914,1.0,0.0,1.6672815511111112,0.0,1,1667.2815511111112,1667.2815511111112,Off,0.0,0.0,29.934144175531895,51.666666666666686,46.10666666666668,0.0,50.88406963789701,0.0,0.0,0.0,29.934144175531895,49.76405094289568,50.88406963789701,49.20404159539502,12.43753247303448,24.068862688338466,0.0,-1.1,1345.0738028824617,-644.0823162425942,-0.0,-57.12018294504207,344.15244123147113,0.0,1.0,0.01941488481347239,0.0,0.001721801304640637,0.39332056397663273,65.99961422222222,34.84230972751556,0.1896276341790191,11.785544942071267,0.00346140461166433,-23.46893905235593,1.2012653758502028
2025-01-01 20:13:00,0.2830794201272124,0.08597304311522283,0.0,0.00471799033545354,0.0014328840519203805,0.0,0.08051106733533248,0.0,0.2025683527918799,0.0,0.0,0.0,0.08597304311522283,0.0,1,0,0,Off,0,0,Off,0,0,Off,0.04425082246843692,0.033188116851327686,On,0.0,0,Off,0.005430788559941521,0.0,On,0.07508027877539096,0,On,0.08793762863824944,0,On,0.07037990168519354,0.05278492626389514,On,0,0,Off,Off,0.0,23.888888888888914,0.0,0.0,0.0,0.0,0,0.0,1667.2815511111112,Off,0.0,0.0,29.903800702744,51.666666666666686,46.10666666666668,0.0,50.879370216212315,0.0,0.0,0.0,29.903800702744,49.75984993654593,50.879370216212315,49.20008979671275,12.43753247303448,24.090727045390206,0.0,-1.1,-324.4864406024817,-645.0043865304358,-0.0,-58.111516565510975,344.15244123147113,0.0,1.0,0.01942580390018533,0.0,0.0017501631751937238,0.39405152095726254,65.99961422222222,34.477021261994025,0.18936993551912185,11.794838663111786,0.003461240005086957,-23.59929847449188,1.2011771325894733
2025-01-01 20:14:00,0.2830794201272124,0.08597304311522283,0.0,0.00471799033545354,0.0014328840519203805,0.0,0.08051106733533248,0.0,0.2025683527918799,0.0,0.0,0.0,0.08597304311522283,0.0,1,0,0,Off,0,0,Off,0,0,Off,0.04425082246843692,0.033188116851327686,On,0.0,0,Off,0.005430788559941521,0.0,On,0.07508027877539096,0,On,0.08793762863824944,0,On,0.07037990168519354,0.05278492626389514,On,0,0,Off,Off,0.0,23.888888888888914,0.0,0.0,0.0,0.0,0,0.0,1667.2815511111112,Off,0.0,0.0,29.943994911316274,51.666666666666686,46.10666666666668,0.0,50.87467541589433,0.0,0.0,0.0,29.943994911316274,49.75565318864839,50.87467541589433,49.19614207502542,12.43753247303448,24.051968838521535,0.0,-1.1,-319.41429462966653,-643.3702198555329,-0.0,-56.354754019862796,344.15244123147113,0.0,1.0,0.01940644574661117,0.0,0.0016998695971592536,0.3927554115196161,65.99961422222222,36.15823801425809,0.18980207704502372,11.777927543173641,0.0034610744720341073,-23.337079821501383,1.2013338982911828
2025-01-01 20:15:00,0.2830794201272124,0.08597304311522283,0.0,0.00471799033545354,0.0014328840519203805,0.0,0.08051106733533248,0.0,0.2025683527918799,0.0,0.0,0.0,0.08597304311522283,0.0,1,0,0,Off,0,0,Off,0,0,Off,0.04425082246843692,0.033188116851327686,On,0.0,0,Off,0.005430788559941521,0.0,On,0.07508027877539096,0,On,0.08793762863824944,0,On,0.07037990168519354,0.05278492626389514,On,0,0,Off,Off,0.0,23.888888888888914,0.0,0.0,0.0,0.0,0,0.0,1667.2815511111112,Off,0.0,0.0,29.9234921628522,51.666666666666686,46.10666666666668,-0.0,50.86997475273491,0.2770932897189223,742.4387083971244,0.0,29.9234921628522,49.75145079983041,50.86997475273491,49.19218882337816,12.43753247303448,24.014582786721412,0.0,-1.1,-313.6179567874707,-641.7954563767152,-0.0,-54.66253960368697,344.15244123147113,0.0,1.0,0.019387763104377696,0.0,0.0016512805723228501,0.39150359134857715,65.99961422222222,38.687597961460256,0.19021975889476403,11.762466743345072,0.0034609107996279357,-23.083635038632046,1.2014851556656563
2025-01-01 20:16:00,0.2830794201272124,0.08597304311522283,0.0,0.00471799033545354,0.0014328840519203805,0.0,0.08051106733533248,0.0,0.2025683527918799,0.0,0.0,0.0,0.08597304311522283,0.0,1,0,0,Off,0,0,Off,0,0,Off,0.04425082246843692,0.033188116851327686,On,0.0,0,Off,0.005430788559941521,0.0,On,0.07508027877539096,0,On,0.08793762863824944,0,On,0.07037990168519354,0.05278492626389514,On,0,0,Off,Off,0.0,23.888888888888914,0.0,0.0,0.0,0.0,0,0.0,1667.2815511111112,Off,0.0,0.0,29.84238700263336,51.666666666666686,46.10666666666668,-0.0,50.849638095231015,0.2770932897189223,742.0458444302595,0.0,29.84238700263336,49.64305623575583,50.849638095231015,49.03976530601824,12.43753247303448,23.978525418139828,0.0,-1.1,-309.2919904945554,-640.2781008570553,-0.0,-53.032657400596634,344.15244123147113,0.0,1.0,0.01936973527724848,0.0,0.0016043474445300485,0.3902947699049691,65.99961422222222,39.866326531625354,0.19062336239740613,11.74691408694152,0.0034607489251140947,-22.838705131997408,1.2016310763900007
2025-01-01 20:17:00,0.2830794201272124,0.08597304311522283,0.0,0.00471799033545354,0.0014328840519203805,0.0,0.08051106733533248,0.0,0.2025683527918799,0.0,0.0,0.0,0.08597304311522283,0.0,1,0,0,Off,0,0,Off,0,0,Off,0.04425082246843692,0.033188116851327686,On,0.0,0,Off,0.005430788559941521,0.0,On,0.07508027877539096,0,On,0.08793762863824944,0,On,0.07037990168519354,0.05278492626389514,On,0,0,Off,Off,0.0,23.888888888888914,0.0,0.0,0.0,0.0,0,0.0,1667.2815511111112,Off,0.0,0.0,29.75994908249868,51.666666666666686,46.10666666666668,-0.0,50.829302091931034,0.2770932897189223,741.6529931013193,0.0,29.75994908249868,49.53472818927737,50.829302091931034,48.88744123795054,12.43753247303448,23.943678122410155,0.0,-1.1,-304.2525960790406,-638.8130129865983,-0.0,-51.45952047215678,344.15244123147113,0.0,1.0,0.019352303897093866,0.0,0.0015589229685851647,0.3891251210474264,65.99961422222222,41.867496148243404,0.19101413979298013,11.731970519237317,0.0034605887876255196,-22.60154079195096,1.2017721363974132
2025-01-01 20:18:00,0.2830794201272124,0.08597304311522283,0.0,0.00471799033545354,0.0014328840519203805,0.0,0.08051106733533248,0.0,0.2025683527918799,0.0,0.0,0.0,0.08597304311522283,0.0,1,0,0,Off,0,0,Off,0,0,Off,0.04425082246843692,0.033188116851327686,On,0.0,0,Off,0.005430788559941521,0.0,On,0.07508027877539096,0,On,0.08793762863824944,0,On,0.07037990168519354,0.05278492626389514,On,0,0,Off,Off,0.0,23.888888888888914,0.0,0.0,0.0,0.0,0,0.0,1667.2815511111112,Off,0.0,0.0,29.67621826808829,51.666666666666686,46.10666666666668,-0.0,50.808966955375816,0.2770932897189223,741.2601585161722,0.0,29.67621826808829,49.426466845663086,50.808966955375816,48.73521679080673,12.43753247303448,23.91000682097704,0.0,-1.1,-300.2666930856318,-637.3986247066169,-0.0,-49.94138554022242,344.15244123147113,0.0,1.0,0.019335452766711267,0.0,0.001514969226144085,0.3879936377705355,65.99961422222222,42.92087592973651,0.19139238671691053,11.717619068389137,0.0034604303316565087,-22.37193913187054,1.201908470175909
2025-01-01 20:19:00,0.2830794201272124,0.08597304311522283,0.0,0.00471799033545354,0.0014328840519203805,0.0,0.08051106733533248,0.0,0.2025683527918799,0.0,0.0,0.0,0.08597304311522283,0.0,1,0,0,Off,0,0,Off,0,0,Off,0.04425082246843692,0.033188116851327686,On,0.0,0,Off,0.005430788559941521,0.0,On,0.07508027877539096,0,On,0.08793762863824944,0,On,0.07037990168519354,0.05278492626389514,On,0,0,Off,Off,0.0,23.888888888888914,0.0,0.0,0.0,0.0,0,0.0,1667.2815511111112,Off,0.0,0.0,29.59130503966321,51.666666666666686,46.10666666666668,-0.0,50.78863289208833,0.2770932897189223,740.8673446644332,0.0,29.59130503966321,49.31827238401002,50.78863289208833,48.58309212997087,12.43753247303448,23.877416736161933,0.0,-1.1,-295.67385902031333,-636.0308310028521,-0.0,-48.47379181509483,344.15244123147113,0.0,1.0,0.019319135232367734,0.0,0.0014723684665174004,0.3868972607659564,65.99961422222222,44.6783225661625,0.19175910500160512,11.703811894172334,0.0034602735031810986,-22.149300510147093,1.2020404580937067
2025-01-01 20:20:00,0.2830794201272124,0.08597304311522283,0.0,0.00471799033545354,0.0014328840519203805,0.0,0.08051106733533248,0.0,0.2025683527918799,0.0,0.0,0.0,0.08597304311522283,0.0,1,0,0,Off,0,0,Off,0,0,Off,0.04425082246843692,0.033188116851327686,On,0.0,0,Off,0.005430788559941521,0.0,On,0.07508027877539096,0,On,0.08793762863824944,0,On,0.07037990168519354,0.05278492626389514,On,0,0,Off,Off,0.0,23.888888888888914,0.0,0.0,0.0,0.0,0,0.0,1667.2815511111112,Off,0.0,0.0,29.50524481405148,51.666666666666686,46.10666666666668,-0.0,50.76830009208052,0.2770932897189223,740.4745552167569,0.0,29.50524481405148,49.2101449673503,50.76830009208052,48.4310674049852,12.43753247303448,23.84587759100722,0.0,-1.1,-292.01851897781523,-634.7082479846155,-0.0,-47.055204324555255,344.15244123147113,0.0,1.0,0.01930333684753289,0.0,0.0014310865856723403,0.3858350865838874,65.99961422222222,45.59249209988443,0.19211456335269292,11.690533912092878,0.0034601182524630924,-21.93344305873314,1.2021682198685324
2025-01-01 20:21:00,0.2830794201272124,0.08597304311522283,0.0,0.00471799033545354,0.0014328840519203805,0.0,0.08051106733533248,0.0,0.2025683527918799,0.0,0.0,0.0,0.08597304311522283,0.0,1,0,0,Off,0,0,Off,0,0,Off,0.04425082246843692,0.033188116851327686,On,0.0,0,Off,0.005430788559941521,0.0,On,0.07508027877539096,0,On,0.08793762863824944,0,On,0.07037990168519354,0.05278492626389514,On,0,0,Off,Off,0.0,23.888888888888914,0.0,0.0,0.0,0.0,0,0.0,1667.2815511111112,Off,0.0,0.0,29.41813478212373,51.666666666666686,46.10666666666668,-0.0,50.74796874001693,0.2770932897189223,740.0817937404968,0.0,29.41813478212373,49.10208475323048,50.74796874001693,48.27914275983726,12.43753247303448,23.815306008404047,0.0,-1.1,-287.83207695140834,-633.427275462211,-0.0,-45.68171547420407,344.15244123147113,0.0,1.0,0.019288016502162733,0.0,0.0013910194840766942,0.38480441310195745,65.99961422222222,47.12447275353563,0.19245965046086588,11.676989298524996,0.0034599645310897224,-21.723837280520364,1.202292090392524
2025-01-01 20:22:00,0.2830794201272124,0.08597304311522283,0.0,0.00471799033545354,0.0014328840519203805,0.0,0.08051106733533248,0.0,0.2025683527918799,0.0,0.0,0.0,0.08597304311522283,0.0,1,0,0,Off,0,0,Off,0,0,Off,0.04425082246843692,0.033188116851327686,On,0.0,0,Off,0.005430788559941521,0.0,On,0.07508027877539096,0,On,0.08793762863824944,0,On,0.07037990168519354,0.05278492626389514,On,0,0,Off,Off,0.0,23.888888888888914,0.0,0.0,0.0,0.0,0,0.0,1667.2815511111112,Off,0.0,0.0,29.330005863330143,51.666666666666686,46.10666666666668,-0.0,50.72763900603524,0.2770932897189223,739.6890635223758,0.0,29.330005863330143,48.99409188505651,50.72763900603524,48.12731832456715,12.43753247303448,23.785675557190036,0.0,-1.1,-284.46635344086405,-632.1867108201337,-0.0,-44.35199346476207,344.15244123147113,0.0,1.0,0.019273161551588522,0.0,0.0013521371464332496,0.3838044464851362,65.99961422222222,47.91990961256073,0.19279460442283605,11.664673217317835,0.0034598122944328067,-21.520323362441566,1.2024121743156344
2025-01-01 20:23:00,0.2830794201272124,0.08597304311522283,0.0,0.00471799033545354,0.0014328840519203805,0.0,0.08051106733533248,0.0,0.2025683527918799,0.0,0.0,0.0,0.08597304311522283,0.0,1,0,0,Off,0,0,Off,0,0,Off,0.04425082246843692,0.033188116851327686,On,0.0,0,Off,0.005430788559941521,0.0,On,0.07508027877539096,0,On,0.08793762863824944,0,On,0.07037990168519354,0.05278492626389514,On,0,0,Off,Off,0.0,23.888888888888914,0.0,0.0,0.0,0.0,0,0.0,1667.2815511111112,Off,0.0,0.0,29.240943125253693,51.666666666666686,46.10666666666668,-0.0,50.70731105560235,0.2770932897189223,739.2963677588873,0.0,29.240943125253693,48.88616650143382,50.70731105560235,47.97559422434956,12.43753247303448,23.756913261346178,0.0,-1.1,-280.63710033941607,-630.9834112206031,-0.0,-43.06263057011142,344.15244123147113,0.0,1.0,0.019258735963182186,0.0,0.001314348075214111,0.38283281359732313,65.99961422222222,49.25650021982739,0.1931202085612182,11.652042198354973,0.003459661499025324,-21.322436337756606,1.2025287649602656
2025-01-01 20:24:00,0.2830794201272124,0.08597304311522283,0.0,0.00471799033545354,0.0014328840519203805,0.0,0.08051106733533248,0.0,0.2025683527918799,0.0,0.0,0.0,0.08597304311522283,0.0,1,0,0,Off,0,0,Off,0,0,Off,0.04425082246843692,0.033188116851327686,On,0.0,0,Off,0.005430788559941521,0.0,On,0.07508027877539096,0,On,0.08793762863824944,0,On,0.07037990168519354,0.05278492626389514,On,0,0,Off,Off,0.0,23.888888888888914,0.0,0.0,0.0,0.0,0,0.0,1667.2815511111112,Off,0.0,0.0,29.15097374615118,51.666666666666686,46.10666666666668,-0.0,50.68698504146806,0.2770932897189223,738.903709400855,0.0,29.15097374615118,48.7783087285807,50.68698504146806,47.823970572137014,12.43753247303448,23.72899588813384,0.0,-1.1,-277.52814322736424,-629.8163243017399,-0.0,-41.81246322277566,344.15244123147113,0.0,1.0,0.019244728593694988,0.0,0.0012776256751494746,0.38188881218390225,65.99961422222222,49.94820306568018,0.1934366752255979,11.640589446996604,0.00345951210472109,-21.13003483834091,1.2026419544320182
2025-01-01 20:25:00,0.2830794201272124,0.08597304311522283,0.0,0.00471799033545354,0.0014328840519203805,0.0,0.08051106733533248,0.0,0.2025683527918799,0.0,0.0,0.0,0.08597304311522283,0.0,1,0,0,Off,0,0,Off,0,0,Off,0.04425082246843692,0.033188116851327686,On,0.0,0,Off,0.005430788559941521,0.0,On,0.07508027877539096,0,On,0.08793762863824944,0,On,0.07037990168519354,0.05278492626389514,On,0,0,Off,Off,0.0,23.888888888888914,0.0,0.0,0.0,0.0,0,0.0,1667.2815511111112,Off,0.0,0.0,29.060172379381243,51.666666666666686,46.10666666666668,-0.0,50.666661112274596,0.2770932897189223,738.511091319752,0.0,29.060172379381243,48.67051868848707,50.666661112274596,47.67244747659331,12.43753247303448,23.701859395770093,0.0,-1.1,-274.0146479023872,-628.6826986667237,-0.0,-40.59851095593846,344.15244123147113,0.0,1.0,0.019231107780443037,0.0,0.0012418893371408685,0.3809703530431647,65.99961422222222,51.11412048880389,0.19374469630653177,11.628779450703838,0.0034593640723995377,-20.942709577345177,1.2027520003105985
2025-01-01 20:26:00,0.2830794201272124,0.08597304311522283,0.0,0.00471799033545354,0.0014328840519203805,0.0,0.08051106733533248,0.0,0.2025683527918799,0.0,0.0,0.0,0.08597304311522283,0.0,1,0,0,Off,0,0,Off,0,0,Off,0.04425082246843692,0.033188116851327686,On,0.0,0,Off,0.005430788559941521,0.0,On,0.07508027877539096,0,On,0.08793762863824944,0,On,0.07037990168519354,0.05278492626389514,On,0,0,Off,Off,0.0,23.888888888888914,0.0,0.0,0.0,0.0,0,0.0,1667.2815511111112,Off,0.0,0.0,28.968563024561718,51.666666666666686,46.10666666666668,-0.0,50.646339405501834,0.2770932897189223,738.118516171418,0.0,28.968563024561718,48.56279649226292,50.646339405501834,47.52102503564346,12.43753247303448,23.675483268491227,0.0,-1.1,-271.1337053988507,-627.5816089714614,-0.0,-39.41975219479101,344.15244123147113,0.0,1.0,0.01921786365923616,0.0,0.0012071153971543779,0.38007681226746776,65.99961422222222,51.715214535930514,0.19404446189969612,11.617353889886068,0.0034592173658612277,-20.760334970533172,1.2028589840298454
2025-01-01 20:27:00,0.2830794201272124,0.08597304311522283,0.0,0.00471799033545354,0.0014328840519203805,0.0,0.08051106733533248,0.0,0.2025683527918799,0.0,0.0,0.0,0.08597304311522283,0.0,1,0,0,Off,0,0,Off,0,0,Off,0.04425082246843692,0.033188116851327686,On,0.0,0,Off,0.005430788559941521,0.0,On,0.07508027877539096,0,On,0.08793762863824944,0,On,0.07037990168519354,0.05278492626389514,On,0,0,Off,Off,0.0,23.888888888888914,0.0,0.0,0.0,0.0,0,0.0,1667.2815511111112,Off,0.0,0.0,28.87621131368428,51.666666666666686,46.10666666666668,-0.0,50.62602005500074,0.2770932897189223,737.7259865415883,0.0,28.87621131368428,48.45514224727733,50.62602005500074,47.36970334341563,12.43753247303448,23.649811203808998,0.0,-1.1,-267.8999520159341,-626.5106416992104,-0.0,-38.27357477633439,344.15244123147113,0.0,1.0,0.01920496836024875,0.0,0.0011732327333172626,0.37920634777662915,65.99961422222222,52.7318232281396,0.19433658389510272,11.606284246457452,0.0034590719498165516,-20.58255017707382,1.202963132177001
2025-01-01 20:28:00,0.2830794201272124,0.08597304311522283,0.0,0.00471799033545354,0.0014328840519203805,0.0,0.08051106733533248,0.0,0.2025683527918799,0.0,0.0,0.0,0.08597304311522283,0.0,1,0,0,Off,0,0,Off,0,0,Off,0.04425082246843692,0.033188116851327686,On,0.0,0,Off,0.005430788559941521,0.0,On,0.07508027877539096,0,On,0.08793762863824944,0,On,0.07037990168519354,0.05278492626389514,On,0,0,Off,Off,0.0,23.888888888888914,0.0,0.0,0.0,0.0,0,0.0,1667.2815511111112,Off,0.0,0.0,28.783138541541007,51.666666666666686,46.10666666666668,-0.0,50.6057031848069,0.2770932897189223,737.3335048263851,0.0,28.783138541541007,48.347556051325626,50.6057031848069,47.21848248458499,12.43753247303448,23.624824997408925,0.0,-1.1,-265.2220060853167,-625.4689791032399,-0.0,-37.15907724065839,344.15244123147113,0.0,1.0,0.0191924131101663,0.0,0.0011402201948013447,0.378358402729306,65.99961422222222,53.253609027110464,0.19462123317052207,11.595561386920808,0.003458927791549621,-20.40924312935534,1.2030645170952448
2025-01-01 20:29:00,0.2830794201272124,0.08597304311522283,0.0,0.00471799033545354,0.0014328840519203805,0.0,0.08051106733533248,0.0,0.2025683527918799,0.0,0.0,0.0,0.08597304311522283,0.0,1,0,0,Off,0,0,Off,0,0,Off,0.04425082246843692,0.033188116851327686,On,0.0,0,Off,0.005430788559941521,0.0,On,0.07508027877539096,0,On,0.08793762863824944,0,On,0.07037990168519354,0.05278492626389514,On,0,0,Off,Off,0.0,23.888888888888914,0.0,0.0,0.0,0.0,0,0.0,1667.2815511111112,Off,0.0,0.0,28.68940250771857,51.666666666666686,46.10666666666668,-0.0,50.58538891573449,0.2770932897189223,736.9410733596991,0.0,28.68940250771857,48.24003799887829,50.58538891573449,47.06736254045019,12.43753247303448,23.60047506578744,0.0,-1.1,-262.2366996175168,-624.4545000416424,-0.0,-36.073965729404094,344.15244123147113,0.0,1.0,0.01918017333789725,0.0,0.0011080149404467342,0.37753135052065373,65.99961422222222,54.13932492205853,0.19489895152394443,11.585160190376332,0.0034587848591553783,-20.240095216637634,1.2031633384411093
2025-01-01 20:30:00,0.2830794201272124,0.08597304311522283,0.0,0.00471799033545354,0.0014328840519203805,0.0,0.08051106733533248,0.0,0.2025683527918799,0.0,0.0,0.0,0.08597304311522283,0.0,1,0,0,Off,0,0,Off,0,0,Off,0.04425082246843692,0.033188116851327686,On,0.0,0,Off,0.005430788559941521,0.0,On,0.07508027877539096,0,On,0.08793762863824944,0,On,0.07037990168519354,0.05278492626389514,On,0,0,Off,Off,0.0,23.888888888888914,0.0,0.0,0.0,0.0,0,0.0,1667.2815511111112,Off,0.0,0.0,28.6287639841741,51.666666666666686,46.10666666666668,-0.0,50.5650773599518,0.11761175285183459,312.6267802667231,0.0,28.6287639841741,48.13258817596659,50.5650773599518,46.91634358397398,12.43753247303448,23.576745177431714,0.0,0.0,-212.51786538628403,-575.8805846500449,-0.0,-34.12107327822586,344.15244123147113,0.0,1.0,0.018610662825494728,0.0,0.0011026865759173844,0.3668345009763543,65.99961422222222,53.331351310515686,0.1951698932071392,11.57507251165503,0.003458643122999945,-8.448708999828908,1.2032596607898183
2025-01-01 20:31:00,0.2830794201272124,0.08597304311522283,0.0,0.00471799033545354,0.0014328840519203805,0.0,0.08051106733533248,0.0,0.2025683527918799,0.0,0.0,0.0,0.08597304311522283,0.0,1,0,0,Off,0,0,Off,0,0,Off,0.04425082246843692,0.033188116851327686,On,0.0,0,Off,0.005430788559941521,0.0,On,0.07508027877539096,0,On,0.08793762863824944,0,On,0.07037990168519354,0.05278492626389514,On,0,0,Off,Off,0.0,23.888888888888914,0.0,0.0,0.0,0.0,0,0.0,1667.2815511111112,Off,0.0,0.0,28.598961863843726,51.666666666666686,46.10666666666668,-0.0,50.55369334500179,0.11761175285183459,312.5334370433163,0.0,28.598961863843726,48.08469581933612,50.55369334500179,46.85019705650329,12.43753247303448,23.555552271585658,0.0,0.0,-211.63801606408464,-575.0281103303754,-0.0,-33.20183228811992,344.15244123147113,0.0,1.0,0.018599832724446035,0.0,0.001073944935229926,0.36609813295299304,65.99961422222222,52.43948532293958,0.19541601772309966,11.565667740245534,0.0034585839636106777,-8.32222173388338,1.2033456493829109
2025-01-01 20:32:00,0.2830794201272124,0.08597304311522283,0.0,0.00471799033545354,0.0014328840519203805,0.0,0.08051106733533248,0.0,0.2025683527918799,0.0,0.0,0.0,0.08597304311522283,0.0,1,0,0,Off,0,0,Off,0,0,Off,0.04425082246843692,0.033188116851327686,On,0.0,0,Off,0.005430788559941521,0.0,On,0.07508027877539096,0,On,0.08793762863824944,0,On,0.07037990168519354,0.05278492626389514,On,0,0,Off,Off,0.0,23.888888888888914,0.0,0.0,0.0,0.0,0,0.0,1667.2815511111112,Off,0.0,0.0,28.56865866473788,51.666666666666686,46.10666666666668,-0.0,50.542307568218135,0.11761175285183459,312.44007937375574,0.0,28.56865866473788,48.03682074512295,50.542307568218135,46.78407733357536,12.43753247303448,23.534806761718052,0.0,0.0,-209.82075906461426,-574.1941145772888,-0.0,-32.30273913781224,344.15244123147113,0.0,1.0,0.01858922797589951,0.0,0.001045783937581575,0.36537676324200147,65.99961422222222,52.52365341901573,0.19565726596595212,11.557235198147895,0.0034585256940722537,-8.198305481886484,1.2034298348598413
2025-01-01 20:33:00,0.2830794201272124,0.08597304311522283,0.0,0.00471799033545354,0.0014328840519203805,0.0,0.08051106733533248,0.0,0.2025683527918799,0.0,0.0,0.0,0.08597304311522283,0.0,1,0,0,Off,0,0,Off,0,0,Off,0.04425082246843692,0.033188116851327686,On,0.0,0,Off,0.005430788559941521,0.0,On,0.07508027877539096,0,On,0.08793762863824944,0,On,0.07037990168519354,0.05278492626389514,On,0,0,Off,Off,0.0,23.888888888888914,0.0,0.0,0.0,0.0,0,0.0,1667.2815511111112,Off,0.0,0.0,28.53783677619606,51.666666666666686,46.10666666666668,-0.0,50.5309201086366,0.11761175285183459,312.34670790609493,0.0,28.53783677619606,47.98896302567668,50.5309201086366,46.71798448419672,12.43753247303448,23.51452385667497,0.0,0.0,-207.4826717440955,-573.379177560983,-0.0,-31.42440511417401,344.15244123147113,0.0,1.0,0.01857885656398881,0.0,0.0010182258757780245,0.3646709552497144,65.99961422222222,53.16846969959029,0.1958934359560962,11.548291444924695,0.0034584682961713758,-8.077052228052635,1.2035121547752359
2025-01-01 20:34:00,0.2830794201272124,0.08597304311522283,0.0,0.00471799033545354,0.0014328840519203805,0.0,0.08051106733533248,0.0,0.2025683527918799,0.0,0.0,0.0,0.08597304311522283,0.0,1,0,0,Off,0,0,Off,0,0,Off,0.04425082246843692,0.033188116851327686,On,0.0,0,Off,0.005430788559941521,0.0,On,0.07508027877539096,0,On,0.08793762863824944,0,On,0.07037990168519354,0.05278492626389514,On,0,0,Off,Off,0.0,23.888888888888914,0.0,0.0,0.0,0.0,0,0.0,1667.2815511111112,Off,0.0,0.0,28.50649650806855,51.666666666666686,46.10666666666668,-0.0,50.51953104789533,0.11761175285183459,312.2533233097259,0.0,28.50649650806855,47.94112273572747,50.51953104789533,46.65191857964354,12.43753247303448,23.494703364909036,0.0,0.0,-205.49076045607603,-572.5832605076594,-0.0,-30.566774298077465,344.15244123147113,0.0,1.0,0.018568718599625014,0.0,0.0009912721338308464,0.363980736794297,65.99961422222222,53.506833118189704,0.19612450726207684,11.539582376215925,0.003458411751055598,-7.958464649721747,1.2035926091521447
2025-01-01 20:35:00,0.2830794201272124,0.08597304311522283,0.0,0.00471799033545354,0.0014328840519203805,0.0,0.08051106733533248,0.0,0.2025683527918799,0.0,0.0,0.0,0.08597304311522283,0.0,1,0,0,Off,0,0,Off,0,0,Off,0.04425082246843692,0.033188116851327686,On,0.0,0,Off,0.005430788559941521,0.0,On,0.07508027877539096,0,On,0.08793762863824944,0,On,0.07037990168519354,0.05278492626389514,On,0,0,Off,Off,0.0,23.888888888888914,0.0,0.0,0.0,0.0,0,0.0,1667.2815511111112,Off,0.0,0.0,28.47467407010464,51.666666666666686,46.10666666666668,-0.0,50.50814046757074,0.11761175285183459,312.1599262535345,0.0,28.47467407010464,47.89329994986806,50.50814046757074,46.58587969101672,12.43753247303448,23.47531423912022,0.0,0.0,-203.34102299759508,-571.8050873046659,-0.0,-29.728458254537024,344.15244123147113,0.0,1.0,0.018558798400017167,0.0,0.000964882047639622,0.36330505934851204,65.99961422222222,54.04008133013674,0.19635082530261982,11.531835734337111,0.0034583560398615677,-7.84236605928541,1.2036713232403664
2025-01-01 20:36:00,0.2830794201272124,0.08597304311522283,0.0,0.00471799033545354,0.0014328840519203805,0.0,0.08051106733533248,0.0,0.2025683527918799,0.0,0.0,0.0,0.08597304311522283,0.0,1,0,0,Off,0,0,Off,0,0,Off,0.04425082246843692,0.033188116851327686,On,0.0,0,Off,0.005430788559941521,0.0,On,0.07508027877539096,0,On,0.08793762863824944,0,On,0.07037990168519354,0.05278492626389514,On,0,0,Off,Off,0.0,23.888888888888914,0.0,0.0,0.0,0.0,0,0.0,1667.2815511111112,Off,0.0,0.0,28.442382901253893,51.666666666666686,46.10666666666668,-0.0,50.49674844384171,0.11761175285183459,312.0665173621492,0.0,28.442382901253893,47.84549473751558,50.49674844384171,46.519867884352514,12.43753247303448,23.456344998209904,0.0,0.0,-201.50146575036786,-571.0441698025063,-0.0,-28.908918627110268,344.15244123147113,0.0,1.0,0.01854909027520495,0.0,0.000939041443253465,0.36264355327613995,65.99961422222222,54.299181447777684,0.1965725058757574,11.523558108426318,0.0034583011449760784,-7.728693047999527,1.2037483429628888
2025-01-01 20:37:00,0.2830794201272124,0.08597304311522283,0.0,0.00471799033545354,0.0014328840519203805,0.0,0.08051106733533248,0.0,0.2025683527918799,0.0,0.0,0.0,0.08597304311522283,0.0,1,0,0,Off,0,0,Off,0,0,Off,0.04425082246843692,0.033188116851327686,On,0.0,0,Off,0.005430788559941521,0.0,On,0.07508027877539096,0,On,0.08793762863824944,0,On,0.07037990168519354,0.05278492626389514,On,0,0,Off,Off,0.0,23.888888888888914,0.0,0.0,0.0,0.0,0,0.0,1667.2815511111112,Off,0.0,0.0,28.409655233018498,51.666666666666686,46.10666666666668,-0.0,50.485355050874986,0.11761175285183459,311.97309724370035,0.0,28.409655233018498,47.79770716611345,50.485355050874986,46.45388322373268,12.43753247303448,23.437768006842955,0.0,0.0,-199.59732025335177,-570.2993739059757,-0.0,-28.10692227712129,344.15244123147113,0.0,1.0,0.018539580254060207,0.0,0.0009137140335301054,0.3619952833496259,65.99961422222222,54.656534698274086,0.19678985765111467,11.515479556779578,0.003458247049238804,-7.6172880174239515,1.2038237798493296
2025-01-01 20:38:00,0.2830794201272124,0.08597304311522283,0.0,0.00471799033545354,0.0014328840519203805,0.0,0.08051106733533248,0.0,0.2025683527918799,0.0,0.0,0.0,0.08597304311522283,0.0,1,0,0,Off,0,0,Off,0,0,Off,0.04425082246843692,0.033188116851327686,On,0.0,0,Off,0.005430788559941521,0.0,On,0.07508027877539096,0,On,0.08793762863824944,0,On,0.07037990168519354,0.05278492626389514,On,0,0,Off,Off,0.0,23.888888888888914,0.0,0.0,0.0,0.0,0,0.0,1667.2815511111112,Off,0.0,0.0,28.376506139311346,51.666666666666686,46.10666666666668,-0.0,50.47396035803238,0.11761175285183459,311.87966646692,0.0,28.376506139311346,47.74993729849633,50.47396035803238,46.3879257687283,12.43753247303448,23.419570372143195,0.0,0.0,-197.67209430558978,-569.5701589338194,-0.0,-27.32187612508898,344.15244123147113,0.0,1.0,0.01853026189668375,0.0,0.0008888835065628443,0.3613598261935614,65.99961422222222,55.067499521847395,0.19700301608819878,11.507593548589956,0.00345819373660404,-7.508078784196328,1.2038976856520351
2025-01-01 20:39:00,0.2830794201272124,0.08597304311522283,0.0,0.00471799033545354,0.0014328840519203805,0.0,0.08051106733533248,0.0,0.2025683527918799,0.0,0.0,0.0,0.08597304311522283,0.0,1,0,0,Off,0,0,Off,0,0,Off,0.04425082246843692,0.033188116851327686,On,0.0,0,Off,0.005430788559941521,0.0,On,0.07508027877539096,0,On,0.08793762863824944,0,On,0.07037990168519354,0.05278492626389514,On,0,0,Off,Off,0.0,23.888888888888914,0.0,0.0,0.0,0.0,0,0.0,1667.2815511111112,Off,0.0,0.0,28.342951827269417,51.666666666666686,46.10666666666668,-0.0,50.46256443242182,0.11761175285183459,311.78622558205956,0.0,28.342951827269417,47.70218519530356,50.46256443242182,46.32199557674442,12.43753247303448,23.401738224862072,0.0,0.0,-195.9952481053894,-568.8559466289906,-0.0,-26.55314733926734,344.15244123147113,0.0,1.0,0.018521128252869962,0.0,0.0008645321373579183,0.3607367226412027,65.99961422222222,55.26140463139744,0.19721212934484286,11.499893052812356,0.00345814119153962,-7.400987266187207,1.2039701161245286
2025-01-01 20:40:00,0.2830794201272124,0.08597304311522283,0.0,0.00471799033545354,0.0014328840519203805,0.0,0.08051106733533248,0.0,0.2025683527918799,0.0,0.0,0.0,0.08597304311522283,0.0,1,0,0,Off,0,0,Off,0,0,Off,0.04425082246843692,0.033188116851327686,On,0.0,0,Off,0.005430788559941521,0.0,On,0.07508027877539096,0,On,0.08793762863824944,0,On,0.07037990168519354,0.05278492626389514,On,0,0,Off,Off,0.0,23.888888888888914,0.0,0.0,0.0,0.0,0,0.0,1667.2815511111112,Off,0.0,0.0,28.309018964536904,51.666666666666686,46.10666666666668,-0.0,50.45116733872929,0.11761175285183459,311.6927751195118,0.0,28.309018964536904,47.65445091482271,50.45116733872929,46.256092702869424,12.43753247303448,23.384248702761482,-0.004640186127431889,0.0,-194.26130875968033,-568.1558003554309,-0.0,-25.799718176845776,344.15244123147113,0.0,1.0,0.018512167754060047,0.0,0.0008406298247742176,0.36012519728481684,65.99961422222222,55.54176854112522,0.1974174538313529,11.49236644877087,0.003458089399067987,-7.295882758002242,1.2040411635730217
2025-01-01 20:41:00,0.2830794201272124,0.08597304311522283,0.0,0.00471799033545354,0.0014328840519203805,0.0,0.08051106733533248,0.0,0.2025683527918799,0.0,0.0,0.0,0.08597304311522283,0.0,1,0,0,Off,0,0,Off,0,0,Off,0.04425082246843692,0.033188116851327686,On,0.0,0,Off,0.005430788559941521,0.0,On,0.07508027877539096,0,On,0.08793762863824944,0,On,0.07037990168519354,0.05278492626389514,On,0,0,Off,Off,0.0,23.888888888888914,0.0,0.0,0.0,0.0,0,0.0,1667.2815511111112,Off,0.0,0.0,28.27472017645937,51.666666666666686,46.10666666666668,-0.0,50.43976913766453,0.11761175285183459,311.5993155770661,0.0,28.27472017645937,47.606734511524365,50.43976913766453,46.19021719845429,12.43753247303448,23.36709100899471,-0.021797879894204897,0.0,-192.5044272686622,-567.469268311313,-0.0,-25.061093462022324,344.15244123147113,0.0,1.0,0.018503375000916367,0.0,0.0008171628600095733,0.3595248945519038,65.99961422222222,55.87349327320203,0.19761910361664256,11.485008266912988,0.0034580383451355964,-7.192704602266246,1.2041108713610496
2025-01-01 20:42:00,0.2830794201272124,0.08597304311522283,0.0,0.00471799033545354,0.0014328840519203805,0.0,0.08051106733533248,0.0,0.2025683527918799,0.0,0.0,0.0,0.08597304311522283,0.0,1,0,0,Off,0,0,Off,0,0,Off,0.04425082246843692,0.033188116851327686,On,0.0,0,Off,0.005430788559941521,0.0,On,0.07508027877539096,0,On,0.08793762863824944,0,On,0.07037990168519354,0.05278492626389514,On,0,0,Off,Off,0.0,23.888888888888914,0.0,0.0,0.0,0.0,0,0.0,1667.2815511111112,Off,0.0,0.0,28.24006897368116,51.666666666666686,46.10666666666668,-0.0,50.428369888048856,0.11761175285183459,311.5058474370279,0.0,28.24006897368116,47.55903603803737,50.428369888048856,46.12436911303163,12.43753247303448,23.350253584028074,-0.03863530486083988,0.0,-190.95656429145725,-566.7958693879216,-0.0,-24.336747038026697,344.15244123147113,0.0,1.0,0.018494744195150643,0.0,0.0007941164276593183,0.35893543085398183,65.99961422222222,56.02361090301996,0.19781720272534536,11.477812646663887,0.0034579880161201815,-7.0913875278112135,1.2041792859787266
2025-01-01 20:43:00,2.7829759979049906,0.08597304311522283,0.0,0.04638293329841651,0.0014328840519203805,0.0,0.08051106733533248,2.499896577777778,0.2025683527918799,0.0,0.0,0.0,0.08597304311522283,0.0,1,0,0,Off,0,0,Off,0,0,Off,0.04425082246843692,0.033188116851327686,On,0.0,0,Off,0.005430788559941521,0.0,On,0.07508027877539096,0,On,0.08793762863824944,0,On,0.07037990168519354,0.05278492626389514,On,0,0,Off,Off,0.0,23.888888888888914,0.0,0.0,0.0,0.0,0,0.0,1667.2815511111112,Lower On,2499.896577777778,1.0,28.403161299691646,51.666666666666686,46.10666666666668,-0.0,50.41696964668396,0.11761175285183459,311.41237116514253,2499.896577777778,28.403161299691646,47.51135554502676,50.41696964668396,46.05854849419816,12.43753247303448,23.3337170784699,-0.05517181041901509,0.0,-189.36820275449696,-566.1348123506286,-0.0,-23.625819809812768,344.15244123147113,0.0,1.0,0.018486265535845755,0.0,0.0007714649743809536,0.35835614830375234,65.99961422222222,56.239988174473396,0.19801196917814431,11.47076975049934,0.0034579383988628683,-6.991820623611672,1.2042464855862025
2025-01-01 20:44:00,2.7829759979049906,0.08597304311522283,0.0,0.04638293329841651,0.0014328840519203805,0.0,0.08051106733533248,2.499896577777778,0.2025683527918799,0.0,0.0,0.0,0.08597304311522283,0.0,1,0,0,Off,0,0,Off,0,0,Off,0.04425082246843692,0.033188116851327686,On,0.0,0,Off,0.005430788559941521,0.0,On,0.07508027877539096,0,On,0.08793762863824944,0,On,0.07037990168519354,0.05278492626389514,On,0,0,Off,Off,0.0,23.888888888888914,0.0,0.0,0.0,0.0,0,0.0,1667.2815511111112,Lower On,2499.896577777778,1.0,28.763966811532327,51.666666666666686,46.10666666666668,-0.0,50.40557822510916,0.11761175285183459,311.3189672111205,2499.896577777778,28.763966811532327,47.81450482279139,50.40557822510916,46.51896812163251,12.43753247303448,23.317472027930307,-0.07141686095860678,0.0,-187.75866854642953,-565.4857025847195,-0.0,-22.92787989386276,344.15244123147113,0.0,1.0,0.018477934280505637,0.0,0.0007491964092702257,0.357786733658048,65.99961422222222,56.50247270068164,0.19820350395226308,11.463874782126622,0.0034578894809884765,-6.893950473725481,1.204312508230832
2025-01-01 20:45:00,2.7829759979049906,0.08597304311522283,0.0,0.04638293329841651,0.0014328840519203805,0.0,0.08051106733533248,2.499896577777778,0.2025683527918799,0.0,0.0,0.0,0.08597304311522283,0.0,1,0,0,Off,0,0,Off,0,0,Off,0.04425082246843692,0.033188116851327686,On,0.0,0,Off,0.005430788559941521,0.0,On,0.07508027877539096,0,On,0.08793762863824944,0,On,0.07037990168519354,0.05278492626389514,On,0,0,Off,Off,0.0,23.888888888888914,0.0,0.0,0.0,0.0,0,0.0,1667.2815511111112,Lower On,2499.896577777778,1.0,29.118358520055494,51.666666666666686,46.10666666666668,-0.0,50.394205426488476,0.14630902054768222,387.1647906492627,2499.896577777778,29.118358520055494,48.11761657298765,50.394205426488476,46.97932214623724,12.43753247303448,23.301508666431303,-0.08738022245761101,0.0,-186.3221630710529,-564.8481343988989,-0.0,-22.242483941155626,344.15244123147113,0.0,1.0,0.01846974552543136,0.0,0.000727298176675077,0.35722686202574155,65.99961422222222,56.61601403753057,0.1983919123310835,11.457122789667736,0.0034578412505012384,-6.7977217679259345,1.2043773932088075
2025-01-01 20:46:00,2.7829759979049906,0.08597304311522283,0.0,0.04638293329841651,0.0014328840519203805,0.0,0.08051106733533248,2.499896577777778,0.2025683527918799,0.0,0.0,0.0,0.08597304311522283,0.0,1,0,0,Off,0,0,Off,0,0,Off,0.04425082246843692,0.033188116851327686,On,0.0,0,Off,0.005430788559941521,0.0,On,0.07508027877539096,0,On,0.08793762863824944,0,On,0.07037990168519354,0.05278492626389514,On,0,0,Off,Off,0.0,23.888888888888914,0.0,0.0,0.0,0.0,0,0.0,1667.2815511111112,Lower On,2499.896577777778,1.0,29.46635981485423,51.666666666666686,46.10666666666668,-0.0,50.381252564306536,0.14630902054768222,387.0326691595545,2499.896577777778,29.46635981485423,48.410034261385924,50.381252564306536,47.42442510992562,12.43753247303448,23.285810684289558,-0.10307820459935613,0.0,-184.85878682030608,-564.2214418798118,-0.0,-21.568909378774045,344.15244123147113,0.0,1.0,0.018461691002567625,0.0,0.0007057486842163151,0.35667597775099996,65.99961422222222,56.77912320680863,0.19857737877233794,11.450505479286278,0.0034577936957978592,-6.703040804968359,1.2044412064272612
2025-01-01 20:47:00,2.7829759979049906,0.08597304311522283,0.0,0.04638293329841651,0.0014328840519203805,0.0,0.08051106733533248,2.499896577777778,0.2025683527918799,0.0,0.0,0.0,0.08597304311522283,0.0,1,0,0,Off,0,0,Off,0,0,Off,0.04425082246843692,0.033188116851327686,On,0.0,0,Off,0.005430788559941521,0.0,On,0.07508027877539096,0,On,0.08793762863824944,0,On,0.07037990168519354,0.05278492626389514,On,0,0,Off,Off,0.0,23.888888888888914,0.0,0.0,0.0,0.0,0,0.0,1667.2815511111112,Lower On,2499.896577777778,1.0,29.814028507111914,51.666666666666686,46.10666666666668,-0.0,50.368318994734516,0.14630902054768222,386.90074445788633,2499.896577777778,29.814028507111914,48.70242165286218,50.368318994734516,47.86947298192601,12.43753247303448,23.270369726712843,-0.11851916217607084,0.0,-183.37628678870828,-563.6052778599569,-0.0,-20.906776764717836,344.15244123147113,0.0,1.0,0.018453766517534644,0.0,0.0006845371968751966,0.35613380302114156,65.99961422222222,56.98332660449538,0.19875999323623483,11.444018615373835,0.003457746805936869,-6.609860229973235,1.2045039815021554
2025-01-01 20:48:00,2.7829759979049906,0.08597304311522283,0.0,0.04638293329841651,0.0014328840519203805,0.0,0.08051106733533248,2.499896577777778,0.2025683527918799,0.0,0.0,0.0,0.08597304311522283,0.0,1,0,0,Off,0,0,Off,0,0,Off,0.04425082246843692,0.033188116851327686,On,0.0,0,Off,0.005430788559941521,0.0,On,0.07508027877539096,0,On,0.08793762863824944,0,On,0.07037990168519354,0.05278492626389514,On,0,0,Off,Off,0.0,23.888888888888914,0.0,0.0,0.0,0.0,0,0.0,1667.2815511111112,Lower On,2499.896577777778,1.0,30.161374272444903,51.666666666666686,46.10666666666668,-0.0,50.355404751981865,0.14630902054768222,386.7690168932008,2499.896577777778,30.161374272444903,48.99477876647683,50.355404751981865,48.314465773724315,12.43753247303448,23.255177497246574,-0.1337113916423398,0.0,-182.03628289785922,-562.9992982919503,-0.0,-20.255710372789274,344.15244123147113,0.0,1.0,0.018445967900565588,0.0,0.000663653017815789,0.3556000611920157,65.99961422222222,57.06628453540918,0.19893984555430422,11.437657990646539,0.003457700570312848,-6.518132922361153,1.2045657518317316
2025-01-01 20:49:00,2.7829759979049906,0.08597304311522283,0.0,0.04638293329841651,0.0014328840519203805,0.0,0.08051106733533248,2.499896577777778,0.2025683527918799,0.0,0.0,0.0,0.08597304311522283,0.0,1,0,0,Off,0,0,Off,0,0,Off,0.04425082246843692,0.033188116851327686,On,0.0,0,Off,0.005430788559941521,0.0,On,0.07508027877539096,0,On,0.08793762863824944,0,On,0.07037990168519354,0.05278492626389514,On,0,0,Off,Off,0.0,23.888888888888914,0.0,0.0,0.0,0.0,0,0.0,1667.2815511111112,Lower On,2499.896577777778,1.0,30.50841313776658,51.666666666666686,46.10666666666668,-0.0,50.3425098688092,0.14630902054768222,386.637486799662,2499.896577777778,30.50841313776658,49.28710561988345,50.3425098688092,48.75940349542058,12.43753247303448,23.240220238802035,-0.14866865008687924,0.0,-180.68076148206382,-562.4029422215143,-0.0,-19.61510184801122,344.15244123147113,0.0,1.0,0.018438288172682542,0.0,0.0006430778953281113,0.3550742827601089,65.99961422222222,57.184841355990635,0.1991170918080529,11.43068019167356,0.0034576549786545776,-6.427779681377834,1.204626573026725
2025-01-01 20:50:00,2.7829759979049906,0.08597304311522283,0.0,0.04638293329841651,0.0014328840519203805,0.0,0.08051106733533248,2.499896577777778,0.2025683527918799,0.0,0.0,0.0,0.08597304311522283,0.0,1,0,0,Off,0,0,Off,0,0,Off,0.04425082246843692,0.033188116851327686,On,0.0,0,Off,0.005430788559941521,0.0,On,0.07508027877539096,0,On,0.08793762863824944,0,On,0.07037990168519354,0.05278492626389514,On,0,0,Off,Off,0.0,23.888888888888914,0.0,0.0,0.0,0.0,0,0.0,1667.2815511111112,Lower On,2499.896577777778,1.0,30.855153766401827,51.666666666666686,46.10666666666668,-0.0,50.329634375584625,0.14630902054768222,386.5061544870298,2499.896577777778,30.855153766401827,49.57940222843946,50.329634375584625,49.204286154866885,12.43753247303448,23.225490521093,-0.16339836779591366,0.0,-179.30827292716924,-561.815901894903,-0.0,-18.9846152625483,344.15244123147113,0.0,1.0,0.01843072359695928,0.0,0.0006228022299092859,0.35455621955540106,65.99961422222222,57.33980299881093,0.19929181270112553,11.424554727362136,0.0034576100212500563,-6.338758223747312,1.204686475007933
2025-01-01 20:51:00,2.7829759979049906,0.08597304311522283,0.0,0.04638293329841651,0.0014328840519203805,0.0,0.08051106733533248,2.499896577777778,0.2025683527918799,0.0,0.0,0.0,0.08597304311522283,0.0,1,0,0,Off,0,0,Off,0,0,Off,0.04425082246843692,0.033188116851327686,On,0.0,0,Off,0.005430788559941521,0.0,On,0.07508027877539096,0,On,0.08793762863824944,0,On,0.07037990168519354,0.05278492626389514,On,0,0,Off,Off,0.0,23.888888888888914,0.0,0.0,0.0,0.0,0,0.0,1667.2815511111112,Lower On,2499.896577777778,1.0,31.20160441941033,51.666666666666686,46.10666666666668,-0.0,50.316778301378704,0.14630902054768222,386.3750202518293,2499.896577777778,31.20160441941033,49.87166860624299,50.316778301378704,49.64911375867514,12.43753247303448,23.210981258265416,-0.17790763062349768,0.0,-178.05222848482322,-561.2378839365151,-0.0,-18.363930430330495,344.15244123147113,0.0,1.0,0.018423270608967462,0.0,0.0006028168615226636,0.3540456347955644,65.99961422222222,57.39714465055141,0.19946408526365547,11.41854113616159,0.0034575656886870775,-6.2510281970762795,1.2047454863120577
2025-01-01 20:52:00,2.7829759979049906,0.08597304311522283,0.0,0.04638293329841651,0.0014328840519203805,0.0,0.08051106733533248,2.499896577777778,0.2025683527918799,0.0,0.0,0.0,0.08597304311522283,0.0,1,0,0,Off,0,0,Off,0,0,Off,0.04425082246843692,0.033188116851327686,On,0.0,0,Off,0.005430788559941521,0.0,On,0.07508027877539096,0,On,0.08793762863824944,0,On,0.07037990168519354,0.05278492626389514,On,0,0,Off,Off,0.0,23.888888888888914,0.0,0.0,0.0,0.0,0,0.0,1667.2815511111112,Lower On,2499.896577777778,1.0,31.547778611726187,51.666666666666686,46.10666666666668,-0.0,50.303941674024564,0.14630902054768222,386.24408437796325,2499.896577777778,31.547778611726187,50.16390476619118,50.303941674024564,50.0938863122745,12.43753247303448,23.19668084767214,-0.19220804121677304,0.0,-176.79014864311165,-560.6684157593332,-0.0,-17.75253506193265,344.15244123147113,0.0,1.0,0.01841592331920593,0.0,0.0005831063695273333,0.3535421319322917,65.99961422222222,57.47836094668317,0.19963404147516647,11.412633516094843,0.0034575219718395106,-6.164522677800817,1.204803653854006
2025-01-01 20:53:00,2.7829759979049906,0.08597304311522283,0.0,0.04638293329841651,0.0014328840519203805,0.0,0.08051106733533248,2.499896577777778,0.2025683527918799,0.0,0.0,0.0,0.08597304311522283,0.0,1,0,0,Off,0,0,Off,0,0,Off,0.04425082246843692,0.033188116851327686,On,0.0,0,Off,0.005430788559941521,0.0,On,0.07508027877539096,0,On,0.08793762863824944,0,On,0.07037990168519354,0.05278492626389514,On,0,0,Off,Off,0.0,23.888888888888914,0.0,0.0,0.0,0.0,0,0.0,1667.2815511111112,Lower On,2499.896577777778,1.0,31.89921958699307,51.666666666666686,46.10666666666668,-0.0,50.45611071924463,0.14630902054768222,387.79623560597446,2499.896577777778,31.89921958699307,50.45611071924463,50.456110719244634,50.45611071924463,12.43753247303448,23.182582633343937,-0.20630625554497684,0.0,-175.54351130890916,-560.1072225314633,-0.0,-17.150129540038158,344.15244123147113,0.0,1.0,0.018408678374463704,0.0,0.0005636621098297245,0.35304548771456984,65.99961422222222,57.561399531121246,0.1998017542285969,11.406093814173554,0.003457478862053621,-6.079203646685136,1.2048610044574728
2025-01-01 20:54:00,2.7829759979049906,0.08597304311522283,0.0,0.04638293329841651,0.0014328840519203805,0.0,0.08051106733533248,2.499896577777778,0.2025683527918799,0.0,0.0,0.0,0.08597304311522283,0.0,1,0,0,Off,0,0,Off,0,0,Off,0.04425082246843692,0.033188116851327686,On,0.0,0,Off,0.005430788559941521,0.0,On,0.07508027877539096,0,On,0.08793762863824944,0,On,0.07037990168519354,0.05278492626389514,On,0,0,Off,Off,0.0,23.888888888888914,0.0,0.0,0.0,0.0,0,0.0,1667.2815511111112,Lower On,2499.896577777778,1.0,32.25482141407889,51.666666666666686,46.10666666666668,-0.0,50.748049519080446,0.14630902054768222,390.7740631004821,2499.896577777778,32.25482141407889,50.74804951908045,50.74804951908045,50.748049519080446,12.43753247303448,23.168679479100252,-0.2202094097886622,0.0,-174.30216928144137,-559.5540108710038,-0.0,-16.556394596429595,344.15244123147113,0.0,1.0,0.01840153217093138,0.0,0.000544474745747232,0.35255546134014676,65.99961422222222,57.65579495452089,0.1999673026262277,11.40038817866909,0.0034574363509450126,-5.995030192428934,1.2049175669123153
2025-01-01 20:55:00,2.7829759979049906,0.08597304311522283,0.0,0.04638293329841651,0.0014328840519203805,0.0,0.08051106733533248,2.499896577777778,0.2025683527918799,0.0,0.0,0.0,0.08597304311522283,0.0,1,0,0,Off,0,0,Off,0,0,Off,0.04425082246843692,0.033188116851327686,On,0.0,0,Off,0.005430788559941521,0.0,On,0.07508027877539096,0,On,0.08793762863824944,0,On,0.07037990168519354,0.05278492626389514,On,0,0,Off,Off,0.0,23.888888888888914,0.0,0.0,0.0,0.0,0,0.0,1667.2815511111112,Lower On,2499.896577777778,1.0,32.609659994650826,51.666666666666686,46.10666666666668,-0.0,51.03952050003812,0.14630902054768222,393.74711875952795,2499.896577777778,32.609659994650826,51.039520500038115,51.03952050003812,51.03952050003812,12.43753247303448,23.154964839481057,-0.23392404940785738,0.0,-173.14337022012455,-559.008511456465,-0.0,-15.971037043117054,344.15244123147113,0.0,1.0,0.018394481404667932,0.0,0.0005255357259900301,0.352071832201778,65.99961422222222,57.6837370479864,0.20013075904015806,11.394044343098013,0.00345739443041878,-5.911964797699958,1.2049733676199583
2025-01-01 20:56:00,2.7829759979049906,0.08597304311522283,0.0,0.04638293329841651,0.0014328840519203805,0.0,0.08051106733533248,2.499896577777778,0.2025683527918799,0.0,0.0,0.0,0.08597304311522283,0.0,1,0,0,Off,0,0,Off,0,0,Off,0.04425082246843692,0.033188116851327686,On,0.0,0,Off,0.005430788559941521,0.0,On,0.07508027877539096,0,On,0.08793762863824944,0,On,0.07037990168519354,0.05278492626389514,On,0,0,Off,Off,0.0,23.888888888888914,0.0,0.0,0.0,0.0,0,0.0,1667.2815511111112,Lower On,2499.896577777778,1.0,32.96374676023953,51.666666666666686,46.10666666666668,-0.0,51.33052443892003,0.14630902054768222,396.71541050663353,2499.896577777778,32.96374676023953,51.33052443892003,51.33052443892004,51.33052443892003,12.43753247303448,23.14142966542134,-0.24745922346757254,0.0,-171.98674723047634,-558.4703559609675,-0.0,-15.393657720202159,344.15244123147113,0.0,1.0,0.018387521480709903,0.0,0.0005068330108764018,0.35159429075481763,65.99961422222222,57.724825219222105,0.20029222654362475,11.388525797158449,0.0034573530926455525,-5.8299551671056795,1.205028443176686
2025-01-01 20:57:00,2.7829759979049906,0.08597304311522283,0.0,0.04638293329841651,0.0014328840519203805,0.0,0.08051106733533248,2.499896577777778,0.2025683527918799,0.0,0.0,0.0,0.08597304311522283,0.0,1,0,0,Off,0,0,Off,0,0,Off,0.04425082246843692,0.033188116851327686,On,0.0,0,Off,0.005430788559941521,0.0,On,0.07508027877539096,0,On,0.08793762863824944,0,On,0.07037990168519354,0.05278492626389514,On,0,0,Off,Off,0.0,23.888888888888914,0.0,0.0,0.0,0.0,0,0.0,1667.2815511111112,Lower On,2499.896577777778,1.0,33.317089278953006,51.666666666666686,46.10666666666668,-0.0,51.62106210981224,0.14630902054768222,399.6789462376142,2499.896577777778,33.317089278953006,51.62106210981224,51.62106210981225,51.62106210981224,12.43753247303448,23.12806822576144,-0.2608206631274754,0.0,-170.84192333184808,-557.9393085568576,-0.0,-14.823999894691365,344.15244123147113,0.0,1.0,0.018380649506249413,0.0,0.0004883591139146872,0.3511226438567867,65.99961422222222,57.76894388822974,0.2004517684777602,11.383095375705697,0.003457312330165034,-5.748968421594355,1.2050828166993923
2025-01-01 20:58:00,0.2830794201272124,0.08597304311522283,0.0,0.00471799033545354,0.0014328840519203805,0.0,0.08051106733533248,0.0,0.2025683527918799,0.0,0.0,0.0,0.08597304311522283,0.0,1,0,0,Off,0,0,Off,0,0,Off,0.04425082246843692,0.033188116851327686,On,0.0,0,Off,0.005430788559941521,0.0,On,0.07508027877539096,0,On,0.08793762863824944,0,On,0.07037990168519354,0.05278492626389514,On,0,0,Off,Off,0.0,23.888888888888914,0.0,0.0,0.0,0.0,0,0.0,1667.2815511111112,Off,0.0,0.0,33.471621863445705,51.666666666666686,46.10666666666668,-0.0,51.91113428463059,0.14630902054768222,402.6377338261481,0.0,33.471621863445705,51.91113428463059,51.91113428463059,51.91113428463059,12.43753247303448,23.11487468701849,-0.27401420187042547,0.0,-169.70156359044825,-557.415129793764,-0.0,-14.261803153795732,344.15244123147113,0.0,1.0,0.018373862532841463,0.0,0.0004701063832179088,0.35065669425213986,65.99961422222222,57.822928125640374,0.20060944974972666,11.377017484901177,0.003457272135749637,-5.668971022822645,1.2051365117319326
2025-01-01 20:59:00,0.2830794201272124,0.08597304311522283,0.0,0.00471799033545354,0.0014328840519203805,0.0,0.08051106733533248,0.0,0.2025683527918799,0.0,0.0,0.0,0.08597304311522283,0.0,1,0,0,Off,0,0,Off,0,0,Off,0.04425082246843692,0.033188116851327686,On,0.0,0,Off,0.005430788559941521,0.0,On,0.07508027877539096,0,On,0.08793762863824944,0,On,0.07037990168519354,0.05278492626389514,On,0,0,Off,Off,0.0,23.888888888888914,0.0,0.0,0.0,0.0,0,0.0,1667.2815511111112,Off,0.0,0.0,33.41722527169077,51.666666666666686,46.10666666666668,-0.0,51.89767795336342,0.14630902054768222,402.50047686254777,0.0,33.41722527169077,51.84992999024054,51.89767795336342,51.8260560086791,12.43753247303448,23.101843651142673,-0.28704523774624136,0.0,-168.62330851058437,-556.8975979486327,-0.0,-13.706826296735105,344.15244123147113,0.0,1.0,0.01836715783313318,0.0,0.0004520677462262919,0.3501962595798792,65.99961422222222,57.828674503312364,0.20076533030145421,11.37175504074608,0.0034572325024089965,-5.589931937385265,1.2051895500573797
2025-01-01 21:00:00,0.2561084258760775,0.08251475772307032,0.0,0.004268473764601292,0.001375245962051172,0.0,0.06276969320641543,0.0,0.19333873266966206,0.0,0.0,0.0,0.08251475772307032,0.0,1,0,0,Off,0,0,Off,0,0,Off,0.04330931560740634,0.032481986705554744,On,0.0,0,Off,0.00504287509137427,0.0,On,0.05772681811504116,0,On,0.08331905570556827,0,On,0.06671036135668745,0.050032771017515576,On,0,0,Off,Off,0.0,23.888888888888914,0.0,0.0,0.0,0.0,0,0.0,1667.2815511111112,Off,0.0,0.0,33.35907424323938,51.666666666666686,46.10666666666668,-0.0,51.88422192936512,0.16277466594693907,447.6452577796398,0.0,33.35907424323938,51.78875259282133,51.88422192936512,51.74101792454944,12.43753247303448,23.08896785984127,-0.2999210290476455,0.0,-194.2695757720826,-556.386417860126,-0.0,-13.158749577213014,317.43831480333165,0.0,1.0,0.01836053171963787,0.0,0.0004342335313151532,0.3497410912479034,65.99961422222222,57.83727686192484,0.20091949297976627,11.365839471552757,0.0034571934233722885,-5.588869477453329,1.2052419610369123
2025-01-01 21:01:00,1.9233899769871887,0.08251475772307032,0.0,0.03205649961645315,0.001375245962051172,0.0,0.06276969320641543,0.0,0.19333873266966206,1.6672815511111112,0.0,0.0,0.08251475772307032,0.0,1,0,0,Off,0,0,Off,0,0,Off,0.04330931560740634,0.032481986705554744,On,0.0,0,Off,0.00504287509137427,0.0,On,0.05772681811504116,0,On,0.08331905570556827,0,On,0.06671036135668745,0.050032771017515576,On,0,0,Off,On,1667.2815511111112,23.888888888888914,1.0,0.0,1.6672815511111112,0.0,1,1667.2815511111112,1667.2815511111112,Off,0.0,0.0,33.298299736558135,51.666666666666686,46.10666666666668,-0.0,51.869812929893705,0.16277466594693907,447.48174291003664,0.0,33.298299736558135,51.721247664628564,51.869812929893705,51.646965031996004,12.43753247303448,23.075277728685464,-0.31361116020345037,0.0,1474.1795033576539,-555.8431107910557,-0.0,-12.576323923937155,317.43831480333165,0.0,1.0,0.01835348512479796,0.0,0.0004152599350095885,0.34925689631786905,65.99961422222222,57.87907215820377,0.20108369604107848,11.360238297158784,0.0034571543534622664,-5.5059217080050615,1.2052976899876684
2025-01-01 21:02:00,1.9233899769871887,0.08251475772307032,0.0,0.03205649961645315,0.001375245962051172,0.0,0.06276969320641543,0.0,0.19333873266966206,1.6672815511111112,0.0,0.0,0.08251475772307032,0.0,1,0,0,Off,0,0,Off,0,0,Off,0.04330931560740634,0.032481986705554744,On,0.0,0,Off,0.00504287509137427,0.0,On,0.05772681811504116,0,On,0.08331905570556827,0,On,0.06671036135668745,0.050032771017515576,On,0,0,Off,On,1667.2815511111112,23.888888888888914,1.0,0.0,1.6672815511111112,0.0,1,1667.2815511111112,1667.2815511111112,Off,0.0,0.0,33.16731980917979,51.666666666666686,46.10666666666668,-0.0,51.85540454378633,0.16277466594693907,447.3182350009543,0.0,33.16731980917979,51.65377421357069,51.85540454378633,51.55295904846288,12.43753247303448,23.121959419142254,-0.26692946974666043,0.0,1468.5524879522777,-557.6965817686414,-0.0,-14.56365695654196,317.43831480333165,0.0,1.0,0.018377507202778955,0.0,0.0004799091824605853,0.3509069305537268,65.99961422222222,56.09286076301815,0.20051450123860973,11.380373081678039,0.0034571158651919023,-5.778255022745725,1.205107806829337
2025-01-01 21:03:00,1.9233899769871887,0.08251475772307032,0.0,0.03205649961645315,0.001375245962051172,0.0,0.06276969320641543,0.0,0.19333873266966206,1.6672815511111112,0.0,0.0,0.08251475772307032,0.0,1,0,0,Off,0,0,Off,0,0,Off,0.04330931560740634,0.032481986705554744,On,0.0,0,Off,0.00504287509137427,0.0,On,0.05772681811504116,0,On,0.08331905570556827,0,On,0.06671036135668745,0.050032771017515576,On,0,0,Off,On,1667.2815511111112,23.888888888888914,1.0,0.0,1.6672815511111112,0.0,1,1667.2815511111112,1667.2815511111112,Off,0.0,0.0,33.03824210180926,51.666666666666686,46.10666666666668,-0.0,51.841007212535345,0.16277466594693907,447.15485254356656,0.0,33.03824210180926,51.58634209141347,51.841007212535345,51.45900953085255,12.43753247303448,23.167046585876918,-0.22184230301199648,0.0,1462.0459589841857,-559.4890515876891,-0.0,-16.486683693808455,317.43831480333165,0.0,1.0,0.018400692768202092,0.0,0.0005422204430192497,0.35249789233578954,65.99961422222222,53.30182835124039,0.19996628419528292,11.398941433958127,0.003457075466854424,-6.040618502710295,1.2049244687186103
2025-01-01 21:04:00,1.9233899769871887,0.08251475772307032,0.0,0.03205649961645315,0.001375245962051172,0.0,0.06276969320641543,0.0,0.19333873266966206,1.6672815511111112,0.0,0.0,0.08251475772307032,0.0,1,0,0,Off,0,0,Off,0,0,Off,0.04330931560740634,0.032481986705554744,On,0.0,0,Off,0.00504287509137427,0.0,On,0.05772681811504116,0,On,0.08331905570556827,0,On,0.06671036135668745,0.050032771017515576,On,0,0,Off,On,1667.2815511111112,23.888888888888914,1.0,0.0,1.6672815511111112,0.0,1,1667.2815511111112,1667.2815511111112,Off,0.0,0.0,32.911013643706724,51.666666666666686,46.10666666666668,-0.0,51.82662065753278,0.16277466594693907,446.9915923762003,0.0,32.911013643706724,51.51895101359018,51.82662065753278,51.36511619161889,12.43753247303448,23.21058447287846,-0.1783044160104552,0.0,1456.7785401970987,-561.2220801516967,-0.0,-18.34696163425917,317.43831480333165,0.0,1.0,0.018423066769087785,0.0,0.0006022701371736591,0.35403166797294733,65.99961422222222,51.62771606861146,0.19943832016450908,11.417434463244412,0.0034570332277917676,-6.293329981665195,1.2047474857354667
2025-01-01 21:05:00,1.9233899769871887,0.08251475772307032,0.0,0.03205649961645315,0.001375245962051172,0.0,0.06276969320641543,0.0,0.19333873266966206,1.6672815511111112,0.0,0.0,0.08251475772307032,0.0,1,0,0,Off,0,0,Off,0,0,Off,0.04330931560740634,0.032481986705554744,On,0.0,0,Off,0.00504287509137427,0.0,On,0.05772681811504116,0,On,0.08331905570556827,0,On,0.06671036135668745,0.050032771017515576,On,0,0,Off,On,1667.2815511111112,23.888888888888914,1.0,0.0,1.6672815511111112,0.0,1,1667.2815511111112,1667.2815511111112,Off,0.0,0.0,32.78549716908981,51.666666666666686,46.10666666666668,-0.0,51.81224460810907,0.16277466594693907,446.82845142726836,0.0,32.78549716908981,51.451600703411785,51.81224460810907,51.27127875106315,12.43753247303448,23.25269078310817,-0.13619810578074265,0.0,1451.5434744572176,-562.900134038617,-0.0,-20.149179515460215,317.43831480333165,0.0,1.0,0.018444691228803028,0.0,0.0006602332673292461,0.35551266814291765,65.99961422222222,49.872922096851916,0.19892902705926943,11.435917088934685,0.003456989215177807,-6.537127413301484,1.2045763739120794
2025-01-01 21:06:00,1.9233899769871887,0.08251475772307032,0.0,0.03205649961645315,0.001375245962051172,0.0,0.06276969320641543,0.0,0.19333873266966206,1.6672815511111112,0.0,0.0,0.08251475772307032,0.0,1,0,0,Off,0,0,Off,0,0,Off,0.04330931560740634,0.032481986705554744,On,0.0,0,Off,0.00504287509137427,0.0,On,0.05772681811504116,0,On,0.08331905570556827,0,On,0.06671036135668745,0.050032771017515576,On,0,0,Off,On,1667.2815511111112,23.888888888888914,1.0,0.0,1.6672815511111112,0.0,1,1667.2815511111112,1667.2815511111112,Off,0.0,0.0,32.661613202632566,51.666666666666686,46.10666666666668,-0.0,51.797878814060006,0.16277466594693907,446.66542685742655,0.0,32.661613202632566,51.38429090388445,51.797878814060006,51.177496948796666,12.43753247303448,23.2934335687342,-0.09545532015471281,0.0,1446.5442850397867,-564.5257272886762,-0.0,-21.895941878423983,317.43831480333165,0.0,1.0,0.018465602485712825,0.0,0.000716214938013791,0.3569435248760034,65.99961422222222,48.24608829244383,0.19843744012778003,11.452952317623476,0.0034569434910640905,-6.772452471438434,1.2044108517355399
2025-01-01 21:07:00,1.9233899769871887,0.08251475772307032,0.0,0.03205649961645315,0.001375245962051172,0.0,0.06276969320641543,0.0,0.19333873266966206,1.6672815511111112,0.0,0.0,0.08251475772307032,0.0,1,0,0,Off,0,0,Off,0,0,Off,0.04330931560740634,0.032481986705554744,On,0.0,0,Off,0.00504287509137427,0.0,On,0.05772681811504116,0,On,0.08331905570556827,0,On,0.06671036135668745,0.050032771017515576,On,0,0,Off,On,1667.2815511111112,23.888888888888914,1.0,0.0,1.6672815511111112,0.0,1,1667.2815511111112,1667.2815511111112,Off,0.0,0.0,32.539278407864,51.666666666666686,46.10666666666668,-0.0,51.78352303705225,0.16277466594693907,446.5025159620426,0.0,32.539278407864,51.317021369566476,51.78352303705225,51.0837705358236,12.43753247303448,23.332884212043258,-0.056004676845656576,0.0,1441.7569813079147,-566.1015260451138,-0.0,-23.590026150529326,317.43831480333165,0.0,1.0,0.018485838450258505,0.0,0.0007703236829312248,0.3583269632679683,65.99961422222222,46.728667589114856,0.19796256927402586,11.469312875022375,0.0034568961144528457,-6.99976219856071,1.204250624635155
2025-01-01 21:08:00,1.9233899769871887,0.08251475772307032,0.0,0.03205649961645315,0.001375245962051172,0.0,0.06276969320641543,0.0,0.19333873266966206,1.6672815511111112,0.0,0.0,0.08251475772307032,0.0,1,0,0,Off,0,0,Off,0,0,Off,0.04330931560740634,0.032481986705554744,On,0.0,0,Off,0.00504287509137427,0.0,On,0.05772681811504116,0,On,0.08331905570556827,0,On,0.06671036135668745,0.050032771017515576,On,0,0,Off,On,1667.2815511111112,23.888888888888914,1.0,0.0,1.6672815511111112,0.0,1,1667.2815511111112,1667.2815511111112,Off,0.0,0.0,32.41841517898098,51.666666666666686,46.10666666666668,-0.0,51.769177051194255,0.16277466594693907,446.33971617767503,0.0,32.41841517898098,51.24979186709136,51.769177051194255,50.990099275039924,12.43753247303448,23.371109181863552,-0.0177797070253618,0.0,1437.165033616554,-567.6300184076835,-0.0,-25.234027246776172,317.43831480333165,0.0,1.0,0.018505434383201205,0.0,0.0008226602193257208,0.35966551365613403,65.99961422222222,45.309213356570744,0.19750349697402148,11.485773849971615,0.0034568471411840006,-7.219481083964908,1.204095418449563
2025-01-01 21:09:00,1.9233899769871887,0.08251475772307032,0.0,0.03205649961645315,0.001375245962051172,0.0,0.06276969320641543,0.0,0.19333873266966206,1.6672815511111112,0.0,0.0,0.08251475772307032,0.0,1,0,0,Off,0,0,Off,0,0,Off,0.04330931560740634,0.032481986705554744,On,0.0,0,Off,0.00504287509137427,0.0,On,0.05772681811504116,0,On,0.08331905570556827,0,On,0.06671036135668745,0.050032771017515576,On,0,0,Off,On,1667.2815511111112,23.888888888888914,1.0,0.0,1.6672815511111112,0.0,1,1667.2815511111112,1667.2815511111112,Off,0.0,0.0,32.29895094580212,51.666666666666686,46.10666666666668,-0.0,51.754840642181485,0.16277466594693907,446.177025072373,0.0,32.29895094580212,51.18260217434366,51.754840642181485,50.896482940424754,12.43753247303448,23.40817063026015,0.0,0.0,1432.7582938746527,-569.113536284765,-0.0,-26.830380077559163,317.43831480333165,0.0,1.0,0.018524423215974146,0.0,0.0008733183871301502,0.36096153505671197,65.99961422222222,43.98234432253378,0.19705936960024814,11.501629364557377,0.0034567966241590502,-7.432004970140092,1.2039449769540578
2025-01-01 21:10:00,1.9233899769871887,0.08251475772307032,0.0,0.03205649961645315,0.001375245962051172,0.0,0.06276969320641543,0.0,0.19333873266966206,1.6672815511111112,0.0,0.0,0.08251475772307032,0.0,1,0,0,Off,0,0,Off,0,0,Off,0.04330931560740634,0.032481986705554744,On,0.0,0,Off,0.00504287509137427,0.0,On,0.05772681811504116,0,On,0.08331905570556827,0,On,0.06671036135668745,0.050032771017515576,On,0,0,Off,On,1667.2815511111112,23.888888888888914,1.0,0.0,1.6672815511111112,0.0,1,1667.2815511111112,1667.2815511111112,Off,0.0,0.0,32.180817584899955,51.666666666666686,46.10666666666668,-0.0,51.74051360654509,0.16277466594693907,446.0144403371503,0.0,32.180817584899955,51.11545207973384,51.74051360654509,50.802921316328224,12.43753247303448,23.44412689787491,0.0,0.0,1428.5261885277337,-570.5542738779208,-0.0,-28.381378576793473,317.43831480333165,0.0,1.0,0.01854283582213585,0.0,0.0009223859454744337,0.3622172350378923,65.99961422222222,42.741975068004955,0.1966293900592921,11.516909677965117,0.003456744613538011,-7.6377043650913095,1.20379905976594
2025-01-01 21:11:00,1.9233899769871887,0.08251475772307032,0.0,0.03205649961645315,0.001375245962051172,0.0,0.06276969320641543,0.0,0.19333873266966206,1.6672815511111112,0.0,0.0,0.08251475772307032,0.0,1,0,0,Off,0,0,Off,0,0,Off,0.04330931560740634,0.032481986705554744,On,0.0,0,Off,0.00504287509137427,0.0,On,0.05772681811504116,0,On,0.08331905570556827,0,On,0.06671036135668745,0.050032771017515576,On,0,0,Off,On,1667.2815511111112,23.888888888888914,1.0,0.0,1.6672815511111112,0.0,1,1667.2815511111112,1667.2815511111112,Off,0.0,0.0,32.06395114784118,51.666666666666686,46.10666666666668,-0.0,51.726195750988374,0.16277466594693907,445.8519597784551,0.0,32.06395114784118,51.048341381556995,51.726195750988374,50.7094141968413,12.43753247303448,23.479032746782753,0.0,0.0,1424.4588406608104,-571.9542954783859,-0.0,-29.889183338751348,317.43831480333165,0.0,1.0,0.018560701147621393,0.0,0.0009699449831616708,0.36343467978193283,65.99961422222222,41.582453563504984,0.19621281384543615,11.531643192217999,0.0034566911569135655,-7.836926121485192,1.2036574413615868
2025-01-01 21:12:00,1.9233899769871887,0.08251475772307032,0.0,0.03205649961645315,0.001375245962051172,0.0,0.06276969320641543,0.0,0.19333873266966206,1.6672815511111112,0.0,0.0,0.08251475772307032,0.0,1,0,0,Off,0,0,Off,0,0,Off,0.04330931560740634,0.032481986705554744,On,0.0,0,Off,0.00504287509137427,0.0,On,0.05772681811504116,0,On,0.08331905570556827,0,On,0.06671036135668745,0.050032771017515576,On,0,0,Off,On,1667.2815511111112,23.888888888888914,1.0,0.0,1.6672815511111112,0.0,1,1667.2815511111112,1667.2815511111112,Off,0.0,0.0,31.948291564936255,51.666666666666686,46.10666666666668,-0.0,51.71188689176369,0.16277466594693907,445.68958131109963,0.0,31.948291564936255,50.981269887390646,51.71188689176369,50.61596138520413,12.43753247303448,23.512939614581523,0.0,0.0,1420.5470782284665,-573.3155442786981,-0.0,-31.355830430608787,317.43831480333165,0.0,1.0,0.018578046350664592,0.0,0.0010160723477964028,0.36461580467429405,65.99961422222222,40.498587023330536,0.195808944972218,11.545856584140003,0.00345663629947381,-8.02999520363391,1.203519910011359
2025-01-01 21:13:00,1.9233899769871887,0.08251475772307032,0.0,0.03205649961645315,0.001375245962051172,0.0,0.06276969320641543,0.0,0.19333873266966206,1.6672815511111112,0.0,0.0,0.08251475772307032,0.0,1,0,0,Off,0,0,Off,0,0,Off,0.04330931560740634,0.032481986705554744,On,0.0,0,Off,0.00504287509137427,0.0,On,0.05772681811504116,0,On,0.08331905570556827,0,On,0.06671036135668745,0.050032771017515576,On,0,0,Off,On,1667.2815511111112,23.888888888888914,1.0,0.0,1.6672815511111112,0.0,1,1667.2815511111112,1667.2815511111112,Off,0.0,0.0,31.83378237017297,51.666666666666686,46.10666666666668,-0.0,51.697586854093636,0.16277466594693907,445.5273029516912,0.0,31.83378237017297,50.91423741353528,51.697586854093636,50.52256269325611,12.43753247303448,23.54589585027704,0.0,0.0,1416.782314240521,-574.6398506055461,-0.0,-32.7832396574498,317.43831480333165,0.0,1.0,0.018594896931301015,0.0,0.0010608400407003298,0.36576242406224946,65.99961422222222,39.4855385890739,0.19541713223869034,11.559574927834927,0.0034565800841529462,-8.217216316235252,1.2033862667920971
2025-01-01 21:14:00,1.9233899769871887,0.08251475772307032,0.0,0.03205649961645315,0.001375245962051172,0.0,0.06276969320641543,0.0,0.19333873266966206,1.6672815511111112,0.0,0.0,0.08251475772307032,0.0,1,0,0,Off,0,0,Off,0,0,Off,0.04330931560740634,0.032481986705554744,On,0.0,0,Off,0.00504287509137427,0.0,On,0.05772681811504116,0,On,0.08331905570556827,0,On,0.06671036135668745,0.050032771017515576,On,0,0,Off,On,1667.2815511111112,23.888888888888914,1.0,0.0,1.6672815511111112,0.0,1,1667.2815511111112,1667.2815511111112,Off,0.0,0.0,31.720370450830387,51.666666666666686,46.10666666666668,-0.0,51.683295471633244,0.16277466594693907,445.36512281252914,0.0,31.720370450830387,50.84724378449425,51.683295471633244,50.42921794092476,12.43753247303448,23.577946928880134,0.0,0.0,1413.1565179337897,-575.9289394322254,-0.0,-34.17322211803832,317.43831480333165,0.0,1.0,0.018611276849006715,0.0,0.0011043155745714274,0.3668762400994327,65.99961422222222,38.53881356961057,0.1950367658524364,11.573568648964198,0.00345652255177085,-8.398875380935031,1.203256324689285
2025-01-01 21:15:00,1.9233899769871887,0.08251475772307032,0.0,0.03205649961645315,0.001375245962051172,0.0,0.06276969320641543,0.0,0.19333873266966206,1.6672815511111112,0.0,0.0,0.08251475772307032,0.0,1,0,0,Off,0,0,Off,0,0,Off,0.04330931560740634,0.032481986705554744,On,0.0,0,Off,0.00504287509137427,0.0,On,0.05772681811504116,0,On,0.08331905570556827,0,On,0.06671036135668745,0.050032771017515576,On,0,0,Off,On,1667.2815511111112,23.888888888888914,1.0,0.0,1.6672815511111112,0.0,1,1667.2815511111112,1667.2815511111112,Off,0.0,0.0,31.643441459783887,51.666666666666686,46.10666666666668,0.0,51.669012585969476,0.0,0.0,0.0,31.643441459783887,50.780288832489745,51.669012585969476,50.33592695574988,12.43753247303448,23.60913564961698,0.0,0.0,1409.6621734417374,-577.1844373515287,-0.0,-35.52748723807523,317.43831480333165,0.0,1.0,0.018627208631097784,0.0,0.0011465623015737027,0.3679588508682185,65.99961422222222,37.65423211689853,0.194667274338593,11.586367214369428,0.0034564637411625444,-8.57524089262477,1.203129907768599
2025-01-01 21:16:00,1.9233899769871887,0.08251475772307032,0.0,0.03205649961645315,0.001375245962051172,0.0,0.06276969320641543,0.0,0.19333873266966206,1.6672815511111112,0.0,0.0,0.08251475772307032,0.0,1,0,0,Off,0,0,Off,0,0,Off,0.04330931560740634,0.032481986705554744,On,0.0,0,Off,0.00504287509137427,0.0,On,0.05772681811504116,0,On,0.08331905570556827,0,On,0.06671036135668745,0.050032771017515576,On,0,0,Off,On,1667.2815511111112,23.888888888888914,1.0,0.0,1.6672815511111112,0.0,1,1667.2815511111112,1667.2815511111112,Off,0.0,0.0,31.60292796561608,51.666666666666686,46.10666666666668,0.0,51.66411079041662,0.0,0.0,0.0,31.60292796561608,50.77584794058649,51.66411079041662,50.33171651567142,12.43753247303448,23.63950231864234,0.0,0.0,1406.2922419786523,-578.407879031134,-0.0,-36.84764929778522,317.43831480333165,0.0,1.0,0.01864271347244623,0.0,0.0011876397139376077,0.3690117578289808,65.99961422222222,36.827904393128634,0.19430812171347228,11.599486118833179,0.0034564036892983986,-8.746565163615976,1.2030068504129074
2025-01-01 21:17:00,1.9233899769871887,0.08251475772307032,0.0,0.03205649961645315,0.001375245962051172,0.0,0.06276969320641543,0.0,0.19333873266966206,1.6672815511111112,0.0,0.0,0.08251475772307032,0.0,1,0,0,Off,0,0,Off,0,0,Off,0.04330931560740634,0.032481986705554744,On,0.0,0,Off,0.00504287509137427,0.0,On,0.05772681811504116,0,On,0.08331905570556827,0,On,0.06671036135668745,0.050032771017515576,On,0,0,Off,On,1667.2815511111112,23.888888888888914,1.0,0.0,1.6672815511111112,0.0,1,1667.2815511111112,1667.2815511111112,Off,0.0,0.0,31.563333345943494,51.666666666666686,46.10666666666668,0.0,51.65921511943503,0.0,0.0,0.0,31.563333345943494,50.771412734412706,51.65921511943503,50.32751154190155,12.43753247303448,23.66908491761239,0.0,0.0,1403.0401277070591,-579.6007131939596,-0.0,-38.135233493517966,317.43831480333165,0.0,1.0,0.0186578113272945,0.0,0.0012276037196770572,0.3700363726592785,65.99961422222222,36.05620848009376,0.1939588048971505,11.611448499935662,0.003456342431395807,-8.913085466168425,1.2028869966189122
2025-01-01 21:18:00,1.9233899769871887,0.08251475772307032,0.0,0.03205649961645315,0.001375245962051172,0.0,0.06276969320641543,0.0,0.19333873266966206,1.6672815511111112,0.0,0.0,0.08251475772307032,0.0,1,0,0,Off,0,0,Off,0,0,Off,0.04330931560740634,0.032481986705554744,On,0.0,0,Off,0.00504287509137427,0.0,On,0.05772681811504116,0,On,0.08331905570556827,0,On,0.06671036135668745,0.050032771017515576,On,0,0,Off,On,1667.2815511111112,23.888888888888914,1.0,0.0,1.6672815511111112,0.0,1,1667.2815511111112,1667.2815511111112,Off,0.0,0.0,31.524615783374156,51.666666666666686,46.10666666666668,0.0,51.65432543635287,0.0,0.0,0.0,31.524615783374156,50.766983085012086,51.65432543635287,50.3233119093417,12.43753247303448,23.697919259360752,0.0,0.0,1399.8996461482036,-580.7643081628914,-0.0,-39.391681570516084,317.43831480333165,0.0,1.0,0.01867252099388184,0.0,0.0012665068957775326,0.37103402354005166,65.99961422222222,35.33576996716815,0.19361885134201384,11.623771260416799,0.0034562800010230436,-9.075025082861615,1.2027701993481419
2025-01-01 21:19:00,1.9233899769871887,0.08251475772307032,0.0,0.03205649961645315,0.001375245962051172,0.0,0.06276969320641543,0.0,0.19333873266966206,1.6672815511111112,0.0,0.0,0.08251475772307032,0.0,1,0,0,Off,0,0,Off,0,0,Off,0.04330931560740634,0.032481986705554744,On,0.0,0,Off,0.00504287509137427,0.0,On,0.05772681811504116,0,On,0.08331905570556827,0,On,0.06671036135668745,0.050032771017515576,On,0,0,Off,On,1667.2815511111112,23.888888888888914,1.0,0.0,1.6672815511111112,0.0,1,1667.2815511111112,1667.2815511111112,Off,0.0,0.0,31.486735823023984,51.666666666666686,46.10666666666668,0.0,51.64944161071543,0.0,0.0,0.0,31.486735823023984,50.762558869296996,51.64944161071543,50.31911749858779,12.43753247303448,23.726039131772215,0.0,0.0,1396.8649951240598,-581.8999570045873,-0.0,-40.61835705959746,317.43831480333165,0.0,1.0,0.018686860192509914,0.0,0.0013043987209233666,0.3720059609389908,65.99961422222222,34.66344327380163,0.19328781685696247,11.635723121775653,0.0034562164301959134,-9.232594273148962,1.2026563199276143
2025-01-01 21:20:00,1.9233899769871887,0.08251475772307032,0.0,0.03205649961645315,0.001375245962051172,0.0,0.06276969320641543,0.0,0.19333873266966206,1.6672815511111112,0.0,0.0,0.08251475772307032,0.0,1,0,0,Off,0,0,Off,0,0,Off,0.04330931560740634,0.032481986705554744,On,0.0,0,Off,0.00504287509137427,0.0,On,0.05772681811504116,0,On,0.08331905570556827,0,On,0.06671036135668745,0.050032771017515576,On,0,0,Off,On,1667.2815511111112,23.888888888888914,1.0,0.0,1.6672815511111112,0.0,1,1667.2815511111112,1667.2815511111112,Off,0.0,0.0,31.449656217776123,51.666666666666686,46.10666666666668,0.0,51.644563517933875,0.0,0.0,0.0,31.449656217776123,50.75813996971699,51.644563517933875,50.31492819560855,12.43753247303448,23.753476430853418,0.0,0.0,1394.0896811799935,-583.0088823043509,-0.0,-41.81655014814823,317.43831480333165,0.0,1.0,0.018700845637618098,0.0,0.0013413257896300842,0.372953362936411,65.99961422222222,34.195247718049714,0.19296528360910428,11.647320561920623,0.003456151749467773,-9.38599116363418,1.202545227495928
2025-01-01 21:21:00,1.9233899769871887,0.08251475772307032,0.0,0.03205649961645315,0.001375245962051172,0.0,0.06276969320641543,0.0,0.19333873266966206,1.6672815511111112,0.0,0.0,0.08251475772307032,0.0,1,0,0,Off,0,0,Off,0,0,Off,0.04330931560740634,0.032481986705554744,On,0.0,0,Off,0.00504287509137427,0.0,On,0.05772681811504116,0,On,0.08331905570556827,0,On,0.06671036135668745,0.050032771017515576,On,0,0,Off,On,1667.2815511111112,23.888888888888914,1.0,0.0,1.6672815511111112,0.0,1,1667.2815511111112,1667.2815511111112,Off,0.0,0.0,31.413335181206982,51.666666666666686,46.10666666666668,0.0,51.639691038957054,0.0,0.0,0.0,31.413335181206982,50.75372627394893,51.639691038957054,50.31074389144487,12.43753247303448,23.780266959388623,0.0,0.0,1391.0470542295054,-584.0924702397075,-0.0,-42.98773045272036,317.43831480333165,0.0,1.0,0.018714495995599864,0.0,0.0013773396344027564,0.3738775358236683,65.99961422222222,33.407389007490394,0.19265079249600753,11.65858203243547,0.0034560859880134404,-9.535435106401685,1.202436775507722
2025-01-01 21:22:00,1.9233899769871887,0.08251475772307032,0.0,0.03205649961645315,0.001375245962051172,0.0,0.06276969320641543,0.0,0.19333873266966206,1.6672815511111112,0.0,0.0,0.08251475772307032,0.0,1,0,0,Off,0,0,Off,0,0,Off,0.04330931560740634,0.032481986705554744,On,0.0,0,Off,0.00504287509137427,0.0,On,0.05772681811504116,0,On,0.08331905570556827,0,On,0.06671036135668745,0.050032771017515576,On,0,0,Off,On,1667.2815511111112,23.888888888888914,1.0,0.0,1.6672815511111112,0.0,1,1667.2815511111112,1667.2815511111112,Off,0.0,0.0,31.377754834906362,51.666666666666686,46.10666666666668,0.0,51.634824060946094,0.0,0.0,0.0,31.377754834906362,50.74931767553406,51.634824060946094,50.306564482828044,12.43753247303448,23.806425977078927,0.0,0.0,1388.3463817388433,-585.1512809186132,-0.0,-44.132477008342384,317.43831480333165,0.0,1.0,0.018727819432229318,0.0,0.0014124639002955613,0.37477907155036366,65.99961422222222,32.91027375135598,0.19234412626854067,11.66951551932117,0.0034560191734781965,-9.681026574522988,1.2023309007355234
2025-01-01 21:23:00,1.9233899769871887,0.08251475772307032,0.0,0.03205649961645315,0.001375245962051172,0.0,0.06276969320641543,0.0,0.19333873266966206,1.6672815511111112,0.0,0.0,0.08251475772307032,0.0,1,0,0,Off,0,0,Off,0,0,Off,0.04330931560740634,0.032481986705554744,On,0.0,0,Off,0.00504287509137427,0.0,On,0.05772681811504116,0,On,0.08331905570556827,0,On,0.06671036135668745,0.050032771017515576,On,0,0,Off,On,1667.2815511111112,23.888888888888914,1.0,0.0,1.6672815511111112,0.0,1,1667.2815511111112,1667.2815511111112,Off,0.0,0.0,31.34287286976851,51.666666666666686,46.10666666666668,0.0,51.629962473720845,0.0,0.0,0.0,31.34287286976851,50.7449140705227,51.629962473720845,50.30238986892363,12.43753247303448,23.83198974432103,0.0,0.0,1385.8170858797068,-586.1867285193953,-0.0,-45.25229413771942,317.43831480333165,0.0,1.0,0.01874083478137092,0.0,0.001446750202030443,0.3756592810541525,65.99961422222222,32.53624262237865,0.1920448274215778,11.680139682603217,0.0034559513328141006,-9.82298554181601,1.2022274550158614
2025-01-01 21:24:00,1.9233899769871887,0.08251475772307032,0.0,0.03205649961645315,0.001375245962051172,0.0,0.06276969320641543,0.0,0.19333873266966206,1.6672815511111112,0.0,0.0,0.08251475772307032,0.0,1,0,0,Off,0,0,Off,0,0,Off,0.04330931560740634,0.032481986705554744,On,0.0,0,Off,0.00504287509137427,0.0,On,0.05772681811504116,0,On,0.08331905570556827,0,On,0.06671036135668745,0.050032771017515576,On,0,0,Off,On,1667.2815511111112,23.888888888888914,1.0,0.0,1.6672815511111112,0.0,1,1667.2815511111112,1667.2815511111112,Off,0.0,0.0,31.308656078472566,51.666666666666686,46.10666666666668,0.0,51.62510617339101,0.0,0.0,0.0,31.308656078472566,50.74051536090291,51.62510617339101,50.29821995465887,12.43753247303448,23.856986704450815,0.0,0.0,1383.0619740998643,-587.1999156261041,-0.0,-46.34835151339146,317.43831480333165,0.0,1.0,0.0187535568623672,0.0,0.0014802393911391924,0.37651920028265495,65.99961422222222,31.890375324917024,0.19175253243908102,11.690469191474051,0.0034558824914368283,-9.96148614757552,1.2021263219576426
2025-01-01 21:25:00,1.9233899769871887,0.08251475772307032,0.0,0.03205649961645315,0.001375245962051172,0.0,0.06276969320641543,0.0,0.19333873266966206,1.6672815511111112,0.0,0.0,0.08251475772307032,0.0,1,0,0,Off,0,0,Off,0,0,Off,0.04330931560740634,0.032481986705554744,On,0.0,0,Off,0.00504287509137427,0.0,On,0.05772681811504116,0,On,0.08331905570556827,0,On,0.06671036135668745,0.050032771017515576,On,0,0,Off,On,1667.2815511111112,23.888888888888914,1.0,0.0,1.6672815511111112,0.0,1,1667.2815511111112,1667.2815511111112,Off,0.0,0.0,31.27508933619541,51.666666666666686,46.10666666666668,0.0,51.62025506100328,0.0,0.0,0.0,31.27508933619541,50.73612145332312,51.62025506100328,50.294054649483044,12.43753247303448,23.881429763706276,0.0,0.0,1380.701179190596,-588.1913187095996,-0.0,-47.42114318132967,317.43831480333165,0.0,1.0,0.018765992561865192,0.0,0.0015129512998734661,0.37735932643265224,65.99961422222222,31.59377516708215,0.19146705974491146,11.700510803492445,0.003455812673547419,-10.096612886119416,1.2020274481515174
2025-01-01 21:26:00,1.9233899769871887,0.08251475772307032,0.0,0.03205649961645315,0.001375245962051172,0.0,0.06276969320641543,0.0,0.19333873266966206,1.6672815511111112,0.0,0.0,0.08251475772307032,0.0,1,0,0,Off,0,0,Off,0,0,Off,0.04330931560740634,0.032481986705554744,On,0.0,0,Off,0.00504287509137427,0.0,On,0.05772681811504116,0,On,0.08331905570556827,0,On,0.06671036135668745,0.050032771017515576,On,0,0,Off,On,1667.2815511111112,23.888888888888914,1.0,0.0,1.6672815511111112,0.0,1,1667.2815511111112,1667.2815511111112,Off,0.0,0.0,31.24213243898938,51.666666666666686,46.10666666666668,0.0,51.61540903985361,0.0,0.0,0.0,31.24213243898938,50.73173225655439,51.61540903985361,50.289893864904776,12.43753247303448,23.90535338581394,0.0,0.0,1378.1380542089319,-589.1622919231938,-0.0,-48.47211446573337,317.43831480333165,0.0,1.0,0.01877815971124812,0.0,0.0015449344254674432,0.3781808937756407,65.99961422222222,31.05259468341622,0.1911879818016215,11.711039145725067,0.0034557419027632617,-10.228572735073378,1.2019306930241453
2025-01-01 21:27:00,1.9233899769871887,0.08251475772307032,0.0,0.03205649961645315,0.001375245962051172,0.0,0.06276969320641543,0.0,0.19333873266966206,1.6672815511111112,0.0,0.0,0.08251475772307032,0.0,1,0,0,Off,0,0,Off,0,0,Off,0.04330931560740634,0.032481986705554744,On,0.0,0,Off,0.00504287509137427,0.0,On,0.05772681811504116,0,On,0.08331905570556827,0,On,0.06671036135668745,0.050032771017515576,On,0,0,Off,On,1667.2815511111112,23.888888888888914,1.0,0.0,1.6672815511111112,0.0,1,1667.2815511111112,1667.2815511111112,Off,0.0,0.0,31.20977187292731,51.666666666666686,46.10666666666668,0.0,51.61056801921476,0.0,0.0,0.0,31.20977187292731,50.72734768501006,51.61056801921476,50.28573751790772,12.43753247303448,23.928769100150838,0.0,0.0,1375.901264564468,-590.1132623053779,-0.0,-49.50170890246917,317.43831480333165,0.0,1.0,0.01879006445244033,0.0,0.0015762064000215544,0.37898434470891873,65.99961422222222,30.796369857872268,0.19091513751223255,11.720547145023799,0.003455670201253663,-10.357440940230077,1.2018360088978577
2025-01-01 21:28:00,1.9233899769871887,0.08251475772307032,0.0,0.03205649961645315,0.001375245962051172,0.0,0.06276969320641543,0.0,0.19333873266966206,1.6672815511111112,0.0,0.0,0.08251475772307032,0.0,1,0,0,Off,0,0,Off,0,0,Off,0.04330931560740634,0.032481986705554744,On,0.0,0,Off,0.00504287509137427,0.0,On,0.05772681811504116,0,On,0.08331905570556827,0,On,0.06671036135668745,0.050032771017515576,On,0,0,Off,On,1667.2815511111112,23.888888888888914,1.0,0.0,1.6672815511111112,0.0,1,1667.2815511111112,1667.2815511111112,Off,0.0,0.0,31.177972761433427,51.666666666666686,46.10666666666668,0.0,51.60573191036924,0.0,0.0,0.0,31.177972761433427,50.722967655000076,51.60573191036924,50.2815855273155,12.43753247303448,23.951706799153413,0.0,0.0,1373.4902645779882,-591.0454054509108,-0.0,-50.51118176403893,317.43831480333165,0.0,1.0,0.018801722244101888,0.0,0.0016068092247909051,0.3797707484713496,65.99961422222222,30.32698587849511,0.19064815692366877,11.730564693775646,0.003455597590667818,-10.483396894737623,1.201743273870128
2025-01-01 21:29:00,1.9233899769871887,0.08251475772307032,0.0,0.03205649961645315,0.001375245962051172,0.0,0.06276969320641543,0.0,0.19333873266966206,1.6672815511111112,0.0,0.0,0.08251475772307032,0.0,1,0,0,Off,0,0,Off,0,0,Off,0.04330931560740634,0.032481986705554744,On,0.0,0,Off,0.00504287509137427,0.0,On,0.05772681811504116,0,On,0.08331905570556827,0,On,0.06671036135668745,0.050032771017515576,On,0,0,Off,On,1667.2815511111112,23.888888888888914,1.0,0.0,1.6672815511111112,0.0,1,1667.2815511111112,1667.2815511111112,Off,0.0,0.0,31.146722634577927,51.666666666666686,46.10666666666668,0.0,51.60090062978442,0.0,0.0,0.0,31.146722634577927,50.71859208772897,51.60090062978442,50.27743781670126,12.43753247303448,23.974177121787797,0.0,0.0,1371.3695422714272,-591.9591176482692,-0.0,-51.50094579962599,317.43831480333165,0.0,1.0,0.018813138738218205,0.0,0.0016367590422916981,0.38054051062441163,65.99961422222222,30.109739804879634,0.1903868930457629,11.739581361902081,0.0034555240913995543,-10.606509597824626,1.2016524440002827
2025-01-01 21:30:00,1.9233899769871887,0.08251475772307032,0.0,0.03205649961645315,0.001375245962051172,0.0,0.06276969320641543,0.0,0.19333873266966206,1.6672815511111112,0.0,0.0,0.08251475772307032,0.0,1,0,0,Off,0,0,Off,0,0,Off,0.04330931560740634,0.032481986705554744,On,0.0,0,Off,0.00504287509137427,0.0,On,0.05772681811504116,0,On,0.08331905570556827,0,On,0.06671036135668745,0.050032771017515576,On,0,0,Off,On,1667.2815511111112,23.888888888888914,1.0,0.0,1.6672815511111112,0.0,1,1667.2815511111112,1667.2815511111112,Off,0.0,0.0,31.115990263117954,51.666666666666686,46.10666666666668,0.0,51.596074095782186,0.0,0.0,0.0,31.115990263117954,50.71422090615137,51.596074095782186,50.27329431133597,12.43753247303448,23.996206832269017,0.0,-0.6,1322.9630020391414,-632.0768402232785,-0.0,-60.274843059708125,317.43831480333165,0.0,1.0,0.019538870700461133,0.0,0.001863226573241009,0.3982594491367119,65.99961422222222,30.59481940768513,0.19013101602695814,11.749128267496317,0.003455449723365235,-9.787325023331263,1.2015634101872439
2025-01-01 21:31:00,1.9233899769871887,0.08251475772307032,0.0,0.03205649961645315,0.001375245962051172,0.0,0.06276969320641543,0.0,0.19333873266966206,1.6672815511111112,0.0,0.0,0.08251475772307032,0.0,1,0,0,Off,0,0,Off,0,0,Off,0.04330931560740634,0.032481986705554744,On,0.0,0,Off,0.00504287509137427,0.0,On,0.05772681811504116,0,On,0.08331905570556827,0,On,0.06671036135668745,0.050032771017515576,On,0,0,Off,On,1667.2815511111112,23.888888888888914,1.0,0.0,1.6672815511111112,0.0,1,1667.2815511111112,1667.2815511111112,Off,0.0,0.0,31.087864479607333,51.666666666666686,46.10666666666668,0.0,51.59125223132709,0.0,0.0,0.0,31.087864479607333,50.70985403760463,51.59125223132709,50.2691549407434,12.43753247303448,24.016000515151937,0.0,-0.6,1321.6889269767967,-632.9013230256838,-0.0,-61.272278106422526,317.43831480333165,0.0,1.0,0.019548625592788443,0.0,0.0018925364513277447,0.398986383219236,65.99961422222222,31.14266219446023,0.1899013410426923,11.756786062651134,0.003455381093996637,-9.896532478505193,1.2014834259233704
2025-01-01 21:32:00,1.9233899769871887,0.08251475772307032,0.0,0.03205649961645315,0.001375245962051172,0.0,0.06276969320641543,0.0,0.19333873266966206,1.6672815511111112,0.0,0.0,0.08251475772307032,0.0,1,0,0,Off,0,0,Off,0,0,Off,0.04330931560740634,0.032481986705554744,On,0.0,0,Off,0.00504287509137427,0.0,On,0.05772681811504116,0,On,0.08331905570556827,0,On,0.06671036135668745,0.050032771017515576,On,0,0,Off,On,1667.2815511111112,23.888888888888914,1.0,0.0,1.6672815511111112,0.0,1,1667.2815511111112,1667.2815511111112,Off,0.0,0.0,31.06013450782315,51.666666666666686,46.10666666666668,0.0,51.586434648918186,0.0,0.0,0.0,31.06013450782315,50.705491116275965,51.586434648918186,50.265019349954855,12.43753247303448,24.035457956694344,0.0,-0.6,1319.9462195613014,-633.7122157397705,-0.0,-62.253332889189146,317.43831480333165,0.0,1.0,0.01955821232581558,0.0,0.0019213199184035044,0.3997003924380905,65.99961422222222,31.191902275818112,0.18967576546457865,11.765029041653808,0.0034553116942384384,-10.003644301646204,1.2014048121625396
2025-01-01 21:33:00,1.9233899769871887,0.08251475772307032,0.0,0.03205649961645315,0.001375245962051172,0.0,0.06276969320641543,0.0,0.19333873266966206,1.6672815511111112,0.0,0.0,0.08251475772307032,0.0,1,0,0,Off,0,0,Off,0,0,Off,0.04330931560740634,0.032481986705554744,On,0.0,0,Off,0.00504287509137427,0.0,On,0.05772681811504116,0,On,0.08331905570556827,0,On,0.06671036135668745,0.050032771017515576,On,0,0,Off,On,1667.2815511111112,23.888888888888914,1.0,0.0,1.6672815511111112,0.0,1,1667.2815511111112,1667.2815511111112,Off,0.0,0.0,31.032807624187747,51.666666666666686,46.10666666666668,0.0,51.581621289650535,0.0,0.0,0.0,31.032807624187747,50.70113208661652,51.581621289650535,50.260887485099516,12.43753247303448,24.054572847154134,0.0,-0.6,1317.8822885246668,-634.5092337352335,-0.0,-63.21765980076795,317.43831480333165,0.0,1.0,0.01956762792006116,0.0,0.0019495691775458315,0.40040127626130884,65.99961422222222,30.88931614622529,0.18945434620285456,11.77309436555852,0.003455241538764758,-10.108630264105656,1.2013275938626853
2025-01-01 21:34:00,1.9233899769871887,0.08251475772307032,0.0,0.03205649961645315,0.001375245962051172,0.0,0.06276969320641543,0.0,0.19333873266966206,1.6672815511111112,0.0,0.0,0.08251475772307032,0.0,1,0,0,Off,0,0,Off,0,0,Off,0.04330931560740634,0.032481986705554744,On,0.0,0,Off,0.00504287509137427,0.0,On,0.05772681811504116,0,On,0.08331905570556827,0,On,0.06671036135668745,0.050032771017515576,On,0,0,Off,On,1667.2815511111112,23.888888888888914,1.0,0.0,1.6672815511111112,0.0,1,1667.2815511111112,1667.2815511111112,Off,0.0,0.0,31.0058846394652,51.666666666666686,46.10666666666668,0.0,51.57681209353844,0.0,0.0,0.0,31.0058846394652,50.696776892056256,51.57681209353844,50.25675929131516,12.43753247303448,24.073344433079647,0.0,-0.6,1316.0314095112453,-635.2923240941813,-0.0,-64.1651916019661,317.43831480333165,0.0,1.0,0.019576872132568163,0.0,0.001977284635296812,0.40108903773295235,65.99961422222222,30.76905929294969,0.18923707698068515,11.780981739410167,0.0034551706424686608,-10.211492075031387,1.2012517735219488
2025-01-01 21:35:00,0.2561084258760775,0.08251475772307032,0.0,0.004268473764601292,0.001375245962051172,0.0,0.06276969320641543,0.0,0.19333873266966206,0.0,0.0,0.0,0.08251475772307032,0.0,1,0,0,Off,0,0,Off,0,0,Off,0.04330931560740634,0.032481986705554744,On,0.0,0,Off,0.00504287509137427,0.0,On,0.05772681811504116,0,On,0.08331905570556827,0,On,0.06671036135668745,0.050032771017515576,On,0,0,Off,Off,0.0,23.888888888888914,0.0,0.0,0.0,0.0,0,0.0,1667.2815511111112,Off,0.0,0.0,30.9793439469558,51.666666666666686,46.10666666666668,0.0,51.57200700047648,0.0,0.0,0.0,30.9793439469558,50.692425475911335,51.57200700047648,50.252634713628765,12.43753247303448,24.09179122844098,0.0,-0.6,-353.1649706786552,-636.0622385905892,-0.0,-65.09683486529318,317.43831480333165,0.0,1.0,0.019585954203207606,0.0,0.0020044950778253354,0.40176438445795865,65.99961422222222,30.555787973895505,0.18902373316007612,11.788700650620225,0.0034550990202368266,-10.312341839623855,1.2011772757855912
2025-01-01 21:36:00,0.2561084258760775,0.08251475772307032,0.0,0.004268473764601292,0.001375245962051172,0.0,0.06276969320641543,0.0,0.19333873266966206,0.0,0.0,0.0,0.08251475772307032,0.0,1,0,0,Off,0,0,Off,0,0,Off,0.04330931560740634,0.032481986705554744,On,0.0,0,Off,0.00504287509137427,0.0,On,0.05772681811504116,0,On,0.08331905570556827,0,On,0.06671036135668745,0.050032771017515576,On,0,0,Off,Off,0.0,23.888888888888914,0.0,0.0,0.0,0.0,0,0.0,1667.2815511111112,Off,0.0,0.0,31.02321544476408,51.666666666666686,46.10666666666668,0.0,51.56720595357141,0.0,0.0,0.0,31.02321544476408,50.68807778453025,51.56720595357141,50.24851370000968,12.43753247303448,24.049722783944333,0.0,-0.6,-347.52873549717424,-634.3069669681915,-0.0,-62.9729280026895,317.43831480333165,0.0,1.0,0.01956523910222515,0.0,0.0019424040054751826,0.40022349149990794,65.99961422222222,32.31284467037524,0.1894978100854873,11.771025613817049,0.00345502668617041,-10.065947790748389,1.2013473540657462
2025-01-01 21:37:00,0.2561084258760775,0.08251475772307032,0.0,0.004268473764601292,0.001375245962051172,0.0,0.06276969320641543,0.0,0.19333873266966206,0.0,0.0,0.0,0.08251475772307032,0.0,1,0,0,Off,0,0,Off,0,0,Off,0.04330931560740634,0.032481986705554744,On,0.0,0,Off,0.00504287509137427,0.0,On,0.05772681811504116,0,On,0.08331905570556827,0,On,0.06671036135668745,0.050032771017515576,On,0,0,Off,Off,0.0,23.888888888888914,0.0,0.0,0.0,0.0,0,0.0,1667.2815511111112,Off,0.0,0.0,31.065354949900158,51.666666666666686,46.10666666666668,0.0,51.5623984872763,0.0,0.0,0.0,31.065354949900158,50.683723936152006,51.5623984872763,50.24438666058987,12.43753247303448,24.009136814908327,0.0,-0.6,-341.1218931235529,-632.6153752815658,-0.0,-60.92633988460286,317.43831480333165,0.0,1.0,0.019545243250064327,0.0,0.0018823762113759034,0.3987343770047309,65.99961422222222,34.98150723928408,0.18995640917877207,11.754093896182415,0.0034549560903865853,-9.827822216390366,1.2015114850809099
2025-01-01 21:38:00,0.2561084258760775,0.08251475772307032,0.0,0.004268473764601292,0.001375245962051172,0.0,0.06276969320641543,0.0,0.19333873266966206,0.0,0.0,0.0,0.08251475772307032,0.0,1,0,0,Off,0,0,Off,0,0,Off,0.04330931560740634,0.032481986705554744,On,0.0,0,Off,0.00504287509137427,0.0,On,0.05772681811504116,0,On,0.08331905570556827,0,On,0.06671036135668745,0.050032771017515576,On,0,0,Off,Off,0.0,23.888888888888914,0.0,0.0,0.0,0.0,0,0.0,1667.2815511111112,Off,0.0,0.0,31.105816246934804,51.666666666666686,46.10666666666668,0.0,51.55758485907857,0.0,0.0,0.0,31.105816246934804,50.67936417384726,51.55758485907857,50.240253831231605,12.43753247303448,23.969987337270975,0.0,-0.6,-336.2735616427875,-630.9853545003206,-0.0,-58.954491693989326,317.43831480333165,0.0,1.0,0.01952594511007482,0.0,0.0018243563984472997,0.3972956112172591,65.99961422222222,36.22796974819076,0.19039991956762933,11.737123725667024,0.003454887174070806,-9.597733919052132,1.2016698499572873
2025-01-01 21:39:00,0.2561084258760775,0.08251475772307032,0.0,0.004268473764601292,0.001375245962051172,0.0,0.06276969320641543,0.0,0.19333873266966206,0.0,0.0,0.0,0.08251475772307032,0.0,1,0,0,Off,0,0,Off,0,0,Off,0.04330931560740634,0.032481986705554744,On,0.0,0,Off,0.00504287509137427,0.0,On,0.05772681811504116,0,On,0.08331905570556827,0,On,0.06671036135668745,0.050032771017515576,On,0,0,Off,Off,0.0,23.888888888888914,0.0,0.0,0.0,0.0,0,0.0,1667.2815511111112,Off,0.0,0.0,31.144745986568523,51.666666666666686,46.10666666666668,0.0,51.55276531846837,0.0,0.0,0.0,31.144745986568523,50.674998733138445,51.55276531846837,50.23611544047349,12.43753247303448,23.932148541302617,0.0,-0.6,-330.67200112783405,-629.4114914936531,-0.0,-57.05081030065446,317.43831480333165,0.0,1.0,0.019507283684739044,0.0,0.00176816972047661,0.39590280545572337,65.99961422222222,38.35198586314189,0.19082965556414005,11.720812984134252,0.003454819880088733,-9.374988616172345,1.201822953112775
2025-01-01 21:40:00,0.2561084258760775,0.08251475772307032,0.0,0.004268473764601292,0.001375245962051172,0.0,0.06276969320641543,0.0,0.19333873266966206,0.0,0.0,0.0,0.08251475772307032,0.0,1,0,0,Off,0,0,Off,0,0,Off,0.04330931560740634,0.032481986705554744,On,0.0,0,Off,0.00504287509137427,0.0,On,0.05772681811504116,0,On,0.08331905570556827,0,On,0.06671036135668745,0.050032771017515576,On,0,0,Off,Off,0.0,23.888888888888914,0.0,0.0,0.0,0.0,0,0.0,1667.2815511111112,Off,0.0,0.0,31.182186735729406,51.666666666666686,46.10666666666668,0.0,51.54794009313577,0.0,0.0,0.0,31.182186735729406,50.67062782896683,51.54794009313577,50.23197169688236,12.43753247303448,23.895584056234053,0.0,-0.6,-326.2026959684356,-627.8921143869626,-0.0,-55.213250799233315,317.43831480333165,0.0,1.0,0.01948924196409074,0.0,0.001713772764133041,0.3945548353373731,65.99961422222222,39.46435441442863,0.1912459216056298,11.705900294193267,0.003454754156246854,-9.159403905081184,1.2019709377190972
2025-01-01 21:41:00,0.2561084258760775,0.08251475772307032,0.0,0.004268473764601292,0.001375245962051172,0.0,0.06276969320641543,0.0,0.19333873266966206,0.0,0.0,0.0,0.08251475772307032,0.0,1,0,0,Off,0,0,Off,0,0,Off,0.04330931560740634,0.032481986705554744,On,0.0,0,Off,0.00504287509137427,0.0,On,0.05772681811504116,0,On,0.08331905570556827,0,On,0.06671036135668745,0.050032771017515576,On,0,0,Off,Off,0.0,23.888888888888914,0.0,0.0,0.0,0.0,0,0.0,1667.2815511111112,Off,0.0,0.0,31.21825648128919,51.666666666666686,46.10666666666668,0.0,51.54310940444124,0.0,0.0,0.0,31.21825648128919,50.66625167029974,51.54310940444124,50.227822803228996,12.43753247303448,23.860192682165124,0.0,-0.6,-321.09095907771996,-626.4228722782962,-0.0,-53.436530279758394,317.43831480333165,0.0,1.0,0.019471770864639585,0.0,0.0016610247158194021,0.3932481671753693,65.99961422222222,41.330128677002975,0.19164977664036872,11.690820053116557,0.0034546899516784565,-8.950420365078259,1.202114209612598
2025-01-01 21:42:00,0.2561084258760775,0.08251475772307032,0.0,0.004268473764601292,0.001375245962051172,0.0,0.06276969320641543,0.0,0.19333873266966206,0.0,0.0,0.0,0.08251475772307032,0.0,1,0,0,Off,0,0,Off,0,0,Off,0.04330931560740634,0.032481986705554744,On,0.0,0,Off,0.00504287509137427,0.0,On,0.05772681811504116,0,On,0.08331905570556827,0,On,0.06671036135668745,0.050032771017515576,On,0,0,Off,Off,0.0,23.888888888888914,0.0,0.0,0.0,0.0,0,0.0,1667.2815511111112,Off,0.0,0.0,31.252993052671588,51.666666666666686,46.10666666666668,0.0,51.538273456205864,0.0,0.0,0.0,31.252993052671588,50.66187044954605,51.538273456205864,50.22366894621615,12.43753247303448,23.825942097686244,0.0,-0.6,-316.71304818983776,-625.002290044058,-0.0,-51.71884574427454,317.43831480333165,0.0,1.0,0.019454855210361645,0.0,0.0016098863502259511,0.39198178864625094,65.99961422222222,42.569772795163075,0.192041498100634,11.676314000969327,0.003454627219497097,-8.747873916552443,1.202252896291818
2025-01-01 21:43:00,0.2561084258760775,0.08251475772307032,0.0,0.004268473764601292,0.001375245962051172,0.0,0.06276969320641543,0.0,0.19333873266966206,0.0,0.0,0.0,0.08251475772307032,0.0,1,0,0,Off,0,0,Off,0,0,Off,0.04330931560740634,0.032481986705554744,On,0.0,0,Off,0.00504287509137427,0.0,On,0.05772681811504116,0,On,0.08331905570556827,0,On,0.06671036135668745,0.050032771017515576,On,0,0,Off,Off,0.0,23.888888888888914,0.0,0.0,0.0,0.0,0,0.0,1667.2815511111112,Off,0.0,0.0,31.286489028886397,51.666666666666686,46.10666666666668,0.0,51.53343244662555,0.0,0.0,0.0,31.286489028886397,50.657484353805586,51.53343244662555,50.219510307395616,12.43753247303448,23.79275291889227,0.0,-0.6,-312.40537133923965,-623.6269522183145,-0.0,-50.05604966906015,317.43831480333165,0.0,1.0,0.01943845651496401,0.0,0.0015602474225044074,0.39075293209684825,65.99961422222222,43.839315744803315,0.19242191434898445,11.662342087374245,0.0034545659140067892,-8.551325871431395,1.2023873160478322
2025-01-01 21:44:00,0.2561084258760775,0.08251475772307032,0.0,0.004268473764601292,0.001375245962051172,0.0,0.06276969320641543,0.0,0.19333873266966206,0.0,0.0,0.0,0.08251475772307032,0.0,1,0,0,Off,0,0,Off,0,0,Off,0.04330931560740634,0.032481986705554744,On,0.0,0,Off,0.00504287509137427,0.0,On,0.05772681811504116,0,On,0.08331905570556827,0,On,0.06671036135668745,0.050032771017515576,On,0,0,Off,Off,0.0,23.888888888888914,0.0,0.0,0.0,0.0,0,0.0,1667.2815511111112,Off,0.0,0.0,31.318804293571255,51.666666666666686,46.10666666666668,0.0,51.52858656013356,0.0,0.0,0.0,31.318804293571255,50.653093557185485,51.52858656013356,50.21534705571146,12.43753247303448,23.76057385047368,0.0,-0.6,-308.55098938349397,-622.2946210827621,-0.0,-48.44542039662884,317.43831480333165,0.0,1.0,0.019422550090572883,0.0,0.0015120387874720926,0.38955985144120975,65.99961422222222,44.75073729256522,0.1927915385367068,11.648125892939772,0.003454505992633544,-8.360497902991241,1.2025176737901297
2025-01-01 21:45:00,0.2561084258760775,0.08251475772307032,0.0,0.004268473764601292,0.001375245962051172,0.0,0.06276969320641543,0.0,0.19333873266966206,0.0,0.0,0.0,0.08251475772307032,0.0,1,0,0,Off,0,0,Off,0,0,Off,0.04330931560740634,0.032481986705554744,On,0.0,0,Off,0.00504287509137427,0.0,On,0.05772681811504116,0,On,0.08331905570556827,0,On,0.06671036135668745,0.050032771017515576,On,0,0,Off,Off,0.0,23.888888888888914,0.0,0.0,0.0,0.0,0,0.0,1667.2815511111112,Off,0.0,0.0,31.350011243733743,51.666666666666686,46.10666666666668,0.0,51.523735972260255,0.0,0.0,0.0,31.350011243733743,50.64869822538873,51.523735972260255,50.21117935195297,12.43753247303448,23.729342833555013,0.0,-0.6,-304.2582619901565,-621.0026243934616,-0.0,-46.88371256033028,317.43831480333165,0.0,1.0,0.019407105864145187,0.0,0.0014651744408506612,0.3884003866625158,65.99961422222222,46.18976016030369,0.1931510162823683,11.635140334173538,0.0034544474147924628,-8.175047175865451,1.202644218294183
2025-01-01 21:46:00,0.2561084258760775,0.08251475772307032,0.0,0.004268473764601292,0.001375245962051172,0.0,0.06276969320641543,0.0,0.19333873266966206,0.0,0.0,0.0,0.08251475772307032,0.0,1,0,0,Off,0,0,Off,0,0,Off,0.04330931560740634,0.032481986705554744,On,0.0,0,Off,0.00504287509137427,0.0,On,0.05772681811504116,0,On,0.08331905570556827,0,On,0.06671036135668745,0.050032771017515576,On,0,0,Off,Off,0.0,23.888888888888914,0.0,0.0,0.0,0.0,0,0.0,1667.2815511111112,Off,0.0,0.0,31.38014140221723,51.666666666666686,46.10666666666668,0.0,51.5188808477733,0.0,0.0,0.0,31.38014140221723,50.644298513957956,51.5188808477733,50.20700734705029,12.43753247303448,23.69903293016467,0.0,-0.6,-300.7659325775801,-619.7497525203411,-0.0,-45.3694501159492,317.43831480333165,0.0,1.0,0.01939211107411498,0.0,0.001419620439446854,0.3872736686584801,65.99961422222222,46.914955255378594,0.19350059206550652,11.622618371763995,0.0034543901423391295,-7.9948332678738865,1.202767056318367
2025-01-01 21:47:00,0.2561084258760775,0.08251475772307032,0.0,0.004268473764601292,0.001375245962051172,0.0,0.06276969320641543,0.0,0.19333873266966206,0.0,0.0,0.0,0.08251475772307032,0.0,1,0,0,Off,0,0,Off,0,0,Off,0.04330931560740634,0.032481986705554744,On,0.0,0,Off,0.00504287509137427,0.0,On,0.05772681811504116,0,On,0.08331905570556827,0,On,0.06671036135668745,0.050032771017515576,On,0,0,Off,Off,0.0,23.888888888888914,0.0,0.0,0.0,0.0,0,0.0,1667.2815511111112,Off,0.0,0.0,31.40927583108405,51.666666666666686,46.10666666666668,0.0,51.51402134675303,0.0,0.0,0.0,31.40927583108405,50.639894574011876,51.51402134675303,50.2028311876413,12.43753247303448,23.6695746191871,0.0,-0.6,-296.8392588561827,-618.5330440445952,-0.0,-43.89904094747013,317.43831480333165,0.0,1.0,0.019377531843502712,0.0,0.001375278284724108,0.3861772341284526,65.99961422222222,48.15451133255094,0.19384101178065347,11.609775004890036,0.003454334138142218,-7.819466389760834,1.202886467350662
2025-01-01 21:48:00,0.2561084258760775,0.08251475772307032,0.0,0.004268473764601292,0.001375245962051172,0.0,0.06276969320641543,0.0,0.19333873266966206,0.0,0.0,0.0,0.08251475772307032,0.0,1,0,0,Off,0,0,Off,0,0,Off,0.04330931560740634,0.032481986705554744,On,0.0,0,Off,0.00504287509137427,0.0,On,0.05772681811504116,0,On,0.08331905570556827,0,On,0.06671036135668745,0.050032771017515576,On,0,0,Off,Off,0.0,23.888888888888914,0.0,0.0,0.0,0.0,0,0.0,1667.2815511111112,Off,0.0,0.0,31.437440085004837,51.666666666666686,46.10666666666668,0.0,51.50915761722938,0.0,0.0,0.0,31.437440085004837,50.63548654529278,51.50915761722938,50.19865100932449,12.43753247303448,23.640946076515487,0.0,-0.6,-293.59456630947943,-617.3515167003588,-0.0,-42.47128609194924,317.43831480333165,0.0,1.0,0.019363357847683067,0.0,0.0013321206615726129,0.3851103826560215,65.99961422222222,48.789921679496985,0.19417247154971456,11.597350975845668,0.00345427936783645,-7.648833032068886,1.2030025378287341
2025-01-01 21:49:00,0.2561084258760775,0.08251475772307032,0.0,0.004268473764601292,0.001375245962051172,0.0,0.06276969320641543,0.0,0.19333873266966206,0.0,0.0,0.0,0.08251475772307032,0.0,1,0,0,Off,0,0,Off,0,0,Off,0.04330931560740634,0.032481986705554744,On,0.0,0,Off,0.00504287509137427,0.0,On,0.05772681811504116,0,On,0.08331905570556827,0,On,0.06671036135668745,0.050032771017515576,On,0,0,Off,Off,0.0,23.888888888888914,0.0,0.0,0.0,0.0,0,0.0,1667.2815511111112,Off,0.0,0.0,31.464704588478405,51.666666666666686,46.10666666666668,0.0,51.5042898034322,0.0,0.0,0.0,31.464704588478405,50.63107456395661,51.5042898034322,50.194466944218824,12.43753247303448,23.613086908965585,0.0,-0.6,-289.9752219352157,-616.202603186898,-0.0,-41.08307220235597,317.43831480333165,0.0,1.0,0.01934955962715705,0.0,0.0012900616633798531,0.38407096745886776,65.99961422222222,49.87213865070671,0.19449562284695548,11.586063849528301,0.003454225797876158,-7.482593453794436,1.203115510678136
2025-01-01 21:50:00,0.2561084258760775,0.08251475772307032,0.0,0.004268473764601292,0.001375245962051172,0.0,0.06276969320641543,0.0,0.19333873266966206,0.0,0.0,0.0,0.08251475772307032,0.0,1,0,0,Off,0,0,Off,0,0,Off,0.04330931560740634,0.032481986705554744,On,0.0,0,Off,0.00504287509137427,0.0,On,0.05772681811504116,0,On,0.08331905570556827,0,On,0.06671036135668745,0.050032771017515576,On,0,0,Off,Off,0.0,23.888888888888914,0.0,0.0,0.0,0.0,0,0.0,1667.2815511111112,Off,0.0,0.0,31.491092256892877,51.666666666666686,46.10666666666668,0.0,51.49941803912225,0.0,0.0,0.0,31.491092256892877,50.6266587562758,51.49941803912225,50.19027911485258,12.43753247303448,23.585977547342868,0.0,-0.6,-286.95715191116244,-615.0854273083257,-0.0,-39.73333036027593,317.43831480333165,0.0,1.0,0.019336127897857398,0.0,0.0012490765079839767,0.3830583546179193,65.99961422222222,50.4232909541075,0.19481064457192926,11.574406674229756,0.003454173397125176,-7.320644981774713,1.203225463520735
2025-01-01 21:51:00,0.2561084258760775,0.08251475772307032,0.0,0.004268473764601292,0.001375245962051172,0.0,0.06276969320641543,0.0,0.19333873266966206,0.0,0.0,0.0,0.08251475772307032,0.0,1,0,0,Off,0,0,Off,0,0,Off,0.04330931560740634,0.032481986705554744,On,0.0,0,Off,0.00504287509137427,0.0,On,0.05772681811504116,0,On,0.08331905570556827,0,On,0.06671036135668745,0.050032771017515576,On,0,0,Off,Off,0.0,23.888888888888914,0.0,0.0,0.0,0.0,0,0.0,1667.2815511111112,Off,0.0,0.0,31.516665248281537,51.666666666666686,46.10666666666668,0.0,51.49454245465265,0.0,0.0,0.0,31.516665248281537,50.6222392453068,51.49454245465265,50.18608764063387,12.43753247303448,23.559564690370145,0.0,-0.6,-283.61200289523333,-613.9977283961649,-0.0,-38.41931977808098,317.43831480333165,0.0,1.0,0.01932303662979963,0.0,0.001209089038982316,0.3820706426048479,65.99961422222222,51.366730475681024,0.1951181151802506,11.56310144396123,0.003454122135187403,-7.162686693748277,1.203332610885342
2025-01-01 21:52:00,0.2561084258760775,0.08251475772307032,0.0,0.004268473764601292,0.001375245962051172,0.0,0.06276969320641543,0.0,0.19333873266966206,0.0,0.0,0.0,0.08251475772307032,0.0,1,0,0,Off,0,0,Off,0,0,Off,0.04330931560740634,0.032481986705554744,On,0.0,0,Off,0.00504287509137427,0.0,On,0.05772681811504116,0,On,0.08331905570556827,0,On,0.06671036135668745,0.050032771017515576,On,0,0,Off,Off,0.0,23.888888888888914,0.0,0.0,0.0,0.0,0,0.0,1667.2815511111112,Off,0.0,0.0,31.54144401046841,51.666666666666686,46.10666666666668,0.0,51.48966317113625,0.0,0.0,0.0,31.54144401046841,50.617816145382704,51.48966317113625,50.18189263250593,12.43753247303448,23.53383087780889,0.0,-0.6,-280.79612100179827,-612.9387280086694,-0.0,-37.14009121159814,317.43831480333165,0.0,1.0,0.01931027752043288,0.0,0.0011700769353572425,0.38110726156309377,65.99961422222222,51.844383415137564,0.19541819648582034,11.55213940159073,0.0034540719837995683,-7.00862631535599,1.2034370221123976
2025-01-01 21:53:00,0.2561084258760775,0.08251475772307032,0.0,0.004268473764601292,0.001375245962051172,0.0,0.06276969320641543,0.0,0.19333873266966206,0.0,0.0,0.0,0.08251475772307032,0.0,1,0,0,Off,0,0,Off,0,0,Off,0.04330931560740634,0.032481986705554744,On,0.0,0,Off,0.00504287509137427,0.0,On,0.05772681811504116,0,On,0.08331905570556827,0,On,0.06671036135668745,0.050032771017515576,On,0,0,Off,Off,0.0,23.888888888888914,0.0,0.0,0.0,0.0,0,0.0,1667.2815511111112,Off,0.0,0.0,31.565483448050248,51.666666666666686,46.10666666666668,0.0,51.4847803066452,0.0,0.0,0.0,31.565483448050248,50.61338956796692,51.4847803066452,50.17769419862779,12.43753247303448,23.508729030963853,0.0,-0.6,-277.6954323794504,-611.9064335424001,-0.0,-35.89322944388176,317.43831480333165,0.0,1.0,0.019297827554523493,0.0,0.0011319726582593277,0.3801665264232553,65.99961422222222,52.665915803499885,0.19571140221942587,11.541496685831444,0.0034540229153625724,-6.85819717567265,1.2035388867902352
2025-01-01 21:54:00,0.2561084258760775,0.08251475772307032,0.0,0.004268473764601292,0.001375245962051172,0.0,0.06276969320641543,0.0,0.19333873266966206,0.0,0.0,0.0,0.08251475772307032,0.0,1,0,0,Off,0,0,Off,0,0,Off,0.04330931560740634,0.032481986705554744,On,0.0,0,Off,0.00504287509137427,0.0,On,0.05772681811504116,0,On,0.08331905570556827,0,On,0.06671036135668745,0.050032771017515576,On,0,0,Off,Off,0.0,23.888888888888914,0.0,0.0,0.0,0.0,0,0.0,1667.2815511111112,Off,0.0,0.0,31.58880190757456,51.666666666666686,46.10666666666668,0.0,51.479893971089595,0.0,0.0,0.0,31.58880190757456,50.60895961681749,51.479893971089595,50.17349243968143,12.43753247303448,23.484243485071357,0.0,-0.6,-275.06075838998106,-610.9001495151176,-0.0,-34.67788676506068,317.43831480333165,0.0,1.0,0.01928567926657445,0.0,0.0010947559962530295,0.37924792216104436,65.99961422222222,53.07896308686564,0.19599787949360023,11.531165438500238,0.0034539749041662925,-6.711315905841637,1.2036382672021018
2025-01-01 21:55:00,0.2561084258760775,0.08251475772307032,0.0,0.004268473764601292,0.001375245962051172,0.0,0.06276969320641543,0.0,0.19333873266966206,0.0,0.0,0.0,0.08251475772307032,0.0,1,0,0,Off,0,0,Off,0,0,Off,0.04330931560740634,0.032481986705554744,On,0.0,0,Off,0.00504287509137427,0.0,On,0.05772681811504116,0,On,0.08331905570556827,0,On,0.06671036135668745,0.050032771017515576,On,0,0,Off,Off,0.0,23.888888888888914,0.0,0.0,0.0,0.0,0,0.0,1667.2815511111112,Off,0.0,0.0,31.611447959717815,51.666666666666686,46.10666666666668,0.0,51.475004271651294,0.0,0.0,0.0,31.611447959717815,50.60452639311761,51.475004271651294,50.16928745385077,12.43753247303448,23.460332595139864,0.0,-0.6,-272.1785790212964,-609.9181166807595,-0.0,-33.49193127954954,317.43831480333165,0.0,1.0,0.019273812278059126,0.0,0.0010583669818248211,0.3783499536627213,65.99961422222222,53.793154135680936,0.19627808503524874,11.52038101929802,0.003453927925099855,-6.567745887007241,1.2037353311395593
2025-01-01 21:56:00,0.2561084258760775,0.08251475772307032,0.0,0.004268473764601292,0.001375245962051172,0.0,0.06276969320641543,0.0,0.19333873266966206,0.0,0.0,0.0,0.08251475772307032,0.0,1,0,0,Off,0,0,Off,0,0,Off,0.04330931560740634,0.032481986705554744,On,0.0,0,Off,0.00504287509137427,0.0,On,0.05772681811504116,0,On,0.08331905570556827,0,On,0.06671036135668745,0.050032771017515576,On,0,0,Off,Off,0.0,23.888888888888914,0.0,0.0,0.0,0.0,0,0.0,1667.2815511111112,Off,0.0,0.0,31.63343814281151,51.666666666666686,46.10666666666668,0.0,51.47011130829167,0.0,0.0,0.0,31.63343814281151,50.60008999123404,51.47011130829167,50.16507933270523,12.43753247303448,23.43698224116357,0.0,-0.6,-269.70663785682723,-608.9597106699792,-0.0,-32.334602283541855,317.43831480333165,0.0,1.0,0.01926221984509818,0.0,0.0010227872335004733,0.3774721533848792,65.99961422222222,54.14936029336228,0.1965521531475787,11.510624107891623,0.003453881954727598,-6.427411463931257,1.203830134807456
2025-01-01 21:57:00,0.2561084258760775,0.08251475772307032,0.0,0.004268473764601292,0.001375245962051172,0.0,0.06276969320641543,0.0,0.19333873266966206,0.0,0.0,0.0,0.08251475772307032,0.0,1,0,0,Off,0,0,Off,0,0,Off,0.04330931560740634,0.032481986705554744,On,0.0,0,Off,0.00504287509137427,0.0,On,0.05772681811504116,0,On,0.08331905570556827,0,On,0.06671036135668745,0.050032771017515576,On,0,0,Off,Off,0.0,23.888888888888914,0.0,0.0,0.0,0.0,0,0.0,1667.2815511111112,Off,0.0,0.0,31.65481547892614,51.666666666666686,46.10666666666668,0.0,51.46521517851274,0.0,0.0,0.0,31.65481547892614,50.59565050321251,51.46521517851274,50.1608681655624,12.43753247303448,23.414155537987703,0.0,-0.6,-267.0201984285842,-608.0233760580048,-0.0,-31.2040152626621,317.43831480333165,0.0,1.0,0.019250883902314414,0.0,0.0009879634546324555,0.3766131933922091,65.99961422222222,54.76887808875112,0.1968204902213566,11.501131749486778,0.0034538369701569514,-6.290102461644466,1.203922826888768
2025-01-01 21:58:00,0.2561084258760775,0.08251475772307032,0.0,0.004268473764601292,0.001375245962051172,0.0,0.06276969320641543,0.0,0.19333873266966206,0.0,0.0,0.0,0.08251475772307032,0.0,1,0,0,Off,0,0,Off,0,0,Off,0.04330931560740634,0.032481986705554744,On,0.0,0,Off,0.00504287509137427,0.0,On,0.05772681811504116,0,On,0.08331905570556827,0,On,0.06671036135668745,0.050032771017515576,On,0,0,Off,Off,0.0,23.888888888888914,0.0,0.0,0.0,0.0,0,0.0,1667.2815511111112,Off,0.0,0.0,31.67559494715621,51.666666666666686,46.10666666666668,0.0,51.46031597342087,0.0,0.0,0.0,31.67559494715621,50.59120801506096,51.46031597342087,50.156654035881,12.43753247303448,23.391839697336493,0.0,-0.6,-264.6947215580145,-607.108549580273,-0.0,-30.099484251857557,317.43831480333165,0.0,1.0,0.01923979832904462,0.0,0.0009538788528251868,0.37577264730863896,65.99961422222222,55.07499747078448,0.19708321939394474,11.49115607341461,0.003453792949982615,-6.155749915143545,1.20401345834306
2025-01-01 21:59:00,0.2561084258760775,0.08251475772307032,0.0,0.004268473764601292,0.001375245962051172,0.0,0.06276969320641543,0.0,0.19333873266966206,0.0,0.0,0.0,0.08251475772307032,0.0,1,0,0,Off,0,0,Off,0,0,Off,0.04330931560740634,0.032481986705554744,On,0.0,0,Off,0.00504287509137427,0.0,On,0.05772681811504116,0,On,0.08331905570556827,0,On,0.06671036135668745,0.050032771017515576,On,0,0,Off,Off,0.0,23.888888888888914,0.0,0.0,0.0,0.0,0,0.0,1667.2815511111112,Off,0.0,0.0,31.695814698068414,51.666666666666686,46.10666666666668,0.0,51.45541378189489,0.0,0.0,0.0,31.695814698068414,50.58676261068511,51.45541378189489,50.15243702508023,12.43753247303448,23.370002013022713,-0.01888687586620108,-0.6,-262.18400411619143,-606.2138542720005,-0.0,-29.019341270300004,317.43831480333165,0.0,1.0,0.019228947093596092,0.0,0.0009204860199833633,0.37494933461925434,65.99961422222222,55.61087662277751,0.19734070253244532,11.482164060502374,0.0034537498732937328,-6.024166964266513,1.2041021610643996
2025-01-01 22:00:00,0.21044457188583135,0.07835034218514492,0.0,0.0035074095314305224,0.001305839036419082,0.0,0.05498840379550466,0.0,0.1554561680903267,0.0,0.0,0.0,0.07835034218514492,0.0,1,0,0,Off,0,0,Off,0,0,Off,0.041426301885345206,0.031069726414008896,On,0.0,0,Off,0.0043446308479532176,0.0,On,0.050643772947551444,0,On,0.050989045176800106,0,On,0.06304082102818137,0.047280615771136014,On,0,0,Off,Off,0.0,23.888888888888914,0.0,0.0,0.0,0.0,0,0.0,1667.2815511111112,Off,0.0,0.0,31.7154883624597,51.666666666666686,46.10666666666668,0.0,51.45050868714216,0.0,0.0,0.0,31.7154883624597,50.58231436863664,51.45050868714216,50.14821720938388,12.43753247303448,23.348630848092593,-0.04025804079632067,-0.6,-305.39761571646284,-605.3387795366264,-0.0,-27.96296475460089,272.03132863608084,0.0,1.0,0.019218324614974414,0.0,0.0008877695466039318,0.3741428647238328,65.99961422222222,55.87279993868353,0.19759305302402289,11.47266759707739,0.003453707720501145,-5.972350807147053,1.2041889814735949
2025-01-01 22:01:00,0.21044457188583135,0.07835034218514492,0.0,0.0035074095314305224,0.001305839036419082,0.0,0.05498840379550466,0.0,0.1554561680903267,0.0,0.0,0.0,0.07835034218514492,0.0,1,0,0,Off,0,0,Off,0,0,Off,0.041426301885345206,0.031069726414008896,On,0.0,0,Off,0.0043446308479532176,0.0,On,0.050643772947551444,0,On,0.050989045176800106,0,On,0.06304082102818137,0.047280615771136014,On,0,0,Off,Off,0.0,23.888888888888914,0.0,0.0,0.0,0.0,0,0.0,1667.2815511111112,Off,0.0,0.0,31.736557255423065,51.666666666666686,46.10666666666668,0.0,51.445600770343034,0.0,0.0,0.0,31.736557255423065,50.57786336555418,51.445600770343034,50.143994663159766,12.43753247303448,23.326057727410166,-0.06283116147874779,-0.6,-302.82937018305853,-604.4150338719406,-0.0,-26.847918583995998,272.03132863608084,0.0,1.0,0.019207101418358276,0.0,0.0008531731777272335,0.3732902345035561,65.99961422222222,56.402253636797255,0.19786014780805877,11.46329515445493,0.003453665933293819,-5.836289293160676,1.204280696438233
2025-01-01 22:02:00,0.21044457188583135,0.07835034218514492,0.0,0.0035074095314305224,0.001305839036419082,0.0,0.05498840379550466,0.0,0.1554561680903267,0.0,0.0,0.0,0.07835034218514492,0.0,1,0,0,Off,0,0,Off,0,0,Off,0.041426301885345206,0.031069726414008896,On,0.0,0,Off,0.0043446308479532176,0.0,On,0.050643772947551444,0,On,0.050989045176800106,0,On,0.06304082102818137,0.047280615771136014,On,0,0,Off,Off,0.0,23.888888888888914,0.0,0.0,0.0,0.0,0,0.0,1667.2815511111112,Off,0.0,0.0,31.75706895611404,51.666666666666686,46.10666666666668,0.0,51.44068982413612,0.0,0.0,0.0,31.75706895611404,50.57340940562912,51.44068982413612,50.139769196375624,12.43753247303448,23.303960552084252,-0.08492833680466205,-0.6,-300.5689192332099,-603.5113074849558,-0.0,-25.75712245522266,272.03132863608084,0.0,1.0,0.019196111581759157,0.0,0.0008192665001356479,0.3724547808196912,65.99961422222222,56.66818207088764,0.1981220100564153,11.454163204680174,0.0034536251011884835,-5.702987978012886,1.2043704911036786
2025-01-01 22:03:00,0.21044457188583135,0.07835034218514492,0.0,0.0035074095314305224,0.001305839036419082,0.0,0.05498840379550466,0.0,0.1554561680903267,0.0,0.0,0.0,0.07835034218514492,0.0,1,0,0,Off,0,0,Off,0,0,Off,0.041426301885345206,0.031069726414008896,On,0.0,0,Off,0.0043446308479532176,0.0,On,0.050643772947551444,0,On,0.050989045176800106,0,On,0.06304082102818137,0.047280615771136014,On,0,0,Off,Off,0.0,23.888888888888914,0.0,0.0,0.0,0.0,0,0.0,1667.2815511111112,Off,0.0,0.0,31.777057411972528,51.666666666666686,46.10666666666668,0.0,51.435775931354,0.0,0.0,0.0,31.777057411972528,50.56895256705871,51.435775931354,50.135540884911066,12.43753247303448,23.28231022275818,-0.10657866613073352,-0.6,-298.153051916921,-602.6263768067065,-0.0,-24.689094415791608,272.03132863608084,0.0,1.0,0.019185340832530238,0.0,0.0007860072334095841,0.37163545130840736,65.99961422222222,57.13109066949634,0.1983789627305662,11.444518854200787,0.0034535852046665063,-5.5722802425036315,1.2044584828581142
2025-01-01 22:04:00,0.21044457188583135,0.07835034218514492,0.0,0.0035074095314305224,0.001305839036419082,0.0,0.05498840379550466,0.0,0.1554561680903267,0.0,0.0,0.0,0.07835034218514492,0.0,1,0,0,Off,0,0,Off,0,0,Off,0.041426301885345206,0.031069726414008896,On,0.0,0,Off,0.0043446308479532176,0.0,On,0.050643772947551444,0,On,0.050989045176800106,0,On,0.06304082102818137,0.047280615771136014,On,0,0,Off,Off,0.0,23.888888888888914,0.0,0.0,0.0,0.0,0,0.0,1667.2815511111112,Off,0.0,0.0,31.79653570929198,51.666666666666686,46.10666666666668,0.0,51.43085916978256,0.0,0.0,0.0,31.79653570929198,50.56449292327598,51.43085916978256,50.13130980002269,12.43753247303448,23.26109556542749,-0.12779332346142525,-0.6,-296.01872148729234,-601.7597537519829,-0.0,-23.64324059690938,272.03132863608084,0.0,1.0,0.019174783798984355,0.0,0.0007533804378349277,0.3708318680063965,65.99961422222222,57.35294422551908,0.19863111621971483,11.435833394424705,0.0034535462253874314,-5.444105072662304,1.2045447163303518
2025-01-01 22:05:00,0.21044457188583135,0.07835034218514492,0.0,0.0035074095314305224,0.001305839036419082,0.0,0.05498840379550466,0.0,0.1554561680903267,0.0,0.0,0.0,0.07835034218514492,0.0,1,0,0,Off,0,0,Off,0,0,Off,0.041426301885345206,0.031069726414008896,On,0.0,0,Off,0.0043446308479532176,0.0,On,0.050643772947551444,0,On,0.050989045176800106,0,On,0.06304082102818137,0.047280615771136014,On,0,0,Off,Off,0.0,23.888888888888914,0.0,0.0,0.0,0.0,0,0.0,1667.2815511111112,Off,0.0,0.0,31.815534474250295,51.666666666666686,46.10666666666668,0.0,51.42593961526166,0.0,0.0,0.0,31.815534474250295,50.56003054587741,51.42593961526166,50.12707601118528,12.43753247303448,23.240290328736094,-0.14859856015281991,-0.6,-293.74850062284565,-600.9103365048823,-0.0,-22.618226798388847,272.03132863608084,0.0,1.0,0.0191644275935812,0.0,0.0007213478341779185,0.37004307878027676,65.99961422222222,57.748734044344545,0.19887876326673723,11.426617859447049,0.003453508145447126,-5.318311723443892,1.2046292974698412
2025-01-01 22:06:00,0.21044457188583135,0.07835034218514492,0.0,0.0035074095314305224,0.001305839036419082,0.0,0.05498840379550466,0.0,0.1554561680903267,0.0,0.0,0.0,0.07835034218514492,0.0,1,0,0,Off,0,0,Off,0,0,Off,0.041426301885345206,0.031069726414008896,On,0.0,0,Off,0.0043446308479532176,0.0,On,0.050643772947551444,0,On,0.050989045176800106,0,On,0.06304082102818137,0.047280615771136014,On,0,0,Off,Off,0.0,23.888888888888914,0.0,0.0,0.0,0.0,0,0.0,1667.2815511111112,Off,0.0,0.0,31.8340655525492,51.666666666666686,46.10666666666668,0.0,51.42101733907823,0.0,0.0,0.0,31.8340655525492,50.55556550216134,51.42101733907823,50.1228395837029,12.43753247303448,23.219884398747595,-0.1690044901413188,-0.6,-291.724205662418,-600.0776845102031,-0.0,-21.61351714745021,272.03132863608084,0.0,1.0,0.019154267347116574,0.0,0.0006898958192249036,0.3692687398873363,65.99961422222222,57.93566735915435,0.19912200461779156,11.417605260981613,0.003453470948006856,-5.1948447087868965,1.2047122667023678
2025-01-01 22:07:00,0.21044457188583135,0.07835034218514492,0.0,0.0035074095314305224,0.001305839036419082,0.0,0.05498840379550466,0.0,0.1554561680903267,0.0,0.0,0.0,0.07835034218514492,0.0,1,0,0,Off,0,0,Off,0,0,Off,0.041426301885345206,0.031069726414008896,On,0.0,0,Off,0.0043446308479532176,0.0,On,0.050643772947551444,0,On,0.050989045176800106,0,On,0.06304082102818137,0.047280615771136014,On,0,0,Off,Off,0.0,23.888888888888914,0.0,0.0,0.0,0.0,0,0.0,1667.2815511111112,Off,0.0,0.0,31.85215611682655,51.666666666666686,46.10666666666668,0.0,51.416092410757635,0.0,0.0,0.0,31.85215611682655,50.551097857763686,51.416092410757635,50.11860058126672,12.43753247303448,23.199854486471892,-0.18903440241702185,-0.6,-289.58537374015305,-599.260821478781,-0.0,-20.627929616243264,272.03132863608084,0.0,1.0,0.019144291619369976,0.0,0.0006589903526526183,0.36850800500601716,65.99961422222222,58.27204871879037,0.19936110078573394,11.409519378109426,0.0034534346166243393,-5.073570007128624,1.2047937180515824
2025-01-01 22:08:00,0.21044457188583135,0.07835034218514492,0.0,0.0035074095314305224,0.001305839036419082,0.0,0.05498840379550466,0.0,0.1554561680903267,0.0,0.0,0.0,0.07835034218514492,0.0,1,0,0,Off,0,0,Off,0,0,Off,0.041426301885345206,0.031069726414008896,On,0.0,0,Off,0.0043446308479532176,0.0,On,0.050643772947551444,0,On,0.050989045176800106,0,On,0.06304082102818137,0.047280615771136014,On,0,0,Off,Off,0.0,23.888888888888914,0.0,0.0,0.0,0.0,0,0.0,1667.2815511111112,Off,0.0,0.0,31.86981710518263,51.666666666666686,46.10666666666668,0.0,51.411164895785674,0.0,0.0,0.0,31.86981710518263,50.5466276745069,51.411164895785674,50.11435906386752,12.43753247303448,23.180191252607457,-0.20869763628145677,-0.6,-287.66118850554045,-598.4593420901778,-0.0,-19.660971396056034,272.03132863608084,0.0,1.0,0.019134495905312063,0.0,0.0006286187719258703,0.3677605546748804,65.99961422222222,58.42779634461242,0.19959614584482718,11.40088362183673,0.003453399135804185,-4.954436084997696,1.2048736888843175
2025-01-01 22:09:00,0.21044457188583135,0.07835034218514492,0.0,0.0035074095314305224,0.001305839036419082,0.0,0.05498840379550466,0.0,0.1554561680903267,0.0,0.0,0.0,0.07835034218514492,0.0,1,0,0,Off,0,0,Off,0,0,Off,0.041426301885345206,0.031069726414008896,On,0.0,0,Off,0.0043446308479532176,0.0,On,0.050643772947551444,0,On,0.050989045176800106,0,On,0.06304082102818137,0.047280615771136014,On,0,0,Off,Off,0.0,23.888888888888914,0.0,0.0,0.0,0.0,0,0.0,1667.2815511111112,Off,0.0,0.0,31.88707265224851,51.666666666666686,46.10666666666668,0.0,51.40623485802157,0.0,0.0,0.0,31.88707265224851,50.54215501267836,51.40623485802157,50.11011509000676,12.43753247303448,23.16087401382815,-0.22801487506076512,-0.6,-285.6411766056441,-597.6723802492529,-0.0,-18.711594013402348,272.03132863608084,0.0,1.0,0.01912487003904097,0.0,0.0005987507797840291,0.3670256359379608,65.99961422222222,58.71146902093027,0.19982737180945434,11.392423702886001,0.0034533644904187963,-4.837323676428832,1.2049522627289506
2025-01-01 22:10:00,0.21044457188583135,0.07835034218514492,0.0,0.0035074095314305224,0.001305839036419082,0.0,0.05498840379550466,0.0,0.1554561680903267,0.0,0.0,0.0,0.07835034218514492,0.0,1,0,0,Off,0,0,Off,0,0,Off,0.041426301885345206,0.031069726414008896,On,0.0,0,Off,0.0043446308479532176,0.0,On,0.050643772947551444,0,On,0.050989045176800106,0,On,0.06304082102818137,0.047280615771136014,On,0,0,Off,Off,0.0,23.888888888888914,0.0,0.0,0.0,0.0,0,0.0,1667.2815511111112,Off,0.0,0.0,31.9039328915372,51.666666666666686,46.10666666666668,0.0,51.401302357736576,0.0,0.0,0.0,31.9039328915372,50.53767992917835,51.401302357736576,50.105868714899245,12.43753247303448,23.141894117555147,-0.24699477133376746,-0.6,-283.8079594316704,-596.8995617595154,-0.0,-17.779342685669246,272.03132863608084,0.0,1.0,0.019115409839010573,0.0,0.0005693745545782597,0.3663029510009103,65.99961422222222,58.839616377433416,0.20005486676604065,11.38486911163365,0.0034533306661829618,-4.722184774182858,1.2050294742376908
2025-01-01 22:11:00,0.21044457188583135,0.07835034218514492,0.0,0.0035074095314305224,0.001305839036419082,0.0,0.05498840379550466,0.0,0.1554561680903267,0.0,0.0,0.0,0.07835034218514492,0.0,1,0,0,Off,0,0,Off,0,0,Off,0.041426301885345206,0.031069726414008896,On,0.0,0,Off,0.0043446308479532176,0.0,On,0.050643772947551444,0,On,0.050989045176800106,0,On,0.06304082102818137,0.047280615771136014,On,0,0,Off,Off,0.0,23.888888888888914,0.0,0.0,0.0,0.0,0,0.0,1667.2815511111112,Off,0.0,0.0,31.920419266721396,51.666666666666686,46.10666666666668,0.0,51.39636745369505,0.0,0.0,0.0,31.920419266721396,50.53320247948501,51.39636745369505,50.10161999238,12.43753247303448,23.123233188555567,-0.2656557003333475,-0.6,-281.89563820258076,-596.1401179362784,-0.0,-16.863286971860546,272.03132863608084,0.0,1.0,0.01910610626927675,0.0,0.0005404631281133086,0.36559182988318767,65.99961422222222,59.076438069477426,0.20027883734729146,11.376742180109208,0.0034532976491537313,-4.608913224545653,1.2051053976372175
2025-01-01 22:12:00,0.21044457188583135,0.07835034218514492,0.0,0.0035074095314305224,0.001305839036419082,0.0,0.05498840379550466,0.0,0.1554561680903267,0.0,0.0,0.0,0.07835034218514492,0.0,1,0,0,Off,0,0,Off,0,0,Off,0.041426301885345206,0.031069726414008896,On,0.0,0,Off,0.0043446308479532176,0.0,On,0.050643772947551444,0,On,0.050989045176800106,0,On,0.06304082102818137,0.047280615771136014,On,0,0,Off,Off,0.0,23.888888888888914,0.0,0.0,0.0,0.0,0,0.0,1667.2815511111112,Off,0.0,0.0,31.936541208711528,51.666666666666686,46.10666666666668,0.0,51.39143020147339,0.0,0.0,0.0,31.936541208711528,50.52872271606704,51.39143020147339,50.09736897336387,12.43753247303448,23.104883173595088,-0.28400571529382646,-0.6,-280.14526663856356,-595.3937017047278,-0.0,-15.963005221121294,272.03132863608084,0.0,1.0,0.01909695543084444,0.0,0.0005120054148662651,0.3648919937464248,65.99961422222222,59.18011165120473,0.20049936639008747,11.368773276324394,0.0034532654261377263,-4.497464107271072,1.2051800652094355
2025-01-01 22:13:00,1.8777261229969426,0.07835034218514492,0.0,0.031295435383282375,0.001305839036419082,0.0,0.05498840379550466,0.0,0.1554561680903267,1.6672815511111112,0.0,0.0,0.07835034218514492,0.0,1,0,0,Off,0,0,Off,0,0,Off,0.041426301885345206,0.031069726414008896,On,0.0,0,Off,0.0043446308479532176,0.0,On,0.050643772947551444,0,On,0.050989045176800106,0,On,0.06304082102818137,0.047280615771136014,On,0,0,Off,On,1667.2815511111112,23.888888888888914,1.0,0.0,1.6672815511111112,0.0,1,1667.2815511111112,1667.2815511111112,Off,0.0,0.0,31.952317772378827,51.666666666666686,46.10666666666668,0.0,51.38649065524558,0.0,0.0,0.0,31.952317772378827,50.524240690069576,51.38649065524558,50.09311570748158,12.43753247303448,23.0868277462751,-0.30206114261381245,-0.6,1388.950815898302,-594.659630681038,-0.0,-15.077671539423513,272.03132863608084,0.0,1.0,0.019087949291790075,0.0,0.0004839774131853803,0.36420284649604784,65.99961422222222,59.37523837157139,0.2007166378799945,11.360954087583421,0.003453233984261488,-4.387742943495071,1.2052535429199405
2025-01-01 22:14:00,1.8777261229969426,0.07835034218514492,0.0,0.031295435383282375,0.001305839036419082,0.0,0.05498840379550466,0.0,0.1554561680903267,1.6672815511111112,0.0,0.0,0.07835034218514492,0.0,1,0,0,Off,0,0,Off,0,0,Off,0.041426301885345206,0.031069726414008896,On,0.0,0,Off,0.0043446308479532176,0.0,On,0.050643772947551444,0,On,0.050989045176800106,0,On,0.06304082102818137,0.047280615771136014,On,0,0,Off,On,1667.2815511111112,23.888888888888914,1.0,0.0,1.6672815511111112,0.0,1,1667.2815511111112,1667.2815511111112,Off,0.0,0.0,31.897718803264677,51.666666666666686,46.10666666666668,0.0,51.38154886635277,0.0,0.0,0.0,31.897718803264677,50.51975644996358,51.38154886635277,50.088860241768984,12.43753247303448,23.12925757115306,-0.25963131773585246,-0.6,1383.3953293151478,-596.3852502797853,-0.0,-17.158963607014535,272.03132863608084,0.0,1.0,0.01910911003322804,0.0,0.0005497998541526142,0.3658214670389709,65.99961422222222,57.626663454755416,0.20020044749637486,11.378927865794825,0.003453203311318534,-4.638867722686933,1.2050809621602478
2025-01-01 22:15:00,1.8777261229969426,0.07835034218514492,0.0,0.031295435383282375,0.001305839036419082,0.0,0.05498840379550466,0.0,0.1554561680903267,1.6672815511111112,0.0,0.0,0.07835034218514492,0.0,1,0,0,Off,0,0,Off,0,0,Off,0.041426301885345206,0.031069726414008896,On,0.0,0,Off,0.0043446308479532176,0.0,On,0.050643772947551444,0,On,0.050989045176800106,0,On,0.06304082102818137,0.047280615771136014,On,0,0,Off,On,1667.2815511111112,23.888888888888914,1.0,0.0,1.6672815511111112,0.0,1,1667.2815511111112,1667.2815511111112,Off,0.0,0.0,31.84488060399409,51.666666666666686,46.10666666666668,0.0,51.37661529482799,0.0,0.0,0.0,31.84488060399409,50.51527987236547,51.37661529482799,50.08461216113421,12.43753247303448,23.170181700837137,-0.21870718805177702,-0.6,1377.0392400111136,-598.0515132779445,-0.0,-19.168965487084208,272.03132863608084,0.0,1.0,0.0191295084127063,0.0,0.0006131459889436538,0.36737982104954237,65.99961422222222,54.946839028950194,0.1997038265104747,11.396116305612757,0.003453170878219326,-4.880442301453109,1.204914554616574
2025-01-01 22:16:00,1.8777261229969426,0.07835034218514492,0.0,0.031295435383282375,0.001305839036419082,0.0,0.05498840379550466,0.0,0.1554561680903267,1.6672815511111112,0.0,0.0,0.07835034218514492,0.0,1,0,0,Off,0,0,Off,0,0,Off,0.041426301885345206,0.031069726414008896,On,0.0,0,Off,0.0043446308479532176,0.0,On,0.050643772947551444,0,On,0.050989045176800106,0,On,0.06304082102818137,0.047280615771136014,On,0,0,Off,On,1667.2815511111112,23.888888888888914,1.0,0.0,1.6672815511111112,0.0,1,1667.2815511111112,1667.2815511111112,Off,0.0,0.0,31.793750538560445,51.666666666666686,46.10666666666668,0.0,51.371689678841264,0.0,0.0,0.0,31.793750538560445,50.510810710165956,51.371689678841264,50.0803712258283,12.43753247303448,23.209645128253328,-0.1792437606355861,-0.6,1372.2467759297094,-599.6600497862657,-0.0,-21.10961048907049,272.03132863608084,0.0,1.0,0.019149168100116097,0.0,0.0006741010676420136,0.3688799353575905,65.99961422222222,53.70355645785361,0.19922608073713252,11.413279151498735,0.0034531367514152173,-5.112787344225709,1.2047541322427622
2025-01-01 22:17:00,1.8777261229969426,0.07835034218514492,0.0,0.031295435383282375,0.001305839036419082,0.0,0.05498840379550466,0.0,0.1554561680903267,1.6672815511111112,0.0,0.0,0.07835034218514492,0.0,1,0,0,Off,0,0,Off,0,0,Off,0.041426301885345206,0.031069726414008896,On,0.0,0,Off,0.0043446308479532176,0.0,On,0.050643772947551444,0,On,0.050989045176800106,0,On,0.06304082102818137,0.047280615771136014,On,0,0,Off,On,1667.2815511111112,23.888888888888914,1.0,0.0,1.6672815511111112,0.0,1,1667.2815511111112,1667.2815511111112,Off,0.0,0.0,31.744181563901428,51.666666666666686,46.10666666666668,0.0,51.36677176438926,0.0,0.0,0.0,31.744181563901428,50.50634872364276,51.36677176438926,50.07613720326951,12.43753247303448,23.24777399602795,-0.14111489286096557,-0.6,1366.6784880652494,-601.215818006364,-0.0,-22.986850583804404,272.03132863608084,0.0,1.0,0.019168153064651153,0.0,0.000732874048333779,0.370326888711554,65.99961422222222,51.568276908225585,0.19876555339120494,11.429747968147375,0.0034531009951629874,-5.336700575968494,1.20459917756946
2025-01-01 22:18:00,1.8777261229969426,0.07835034218514492,0.0,0.031295435383282375,0.001305839036419082,0.0,0.05498840379550466,0.0,0.1554561680903267,1.6672815511111112,0.0,0.0,0.07835034218514492,0.0,1,0,0,Off,0,0,Off,0,0,Off,0.041426301885345206,0.031069726414008896,On,0.0,0,Off,0.0043446308479532176,0.0,On,0.050643772947551444,0,On,0.050989045176800106,0,On,0.06304082102818137,0.047280615771136014,On,0,0,Off,On,1667.2815511111112,23.888888888888914,1.0,0.0,1.6672815511111112,0.0,1,1667.2815511111112,1667.2815511111112,Off,0.0,0.0,31.69613186603412,51.666666666666686,46.10666666666668,0.0,51.3618613193271,0.0,0.0,0.0,31.69613186603412,50.501893693709874,51.3618613193271,50.071909880901266,12.43753247303448,23.284604023703853,-0.10428486518506119,-0.6,1362.2484663516398,-602.7201086962154,-0.0,-24.802216147409116,272.03132863608084,0.0,1.0,0.019186482115470315,0.0,0.0007895327693075891,0.3717222934844757,65.99961422222222,50.457911448072146,0.19832169168957528,11.444803323273543,0.00345306366817374,-5.552437558405388,1.2044495412185585
2025-01-01 22:19:00,1.8777261229969426,0.07835034218514492,0.0,0.031295435383282375,0.001305839036419082,0.0,0.05498840379550466,0.0,0.1554561680903267,1.6672815511111112,0.0,0.0,0.07835034218514492,0.0,1,0,0,Off,0,0,Off,0,0,Off,0.041426301885345206,0.031069726414008896,On,0.0,0,Off,0.0043446308479532176,0.0,On,0.050643772947551444,0,On,0.050989045176800106,0,On,0.06304082102818137,0.047280615771136014,On,0,0,Off,On,1667.2815511111112,23.888888888888914,1.0,0.0,1.6672815511111112,0.0,1,1667.2815511111112,1667.2815511111112,Off,0.0,0.0,31.649482961883848,51.666666666666686,46.10666666666668,0.0,51.35695811772767,0.0,0.0,0.0,31.649482961883848,50.49744540714953,51.35695811772767,50.06768905186046,12.43753247303448,23.320236833341028,-0.06865205554788645,-0.6,1357.1546428803917,-604.1769198970911,-0.0,-26.560507279884597,272.03132863608084,0.0,1.0,0.01920420676232786,0.0,0.000844245214799166,0.3730702341151107,65.99961422222222,48.57919031017526,0.19789316439563492,11.459973086593244,0.0034530248274100925,-5.760640241604613,1.2043048063964064
2025-01-01 22:20:00,1.8777261229969426,0.07835034218514492,0.0,0.031295435383282375,0.001305839036419082,0.0,0.05498840379550466,0.0,0.1554561680903267,1.6672815511111112,0.0,0.0,0.07835034218514492,0.0,1,0,0,Off,0,0,Off,0,0,Off,0.041426301885345206,0.031069726414008896,On,0.0,0,Off,0.0043446308479532176,0.0,On,0.050643772947551444,0,On,0.050989045176800106,0,On,0.06304082102818137,0.047280615771136014,On,0,0,Off,On,1667.2815511111112,23.888888888888914,1.0,0.0,1.6672815511111112,0.0,1,1667.2815511111112,1667.2815511111112,Off,0.0,0.0,31.60419766375592,51.666666666666686,46.10666666666668,0.0,51.352061951277065,0.0,0.0,0.0,31.60419766375592,50.493003667372065,51.352061951277065,50.063474525419565,12.43753247303448,23.354704190694985,-0.03418469819392911,-0.6,1353.0766026838166,-605.5874107173745,-0.0,-28.26310045561692,272.03132863608084,0.0,1.0,0.019221343661100124,0.0,0.000897070773221776,0.37437212566837075,65.99961422222222,47.61423410961586,0.1974794888932645,11.474536865534525,0.0034529845253708537,-5.961533086411401,1.2041648405374672
2025-01-01 22:21:00,1.8777261229969426,0.07835034218514492,0.0,0.031295435383282375,0.001305839036419082,0.0,0.05498840379550466,0.0,0.1554561680903267,1.6672815511111112,0.0,0.0,0.07835034218514492,0.0,1,0,0,Off,0,0,Off,0,0,Off,0.041426301885345206,0.031069726414008896,On,0.0,0,Off,0.0043446308479532176,0.0,On,0.050643772947551444,0,On,0.050989045176800106,0,On,0.06304082102818137,0.047280615771136014,On,0,0,Off,On,1667.2815511111112,23.888888888888914,1.0,0.0,1.6672815511111112,0.0,1,1667.2815511111112,1667.2815511111112,Off,0.0,0.0,31.5601714446672,51.666666666666686,46.10666666666668,0.0,51.347172617191234,0.0,0.0,0.0,31.5601714446672,50.48856828300679,51.347172617191234,50.059266115914575,12.43753247303448,23.388095744513688,-0.0007931443752262624,-0.6,1348.4162339767122,-606.9551217123785,-0.0,-29.914248881654174,272.03132863608084,0.0,1.0,0.019237938167666255,0.0,0.0009481565435906357,0.375631549427867,65.99961422222222,45.97272482355264,0.1970795014355362,11.489282339576043,0.003452942813016481,-6.15567909660841,1.204029276291968
2025-01-01 22:22:00,1.8777261229969426,0.07835034218514492,0.0,0.031295435383282375,0.001305839036419082,0.0,0.05498840379550466,0.0,0.1554561680903267,1.6672815511111112,0.0,0.0,0.07835034218514492,0.0,1,0,0,Off,0,0,Off,0,0,Off,0.041426301885345206,0.031069726414008896,On,0.0,0,Off,0.0043446308479532176,0.0,On,0.050643772947551444,0,On,0.050989045176800106,0,On,0.06304082102818137,0.047280615771136014,On,0,0,Off,On,1667.2815511111112,23.888888888888914,1.0,0.0,1.6672815511111112,0.0,1,1667.2815511111112,1667.2815511111112,Off,0.0,0.0,31.51737174435882,51.666666666666686,46.10666666666668,0.0,51.342289928224695,0.0,0.0,0.0,31.51737174435882,50.48413907735252,51.342289928224695,50.05506365191644,12.43753247303448,23.42043930327171,0.0,-0.6,1344.648693162734,-608.2810744499886,-0.0,-31.515167036658543,272.03132863608084,0.0,1.0,0.019254004819144546,0.0,0.0009975539326924398,0.37684973250620135,65.99961422222222,45.132054902189,0.19669278510974217,11.502742300444702,0.0034528997373890866,-6.343273105518883,1.2038979977780295
2025-01-01 22:23:00,1.8777261229969426,0.07835034218514492,0.0,0.031295435383282375,0.001305839036419082,0.0,0.05498840379550466,0.0,0.1554561680903267,1.6672815511111112,0.0,0.0,0.07835034218514492,0.0,1,0,0,Off,0,0,Off,0,0,Off,0.041426301885345206,0.031069726414008896,On,0.0,0,Off,0.0043446308479532176,0.0,On,0.050643772947551444,0,On,0.050989045176800106,0,On,0.06304082102818137,0.047280615771136014,On,0,0,Off,On,1667.2815511111112,23.888888888888914,1.0,0.0,1.6672815511111112,0.0,1,1667.2815511111112,1667.2815511111112,Off,0.0,0.0,31.47570677348943,51.666666666666686,46.10666666666668,0.0,51.33741370197381,0.0,0.0,0.0,31.47570677348943,50.47971587827762,51.33741370197381,50.05086696642953,12.43753247303448,23.45181358696991,0.0,-0.6,1340.3712621604313,-609.5683880578453,-0.0,-33.06960363925187,272.03132863608084,0.0,1.0,0.019269583378657213,0.0,0.0010453912917892964,0.3780298032482852,65.99961422222222,43.69637411033624,0.1963183260196984,11.51569775961941,0.0034528553441938196,-6.524807041360696,1.2037706826804604
2025-01-01 22:24:00,1.8777261229969426,0.07835034218514492,0.0,0.031295435383282375,0.001305839036419082,0.0,0.05498840379550466,0.0,0.1554561680903267,1.6672815511111112,0.0,0.0,0.07835034218514492,0.0,1,0,0,Off,0,0,Off,0,0,Off,0.041426301885345206,0.031069726414008896,On,0.0,0,Off,0.0043446308479532176,0.0,On,0.050643772947551444,0,On,0.050989045176800106,0,On,0.06304082102818137,0.047280615771136014,On,0,0,Off,On,1667.2815511111112,23.888888888888914,1.0,0.0,1.6672815511111112,0.0,1,1667.2815511111112,1667.2815511111112,Off,0.0,0.0,31.435147838578246,51.666666666666686,46.10666666666668,0.0,51.33254376968003,0.0,0.0,0.0,31.435147838578246,50.47529852653231,51.33254376968003,50.04667590495846,12.43753247303448,23.482243098065286,0.0,-0.6,1336.880654956994,-610.8179685321918,-0.0,-34.57863689810474,272.03132863608084,0.0,1.0,0.019284686617754343,0.0,0.0010917134246254952,0.37917283304000776,65.99961422222222,42.964380640098526,0.195955761547126,11.52890595107132,0.0034528096757095194,-6.700451163894663,1.203647229039109
2025-01-01 22:25:00,1.8777261229969426,0.07835034218514492,0.0,0.031295435383282375,0.001305839036419082,0.0,0.05498840379550466,0.0,0.1554561680903267,1.6672815511111112,0.0,0.0,0.07835034218514492,0.0,1,0,0,Off,0,0,Off,0,0,Off,0.041426301885345206,0.031069726414008896,On,0.0,0,Off,0.0043446308479532176,0.0,On,0.050643772947551444,0,On,0.050989045176800106,0,On,0.06304082102818137,0.047280615771136014,On,0,0,Off,On,1667.2815511111112,23.888888888888914,1.0,0.0,1.6672815511111112,0.0,1,1667.2815511111112,1667.2815511111112,Off,0.0,0.0,31.395614117783087,51.666666666666686,46.10666666666668,0.0,51.32767996685168,0.0,0.0,0.0,31.395614117783087,50.47088686689373,51.32767996685168,50.04249031691475,12.43753247303448,23.511797147083172,0.0,-0.6,1332.9434226387857,-612.0325704472554,-0.0,-36.045578814075455,272.03132863608084,0.0,1.0,0.019299349495141373,0.0,0.0011366326840729093,0.38028156311868233,65.99961422222222,41.708692152924264,0.19560420544372029,11.540914895764551,0.0034527627730452605,-6.870636638961437,1.203527353270482
2025-01-01 22:26:00,1.8777261229969426,0.07835034218514492,0.0,0.031295435383282375,0.001305839036419082,0.0,0.05498840379550466,0.0,0.1554561680903267,1.6672815511111112,0.0,0.0,0.07835034218514492,0.0,1,0,0,Off,0,0,Off,0,0,Off,0.041426301885345206,0.031069726414008896,On,0.0,0,Off,0.0043446308479532176,0.0,On,0.050643772947551444,0,On,0.050989045176800106,0,On,0.06304082102818137,0.047280615771136014,On,0,0,Off,On,1667.2815511111112,23.888888888888914,1.0,0.0,1.6672815511111112,0.0,1,1667.2815511111112,1667.2815511111112,Off,0.0,0.0,31.35708021353666,51.666666666666686,46.10666666666668,0.0,51.32282214101185,0.0,0.0,0.0,31.35708021353666,50.46648075548164,51.32282214101185,50.03831006271654,12.43753247303448,23.54049741896234,0.0,-0.6,1329.7002033661265,-613.213000527029,-0.0,-37.47139038004012,272.03132863608084,0.0,1.0,0.01931358328276474,0.0,0.001180188316627177,0.3813569335532498,65.99961422222222,41.071714526003575,0.19526334070722765,11.553225515159442,0.0034527146743048858,-7.035512984922421,1.2034109652599578
2025-01-01 22:27:00,1.8777261229969426,0.07835034218514492,0.0,0.031295435383282375,0.001305839036419082,0.0,0.05498840379550466,0.0,0.1554561680903267,1.6672815511111112,0.0,0.0,0.07835034218514492,0.0,1,0,0,Off,0,0,Off,0,0,Off,0.041426301885345206,0.031069726414008896,On,0.0,0,Off,0.0043446308479532176,0.0,On,0.050643772947551444,0,On,0.050989045176800106,0,On,0.06304082102818137,0.047280615771136014,On,0,0,Off,On,1667.2815511111112,23.888888888888914,1.0,0.0,1.6672815511111112,0.0,1,1667.2815511111112,1667.2815511111112,Off,0.0,0.0,31.319474825365287,51.666666666666686,46.10666666666668,0.0,51.317970143460414,0.0,0.0,0.0,31.319474825365287,50.46208005198018,51.317970143460414,50.03413500624007,12.43753247303448,23.568405055599637,0.0,-0.6,1326.0658391646052,-614.3616954052087,-0.0,-38.85900245594485,272.03132863608084,0.0,1.0,0.019327418777698245,0.0,0.0012224789067526282,0.38240135193112745,65.99961422222222,39.973657278566535,0.19493239074513613,11.565124947829995,0.0034526654165637806,-7.195458983360461,1.203297815011895
2025-01-01 22:28:00,1.8777261229969426,0.07835034218514492,0.0,0.031295435383282375,0.001305839036419082,0.0,0.05498840379550466,0.0,0.1554561680903267,1.6672815511111112,0.0,0.0,0.07835034218514492,0.0,1,0,0,Off,0,0,Off,0,0,Off,0.041426301885345206,0.031069726414008896,On,0.0,0,Off,0.0043446308479532176,0.0,On,0.050643772947551444,0,On,0.050989045176800106,0,On,0.06304082102818137,0.047280615771136014,On,0,0,Off,On,1667.2815511111112,23.888888888888914,1.0,0.0,1.6672815511111112,0.0,1,1667.2815511111112,1667.2815511111112,Off,0.0,0.0,31.282775370314198,51.666666666666686,46.10666666666668,0.0,51.31312383609663,0.0,0.0,0.0,31.282775370314198,50.4576846260799,51.31312383609663,50.02996502107154,12.43753247303448,23.595539336421393,0.0,-0.6,1323.0441472418593,-615.4793764610479,-0.0,-40.20927514071174,272.03132863608084,0.0,1.0,0.019340865975413936,0.0,0.0012635390091162,0.38341564726050015,65.99961422222222,39.41991909642683,0.19461107700495875,11.576623291964626,0.003452615034255488,-7.350606593864236,1.203187822510552
2025-01-01 22:29:00,1.8777261229969426,0.07835034218514492,0.0,0.031295435383282375,0.001305839036419082,0.0,0.05498840379550466,0.0,0.1554561680903267,1.6672815511111112,0.0,0.0,0.07835034218514492,0.0,1,0,0,Off,0,0,Off,0,0,Off,0.041426301885345206,0.031069726414008896,On,0.0,0,Off,0.0043446308479532176,0.0,On,0.050643772947551444,0,On,0.050989045176800106,0,On,0.06304082102818137,0.047280615771136014,On,0,0,Off,On,1667.2815511111112,23.888888888888914,1.0,0.0,1.6672815511111112,0.0,1,1667.2815511111112,1667.2815511111112,Off,0.0,0.0,31.246918831926777,51.666666666666686,46.10666666666668,0.0,51.308283084178036,0.0,0.0,0.0,31.246918831926777,50.453294350640675,51.308283084178036,50.02579998387199,12.43753247303448,23.621954296400023,0.0,-0.6,1319.680063081072,-616.5682025465703,-0.0,-41.52480608774132,272.03132863608084,0.0,1.0,0.01935395205957309,0.0,0.0013034553241407416,0.3844019387454828,65.99961422222222,38.460191968191324,0.19429871737929458,11.58774834217236,0.0034525635609048595,-7.501289310302703,1.2030807669537367
2025-01-01 22:30:00,1.8777261229969426,0.07835034218514492,0.0,0.031295435383282375,0.001305839036419082,0.0,0.05498840379550466,0.0,0.1554561680903267,1.6672815511111112,0.0,0.0,0.07835034218514492,0.0,1,0,0,Off,0,0,Off,0,0,Off,0.041426301885345206,0.031069726414008896,On,0.0,0,Off,0.0043446308479532176,0.0,On,0.050643772947551444,0,On,0.050989045176800106,0,On,0.06304082102818137,0.047280615771136014,On,0,0,Off,On,1667.2815511111112,23.888888888888914,1.0,0.0,1.6672815511111112,0.0,1,1667.2815511111112,1667.2815511111112,Off,0.0,0.0,31.211885038731754,51.666666666666686,46.10666666666668,0.0,51.3034477623301,0.0,0.0,0.0,31.211885038731754,50.4489091073662,51.3034477623301,50.021639779884254,12.43753247303448,23.64766715435122,0.0,-3.3,1191.6021375073692,-740.3855584333679,-0.0,-44.98064761725848,272.03132863608084,0.0,1.0,0.020680782786638426,0.0,0.0012564197023820878,0.4082169175827943,65.99961422222222,37.65546381080332,0.19399506586360035,11.598509118030783,0.003452511027709362,-16.334429724237047,1.202976576965204
2025-01-01 22:31:00,1.8777261229969426,0.07835034218514492,0.0,0.031295435383282375,0.001305839036419082,0.0,0.05498840379550466,0.0,0.1554561680903267,1.6672815511111112,0.0,0.0,0.07835034218514492,0.0,1,0,0,Off,0,0,Off,0,0,Off,0.041426301885345206,0.031069726414008896,On,0.0,0,Off,0.0043446308479532176,0.0,On,0.050643772947551444,0,On,0.050989045176800106,0,On,0.06304082102818137,0.047280615771136014,On,0,0,Off,On,1667.2815511111112,23.888888888888914,1.0,0.0,1.6672815511111112,0.0,1,1667.2815511111112,1667.2815511111112,Off,0.0,0.0,31.183608840554196,51.666666666666686,46.10666666666668,0.0,51.298617748178,0.0,0.0,0.0,31.183608840554196,50.44452878079109,51.298617748178,50.017484297097646,12.43753247303448,23.667576816788987,0.0,-3.3,1194.5823539367414,-741.273928413321,-0.0,-46.02302622465056,272.03132863608084,0.0,1.0,0.02069031057808684,0.0,0.0012845868036525745,0.408918360390829,65.99961422222222,42.566428827520895,0.1937561977989525,11.60695449390894,0.0034523966241615583,-16.44465179704833,1.2028959676871376
2025-01-01 22:32:00,1.8777261229969426,0.07835034218514492,0.0,0.031295435383282375,0.001305839036419082,0.0,0.05498840379550466,0.0,0.1554561680903267,1.6672815511111112,0.0,0.0,0.07835034218514492,0.0,1,0,0,Off,0,0,Off,0,0,Off,0.041426301885345206,0.031069726414008896,On,0.0,0,Off,0.0043446308479532176,0.0,On,0.050643772947551444,0,On,0.050989045176800106,0,On,0.06304082102818137,0.047280615771136014,On,0,0,Off,On,1667.2815511111112,23.888888888888914,1.0,0.0,1.6672815511111112,0.0,1,1667.2815511111112,1667.2815511111112,Off,0.0,0.0,31.155680109757387,51.666666666666686,46.10666666666668,0.0,51.29379203724235,0.0,0.0,0.0,31.155680109757387,50.44015242254351,51.29379203724235,50.013332615194095,12.43753247303448,23.687191810716882,0.0,-3.3,1194.0178952270564,-742.1495633516378,-0.0,-47.050537416988156,272.03132863608084,0.0,1.0,0.020699695129416107,0.0,0.0013123120032685132,0.40960891462857646,65.99961422222222,43.90511624849022,0.19352104912607365,11.615246009764803,0.003452281440919017,-16.55295327282642,1.2028165638150625
2025-01-01 22:33:00,1.8777261229969426,0.07835034218514492,0.0,0.031295435383282375,0.001305839036419082,0.0,0.05498840379550466,0.0,0.1554561680903267,1.6672815511111112,0.0,0.0,0.07835034218514492,0.0,1,0,0,Off,0,0,Off,0,0,Off,0.041426301885345206,0.031069726414008896,On,0.0,0,Off,0.0043446308479532176,0.0,On,0.050643772947551444,0,On,0.050989045176800106,0,On,0.06304082102818137,0.047280615771136014,On,0,0,Off,On,1667.2815511111112,23.888888888888914,1.0,0.0,1.6672815511111112,0.0,1,1667.2815511111112,1667.2815511111112,Off,0.0,0.0,31.12823431645994,51.666666666666686,46.10666666666668,0.0,51.28897057780368,0.0,0.0,0.0,31.12823431645994,50.435779983859305,51.28897057780368,50.009184686887124,12.43753247303448,23.706395651309137,0.0,-3.3,1192.3852255964603,-743.0072410522105,-0.0,-48.05704909052353,272.03132863608084,0.0,1.0,0.02070888083082643,0.0,0.001339432037415225,0.4102845074014967,65.99961422222222,44.136635992002354,0.19329096175379706,11.623324434813911,0.003452165491446767,-16.658648426689076,1.2027388368117782
2025-01-01 22:34:00,1.8777261229969426,0.07835034218514492,0.0,0.031295435383282375,0.001305839036419082,0.0,0.05498840379550466,0.0,0.1554561680903267,1.6672815511111112,0.0,0.0,0.07835034218514492,0.0,1,0,0,Off,0,0,Off,0,0,Off,0.041426301885345206,0.031069726414008896,On,0.0,0,Off,0.0043446308479532176,0.0,On,0.050643772947551444,0,On,0.050989045176800106,0,On,0.06304082102818137,0.047280615771136014,On,0,0,Off,On,1667.2815511111112,23.888888888888914,1.0,0.0,1.6672815511111112,0.0,1,1667.2815511111112,1667.2815511111112,Off,0.0,0.0,31.101298325202286,51.666666666666686,46.10666666666668,0.0,51.28415329800807,0.0,0.0,0.0,31.101298325202286,50.431411396962254,51.28415329800807,50.00504044643935,12.43753247303448,23.72516518071128,0.0,-3.3,1190.1675145665047,-743.8459012155867,-0.0,-49.04131212953488,272.03132863608084,0.0,1.0,0.020717856746768352,0.0,0.0013659158136286934,0.4109443566342032,65.99961422222222,43.74184816443412,0.193066186344251,11.631178085804192,0.003452048794064203,-16.761607292378734,1.2026628798298038
2025-01-01 22:35:00,1.8777261229969426,0.07835034218514492,0.0,0.031295435383282375,0.001305839036419082,0.0,0.05498840379550466,0.0,0.1554561680903267,1.6672815511111112,0.0,0.0,0.07835034218514492,0.0,1,0,0,Off,0,0,Off,0,0,Off,0.041426301885345206,0.031069726414008896,On,0.0,0,Off,0.0043446308479532176,0.0,On,0.050643772947551444,0,On,0.050989045176800106,0,On,0.06304082102818137,0.047280615771136014,On,0,0,Off,On,1667.2815511111112,23.888888888888914,1.0,0.0,1.6672815511111112,0.0,1,1667.2815511111112,1667.2815511111112,Off,0.0,0.0,31.074877851448377,51.666666666666686,46.10666666666668,0.0,51.27934012200958,0.0,0.0,0.0,31.074877851448377,50.427046590305906,51.27934012200958,50.00089982445408,12.43753247303448,23.743495414818753,0.0,-3.3,1187.771283781093,-744.6652948608129,-0.0,-50.00302947278361,272.03132863608084,0.0,1.0,0.02072662063640206,0.0,0.0013917579209152375,0.4115883199380809,65.99961422222222,43.12672836749733,0.1928467617358406,11.638804537501255,0.003451931368016994,-16.861807937596176,1.2025887123746333
2025-01-01 22:36:00,1.8777261229969426,0.07835034218514492,0.0,0.031295435383282375,0.001305839036419082,0.0,0.05498840379550466,0.0,0.1554561680903267,1.6672815511111112,0.0,0.0,0.07835034218514492,0.0,1,0,0,Off,0,0,Off,0,0,Off,0.041426301885345206,0.031069726414008896,On,0.0,0,Off,0.0043446308479532176,0.0,On,0.050643772947551444,0,On,0.050989045176800106,0,On,0.06304082102818137,0.047280615771136014,On,0,0,Off,On,1667.2815511111112,23.888888888888914,1.0,0.0,1.6672815511111112,0.0,1,1667.2815511111112,1667.2815511111112,Off,0.0,0.0,31.04896131714094,51.666666666666686,46.10666666666668,0.0,51.27453097311372,0.0,0.0,0.0,31.04896131714094,50.42268549154171,51.27453097311372,49.99676275075571,12.43753247303448,23.761396232460623,0.0,-3.3,1185.8008162127119,-745.4658380693469,-0.0,-50.942684769851,272.03132863608084,0.0,1.0,0.02073517736128569,0.0,0.0014169738571771615,0.41221677617074354,65.99961422222222,42.89645930471769,0.19263255467764234,11.646208930777025,0.0034518132327132495,-16.95931637176087,1.2025162937614717
2025-01-01 22:37:00,1.8777261229969426,0.07835034218514492,0.0,0.031295435383282375,0.001305839036419082,0.0,0.05498840379550466,0.0,0.1554561680903267,1.6672815511111112,0.0,0.0,0.07835034218514492,0.0,1,0,0,Off,0,0,Off,0,0,Off,0.041426301885345206,0.031069726414008896,On,0.0,0,Off,0.0043446308479532176,0.0,On,0.050643772947551444,0,On,0.050989045176800106,0,On,0.06304082102818137,0.047280615771136014,On,0,0,Off,On,1667.2815511111112,23.888888888888914,1.0,0.0,1.6672815511111112,0.0,1,1667.2815511111112,1667.2815511111112,Off,0.0,0.0,31.02351259395711,51.666666666666686,46.10666666666668,0.0,51.269725776347855,0.0,0.0,0.0,31.02351259395711,50.41832802994597,51.269725776347855,49.99262915674503,12.43753247303448,23.77889861499765,0.0,-3.3,1183.7848810263783,-746.2488926063594,-0.0,-51.86187205204171,272.03132863608084,0.0,1.0,0.020743541859470502,0.0,0.0014416087239535864,0.4128308425747623,65.99961422222222,42.58276593758721,0.19242318861422564,11.653407142318002,0.00345169440710132,-17.054323058625634,1.2024454978837407
2025-01-01 22:38:00,1.8777261229969426,0.07835034218514492,0.0,0.031295435383282375,0.001305839036419082,0.0,0.05498840379550466,0.0,0.1554561680903267,1.6672815511111112,0.0,0.0,0.07835034218514492,0.0,1,0,0,Off,0,0,Off,0,0,Off,0.041426301885345206,0.031069726414008896,On,0.0,0,Off,0.0043446308479532176,0.0,On,0.050643772947551444,0,On,0.050989045176800106,0,On,0.06304082102818137,0.047280615771136014,On,0,0,Off,On,1667.2815511111112,23.888888888888914,1.0,0.0,1.6672815511111112,0.0,1,1667.2815511111112,1667.2815511111112,Off,0.0,0.0,30.998516933301666,51.666666666666686,46.10666666666668,0.0,51.2649244621101,0.0,0.0,0.0,30.998516933301666,50.41397413986532,51.2649244621101,49.98849897874294,12.43753247303448,23.796015172899047,0.0,-3.3,1181.8074506712123,-747.0150006726476,-0.0,-52.76122374018795,272.03132863608084,0.0,1.0,0.02075172027668991,0.0,0.001465681620216922,0.4134309889145024,65.99961422222222,42.270795336855926,0.19221850155452003,11.66040569122838,0.003451574908788895,-17.14690913458721,1.2023762730952026
2025-01-01 22:39:00,1.8777261229969426,0.07835034218514492,0.0,0.031295435383282375,0.001305839036419082,0.0,0.05498840379550466,0.0,0.1554561680903267,1.6672815511111112,0.0,0.0,0.07835034218514492,0.0,1,0,0,Off,0,0,Off,0,0,Off,0.041426301885345206,0.031069726414008896,On,0.0,0,Off,0.0043446308479532176,0.0,On,0.050643772947551444,0,On,0.050989045176800106,0,On,0.06304082102818137,0.047280615771136014,On,0,0,Off,On,1667.2815511111112,23.888888888888914,1.0,0.0,1.6672815511111112,0.0,1,1667.2815511111112,1667.2815511111112,Off,0.0,0.0,30.97395675384148,51.666666666666686,46.10666666666668,0.0,51.26012696299156,0.0,0.0,0.0,30.97395675384148,50.40962375771624,51.26012696299156,49.98437215507858,12.43753247303448,23.81276095354696,0.0,-3.3,1179.8382639213926,-747.76481502062,-0.0,-53.6415023097688,272.03132863608084,0.0,1.0,0.020759719914977517,0.0,0.0014892149796306106,0.41401776852462874,65.99961422222222,41.93170150458931,0.1920183044171909,11.667212332419481,0.003451454754815788,-17.23716976055534,1.202308557919923
2025-01-01 22:40:00,1.8777261229969426,0.07835034218514492,0.0,0.031295435383282375,0.001305839036419082,0.0,0.05498840379550466,0.0,0.1554561680903267,1.6672815511111112,0.0,0.0,0.07835034218514492,0.0,1,0,0,Off,0,0,Off,0,0,Off,0.041426301885345206,0.031069726414008896,On,0.0,0,Off,0.0043446308479532176,0.0,On,0.050643772947551444,0,On,0.050989045176800106,0,On,0.06304082102818137,0.047280615771136014,On,0,0,Off,On,1667.2815511111112,23.888888888888914,1.0,0.0,1.6672815511111112,0.0,1,1667.2815511111112,1667.2815511111112,Off,0.0,0.0,30.949816406214843,51.666666666666686,46.10666666666668,0.0,51.25533321419734,0.0,0.0,0.0,30.949816406214843,50.405276822382575,51.25533321419734,49.9802486264752,12.43753247303448,23.829149346376976,0.0,-3.3,1178.0902183884705,-748.498915654156,-0.0,-54.503385105956355,272.03132863608084,0.0,1.0,0.020767547276241468,0.0,0.001512228813202635,0.41459167476890996,65.99961422222222,41.7796394013907,0.19182242839093036,11.673833972588042,0.003451333961554288,-17.325189911388698,1.202242297633425
2025-01-01 22:41:00,1.8777261229969426,0.07835034218514492,0.0,0.031295435383282375,0.001305839036419082,0.0,0.05498840379550466,0.0,0.1554561680903267,1.6672815511111112,0.0,0.0,0.07835034218514492,0.0,1,0,0,Off,0,0,Off,0,0,Off,0.041426301885345206,0.031069726414008896,On,0.0,0,Off,0.0043446308479532176,0.0,On,0.050643772947551444,0,On,0.050989045176800106,0,On,0.06304082102818137,0.047280615771136014,On,0,0,Off,On,1667.2815511111112,23.888888888888914,1.0,0.0,1.6672815511111112,0.0,1,1667.2815511111112,1667.2815511111112,Off,0.0,0.0,30.9260720769168,51.666666666666686,46.10666666666668,0.0,51.25054315325935,0.0,0.0,0.0,30.9260720769168,50.400933274944464,51.25054315325935,49.976128335787024,12.43753247303448,23.845200759900113,0.0,-3.3,1176.3001171836872,-749.2181985296443,-0.0,-55.34792070762908,272.03132863608084,0.0,1.0,0.0207752122064412,0.0,0.0015347528932731587,0.41515344488173844,65.99961422222222,41.553356673768256,0.19163062478193182,11.681036646034588,0.0034512125447808194,-17.411095591005825,1.202177409134644
2025-01-01 22:42:00,1.8777261229969426,0.07835034218514492,0.0,0.031295435383282375,0.001305839036419082,0.0,0.05498840379550466,0.0,0.1554561680903267,1.6672815511111112,0.0,0.0,0.07835034218514492,0.0,1,0,0,Off,0,0,Off,0,0,Off,0.041426301885345206,0.031069726414008896,On,0.0,0,Off,0.0043446308479532176,0.0,On,0.050643772947551444,0,On,0.050989045176800106,0,On,0.06304082102818137,0.047280615771136014,On,0,0,Off,On,1667.2815511111112,23.888888888888914,1.0,0.0,1.6672815511111112,0.0,1,1667.2815511111112,1667.2815511111112,Off,0.0,0.0,30.90271207145907,51.666666666666686,46.10666666666668,0.0,51.24575672124974,0.0,0.0,0.0,30.90271207145907,50.39659305982404,51.24575672124974,49.97201122911119,12.43753247303448,23.860925189821685,0.0,-3.3,1174.5370429160316,-749.9230945083592,-0.0,-56.17561188793625,272.03132863608084,0.0,1.0,0.020782719570952037,0.0,0.0015568022869851825,0.415703449776005,65.99961422222222,41.322869565134994,0.19144276608335273,11.687314892712497,0.0034510905193851477,-17.494950964500127,1.202113851513185
2025-01-01 22:43:00,1.8777261229969426,0.07835034218514492,0.0,0.031295435383282375,0.001305839036419082,0.0,0.05498840379550466,0.0,0.1554561680903267,1.6672815511111112,0.0,0.0,0.07835034218514492,0.0,1,0,0,Off,0,0,Off,0,0,Off,0.041426301885345206,0.031069726414008896,On,0.0,0,Off,0.0043446308479532176,0.0,On,0.050643772947551444,0,On,0.050989045176800106,0,On,0.06304082102818137,0.047280615771136014,On,0,0,Off,On,1667.2815511111112,23.888888888888914,1.0,0.0,1.6672815511111112,0.0,1,1667.2815511111112,1667.2815511111112,Off,0.0,0.0,30.879722335917027,51.666666666666686,46.10666666666668,0.0,51.24097386097957,0.0,0.0,0.0,30.879722335917027,50.392256123084664,51.24097386097957,49.96789725413722,12.43753247303448,23.876334661393614,0.0,-3.3,1172.831652801496,-750.6141265057164,-0.0,-56.98706970905389,272.03132863608084,0.0,1.0,0.020790075198277958,0.0,0.001578394840630162,0.4162421300025054,65.99961422222222,41.119969269074105,0.19125870221081648,11.693429971113925,0.0034509678998076365,-17.576831878955765,1.2020515756716894
2025-01-01 22:44:00,1.8777261229969426,0.07835034218514492,0.0,0.031295435383282375,0.001305839036419082,0.0,0.05498840379550466,0.0,0.1554561680903267,1.6672815511111112,0.0,0.0,0.07835034218514492,0.0,1,0,0,Off,0,0,Off,0,0,Off,0.041426301885345206,0.031069726414008896,On,0.0,0,Off,0.0043446308479532176,0.0,On,0.050643772947551444,0,On,0.050989045176800106,0,On,0.06304082102818137,0.047280615771136014,On,0,0,Off,On,1667.2815511111112,23.888888888888914,1.0,0.0,1.6672815511111112,0.0,1,1667.2815511111112,1667.2815511111112,Off,0.0,0.0,30.857088076061373,51.666666666666686,46.10666666666668,0.0,51.23619451734949,0.0,0.0,0.0,30.857088076061373,50.38792241276207,51.23619451734949,49.963786360468376,12.43753247303448,23.89144183815424,0.0,-3.3,1171.1812616016994,-751.2918471950021,-0.0,-57.78294038586173,272.03132863608084,0.0,1.0,0.02079728521544612,0.0,0.0015995492248167193,0.4167699470063325,65.99961422222222,40.94316943537109,0.19107827657601792,11.700145413382216,0.003450844699956252,-17.656817637658285,1.2019905299589722
2025-01-01 22:45:00,1.8777261229969426,0.07835034218514492,0.0,0.031295435383282375,0.001305839036419082,0.0,0.05498840379550466,0.0,0.1554561680903267,1.6672815511111112,0.0,0.0,0.07835034218514492,0.0,1,0,0,Off,0,0,Off,0,0,Off,0.041426301885345206,0.031069726414008896,On,0.0,0,Off,0.0043446308479532176,0.0,On,0.050643772947551444,0,On,0.050989045176800106,0,On,0.06304082102818137,0.047280615771136014,On,0,0,Off,On,1667.2815511111112,23.888888888888914,1.0,0.0,1.6672815511111112,0.0,1,1667.2815511111112,1667.2815511111112,Off,0.0,0.0,30.83479524041457,51.666666666666686,46.10666666666668,0.0,51.23141863745974,0.0,0.0,0.0,30.83479524041457,50.383591878968225,51.23141863745974,49.95967849972248,12.43753247303448,23.906258747246138,0.0,-3.3,1169.575518767768,-751.9567818038196,-0.0,-58.563838105607545,272.03132863608084,0.0,1.0,0.0208043554397729,0.0,0.0016202831510391828,0.4172873386217356,65.99961422222222,40.783258930002916,0.19090134071979953,11.705953853989396,0.003450720933181779,-17.734983498648454,1.201930665327838
2025-01-01 22:46:00,1.8777261229969426,0.07835034218514492,0.0,0.031295435383282375,0.001305839036419082,0.0,0.05498840379550466,0.0,0.1554561680903267,1.6672815511111112,0.0,0.0,0.07835034218514492,0.0,1,0,0,Off,0,0,Off,0,0,Off,0.041426301885345206,0.031069726414008896,On,0.0,0,Off,0.0043446308479532176,0.0,On,0.050643772947551444,0,On,0.050989045176800106,0,On,0.06304082102818137,0.047280615771136014,On,0,0,Off,On,1667.2815511111112,23.888888888888914,1.0,0.0,1.6672815511111112,0.0,1,1667.2815511111112,1667.2815511111112,Off,0.0,0.0,30.812830822762166,51.666666666666686,46.10666666666668,0.0,51.22664617049971,0.0,0.0,0.0,30.812830822762166,50.3792644737871,51.22664617049971,49.955573625430794,12.43753247303448,23.920796519546432,0.0,-3.3,1168.008878876265,-752.6094163562888,-0.0,-59.3303312018723,272.03132863608084,0.0,1.0,0.02081129125538218,0.0,0.0016406130139832336,0.41779471011818853,65.99961422222222,40.635746687233905,0.1907277572239183,11.711617564249575,0.0034505966123061496,-17.8113991703733,1.2018719363841333
2025-01-01 22:47:00,1.8777261229969426,0.07835034218514492,0.0,0.031295435383282375,0.001305839036419082,0.0,0.05498840379550466,0.0,0.1554561680903267,1.6672815511111112,0.0,0.0,0.07835034218514492,0.0,1,0,0,Off,0,0,Off,0,0,Off,0.041426301885345206,0.031069726414008896,On,0.0,0,Off,0.0043446308479532176,0.0,On,0.050643772947551444,0,On,0.050989045176800106,0,On,0.06304082102818137,0.047280615771136014,On,0,0,Off,On,1667.2815511111112,23.888888888888914,1.0,0.0,1.6672815511111112,0.0,1,1667.2815511111112,1667.2815511111112,Off,0.0,0.0,30.791182599267493,51.666666666666686,46.10666666666668,0.0,51.22187706759261,0.0,0.0,0.0,30.791182599267493,50.37494015112797,51.22187706759261,49.95147169289565,12.43753247303448,23.93506561509062,0.0,-3.3,1166.4800310812223,-753.250207693154,-0.0,-60.08295390444902,272.03132863608084,0.0,1.0,0.02081809772129389,0.0,0.001660554212918784,0.4182924421923649,65.99961422222222,40.50031293163326,0.19055739705115196,11.717900315875259,0.0034504717496614554,-17.88613016299204,1.2018143004721151
2025-01-01 22:48:00,1.8777261229969426,0.07835034218514492,0.0,0.031295435383282375,0.001305839036419082,0.0,0.05498840379550466,0.0,0.1554561680903267,1.6672815511111112,0.0,0.0,0.07835034218514492,0.0,1,0,0,Off,0,0,Off,0,0,Off,0.041426301885345206,0.031069726414008896,On,0.0,0,Off,0.0043446308479532176,0.0,On,0.050643772947551444,0,On,0.050989045176800106,0,On,0.06304082102818137,0.047280615771136014,On,0,0,Off,On,1667.2815511111112,23.888888888888914,1.0,0.0,1.6672815511111112,0.0,1,1667.2815511111112,1667.2815511111112,Off,0.0,0.0,30.76983891003913,51.666666666666686,46.10666666666668,0.0,51.217111281679074,0.0,0.0,0.0,30.76983891003913,50.370618866615644,51.217111281679074,49.947372659083925,12.43753247303448,23.949076011230247,0.0,-3.3,1164.988348194451,-753.8795918429277,-0.0,-60.822216156932676,272.03132863608084,0.0,1.0,0.020824779661603933,0.0,0.0016801214195256663,0.4187808976300611,65.99961422222222,40.377276447119215,0.19039013733063267,11.723290924826635,0.003450346357119416,-17.95923891409111,1.2017577169112146
2025-01-01 22:49:00,1.8777261229969426,0.07835034218514492,0.0,0.031295435383282375,0.001305839036419082,0.0,0.05498840379550466,0.0,0.1554561680903267,1.6672815511111112,0.0,0.0,0.07835034218514492,0.0,1,0,0,Off,0,0,Off,0,0,Off,0.041426301885345206,0.031069726414008896,On,0.0,0,Off,0.0043446308479532176,0.0,On,0.050643772947551444,0,On,0.050989045176800106,0,On,0.06304082102818137,0.047280615771136014,On,0,0,Off,On,1667.2815511111112,23.888888888888914,1.0,0.0,1.6672815511111112,0.0,1,1667.2815511111112,1667.2815511111112,Off,0.0,0.0,30.748788604265325,51.666666666666686,46.10666666666668,0.0,51.212348767433404,0.0,0.0,0.0,30.748788604265325,50.36630057751128,51.212348767433404,49.94327648255022,12.43753247303448,23.962837249075292,0.0,-3.3,1163.5325211257161,-754.497986044207,-0.0,-61.54860598025647,272.03132863608084,0.0,1.0,0.02083134168798242,0.0,0.0016993286467415416,0.4192604230060048,65.99961422222222,40.26623340298747,0.19022586077823664,11.72931149768463,0.0034502204461128966,-18.030785077635052,1.2017021468065217
2025-01-01 22:50:00,1.8777261229969426,0.07835034218514492,0.0,0.031295435383282375,0.001305839036419082,0.0,0.05498840379550466,0.0,0.1554561680903267,1.6672815511111112,0.0,0.0,0.07835034218514492,0.0,1,0,0,Off,0,0,Off,0,0,Off,0.041426301885345206,0.031069726414008896,On,0.0,0,Off,0.0043446308479532176,0.0,On,0.050643772947551444,0,On,0.050989045176800106,0,On,0.06304082102818137,0.047280615771136014,On,0,0,Off,On,1667.2815511111112,23.888888888888914,1.0,0.0,1.6672815511111112,0.0,1,1667.2815511111112,1667.2815511111112,Off,0.0,0.0,30.72802104532765,51.666666666666686,46.10666666666668,0.0,51.20758948118782,0.0,0.0,0.0,30.72802104532765,50.361985242640976,51.20758948118782,49.939183123367556,12.43753247303448,23.976358429519564,0.0,-3.3,1162.1108967535665,-755.1057885083399,-0.0,-62.26258918306341,272.03132863608084,0.0,1.0,0.020837788198098124,0.0,0.0017181892468667538,0.4197313486192704,65.99961422222222,40.16639469777775,0.1900644556979939,11.73520831875885,0.003450094027655398,-18.1008255156054,1.2016475530633373
2025-01-01 22:51:00,1.8777261229969426,0.07835034218514492,0.0,0.031295435383282375,0.001305839036419082,0.0,0.05498840379550466,0.0,0.1554561680903267,1.6672815511111112,0.0,0.0,0.07835034218514492,0.0,1,0,0,Off,0,0,Off,0,0,Off,0.041426301885345206,0.031069726414008896,On,0.0,0,Off,0.0043446308479532176,0.0,On,0.050643772947551444,0,On,0.050989045176800106,0,On,0.06304082102818137,0.047280615771136014,On,0,0,Off,On,1667.2815511111112,23.888888888888914,1.0,0.0,1.6672815511111112,0.0,1,1667.2815511111112,1667.2815511111112,Off,0.0,0.0,30.70752609994936,51.666666666666686,46.10666666666668,0.0,51.20283338085603,0.0,0.0,0.0,30.70752609994936,50.35767282232358,51.20283338085603,49.93509254305736,12.43753247303448,23.989648222405986,0.0,-3.3,1160.721923232559,-755.7033787753991,-0.0,-62.96460976954566,272.03132863608084,0.0,1.0,0.020844123380292852,0.0,0.0017367159278223504,0.4201939888827985,65.99961422222222,40.07703203031163,0.18990581583549196,11.740225732230659,0.003449967112360624,-18.169414366137723,1.2015939003486629
2025-01-01 22:52:00,1.8777261229969426,0.07835034218514492,0.0,0.031295435383282375,0.001305839036419082,0.0,0.05498840379550466,0.0,0.1554561680903267,1.6672815511111112,0.0,0.0,0.07835034218514492,0.0,1,0,0,Off,0,0,Off,0,0,Off,0.041426301885345206,0.031069726414008896,On,0.0,0,Off,0.0043446308479532176,0.0,On,0.050643772947551444,0,On,0.050989045176800106,0,On,0.06304082102818137,0.047280615771136014,On,0,0,Off,On,1667.2815511111112,23.888888888888914,1.0,0.0,1.6672815511111112,0.0,1,1667.2815511111112,1667.2815511111112,Off,0.0,0.0,30.687294109437847,51.666666666666686,46.10666666666668,0.0,51.19808042585842,0.0,0.0,0.0,30.687294109437847,50.353363278300066,51.19808042585842,49.93100470452089,12.43753247303448,24.002714890901622,0.0,-3.3,1159.364223267169,-756.2911187577245,-0.0,-63.65509115569306,272.03132863608084,0.0,1.0,0.020850351225486174,0.0,0.0017549207903784908,0.4206486432376863,65.99961422222222,39.9975534333944,0.1897498400604449,11.7458877673868,0.0034498397104615786,-18.23660319993659,1.2015411549912647
2025-01-01 22:53:00,1.8777261229969426,0.07835034218514492,0.0,0.031295435383282375,0.001305839036419082,0.0,0.05498840379550466,0.0,0.1554561680903267,1.6672815511111112,0.0,0.0,0.07835034218514492,0.0,1,0,0,Off,0,0,Off,0,0,Off,0.041426301885345206,0.031069726414008896,On,0.0,0,Off,0.0043446308479532176,0.0,On,0.050643772947551444,0,On,0.050989045176800106,0,On,0.06304082102818137,0.047280615771136014,On,0,0,Off,On,1667.2815511111112,23.888888888888914,1.0,0.0,1.6672815511111112,0.0,1,1667.2815511111112,1667.2815511111112,Off,0.0,0.0,30.667315860403903,51.666666666666686,46.10666666666668,0.0,51.193330577051476,0.0,0.0,0.0,30.667315860403903,50.349056573666914,51.193330577051476,49.926919571974636,12.43753247303448,24.015566316987844,0.0,-3.3,1158.0365169102076,-756.86935383803,-0.0,-64.33443745046053,272.03132863608084,0.0,1.0,0.020856475539587648,0.0,0.0017728153666607624,0.4210955971007013,65.99961422222222,39.92742845150602,0.1895964320399033,11.750677863542437,0.0034497118318285733,-18.302441182127843,1.2014892848773484
2025-01-01 22:54:00,1.8777261229969426,0.07835034218514492,0.0,0.031295435383282375,0.001305839036419082,0.0,0.05498840379550466,0.0,0.1554561680903267,1.6672815511111112,0.0,0.0,0.07835034218514492,0.0,1,0,0,Off,0,0,Off,0,0,Off,0.041426301885345206,0.031069726414008896,On,0.0,0,Off,0.0043446308479532176,0.0,On,0.050643772947551444,0,On,0.050989045176800106,0,On,0.06304082102818137,0.047280615771136014,On,0,0,Off,On,1667.2815511111112,23.888888888888914,1.0,0.0,1.6672815511111112,0.0,1,1667.2815511111112,1667.2815511111112,Off,0.0,0.0,30.647582559446978,51.666666666666686,46.10666666666668,0.0,51.1885837966616,0.0,0.0,0.0,30.647582559446978,50.34475267281364,51.1885837966616,49.92283711088967,12.43753247303448,24.02821002284964,0.0,-3.3,1156.7375782024724,-757.4384137871369,-0.0,-65.00303452578675,272.03132863608084,0.0,1.0,0.020862499953932172,0.0,0.0017904106526881135,0.4215351226639477,65.99961422222222,39.866146768204096,0.18944549996129026,11.756121318953364,0.003449583485986098,-18.366975209072102,1.2014382593629165
2025-01-01 22:55:00,1.8777261229969426,0.07835034218514492,0.0,0.031295435383282375,0.001305839036419082,0.0,0.05498840379550466,0.0,0.1554561680903267,1.6672815511111112,0.0,0.0,0.07835034218514492,0.0,1,0,0,Off,0,0,Off,0,0,Off,0.041426301885345206,0.031069726414008896,On,0.0,0,Off,0.0043446308479532176,0.0,On,0.050643772947551444,0,On,0.050989045176800106,0,On,0.06304082102818137,0.047280615771136014,On,0,0,Off,On,1667.2815511111112,23.888888888888914,1.0,0.0,1.6672815511111112,0.0,1,1667.2815511111112,1667.2815511111112,Off,0.0,0.0,30.628085811485743,51.666666666666686,46.10666666666668,0.0,51.18384004822261,0.0,0.0,0.0,30.628085811485743,50.340451541363834,51.18384004822261,49.91875728793445,12.43753247303448,24.040653189605422,0.0,-3.3,1155.4662340675889,-757.998613565618,-0.0,-65.66125095088576,272.03132863608084,0.0,1.0,0.02086842793442854,0.0,0.0018077171369844042,0.4219674795975217,65.99961422222222,39.813218836900575,0.18929695628846074,11.761461302237766,0.0034494546821287383,-18.430250028722874,1.2013880491969788
2025-01-01 22:56:00,1.8777261229969426,0.07835034218514492,0.0,0.031295435383282375,0.001305839036419082,0.0,0.05498840379550466,0.0,0.1554561680903267,1.6672815511111112,0.0,0.0,0.07835034218514492,0.0,1,0,0,Off,0,0,Off,0,0,Off,0.041426301885345206,0.031069726414008896,On,0.0,0,Off,0.0043446308479532176,0.0,On,0.050643772947551444,0,On,0.050989045176800106,0,On,0.06304082102818137,0.047280615771136014,On,0,0,Off,On,1667.2815511111112,23.888888888888914,1.0,0.0,1.6672815511111112,0.0,1,1667.2815511111112,1667.2815511111112,Off,0.0,0.0,30.608817598999984,51.666666666666686,46.10666666666668,0.0,51.17909929651664,0.0,0.0,0.0,30.608817598999984,50.33615314611926,51.17909929651664,49.914680070920575,12.43753247303448,24.05290267499808,0.0,-3.3,1154.221369098498,-758.5502540819067,-0.0,-66.3094388759843,272.03132863608084,0.0,1.0,0.020874262790195428,0.0,0.001824744827543408,0.4223929157119907,65.99961422222222,39.76818230919689,0.18915071753197402,11.766701330527312,0.0034493254291362474,-18.492308354109106,1.2013386264490364
2025-01-01 22:57:00,1.8777261229969426,0.07835034218514492,0.0,0.031295435383282375,0.001305839036419082,0.0,0.05498840379550466,0.0,0.1554561680903267,1.6672815511111112,0.0,0.0,0.07835034218514492,0.0,1,0,0,Off,0,0,Off,0,0,Off,0.041426301885345206,0.031069726414008896,On,0.0,0,Off,0.0043446308479532176,0.0,On,0.050643772947551444,0,On,0.050989045176800106,0,On,0.06304082102818137,0.047280615771136014,On,0,0,Off,On,1667.2815511111112,23.888888888888914,1.0,0.0,1.6672815511111112,0.0,1,1667.2815511111112,1667.2815511111112,Off,0.0,0.0,30.58977026235261,51.666666666666686,46.10666666666668,0.0,51.17436150751785,0.0,0.0,0.0,30.58977026235261,50.33185745500688,51.17436150751785,49.9106054287514,12.43753247303448,24.06496503031847,0.0,-3.3,1153.0019241636405,-759.0936229188226,-0.0,-66.94793487949624,272.03132863608084,0.0,1.0,0.020880007681815634,0.0,0.0018415032775411194,0.4228116675904573,65.99961422222222,39.730602214767316,0.18900670403037464,11.771082281674378,0.0034491957355878297,-18.553190971590148,1.2012899644397506
2025-01-01 22:58:00,1.8777261229969426,0.07835034218514492,0.0,0.031295435383282375,0.001305839036419082,0.0,0.05498840379550466,0.0,0.1554561680903267,1.6672815511111112,0.0,0.0,0.07835034218514492,0.0,1,0,0,Off,0,0,Off,0,0,Off,0.041426301885345206,0.031069726414008896,On,0.0,0,Off,0.0043446308479532176,0.0,On,0.050643772947551444,0,On,0.050989045176800106,0,On,0.06304082102818137,0.047280615771136014,On,0,0,Off,On,1667.2815511111112,23.888888888888914,1.0,0.0,1.6672815511111112,0.0,1,1667.2815511111112,1667.2815511111112,Off,0.0,0.0,30.570936481141114,51.666666666666686,46.10666666666668,0.0,51.16962664833935,0.0,0.0,0.0,30.570936481141114,50.32756443702863,51.16962664833935,49.90653333137327,12.43753247303448,24.07684651639373,0.0,-3.3,1151.806892431623,-759.6289950207272,-0.0,-67.57706076944517,272.03132863608084,0.0,1.0,0.020885665629129784,0.0,0.0018580016095771916,0.42322396118468286,65.99961422222222,39.70006847460348,0.18886483974413534,11.776131955086058,0.003449065609775663,-18.612936842958753,1.2012420376754636
2025-01-01 22:59:00,1.8777261229969426,0.07835034218514492,0.0,0.031295435383282375,0.001305839036419082,0.0,0.05498840379550466,0.0,0.1554561680903267,1.6672815511111112,0.0,0.0,0.07835034218514492,0.0,1,0,0,Off,0,0,Off,0,0,Off,0.041426301885345206,0.031069726414008896,On,0.0,0,Off,0.0043446308479532176,0.0,On,0.050643772947551444,0,On,0.050989045176800106,0,On,0.06304082102818137,0.047280615771136014,On,0,0,Off,On,1667.2815511111112,23.888888888888914,1.0,0.0,1.6672815511111112,0.0,1,1667.2815511111112,1667.2815511111112,Off,0.0,0.0,30.552309256578496,51.666666666666686,46.10666666666668,0.0,51.16489468718271,0.0,0.0,0.0,30.552309256578496,50.32327406221377,51.16489468718271,49.902463749729314,12.43753247303448,24.088553118603404,0.0,-3.3,1150.635315931534,-760.1566333394148,-0.0,-68.19712433686291,272.03132863608084,0.0,1.0,0.02089123951855335,0.0,0.001874248538408556,0.42363001237428277,65.99961422222222,39.676193860619776,0.18872505206257073,11.781091320350594,0.003448935059717707,-18.671583201231904,1.2011948217867112
2025-01-01 23:00:00,0.15185282137799874,0.07418547733385158,0.0,0.002530880356299979,0.0012364246222308598,0.0,0.030030729853431345,0.0,0.1218220915245674,0.0,0.0,0.0,0.07418547733385158,0.0,1,0,0,Off,0,0,Off,0,0,Off,0.03860178130225349,0.02895133597669011,On,0.0,0,Off,0.003646386604532164,0.0,On,0.02638434324889918,0,On,0.022908121746098596,0,On,0.06031218847621531,0.04523414135716147,On,0,0,Off,Off,0.0,23.888888888888914,0.0,0.0,0.0,0.0,0,0.0,1667.2815511111112,Off,0.0,0.0,30.53388189510621,51.666666666666686,46.10666666666668,0.0,51.16016559329013,0.0,0.0,0.0,30.53388189510621,50.31898630157384,51.16016559329013,49.89839665571569,12.43753247303448,24.100090560997707,0.0,-3.3,-576.1960145135403,-760.6767894418755,-0.0,-68.80842006481022,213.63058240688588,0.0,1.0,0.0208967321099534,0.0,0.0018902523922919715,0.4240300274918437,65.99961422222222,39.65861258625971,0.18858727162265093,11.785963313547878,0.0034488040931698436,-18.786466924206717,1.2011482934704245
2025-01-01 23:01:00,0.15185282137799874,0.07418547733385158,0.0,0.002530880356299979,0.0012364246222308598,0.0,0.030030729853431345,0.0,0.1218220915245674,0.0,0.0,0.0,0.07418547733385158,0.0,1,0,0,Off,0,0,Off,0,0,Off,0.03860178130225349,0.02895133597669011,On,0.0,0,Off,0.003646386604532164,0.0,On,0.02638434324889918,0,On,0.022908121746098596,0,On,0.06031218847621531,0.04523414135716147,On,0,0,Off,Off,0.0,23.888888888888914,0.0,0.0,0.0,0.0,0,0.0,1667.2815511111112,Off,0.0,0.0,30.588140253998994,51.666666666666686,46.10666666666668,0.0,51.1554393368991,0.0,0.0,0.0,30.588140253998994,50.31470112705969,51.1554393368991,49.89433202214,12.43753247303448,24.049157533500676,0.0,-3.3,-569.3123688351923,-758.3815793496599,-0.0,-66.11123992738706,213.63058240688588,0.0,1.0,0.020872478938997196,0.0,0.0018195397944642806,0.42226286354155224,65.99961422222222,41.549868034968874,0.1891576341614638,11.764443327955519,0.003448672315698142,-18.479705815938825,1.201354237739692
2025-01-01 23:02:00,0.15185282137799874,0.07418547733385158,0.0,0.002530880356299979,0.0012364246222308598,0.0,0.030030729853431345,0.0,0.1218220915245674,0.0,0.0,0.0,0.07418547733385158,0.0,1,0,0,Off,0,0,Off,0,0,Off,0.03860178130225349,0.02895133597669011,On,0.0,0,Off,0.003646386604532164,0.0,On,0.02638434324889918,0,On,0.022908121746098596,0,On,0.06031218847621531,0.04523414135716147,On,0,0,Off,Off,0.0,23.888888888888914,0.0,0.0,0.0,0.0,0,0.0,1667.2815511111112,Off,0.0,0.0,30.640410517027316,51.666666666666686,46.10666666666668,0.0,51.15070511455996,0.0,0.0,0.0,30.640410517027316,50.31040833783946,51.15070511455996,49.89025994947921,12.43753247303448,23.999925640772815,0.0,-3.3,-561.5823473611069,-756.1656428134136,-0.0,-63.50767836701388,213.63058240688588,0.0,1.0,0.02084902189212746,0.0,0.0017510356218588224,0.4205516095395842,65.99961422222222,44.46039141243472,0.18971067863595287,11.743012560266713,0.003448542712220274,-18.182581258914222,1.2015533722994665
2025-01-01 23:03:00,0.15185282137799874,0.07418547733385158,0.0,0.002530880356299979,0.0012364246222308598,0.0,0.030030729853431345,0.0,0.1218220915245674,0.0,0.0,0.0,0.07418547733385158,0.0,1,0,0,Off,0,0,Off,0,0,Off,0.03860178130225349,0.02895133597669011,On,0.0,0,Off,0.003646386604532164,0.0,On,0.02638434324889918,0,On,0.022908121746098596,0,On,0.06031218847621531,0.04523414135716147,On,0,0,Off,Off,0.0,23.888888888888914,0.0,0.0,0.0,0.0,0,0.0,1667.2815511111112,Off,0.0,0.0,30.690752740846733,51.666666666666686,46.10666666666668,0.0,51.14596322184503,0.0,0.0,0.0,30.690752740846733,50.306108212925714,51.14596322184503,49.886180708466064,12.43753247303448,23.95234354383712,0.0,-3.3,-555.1790222923038,-754.0264080480887,-0.0,-60.99466892739536,213.63058240688588,0.0,1.0,0.020826337876995477,0.0,0.0016846831493153734,0.4188947802073366,65.99961422222222,46.2114722762944,0.19024680458499238,11.723168294013785,0.0034484152136961075,-17.894832903722683,1.2017458980543074
2025-01-01 23:04:00,0.15185282137799874,0.07418547733385158,0.0,0.002530880356299979,0.0012364246222308598,0.0,0.030030729853431345,0.0,0.1218220915245674,0.0,0.0,0.0,0.07418547733385158,0.0,1,0,0,Off,0,0,Off,0,0,Off,0.03860178130225349,0.02895133597669011,On,0.0,0,Off,0.003646386604532164,0.0,On,0.02638434324889918,0,On,0.022908121746098596,0,On,0.06031218847621531,0.04523414135716147,On,0,0,Off,Off,0.0,23.888888888888914,0.0,0.0,0.0,0.0,0,0.0,1667.2815511111112,Off,0.0,0.0,30.739313155932816,51.666666666666686,46.10666666666668,0.0,51.1412139453966,0.0,0.0,0.0,30.739313155932816,50.30180102290262,51.1412139453966,49.88209456165564,12.43753247303448,23.90628582935704,0.0,-3.3,-548.8478377939476,-751.9579973742891,-0.0,-58.56526570705112,213.63058240688588,0.0,1.0,0.02080436836147431,0.0,0.0016203210354987982,0.41728828404467455,65.99961422222222,48.04484288050671,0.19076727360282433,11.70332774551094,0.0034482897530018993,-17.61576298679935,1.2019323161094144
2025-01-01 23:05:00,0.15185282137799874,0.07418547733385158,0.0,0.002530880356299979,0.0012364246222308598,0.0,0.030030729853431345,0.0,0.1218220915245674,0.0,0.0,0.0,0.07418547733385158,0.0,1,0,0,Off,0,0,Off,0,0,Off,0.03860178130225349,0.02895133597669011,On,0.0,0,Off,0.003646386604532164,0.0,On,0.02638434324889918,0,On,0.022908121746098596,0,On,0.06031218847621531,0.04523414135716147,On,0,0,Off,Off,0.0,23.888888888888914,0.0,0.0,0.0,0.0,0,0.0,1667.2815511111112,Off,0.0,0.0,30.786177761703833,51.666666666666686,46.10666666666668,0.0,51.13645755011893,0.0,0.0,0.0,30.786177761703833,50.29748701783211,51.13645755011893,49.87800175168871,12.43753247303448,23.861678831608423,0.0,-3.3,-542.8006244983349,-749.9568854225421,-0.0,-56.21529047596449,213.63058240688588,0.0,1.0,0.020783079349186488,0.0,0.0015578586786909444,0.41572980247653996,65.99961422222222,49.74096899328602,0.19127277452750624,11.684214597796858,0.003448166268022524,-17.34497249310139,1.2021129189496498
2025-01-01 23:06:00,0.15185282137799874,0.07418547733385158,0.0,0.002530880356299979,0.0012364246222308598,0.0,0.030030729853431345,0.0,0.1218220915245674,0.0,0.0,0.0,0.07418547733385158,0.0,1,0,0,Off,0,0,Off,0,0,Off,0.03860178130225349,0.02895133597669011,On,0.0,0,Off,0.003646386604532164,0.0,On,0.02638434324889918,0,On,0.022908121746098596,0,On,0.06031218847621531,0.04523414135716147,On,0,0,Off,Off,0.0,23.888888888888914,0.0,0.0,0.0,0.0,0,0.0,1667.2815511111112,Off,0.0,0.0,30.831436437604175,51.666666666666686,46.10666666666668,0.0,51.131694288130696,0.0,0.0,0.0,30.831436437604175,50.2931664357068,51.131694288130696,49.87390250949486,12.43753247303448,23.8184455380653,0.0,-3.3,-537.0085301075246,-748.0194175831986,-0.0,-53.940416764631586,213.63058240688588,0.0,1.0,0.02076243513792758,0.0,0.0014971996422323889,0.4142168766060099,65.99961422222222,51.32072183341962,0.19176404903900285,11.665790224294307,0.003448044699528088,-17.082039414073048,1.202288013138708
2025-01-01 23:07:00,0.15185282137799874,0.07418547733385158,0.0,0.002530880356299979,0.0012364246222308598,0.0,0.030030729853431345,0.0,0.1218220915245674,0.0,0.0,0.0,0.07418547733385158,0.0,1,0,0,Off,0,0,Off,0,0,Off,0.03860178130225349,0.02895133597669011,On,0.0,0,Off,0.003646386604532164,0.0,On,0.02638434324889918,0,On,0.022908121746098596,0,On,0.06031218847621531,0.04523414135716147,On,0,0,Off,Off,0.0,23.888888888888914,0.0,0.0,0.0,0.0,0,0.0,1667.2815511111112,Off,0.0,0.0,30.875172802131956,51.666666666666686,46.10666666666668,0.0,51.12692439818852,0.0,0.0,0.0,30.875172802131956,50.2888395019055,51.12692439818852,49.869797053764,12.43753247303448,23.776514304731972,0.0,-3.3,-531.4523515215511,-746.1421996649465,-0.0,-51.736627249366855,213.63058240688588,0.0,1.0,0.02074240248568344,0.0,0.0014382539228313808,0.41274721303132095,65.99961422222222,52.7958929858765,0.1922417907470334,11.648018689239567,0.0034479249913310925,-16.826570119713065,1.2024578840162061
2025-01-01 23:08:00,0.15185282137799874,0.07418547733385158,0.0,0.002530880356299979,0.0012364246222308598,0.0,0.030030729853431345,0.0,0.1218220915245674,0.0,0.0,0.0,0.07418547733385158,0.0,1,0,0,Off,0,0,Off,0,0,Off,0.03860178130225349,0.02895133597669011,On,0.0,0,Off,0.003646386604532164,0.0,On,0.02638434324889918,0,On,0.022908121746098596,0,On,0.06031218847621531,0.04523414135716147,On,0,0,Off,Off,0.0,23.888888888888914,0.0,0.0,0.0,0.0,0,0.0,1667.2815511111112,Off,0.0,0.0,30.917465029611094,51.666666666666686,46.10666666666668,0.0,51.12214810661768,0.0,0.0,0.0,30.917465029611094,50.284506430071865,51.12214810661768,49.865685591798965,12.43753247303448,23.73581815517611,0.0,-3.3,-526.1193319699263,-744.3220643371201,-0.0,-49.60017399380167,213.63058240688588,0.0,1.0,0.020722950286958405,0.0,0.0013809370824085867,0.4113186616678367,65.99961422222222,54.17232395410965,0.19270665181290678,11.630866394529347,0.0034478070900802343,-16.57819558597249,1.2026227984801598
2025-01-01 23:09:00,0.15185282137799874,0.07418547733385158,0.0,0.002530880356299979,0.0012364246222308598,0.0,0.030030729853431345,0.0,0.1218220915245674,0.0,0.0,0.0,0.07418547733385158,0.0,1,0,0,Off,0,0,Off,0,0,Off,0.03860178130225349,0.02895133597669011,On,0.0,0,Off,0.003646386604532164,0.0,On,0.02638434324889918,0,On,0.022908121746098596,0,On,0.06031218847621531,0.04523414135716147,On,0,0,Off,Off,0.0,23.888888888888914,0.0,0.0,0.0,0.0,0,0.0,1667.2815511111112,Off,0.0,0.0,30.95838646377036,51.666666666666686,46.10666666666668,0.0,51.117365628121455,0.0,0.0,0.0,30.95838646377036,50.28016742287842,51.117365628121455,49.86156832025691,12.43753247303448,23.696294253799074,0.0,-3.3,-520.9964883581841,-742.5560456876427,-0.0,-47.527548270211454,213.63058240688588,0.0,1.0,0.02070404933072388,0.0,0.0013251696079634972,0.40992919933197,65.99961422222222,55.45652319278422,0.1931592477716361,11.614301814710416,0.0034476909450814807,-16.336568596161026,1.2027830070720409
2025-01-01 23:10:00,0.15185282137799874,0.07418547733385158,0.0,0.002530880356299979,0.0012364246222308598,0.0,0.030030729853431345,0.0,0.1218220915245674,0.0,0.0,0.0,0.07418547733385158,0.0,1,0,0,Off,0,0,Off,0,0,Off,0.03860178130225349,0.02895133597669011,On,0.0,0,Off,0.003646386604532164,0.0,On,0.02638434324889918,0,On,0.022908121746098596,0,On,0.06031218847621531,0.04523414135716147,On,0,0,Off,Off,0.0,23.888888888888914,0.0,0.0,0.0,0.0,0,0.0,1667.2815511111112,Off,0.0,0.0,30.998005918786408,51.666666666666686,46.10666666666668,0.0,51.11257716649923,0.0,0.0,0.0,30.998005918786408,50.27582267270452,51.11257716649923,49.85744542580718,12.43753247303448,23.657883647768966,0.0,-3.3,-516.071709611204,-740.8413660302448,-0.0,-45.515464797277566,213.63058240688588,0.0,1.0,0.020685672185590274,0.0,0.001270876637486277,0.4085769225040615,65.99961422222222,56.65453880943243,0.19360015939802672,11.59754513738703,0.003447576508139438,-16.101362488443453,1.2029387449796787
2025-01-01 23:11:00,0.15185282137799874,0.07418547733385158,0.0,0.002530880356299979,0.0012364246222308598,0.0,0.030030729853431345,0.0,0.1218220915245674,0.0,0.0,0.0,0.07418547733385158,0.0,1,0,0,Off,0,0,Off,0,0,Off,0.03860178130225349,0.02895133597669011,On,0.0,0,Off,0.003646386604532164,0.0,On,0.02638434324889918,0,On,0.022908121746098596,0,On,0.06031218847621531,0.04523414135716147,On,0,0,Off,Off,0.0,23.888888888888914,0.0,0.0,0.0,0.0,0,0.0,1667.2815511111112,Off,0.0,0.0,31.036388002333812,51.666666666666686,46.10666666666668,0.0,51.10778291531987,0.0,0.0,0.0,31.036388002333812,50.27147236227205,51.10778291531987,49.85331708574814,12.43753247303448,23.620530990173094,0.0,-3.3,-511.3337566690416,-739.1754220491641,-0.0,-43.56084522906589,213.63058240688588,0.0,1.0,0.02066779307509911,0.0,0.0012179876501776745,0.4072600392432412,65.99961422222222,57.77192820230258,0.19402993490737763,11.582070176798084,0.0034474637334080183,-15.872269763899718,1.2030902331207856
2025-01-01 23:12:00,0.15185282137799874,0.07418547733385158,0.0,0.002530880356299979,0.0012364246222308598,0.0,0.030030729853431345,0.0,0.1218220915245674,0.0,0.0,0.0,0.07418547733385158,0.0,1,0,0,Off,0,0,Off,0,0,Off,0.03860178130225349,0.02895133597669011,On,0.0,0,Off,0.003646386604532164,0.0,On,0.02638434324889918,0,On,0.022908121746098596,0,On,0.06031218847621531,0.04523414135716147,On,0,0,Off,Off,0.0,23.888888888888914,0.0,0.0,0.0,0.0,0,0.0,1667.2815511111112,Off,0.0,0.0,31.0735934150586,51.666666666666686,46.10666666666668,0.0,51.1029830585471,0.0,0.0,0.0,31.0735934150586,50.267116665235704,51.1029830585471,49.84918346858001,12.43753247303448,23.584184283017315,0.0,-3.3,-506.77212533160923,-737.5557719926612,-0.0,-41.66080290150344,213.63058240688588,0.0,1.0,0.020650387761678754,0.0,0.0011664361761478798,0.40597686162597657,65.99961422222222,58.81386715566967,0.1944490920334065,11.566351439295097,0.0034473525772513464,-15.649000785429715,1.203237679150237
2025-01-01 23:13:00,0.15185282137799874,0.07418547733385158,0.0,0.002530880356299979,0.0012364246222308598,0.0,0.030030729853431345,0.0,0.1218220915245674,0.0,0.0,0.0,0.07418547733385158,0.0,1,0,0,Off,0,0,Off,0,0,Off,0.03860178130225349,0.02895133597669011,On,0.0,0,Off,0.003646386604532164,0.0,On,0.02638434324889918,0,On,0.022908121746098596,0,On,0.06031218847621531,0.04523414135716147,On,0,0,Off,Off,0.0,23.888888888888914,0.0,0.0,0.0,0.0,0,0.0,1667.2815511111112,Off,0.0,0.0,31.109679223353137,51.666666666666686,46.10666666666668,0.0,51.098177771120305,0.0,0.0,0.0,31.109679223353137,50.262755746731386,51.098177771120305,49.845044734536934,12.43753247303448,23.54879464338878,0.0,-3.3,-502.37700597288017,-735.9801240443061,-0.0,-39.812628984624844,213.63058240688588,0.0,1.0,0.020633433440946626,0.0,0.0011161595312510185,0.40472579884488963,65.99961422222222,59.78516464916483,0.1948581199324717,11.55111453051812,0.003447242998114219,-15.43128259016657,1.2033812783771785
2025-01-01 23:14:00,0.15185282137799874,0.07418547733385158,0.0,0.002530880356299979,0.0012364246222308598,0.0,0.030030729853431345,0.0,0.1218220915245674,0.0,0.0,0.0,0.07418547733385158,0.0,1,0,0,Off,0,0,Off,0,0,Off,0.03860178130225349,0.02895133597669011,On,0.0,0,Off,0.003646386604532164,0.0,On,0.02638434324889918,0,On,0.022908121746098596,0,On,0.06031218847621531,0.04523414135716147,On,0,0,Off,Off,0.0,23.888888888888914,0.0,0.0,0.0,0.0,0,0.0,1667.2815511111112,Off,0.0,0.0,31.144699111187393,51.666666666666686,46.10666666666668,0.0,51.09336721949478,0.0,0.0,0.0,31.144699111187393,50.2583897638862,51.09336721949478,49.84090103608192,12.43753247303448,23.514316087548377,0.0,-3.3,-498.1392307884071,-734.4463256215636,-0.0,-38.013779743976144,213.63058240688588,0.0,1.0,0.02061690864393895,0.0,0.00106709857051719,0.4035053508011627,65.99961422222222,60.69029217024686,0.19525748096409118,11.536336283020763,0.0034471349564012756,-15.218857787155807,1.2035212146127288
2025-01-01 23:15:00,0.1067944505024511,0.06861059875785196,0.0,0.0017799075083741848,0.0011435099792975326,0.0,0.012376239773463235,0.0,0.09441821072898786,0.0,0.0,0.0,0.06861059875785196,0.0,1,0,0,Off,0,0,Off,0,0,Off,0.03860178130225349,0.02895133597669011,On,0.0,0,Off,0.003646386604532164,0.0,On,0.008729853168931071,0,On,0.002937412385185223,0,On,0.05287901704154915,0.03965926278116185,On,0,0,Off,Off,0.0,23.888888888888914,0.0,0.0,0.0,0.0,0,0.0,1667.2815511111112,Off,0.0,0.0,31.17870361217762,51.666666666666686,46.10666666666668,0.0,51.08855156214464,0.0,0.0,0.0,31.17870361217762,50.25401886629315,51.08855156214464,49.83675251836741,12.43753247303448,23.48070533196304,0.0,-3.3,-538.5882745895319,-732.952353542946,-0.0,-36.26186483991041,169.09253353176487,0.0,1.0,0.020600793146867986,0.0,0.0010191974595288738,0.4023141021709353,65.99961422222222,61.53341026155958,0.1956476123497685,11.521994887363352,0.003447028414364251,-15.167580136919046,1.2036576609519252
2025-01-01 23:16:00,0.1067944505024511,0.06861059875785196,0.0,0.0017799075083741848,0.0011435099792975326,0.0,0.012376239773463235,0.0,0.09441821072898786,0.0,0.0,0.0,0.06861059875785196,0.0,1,0,0,Off,0,0,Off,0,0,Off,0.03860178130225349,0.02895133597669011,On,0.0,0,Off,0.003646386604532164,0.0,On,0.008729853168931071,0,On,0.002937412385185223,0,On,0.05287901704154915,0.03965926278116185,On,0,0,Off,Off,0.0,23.888888888888914,0.0,0.0,0.0,0.0,0,0.0,1667.2815511111112,Off,0.0,0.0,31.21361127268552,51.666666666666686,46.10666666666668,0.0,51.083730950031104,0.0,0.0,0.0,31.21361127268552,50.24964319645328,51.083730950031104,49.83259931966436,12.43753247303448,23.44631353703421,0.0,-3.3,-534.4186484645106,-731.4249139637673,-0.0,-34.47093552853401,169.09253353176487,0.0,1.0,0.020584296388520818,0.0,0.0009701063501701913,0.4010936148640824,65.99961422222222,62.3846674960258,0.19604788293678163,11.507247534893427,0.0034469222433414666,-14.955370406737078,1.2037973079475373
2025-01-01 23:17:00,0.1067944505024511,0.06861059875785196,0.0,0.0017799075083741848,0.0011435099792975326,0.0,0.012376239773463235,0.0,0.09441821072898786,0.0,0.0,0.0,0.06861059875785196,0.0,1,0,0,Off,0,0,Off,0,0,Off,0.03860178130225349,0.02895133597669011,On,0.0,0,Off,0.003646386604532164,0.0,On,0.008729853168931071,0,On,0.002937412385185223,0,On,0.05287901704154915,0.03965926278116185,On,0,0,Off,Off,0.0,23.888888888888914,0.0,0.0,0.0,0.0,0,0.0,1667.2815511111112,Off,0.0,0.0,31.2475392544642,51.666666666666686,46.10666666666668,0.0,51.07890524895693,0.0,0.0,0.0,31.2475392544642,50.24526262761569,51.07890524895693,49.82844131694508,12.43753247303448,23.41275886709815,0.0,-3.3,-530.3994510425159,-729.9358717522723,-0.0,-32.72525366674346,169.09253353176487,0.0,1.0,0.020568194562243288,0.0,0.0009221349581032557,0.3999013128052726,65.99961422222222,63.169140844734926,0.19643924134582744,11.492921607637776,0.003446817569902371,-14.748038451535155,1.2039335878231194
2025-01-01 23:18:00,0.1067944505024511,0.06861059875785196,0.0,0.0017799075083741848,0.0011435099792975326,0.0,0.012376239773463235,0.0,0.09441821072898786,0.0,0.0,0.0,0.06861059875785196,0.0,1,0,0,Off,0,0,Off,0,0,Off,0.03860178130225349,0.02895133597669011,On,0.0,0,Off,0.003646386604532164,0.0,On,0.008729853168931071,0,On,0.002937412385185223,0,On,0.05287901704154915,0.03965926278116185,On,0,0,Off,Off,0.0,23.888888888888914,0.0,0.0,0.0,0.0,0,0.0,1667.2815511111112,Off,0.0,0.0,31.280533190210395,51.666666666666686,46.10666666666668,0.0,51.074074604575756,0.0,0.0,0.0,31.280533190210395,50.24087729727012,51.074074604575756,49.824278643617305,12.43753247303448,23.380002238831384,-0.008886650057529977,-3.3,-526.5153040659663,-728.4834050387313,-0.0,-31.022667550258753,169.09253353176487,0.0,1.0,0.02055246938112398,0.0,0.0008752326004098645,0.3987359125741943,65.99961422222222,63.89823499125886,0.19682208567775836,11.478997402250782,0.003446714359275045,-14.545364099222414,1.2040666570053455
2025-01-01 23:19:00,0.1067944505024511,0.06861059875785196,0.0,0.0017799075083741848,0.0011435099792975326,0.0,0.012376239773463235,0.0,0.09441821072898786,0.0,0.0,0.0,0.06861059875785196,0.0,1,0,0,Off,0,0,Off,0,0,Off,0.03860178130225349,0.02895133597669011,On,0.0,0,Off,0.003646386604532164,0.0,On,0.008729853168931071,0,On,0.002937412385185223,0,On,0.05287901704154915,0.03965926278116185,On,0,0,Off,Off,0.0,23.888888888888914,0.0,0.0,0.0,0.0,0,0.0,1667.2815511111112,Off,0.0,0.0,31.312635788496667,51.666666666666686,46.10666666666668,0.0,51.06923915575695,0.0,0.0,0.0,31.312635788496667,50.23648733650208,51.06923915575695,49.820111426874654,12.43753247303448,23.34800707572996,-0.04088181315895412,-3.3,-522.758242841421,-727.0658104932058,-0.0,-29.361165742205944,169.09253353176487,0.0,1.0,0.020537103722534658,0.0,0.0008293517554527472,0.39759621124249694,65.99961422222222,64.57619986222612,0.19719678959903603,11.465456478881407,0.0034466125782655235,-14.347140950026645,1.2041966619314197
2025-01-01 23:20:00,0.1067944505024511,0.06861059875785196,0.0,0.0017799075083741848,0.0011435099792975326,0.0,0.012376239773463235,0.0,0.09441821072898786,0.0,0.0,0.0,0.06861059875785196,0.0,1,0,0,Off,0,0,Off,0,0,Off,0.03860178130225349,0.02895133597669011,On,0.0,0,Off,0.003646386604532164,0.0,On,0.008729853168931071,0,On,0.002937412385185223,0,On,0.05287901704154915,0.03965926278116185,On,0,0,Off,Off,0.0,23.888888888888914,0.0,0.0,0.0,0.0,0,0.0,1667.2815511111112,Off,0.0,0.0,31.343887313114767,51.666666666666686,46.10666666666668,0.0,51.06439903502029,0.0,0.0,0.0,31.343887313114767,50.23209287040332,51.06439903502029,49.81593978809485,12.43753247303448,23.316738896525965,-0.07214999236294872,-3.3,-519.1220637182964,-725.6814843753609,-0.0,-27.738854737094876,169.09253353176487,0.0,1.0,0.020522081434223564,0.0,0.0007844475132182209,0.39648107253723097,65.99961422222222,65.20574186239462,0.19756370673207274,11.451541519240852,0.003446512195158611,-14.153174035774885,1.2043237407022291
2025-01-01 23:21:00,0.1067944505024511,0.06861059875785196,0.0,0.0017799075083741848,0.0011435099792975326,0.0,0.012376239773463235,0.0,0.09441821072898786,0.0,0.0,0.0,0.06861059875785196,0.0,1,0,0,Off,0,0,Off,0,0,Off,0.03860178130225349,0.02895133597669011,On,0.0,0,Off,0.003646386604532164,0.0,On,0.008729853168931071,0,On,0.002937412385185223,0,On,0.05287901704154915,0.03965926278116185,On,0,0,Off,Off,0.0,23.888888888888914,0.0,0.0,0.0,0.0,0,0.0,1667.2815511111112,Off,0.0,0.0,31.374325796850265,51.666666666666686,46.10666666666668,0.0,51.05955436889941,0.0,0.0,0.0,31.374325796850265,50.227694018414915,51.05955436889941,49.81176384317267,12.43753247303448,23.286165131844587,-0.1027237570443269,-3.3,-515.6004546517092,-724.3289138013431,-0.0,-26.15394861823715,169.09253353176487,0.0,1.0,0.02050738724946968,0.0,0.00074047734695846,0.3953894210126224,65.99961422222222,65.78987423610619,0.19792317240577995,11.438716889047843,0.0034464131796354052,-13.963278825318842,1.204448023811287
2025-01-01 23:22:00,0.1067944505024511,0.06861059875785196,0.0,0.0017799075083741848,0.0011435099792975326,0.0,0.012376239773463235,0.0,0.09441821072898786,0.0,0.0,0.0,0.06861059875785196,0.0,1,0,0,Off,0,0,Off,0,0,Off,0.03860178130225349,0.02895133597669011,On,0.0,0,Off,0.003646386604532164,0.0,On,0.008729853168931071,0,On,0.002937412385185223,0,On,0.05287901704154915,0.03965926278116185,On,0,0,Off,Off,0.0,23.888888888888914,0.0,0.0,0.0,0.0,0,0.0,1667.2815511111112,Off,0.0,0.0,31.403987165119823,51.666666666666686,46.10666666666668,0.0,51.05470527827352,0.0,0.0,0.0,31.403987165119823,50.223290894640314,51.05470527827352,49.80758370282373,12.43753247303448,23.256255018267968,-0.13263387062094623,-3.3,-512.1875493965949,-723.0066715019135,-0.0,-24.604762817721777,169.09253353176487,0.0,1.0,0.020493006739090613,0.0,0.0006974009924277221,0.39432023890979084,65.99961422222222,66.3313513912755,0.19827550452827855,11.426226198609267,0.0034463155026979954,-13.777280682291522,1.2045696345609114
2025-01-01 23:23:00,0.1067944505024511,0.06861059875785196,0.0,0.0017799075083741848,0.0011435099792975326,0.0,0.012376239773463235,0.0,0.09441821072898786,0.0,0.0,0.0,0.06861059875785196,0.0,1,0,0,Off,0,0,Off,0,0,Off,0.03860178130225349,0.02895133597669011,On,0.0,0,Off,0.003646386604532164,0.0,On,0.008729853168931071,0,On,0.002937412385185223,0,On,0.05287901704154915,0.03965926278116185,On,0,0,Off,Off,0.0,23.888888888888914,0.0,0.0,0.0,0.0,0,0.0,1667.2815511111112,Off,0.0,0.0,31.432905374020986,51.666666666666686,46.10666666666668,0.0,51.04985187868063,0.0,0.0,0.0,31.432905374020986,50.21888360814119,51.04985187868063,49.803399472871476,12.43753247303448,23.226979479916924,-0.16190940897199013,-3.3,-508.8778442986647,-721.7134100803736,-0.0,-23.08970729919213,169.09253353176487,0.0,1.0,0.02047892625718124,0.0,0.0006551803063038498,0.39327256251247694,65.99961422222222,66.83273954913606,0.19862100464442886,11.413317559397484,0.0034462191365981364,-13.595014239448918,1.204688689530449
2025-01-01 23:24:00,0.1067944505024511,0.06861059875785196,0.0,0.0017799075083741848,0.0011435099792975326,0.0,0.012376239773463235,0.0,0.09441821072898786,0.0,0.0,0.0,0.06861059875785196,0.0,1,0,0,Off,0,0,Off,0,0,Off,0.03860178130225349,0.02895133597669011,On,0.0,0,Off,0.003646386604532164,0.0,On,0.008729853168931071,0,On,0.002937412385185223,0,On,0.05287901704154915,0.03965926278116185,On,0,0,Off,Off,0.0,23.888888888888914,0.0,0.0,0.0,0.0,0,0.0,1667.2815511111112,Off,0.0,0.0,31.461112536180256,51.666666666666686,46.10666666666668,0.0,51.04499428061037,0.0,0.0,0.0,31.461112536180256,50.214472263213715,51.04499428061037,49.79921125451539,12.43753247303448,23.198311020621738,-0.1905778682671766,-3.3,-505.66616389096015,-720.4478567875514,-0.0,-21.60728035491756,169.09253353176487,0.0,1.0,0.02046513289168798,0.0,0.0006137791371371148,0.39224547882586763,65.99961422222222,67.29643971974404,0.1989599589006229,11.40071605774159,0.00344612405477047,-13.416322828301649,1.204805299002723
2025-01-01 23:25:00,0.1067944505024511,0.06861059875785196,0.0,0.0017799075083741848,0.0011435099792975326,0.0,0.012376239773463235,0.0,0.09441821072898786,0.0,0.0,0.0,0.06861059875785196,0.0,1,0,0,Off,0,0,Off,0,0,Off,0.03860178130225349,0.02895133597669011,On,0.0,0,Off,0.003646386604532164,0.0,On,0.008729853168931071,0,On,0.002937412385185223,0,On,0.05287901704154915,0.03965926278116185,On,0,0,Off,Off,0.0,23.888888888888914,0.0,0.0,0.0,0.0,0,0.0,1667.2815511111112,Off,0.0,0.0,31.488639036964702,51.666666666666686,46.10666666666668,0.0,51.04013258977803,0.0,0.0,0.0,31.488639036964702,50.210056959647346,51.04013258977803,49.79501914458201,12.43753247303448,23.170223624222217,-0.2186652646666971,-3.3,-502.5476422080438,-719.2088086997576,-0.0,-20.156062882561507,169.09253353176487,0.0,1.0,0.020451614418663888,0.0,0.0005731632055755018,0.39123812249653545,65.99961422222222,67.72469584251046,0.1992926389426021,11.389144030766571,0.0034460302317698877,-13.241057950185084,1.2049195673585633
2025-01-01 23:26:00,0.1067944505024511,0.06861059875785196,0.0,0.0017799075083741848,0.0011435099792975326,0.0,0.012376239773463235,0.0,0.09441821072898786,0.0,0.0,0.0,0.06861059875785196,0.0,1,0,0,Off,0,0,Off,0,0,Off,0.03860178130225349,0.02895133597669011,On,0.0,0,Off,0.003646386604532164,0.0,On,0.008729853168931071,0,On,0.002937412385185223,0,On,0.05287901704154915,0.03965926278116185,On,0,0,Off,Off,0.0,23.888888888888914,0.0,0.0,0.0,0.0,0,0.0,1667.2815511111112,Off,0.0,0.0,31.515513642778487,51.666666666666686,46.10666666666668,0.0,51.03526690738137,0.0,0.0,0.0,31.515513642778487,50.20563779296721,51.03526690738137,49.79082323576013,12.43753247303448,23.142692661863446,-0.24619622702546806,-3.3,-499.51770126809896,-717.9951282450851,-0.0,-18.73471307688492,169.09253353176487,0.0,1.0,0.020438359259682817,0.0,0.0005332999924781492,0.39024967293795004,65.99961422222222,68.11960652210615,0.19961930275680234,11.377117147789832,0.003445937643212736,-13.069078782722475,1.2050315934439166
2025-01-01 23:27:00,0.1067944505024511,0.06861059875785196,0.0,0.0017799075083741848,0.0011435099792975326,0.0,0.012376239773463235,0.0,0.09441821072898786,0.0,0.0,0.0,0.06861059875785196,0.0,1,0,0,Off,0,0,Off,0,0,Off,0.03860178130225349,0.02895133597669011,On,0.0,0,Off,0.003646386604532164,0.0,On,0.008729853168931071,0,On,0.002937412385185223,0,On,0.05287901704154915,0.03965926278116185,On,0,0,Off,Off,0.0,23.888888888888914,0.0,0.0,0.0,0.0,0,0.0,1667.2815511111112,Off,0.0,0.0,31.541763601309253,51.666666666666686,46.10666666666668,0.0,51.03039733034126,0.0,0.0,0.0,31.541763601309253,50.201214854661295,51.03039733034126,49.786623616821316,12.43753247303448,23.115694805887006,-0.27319408300190773,-3.3,-496.57203157261114,-716.8057390563603,-0.0,-17.341961510292794,169.09253353176487,0.0,1.0,0.020425356442240833,0.0,0.0004941586345578918,0.3892793516516819,65.99961422222222,68.48313546227699,0.1999401954572952,11.365359952046074,0.0034458462657216034,-12.900251719948717,1.2051414709110482
2025-01-01 23:28:00,0.1067944505024511,0.06861059875785196,0.0,0.0017799075083741848,0.0011435099792975326,0.0,0.012376239773463235,0.0,0.09441821072898786,0.0,0.0,0.0,0.06861059875785196,0.0,1,0,0,Off,0,0,Off,0,0,Off,0.03860178130225349,0.02895133597669011,On,0.0,0,Off,0.003646386604532164,0.0,On,0.008729853168931071,0,On,0.002937412385185223,0,On,0.05287901704154915,0.03965926278116185,On,0,0,Off,Off,0.0,23.888888888888914,0.0,0.0,0.0,0.0,0,0.0,1667.2815511111112,Off,0.0,0.0,31.567414735074628,51.666666666666686,46.10666666666668,0.0,51.025523951527504,0.0,0.0,0.0,31.567414735074628,50.19678823239362,51.025523951527504,49.782420372826685,12.43753247303448,23.089207949782097,-0.2996809391068176,-3.3,-493.7065741961082,-715.6396221235206,-0.0,-15.97660656970429,169.09253353176487,0.0,1.0,0.020412595562905988,0.0,0.0004557098269759453,0.38832641972911724,65.99961422222222,68.8171209653517,0.20025555002229625,11.35386124424,0.0034457560768734368,-12.734449943479351,1.2052492885359314
2025-01-01 23:29:00,1.7740760016135624,0.06861059875785196,0.0,0.029567933360226038,0.0011435099792975326,0.0,0.012376239773463235,0.0,0.09441821072898786,1.6672815511111112,0.0,0.0,0.06861059875785196,0.0,1,0,0,Off,0,0,Off,0,0,Off,0.03860178130225349,0.02895133597669011,On,0.0,0,Off,0.003646386604532164,0.0,On,0.008729853168931071,0,On,0.002937412385185223,0,On,0.05287901704154915,0.03965926278116185,On,0,0,Off,On,1667.2815511111112,23.888888888888914,1.0,0.0,1.6672815511111112,0.0,1,1667.2815511111112,1667.2815511111112,Off,0.0,0.0,31.59249152815055,51.666666666666686,46.10666666666668,0.0,51.0206468599707,0.0,0.0,0.0,31.59249152815055,50.192358010204224,51.0206468599707,49.778213585321,12.43753247303448,23.063211133717296,-0.32567775517161834,-3.3,1176.3640469499135,-714.4958122210506,-0.0,-14.63751022066675,169.09253353176487,0.0,1.0,0.020400066753002294,0.0,0.00041792573237220355,0.38739017552008737,65.99961422222222,69.12328474875493,0.20056558798380175,11.342610405127939,0.0034456670551507706,-12.571553022381611,1.2053551305136827
2025-01-01 23:30:00,1.7740760016135624,0.06861059875785196,0.0,0.029567933360226038,0.0011435099792975326,0.0,0.012376239773463235,0.0,0.09441821072898786,1.6672815511111112,0.0,0.0,0.06861059875785196,0.0,1,0,0,Off,0,0,Off,0,0,Off,0.03860178130225349,0.02895133597669011,On,0.0,0,Off,0.003646386604532164,0.0,On,0.008729853168931071,0,On,0.002937412385185223,0,On,0.05287901704154915,0.03965926278116185,On,0,0,Off,On,1667.2815511111112,23.888888888888914,1.0,0.0,1.6672815511111112,0.0,1,1667.2815511111112,1667.2815511111112,Off,0.0,0.0,31.546978237903026,51.666666666666686,46.10666666666668,0.0,51.01576614106121,0.0,0.0,0.0,31.546978237903026,50.18792426869702,51.01576614106121,49.77400333251492,12.43753247303448,23.09788266762617,-0.29100622126274445,-2.8,1207.1622734349671,-681.5190961447599,-0.0,-14.85947358395121,169.09253353176487,0.0,1.0,0.01984544615821141,0.0,0.00043269936912674706,0.3773444706820917,65.99961422222222,67.16675852080229,0.20014028135578857,11.357263838771328,0.003445579179895848,-9.543661614411928,1.2052141249157338
2025-01-01 23:31:00,1.7740760016135624,0.06861059875785196,0.0,0.029567933360226038,0.0011435099792975326,0.0,0.012376239773463235,0.0,0.09441821072898786,1.6672815511111112,0.0,0.0,0.06861059875785196,0.0,1,0,0,Off,0,0,Off,0,0,Off,0.03860178130225349,0.02895133597669011,On,0.0,0,Off,0.003646386604532164,0.0,On,0.008729853168931071,0,On,0.002937412385185223,0,On,0.05287901704154915,0.03965926278116185,On,0,0,Off,On,1667.2815511111112,23.888888888888914,1.0,0.0,1.6672815511111112,0.0,1,1667.2815511111112,1667.2815511111112,Off,0.0,0.0,31.501396964511606,51.666666666666686,46.10666666666668,0.0,51.01089228673883,0.0,0.0,0.0,31.501396964511606,50.183496914598784,51.01089228673883,49.76979922852877,12.43753247303448,23.132619034206556,-0.2562698546823583,-2.8,1201.377996164474,-683.0217686569077,-0.0,-16.481901443980306,169.09253353176487,0.0,1.0,0.01986256182329856,0.0,0.00047930066275972085,0.37853014330828444,65.99961422222222,64.50758162248613,0.19971642424644703,11.372712290443815,0.003445512461820928,-9.733717088195004,1.205072873265118
2025-01-01 23:32:00,1.7740760016135624,0.06861059875785196,0.0,0.029567933360226038,0.0011435099792975326,0.0,0.012376239773463235,0.0,0.09441821072898786,1.6672815511111112,0.0,0.0,0.06861059875785196,0.0,1,0,0,Off,0,0,Off,0,0,Off,0.03860178130225349,0.02895133597669011,On,0.0,0,Off,0.003646386604532164,0.0,On,0.008729853168931071,0,On,0.002937412385185223,0,On,0.05287901704154915,0.03965926278116185,On,0,0,Off,On,1667.2815511111112,23.888888888888914,1.0,0.0,1.6672815511111112,0.0,1,1667.2815511111112,1667.2815511111112,Off,0.0,0.0,31.457380386142017,51.666666666666686,46.10666666666668,0.0,51.006025307001366,0.0,0.0,0.0,31.457380386142017,50.1790759574504,51.006025307001366,49.76560128267492,12.43753247303448,23.166016963278036,-0.2228719256108782,-2.8,1196.918754164162,-684.4677726406368,-0.0,-18.043644579517753,169.09253353176487,0.0,1.0,0.019879010582488473,0.0,0.000524041913849486,0.37966879338892856,65.99961422222222,63.056086741440524,0.19930962544074346,11.386732345755513,0.0034454444071252747,-9.915946432697826,1.2049370982888148
2025-01-01 23:33:00,1.7740760016135624,0.06861059875785196,0.0,0.029567933360226038,0.0011435099792975326,0.0,0.012376239773463235,0.0,0.09441821072898786,1.6672815511111112,0.0,0.0,0.06861059875785196,0.0,1,0,0,Off,0,0,Off,0,0,Off,0.03860178130225349,0.02895133597669011,On,0.0,0,Off,0.003646386604532164,0.0,On,0.008729853168931071,0,On,0.002937412385185223,0,On,0.05287901704154915,0.03965926278116185,On,0,0,Off,On,1667.2815511111112,23.888888888888914,1.0,0.0,1.6672815511111112,0.0,1,1667.2815511111112,1667.2815511111112,Off,0.0,0.0,31.414796496105303,51.666666666666686,46.10666666666668,0.0,51.00116496917901,0.0,0.0,0.0,31.414796496105303,50.17466117766002,51.00116496917901,49.761409281900534,12.43753247303448,23.19818969391793,-0.19069919497098553,-2.8,1191.950227450318,-685.8618712508757,-0.0,-19.549790019760717,169.09253353176487,0.0,1.0,0.01989484905680402,0.0,0.0005670822914036666,0.38076443643790453,65.99961422222222,60.9878040780781,0.19891841361435686,11.400115815131155,0.003445375070534593,-10.091012530572346,1.2048063358811076
2025-01-01 23:34:00,1.7740760016135624,0.06861059875785196,0.0,0.029567933360226038,0.0011435099792975326,0.0,0.012376239773463235,0.0,0.09441821072898786,1.6672815511111112,0.0,0.0,0.06861059875785196,0.0,1,0,0,Off,0,0,Off,0,0,Off,0.03860178130225349,0.02895133597669011,On,0.0,0,Off,0.003646386604532164,0.0,On,0.008729853168931071,0,On,0.002937412385185223,0,On,0.05287901704154915,0.03965926278116185,On,0,0,Off,On,1667.2815511111112,23.888888888888914,1.0,0.0,1.6672815511111112,0.0,1,1667.2815511111112,1667.2815511111112,Off,0.0,0.0,31.373596501427706,51.666666666666686,46.10666666666668,0.0,50.99631106022522,0.0,0.0,0.0,31.373596501427706,50.17025237416185,50.99631106022522,49.75722303113017,12.43753247303448,23.229178962179063,-0.1597099267098514,-2.8,1188.124015641184,-687.2057467206738,-0.0,-21.002103468005384,169.09253353176487,0.0,1.0,0.019910098559877736,0.0,0.0006084843615004035,0.3818186333250159,65.99961422222222,59.95778118698722,0.19854219144218904,11.413621945971514,0.0034453045021477224,-10.259175431267462,1.2046804131087214
2025-01-01 23:35:00,1.7740760016135624,0.06861059875785196,0.0,0.029567933360226038,0.0011435099792975326,0.0,0.012376239773463235,0.0,0.09441821072898786,1.6672815511111112,0.0,0.0,0.06861059875785196,0.0,1,0,0,Off,0,0,Off,0,0,Off,0.03860178130225349,0.02895133597669011,On,0.0,0,Off,0.003646386604532164,0.0,On,0.008729853168931071,0,On,0.002937412385185223,0,On,0.05287901704154915,0.03965926278116185,On,0,0,Off,On,1667.2815511111112,23.888888888888914,1.0,0.0,1.6672815511111112,0.0,1,1667.2815511111112,1667.2815511111112,Off,0.0,0.0,31.333666250102095,51.666666666666686,46.10666666666668,0.0,50.99146337434832,0.0,0.0,0.0,31.333666250102095,50.16584935273776,50.99146337434832,49.75304234193248,12.43753247303448,23.25908268652328,-0.12980620236563567,-2.8,1183.6532961956798,-688.5035307851837,-0.0,-22.40500321539039,169.09253353176487,0.0,1.0,0.0199248079716718,0.0,0.0006483850361119303,0.38283484134664403,65.99961422222222,58.18774555337781,0.19817969705316377,11.425827415447472,0.0034452327502661278,-10.421005971429135,1.2045589289853238
2025-01-01 23:36:00,1.7740760016135624,0.06861059875785196,0.0,0.029567933360226038,0.0011435099792975326,0.0,0.012376239773463235,0.0,0.09441821072898786,1.6672815511111112,0.0,0.0,0.06861059875785196,0.0,1,0,0,Off,0,0,Off,0,0,Off,0.03860178130225349,0.02895133597669011,On,0.0,0,Off,0.003646386604532164,0.0,On,0.008729853168931071,0,On,0.002937412385185223,0,On,0.05287901704154915,0.03965926278116185,On,0,0,Off,On,1667.2815511111112,23.888888888888914,1.0,0.0,1.6672815511111112,0.0,1,1667.2815511111112,1667.2815511111112,Off,0.0,0.0,31.29497205570057,51.666666666666686,46.10666666666668,0.0,50.98662172272581,0.0,0.0,0.0,31.29497205570057,50.16145193518991,50.98662172272581,49.74886704142196,12.43753247303448,23.287929641906608,-0.10095924698230618,-2.8,1180.123383502695,-689.7563679735593,-0.0,-23.759683973380355,169.09253353176487,0.0,1.0,0.01993899207824583,0.0,0.0006868282375104009,0.38381415297272603,65.99961422222222,57.26535080675879,0.19783050758160958,11.438223025596107,0.0034451598592036324,-10.576686982808607,1.20444176388682
2025-01-01 23:37:00,1.7740760016135624,0.06861059875785196,0.0,0.029567933360226038,0.0011435099792975326,0.0,0.012376239773463235,0.0,0.09441821072898786,1.6672815511111112,0.0,0.0,0.06861059875785196,0.0,1,0,0,Off,0,0,Off,0,0,Off,0.03860178130225349,0.02895133597669011,On,0.0,0,Off,0.003646386604532164,0.0,On,0.008729853168931071,0,On,0.002937412385185223,0,On,0.05287901704154915,0.03965926278116185,On,0,0,Off,On,1667.2815511111112,23.888888888888914,1.0,0.0,1.6672815511111112,0.0,1,1667.2815511111112,1667.2815511111112,Off,0.0,0.0,31.25741667603308,51.666666666666686,46.10666666666668,0.0,50.981785921544414,0.0,0.0,0.0,31.25741667603308,50.157059948048065,50.981785921544414,49.744696961299894,12.43753247303448,23.315803233738606,-0.07308565515030807,-2.8,1176.0413025020603,-690.9677852893474,-0.0,-25.069920668652045,169.09253353176487,0.0,1.0,0.01995269246721168,0.0,0.0007239301569892159,0.3847595042211248,65.99961422222222,55.70492381718379,0.1974935543975903,11.450114344373944,0.003445085872013751,-10.726703408767701,1.2043285764516507
2025-01-01 23:38:00,1.7740760016135624,0.06861059875785196,0.0,0.029567933360226038,0.0011435099792975326,0.0,0.012376239773463235,0.0,0.09441821072898786,1.6672815511111112,0.0,0.0,0.06861059875785196,0.0,1,0,0,Off,0,0,Off,0,0,Off,0.03860178130225349,0.02895133597669011,On,0.0,0,Off,0.003646386604532164,0.0,On,0.008729853168931071,0,On,0.002937412385185223,0,On,0.05287901704154915,0.03965926278116185,On,0,0,Off,On,1667.2815511111112,23.888888888888914,1.0,0.0,1.6672815511111112,0.0,1,1667.2815511111112,1667.2815511111112,Off,0.0,0.0,31.220970159492435,51.666666666666686,46.10666666666668,0.0,50.976955801446465,0.0,0.0,0.0,31.220970159492435,50.15267323148912,50.976955801446465,49.74053194651046,12.43753247303448,23.342729045178928,-0.0461598437099866,-2.8,1172.7979875559272,-692.138807528987,-0.0,-26.336786342667924,169.09253353176487,0.0,1.0,0.019965922239553575,0.0,0.0007597294392937536,0.3856718579986761,65.99961422222222,54.89949678470592,0.19716846732340784,11.461514768428252,0.00344501082836044,-10.871216495972174,1.2042192605072288
2025-01-01 23:39:00,1.7740760016135624,0.06861059875785196,0.0,0.029567933360226038,0.0011435099792975326,0.0,0.012376239773463235,0.0,0.09441821072898786,1.6672815511111112,0.0,0.0,0.06861059875785196,0.0,1,0,0,Off,0,0,Off,0,0,Off,0.03860178130225349,0.02895133597669011,On,0.0,0,Off,0.003646386604532164,0.0,On,0.008729853168931071,0,On,0.002937412385185223,0,On,0.05287901704154915,0.03965926278116185,On,0,0,Off,On,1667.2815511111112,23.888888888888914,1.0,0.0,1.6672815511111112,0.0,1,1667.2815511111112,1667.2815511111112,Off,0.0,0.0,31.185546733851865,51.666666666666686,46.10666666666668,0.0,50.97213119752815,0.0,0.0,0.0,31.185546733851865,50.148291629893436,50.97213119752815,49.73637184607608,12.43753247303448,23.368780641248254,-0.020108247640660437,-2.8,1169.0707238544803,-693.2725542975971,-0.0,-27.563623603555,169.09253353176487,0.0,1.0,0.01997871802259599,0.0,0.0007943280896419373,0.38655379403947143,65.99961422222222,53.532817112756476,0.1968543107027687,11.472462178573357,0.0034449347667944233,-11.0106524003353,1.2041135151872777
2025-01-01 23:40:00,1.7740760016135624,0.06861059875785196,0.0,0.029567933360226038,0.0011435099792975326,0.0,0.012376239773463235,0.0,0.09441821072898786,1.6672815511111112,0.0,0.0,0.06861059875785196,0.0,1,0,0,Off,0,0,Off,0,0,Off,0.03860178130225349,0.02895133597669011,On,0.0,0,Off,0.003646386604532164,0.0,On,0.008729853168931071,0,On,0.002937412385185223,0,On,0.05287901704154915,0.03965926278116185,On,0,0,Off,On,1667.2815511111112,23.888888888888914,1.0,0.0,1.6672815511111112,0.0,1,1667.2815511111112,1667.2815511111112,Off,0.0,0.0,31.15112014550035,51.666666666666686,46.10666666666668,0.0,50.967311957636205,0.0,0.0,0.0,31.15112014550035,50.14391499967876,50.967311957636205,49.73221652070004,12.43753247303448,23.393980442901967,0.0,-2.8,1166.082550239584,-694.369928282903,-0.0,-28.751379721043282,169.09253353176487,0.0,1.0,0.019991091269478543,0.0,0.0008277597181493079,0.3874061508999826,65.99961422222222,52.829773600654185,0.19655076381187278,11.482968318611686,0.003444857722885589,-11.14515167023453,1.2040112475574234
2025-01-01 23:41:00,1.7740760016135624,0.06861059875785196,0.0,0.029567933360226038,0.0011435099792975326,0.0,0.012376239773463235,0.0,0.09441821072898786,1.6672815511111112,0.0,0.0,0.06861059875785196,0.0,1,0,0,Off,0,0,Off,0,0,Off,0.03860178130225349,0.02895133597669011,On,0.0,0,Off,0.003646386604532164,0.0,On,0.008729853168931071,0,On,0.002937412385185223,0,On,0.05287901704154915,0.03965926278116185,On,0,0,Off,On,1667.2815511111112,23.888888888888914,1.0,0.0,1.6672815511111112,0.0,1,1667.2815511111112,1667.2815511111112,Off,0.0,0.0,31.117614989919375,51.666666666666686,46.10666666666668,0.0,50.9624979335214,0.0,0.0,0.0,31.117614989919375,50.13954320094734,50.9624979335214,49.72806583466031,12.43753247303448,23.4183931199379,0.0,-2.8,1162.8855324892838,-695.4336785424006,-0.0,-29.903003090447417,169.09253353176487,0.0,1.0,0.020003074137782777,0.0,0.000860113632998431,0.38823118886749275,65.99961422222222,51.84812947925589,0.19625700939112714,11.493066483388144,0.003444779731232386,-11.275087756087377,1.2039121932993395
2025-01-01 23:42:00,1.7740760016135624,0.06861059875785196,0.0,0.029567933360226038,0.0011435099792975326,0.0,0.012376239773463235,0.0,0.09441821072898786,1.6672815511111112,0.0,0.0,0.06861059875785196,0.0,1,0,0,Off,0,0,Off,0,0,Off,0.03860178130225349,0.02895133597669011,On,0.0,0,Off,0.003646386604532164,0.0,On,0.008729853168931071,0,On,0.002937412385185223,0,On,0.05287901704154915,0.03965926278116185,On,0,0,Off,On,1667.2815511111112,23.888888888888914,1.0,0.0,1.6672815511111112,0.0,1,1667.2815511111112,1667.2815511111112,Off,0.0,0.0,31.084999250054057,51.666666666666686,46.10666666666668,0.0,50.95768898814384,0.0,0.0,0.0,31.084999250054057,50.1351761043838,50.95768898814384,49.72391966250378,12.43753247303448,23.442046061256086,0.0,-2.8,1159.645870222626,-696.4649371974745,-0.0,-31.019694659074826,169.09253353176487,0.0,1.0,0.020014680440277453,0.0,0.0008914293352004444,0.3890299000277934,65.99961422222222,50.7564174362991,0.19597267768621845,11.503514867099472,0.00344470082381942,-11.400626070701836,1.2038162396408496
2025-01-01 23:43:00,1.7740760016135624,0.06861059875785196,0.0,0.029567933360226038,0.0011435099792975326,0.0,0.012376239773463235,0.0,0.09441821072898786,1.6672815511111112,0.0,0.0,0.06861059875785196,0.0,1,0,0,Off,0,0,Off,0,0,Off,0.03860178130225349,0.02895133597669011,On,0.0,0,Off,0.003646386604532164,0.0,On,0.008729853168931071,0,On,0.002937412385185223,0,On,0.05287901704154915,0.03965926278116185,On,0,0,Off,On,1667.2815511111112,23.888888888888914,1.0,0.0,1.6672815511111112,0.0,1,1667.2815511111112,1667.2815511111112,Off,0.0,0.0,31.053235727864408,51.666666666666686,46.10666666666668,0.0,50.95288498922414,0.0,0.0,0.0,31.053235727864408,50.1308135851661,50.95288498922414,49.719777883137084,12.43753247303448,23.464971113415313,0.0,-2.8,1157.0117907957087,-697.4650356330877,-0.0,-32.10287315082644,169.09253353176487,0.0,1.0,0.02002592614716416,0.0,0.0009217519645937228,0.3898034215428432,65.99961422222222,50.20561493674704,0.19569734994399304,11.512842785354437,0.003444621031481335,-11.521955705798018,1.2037232558407684
2025-01-01 23:44:00,1.7740760016135624,0.06861059875785196,0.0,0.029567933360226038,0.0011435099792975326,0.0,0.012376239773463235,0.0,0.09441821072898786,1.6672815511111112,0.0,0.0,0.06861059875785196,0.0,1,0,0,Off,0,0,Off,0,0,Off,0.03860178130225349,0.02895133597669011,On,0.0,0,Off,0.003646386604532164,0.0,On,0.008729853168931071,0,On,0.002937412385185223,0,On,0.05287901704154915,0.03965926278116185,On,0,0,Off,On,1667.2815511111112,23.888888888888914,1.0,0.0,1.6672815511111112,0.0,1,1667.2815511111112,1667.2815511111112,Off,0.0,0.0,31.022262394810536,51.666666666666686,46.10666666666668,0.0,50.948085810013346,0.0,0.0,0.0,31.022262394810536,50.12645552369263,50.948085810013346,49.71564038053227,12.43753247303448,23.487221469839284,0.0,-2.8,1154.1870246762755,-698.4362422058703,-0.0,-33.154974415124805,169.09253353176487,0.0,1.0,0.020036837665553305,0.0,0.0009511545936724377,0.390553604571994,65.99961422222222,49.40415665439464,0.19543035957108076,11.522566185379095,0.003444540383734684,-11.639382604713486,1.2036330246673557
2025-01-01 23:45:00,1.7740760016135624,0.06861059875785196,0.0,0.029567933360226038,0.0011435099792975326,0.0,0.012376239773463235,0.0,0.09441821072898786,1.6672815511111112,0.0,0.0,0.06861059875785196,0.0,1,0,0,Off,0,0,Off,0,0,Off,0.03860178130225349,0.02895133597669011,On,0.0,0,Off,0.003646386604532164,0.0,On,0.008729853168931071,0,On,0.002937412385185223,0,On,0.05287901704154915,0.03965926278116185,On,0,0,Off,On,1667.2815511111112,23.888888888888914,1.0,0.0,1.6672815511111112,0.0,1,1667.2815511111112,1667.2815511111112,Off,0.0,0.0,30.992053541379885,51.666666666666686,46.10666666666668,0.0,50.94329133298353,0.0,0.0,0.0,30.992053541379885,50.12210180906696,50.94329133298353,49.711507047108675,12.43753247303448,23.508819116687082,0.0,-2.8,1151.314844338253,-699.3794686878855,-0.0,-34.176966976927666,169.09253353176487,0.0,1.0,0.020047426064877753,0.0,0.000979668762477634,0.3912812420106986,65.99961422222222,48.49719536018995,0.19517141222314746,11.531206488277885,0.0034444589079528822,-11.753039153366803,1.2035454556678535
2025-01-01 23:46:00,1.7740760016135624,0.06861059875785196,0.0,0.029567933360226038,0.0011435099792975326,0.0,0.012376239773463235,0.0,0.09441821072898786,1.6672815511111112,0.0,0.0,0.06861059875785196,0.0,1,0,0,Off,0,0,Off,0,0,Off,0.03860178130225349,0.02895133597669011,On,0.0,0,Off,0.003646386604532164,0.0,On,0.008729853168931071,0,On,0.002937412385185223,0,On,0.05287901704154915,0.03965926278116185,On,0,0,Off,On,1667.2815511111112,23.888888888888914,1.0,0.0,1.6672815511111112,0.0,1,1667.2815511111112,1667.2815511111112,Off,0.0,0.0,30.96257882157826,51.666666666666686,46.10666666666668,0.0,50.93850144442947,0.0,0.0,0.0,30.96257882157826,50.117752334000784,50.93850144442947,49.70737777878644,12.43753247303448,23.52979002867063,0.0,-2.8,1148.9578245789623,-700.2958046595588,-0.0,-35.1700134866163,169.09253353176487,0.0,1.0,0.02005770434803185,0.0,0.001007331084574724,0.3919872571434219,65.99961422222222,48.049558082261484,0.19492016932454959,11.540268482426672,0.0034443766305882295,-11.863079019774165,1.2034604422991373
2025-01-01 23:47:00,1.7740760016135624,0.06861059875785196,0.0,0.029567933360226038,0.0011435099792975326,0.0,0.012376239773463235,0.0,0.09441821072898786,1.6672815511111112,0.0,0.0,0.06861059875785196,0.0,1,0,0,Off,0,0,Off,0,0,Off,0.03860178130225349,0.02895133597669011,On,0.0,0,Off,0.003646386604532164,0.0,On,0.008729853168931071,0,On,0.002937412385185223,0,On,0.05287901704154915,0.03965926278116185,On,0,0,Off,On,1667.2815511111112,23.888888888888914,1.0,0.0,1.6672815511111112,0.0,1,1667.2815511111112,1667.2815511111112,Off,0.0,0.0,30.933786150433743,51.666666666666686,46.10666666666668,0.0,50.93371603515777,0.0,0.0,0.0,30.933786150433743,50.11340699546459,50.93371603515777,49.703252475618,12.43753247303448,23.550178869458133,0.0,-2.8,1146.448731980819,-701.1871606224927,-0.0,-36.13616796971829,169.09253353176487,0.0,1.0,0.020067694651835114,0.0,0.0010342026001445143,0.39267319776363063,65.99961422222222,47.397975930153855,0.19467607576078375,11.549029754140081,0.0034442935770209343,-11.969758054843584,1.2033778023120465
2025-01-01 23:48:00,1.7740760016135624,0.06861059875785196,0.0,0.029567933360226038,0.0011435099792975326,0.0,0.012376239773463235,0.0,0.09441821072898786,1.6672815511111112,0.0,0.0,0.06861059875785196,0.0,1,0,0,Off,0,0,Off,0,0,Off,0.03860178130225349,0.02895133597669011,On,0.0,0,Off,0.003646386604532164,0.0,On,0.008729853168931071,0,On,0.002937412385185223,0,On,0.05287901704154915,0.03965926278116185,On,0,0,Off,On,1667.2815511111112,23.888888888888914,1.0,0.0,1.6672815511111112,0.0,1,1667.2815511111112,1667.2815511111112,Off,0.0,0.0,30.905653857217185,51.666666666666686,46.10666666666668,0.0,50.928935003717875,0.0,0.0,0.0,30.905653857217185,50.10906569773857,50.928935003717875,49.699131044748924,12.43753247303448,23.570004168999706,0.0,-2.8,1144.0082743069916,-702.0543088193691,-0.0,-37.0762523822526,169.09253353176487,0.0,1.0,0.02007740628228865,0.0,0.001060309684239375,0.39333972783974414,65.99961422222222,46.76475086573723,0.19443888645239107,11.556751990267362,0.0034442097708375,-12.073187193114624,1.2032974595688264
2025-01-01 23:49:00,1.7740760016135624,0.06861059875785196,0.0,0.029567933360226038,0.0011435099792975326,0.0,0.012376239773463235,0.0,0.09441821072898786,1.6672815511111112,0.0,0.0,0.06861059875785196,0.0,1,0,0,Off,0,0,Off,0,0,Off,0.03860178130225349,0.02895133597669011,On,0.0,0,Off,0.003646386604532164,0.0,On,0.008729853168931071,0,On,0.002937412385185223,0,On,0.05287901704154915,0.03965926278116185,On,0,0,Off,On,1667.2815511111112,23.888888888888914,1.0,0.0,1.6672815511111112,0.0,1,1667.2815511111112,1667.2815511111112,Off,0.0,0.0,30.878152206914425,51.666666666666686,46.10666666666668,0.0,50.92415825188145,0.0,0.0,0.0,30.878152206914425,50.10472834814422,50.92415825188145,49.695013396275606,12.43753247303448,23.589291391641904,0.0,-2.8,1141.6918670004088,-702.8983276669661,-0.0,-37.9914217632166,169.09253353176487,0.0,1.0,0.020086851924951573,0.0,0.0010856876924278092,0.39398774134176817,65.99961422222222,46.20753178771545,0.19420827716267233,11.564943529528406,0.0034441252348516335,-12.17351496520708,1.2032193098818478
2025-01-01 23:50:00,1.7740760016135624,0.06861059875785196,0.0,0.029567933360226038,0.0011435099792975326,0.0,0.012376239773463235,0.0,0.09441821072898786,1.6672815511111112,0.0,0.0,0.06861059875785196,0.0,1,0,0,Off,0,0,Off,0,0,Off,0.03860178130225349,0.02895133597669011,On,0.0,0,Off,0.003646386604532164,0.0,On,0.008729853168931071,0,On,0.002937412385185223,0,On,0.05287901704154915,0.03965926278116185,On,0,0,Off,On,1667.2815511111112,23.888888888888914,1.0,0.0,1.6672815511111112,0.0,1,1667.2815511111112,1667.2815511111112,Off,0.0,0.0,30.85125062968134,51.666666666666686,46.10666666666668,0.0,50.919385685841,0.0,0.0,0.0,30.85125062968134,50.10039485817608,50.919385685841,49.69089944434362,12.43753247303448,23.608066723295227,0.0,-2.8,1139.4750632070263,-703.7203302764515,-0.0,-38.882870021836474,169.09253353176487,0.0,1.0,0.020096044599984975,0.0,0.0011103727667314662,0.3946181531007852,65.99961422222222,45.70417886243838,0.19398391753200728,11.572870560931229,0.0034440399908383388,-12.270893218247554,1.2031432462173457
2025-01-01 23:51:00,1.7740760016135624,0.06861059875785196,0.0,0.029567933360226038,0.0011435099792975326,0.0,0.012376239773463235,0.0,0.09441821072898786,1.6672815511111112,0.0,0.0,0.06861059875785196,0.0,1,0,0,Off,0,0,Off,0,0,Off,0.03860178130225349,0.02895133597669011,On,0.0,0,Off,0.003646386604532164,0.0,On,0.008729853168931071,0,On,0.002937412385185223,0,On,0.05287901704154915,0.03965926278116185,On,0,0,Off,On,1667.2815511111112,23.888888888888914,1.0,0.0,1.6672815511111112,0.0,1,1667.2815511111112,1667.2815511111112,Off,0.0,0.0,30.8249211081436,51.666666666666686,46.10666666666668,0.0,50.914617216333816,0.0,0.0,0.0,30.8249211081436,50.09606514361892,50.914617216333816,49.68678910726148,12.43753247303448,23.62635416040948,0.0,-2.8,1137.3351624403122,-704.5213368437148,-0.0,-39.75169147979969,169.09253353176487,0.0,1.0,0.02010499623787426,0.0,0.001134398017285033,0.39523180125206386,65.99961422222222,45.23410612095057,0.19376550499396264,11.580545442310093,0.003443954059509725,-12.365461138890002,1.2030691704942156
2025-01-01 23:52:00,1.7740760016135624,0.06861059875785196,0.0,0.029567933360226038,0.0011435099792975326,0.0,0.012376239773463235,0.0,0.09441821072898786,1.6672815511111112,0.0,0.0,0.06861059875785196,0.0,1,0,0,Off,0,0,Off,0,0,Off,0.03860178130225349,0.02895133597669011,On,0.0,0,Off,0.003646386604532164,0.0,On,0.008729853168931071,0,On,0.002937412385185223,0,On,0.05287901704154915,0.03965926278116185,On,0,0,Off,On,1667.2815511111112,23.888888888888914,1.0,0.0,1.6672815511111112,0.0,1,1667.2815511111112,1667.2815511111112,Off,0.0,0.0,30.799137965478447,51.666666666666686,46.10666666666668,0.0,50.9098527582626,0.0,0.0,0.0,30.799137965478447,50.09173912418953,50.9098527582626,49.682682307153,12.43753247303448,23.644175691760775,0.0,-2.8,1135.2647742475747,-705.3022822644617,-0.0,-40.598888991634404,169.09253353176487,0.0,1.0,0.020113717770506752,0.0,0.0011577937793595225,0.3958294537126702,65.99961422222222,44.79186086079481,0.19355276239070096,11.587979500952168,0.0034438674606035824,-12.457346323247496,1.2029969928381699
2025-01-01 23:53:00,1.7740760016135624,0.06861059875785196,0.0,0.029567933360226038,0.0011435099792975326,0.0,0.012376239773463235,0.0,0.09441821072898786,1.6672815511111112,0.0,0.0,0.06861059875785196,0.0,1,0,0,Off,0,0,Off,0,0,Off,0.03860178130225349,0.02895133597669011,On,0.0,0,Off,0.003646386604532164,0.0,On,0.008729853168931071,0,On,0.002937412385185223,0,On,0.05287901704154915,0.03965926278116185,On,0,0,Off,On,1667.2815511111112,23.888888888888914,1.0,0.0,1.6672815511111112,0.0,1,1667.2815511111112,1667.2815511111112,Off,0.0,0.0,30.773877089517434,51.666666666666686,46.10666666666668,0.0,50.905092230347535,0.0,0.0,0.0,30.773877089517434,50.08741672320821,50.905092230347535,49.678578969638544,12.43753247303448,23.661551964748337,0.0,-2.8,1133.26221320281,-706.0640450380246,-0.0,-41.42540518282055,169.09253353176487,0.0,1.0,0.020122219459014434,0.0,0.0011805885034443548,0.39641183084513776,65.99961422222222,44.377578780779274,0.1933454299797431,11.595183373829805,0.0034437802129644907,-12.546668495399874,1.202926628873365
2025-01-01 23:54:00,1.7740760016135624,0.06861059875785196,0.0,0.029567933360226038,0.0011435099792975326,0.0,0.012376239773463235,0.0,0.09441821072898786,1.6672815511111112,0.0,0.0,0.06861059875785196,0.0,1,0,0,Off,0,0,Off,0,0,Off,0.03860178130225349,0.02895133597669011,On,0.0,0,Off,0.003646386604532164,0.0,On,0.008729853168931071,0,On,0.002937412385185223,0,On,0.05287901704154915,0.03965926278116185,On,0,0,Off,On,1667.2815511111112,23.888888888888914,1.0,0.0,1.6672815511111112,0.0,1,1667.2815511111112,1667.2815511111112,Off,0.0,0.0,30.74911560755312,51.666666666666686,46.10666666666668,0.0,50.90033555489364,0.0,0.0,0.0,30.74911560755312,50.08309786737919,50.90033555489364,49.67447902362196,12.43753247303448,23.67850256499185,0.0,-2.8,1131.3254468769142,-706.8074593008895,-0.0,-42.23213541619328,169.09253353176487,0.0,1.0,0.02013051103192467,0.0,0.00120280913381745,0.3969796150728311,65.99961422222222,43.99095695112091,0.1931432620074348,11.6021671505422,0.0034436923345987675,-12.63354108668965,1.2028579985834642
2025-01-01 23:55:00,1.7740760016135624,0.06861059875785196,0.0,0.029567933360226038,0.0011435099792975326,0.0,0.012376239773463235,0.0,0.09441821072898786,1.6672815511111112,0.0,0.0,0.06861059875785196,0.0,1,0,0,Off,0,0,Off,0,0,Off,0.03860178130225349,0.02895133597669011,On,0.0,0,Off,0.003646386604532164,0.0,On,0.008729853168931071,0,On,0.002937412385185223,0,On,0.05287901704154915,0.03965926278116185,On,0,0,Off,On,1667.2815511111112,23.888888888888914,1.0,0.0,1.6672815511111112,0.0,1,1667.2815511111112,1667.2815511111112,Off,0.0,0.0,30.724831832536765,51.666666666666686,46.10666666666668,0.0,50.895582657606525,0.0,0.0,0.0,30.724831832536765,50.07878248661671,50.895582657606525,49.670382401121806,12.43753247303448,23.695046062206785,0.0,-2.8,1129.451409049465,-707.5333166474245,-0.0,-43.019929690805945,169.09253353176487,0.0,1.0,0.02013860170875654,0.0,0.0012244811787620355,0.39753345262566125,65.99961422222222,43.63057074481927,0.19294602603061267,11.609692184203698,0.0034436038427183256,-12.718071525668822,1.2027910261208365
2025-01-01 23:56:00,1.7740760016135624,0.06861059875785196,0.0,0.029567933360226038,0.0011435099792975326,0.0,0.012376239773463235,0.0,0.09441821072898786,1.6672815511111112,0.0,0.0,0.06861059875785196,0.0,1,0,0,Off,0,0,Off,0,0,Off,0.03860178130225349,0.02895133597669011,On,0.0,0,Off,0.003646386604532164,0.0,On,0.008729853168931071,0,On,0.002937412385185223,0,On,0.05287901704154915,0.03965926278116185,On,0,0,Off,On,1667.2815511111112,23.888888888888914,1.0,0.0,1.6672815511111112,0.0,1,1667.2815511111112,1667.2815511111112,Off,0.0,0.0,30.701005239349985,51.666666666666686,46.10666666666668,0.0,50.89083346741613,0.0,0.0,0.0,30.701005239349985,50.07447051387861,50.89083346741613,49.666289037109856,12.43753247303448,23.711200030453753,0.0,-2.8,1127.63681221863,-708.2423668417546,-0.0,-43.78959334366082,169.09253353176487,0.0,1.0,0.02014650021098962,0.0,0.001245628746372818,0.3980739544104941,65.99961422222222,43.294687761169286,0.1927535025481419,11.616264456098689,0.003443514753782531,-12.80036138467192,1.202725639719998
2025-01-01 23:57:00,1.7740760016135624,0.06861059875785196,0.0,0.029567933360226038,0.0011435099792975326,0.0,0.012376239773463235,0.0,0.09441821072898786,1.6672815511111112,0.0,0.0,0.06861059875785196,0.0,1,0,0,Off,0,0,Off,0,0,Off,0.03860178130225349,0.02895133597669011,On,0.0,0,Off,0.003646386604532164,0.0,On,0.008729853168931071,0,On,0.002937412385185223,0,On,0.05287901704154915,0.03965926278116185,On,0,0,Off,On,1667.2815511111112,23.888888888888914,1.0,0.0,1.6672815511111112,0.0,1,1667.2815511111112,1667.2815511111112,Off,0.0,0.0,30.67761640884226,51.666666666666686,46.10666666666668,0.0,50.88608791630397,0.0,0.0,0.0,30.67761640884226,50.070161885003245,50.88608791630397,49.66219886935289,12.43753247303448,23.726981096140833,0.0,-2.8,1125.8786149014138,-708.9353197609407,-0.0,-44.54188909337425,169.09253353176487,0.0,1.0,0.020154214786522216,0.0,0.001266274615980525,0.3986016977953785,65.99961422222222,42.98173911285285,0.19256548432043022,11.622643804567339,0.003443425083539075,-12.880506675906393,1.2026617714989367
2025-01-01 23:58:00,1.7740760016135624,0.06861059875785196,0.0,0.029567933360226038,0.0011435099792975326,0.0,0.012376239773463235,0.0,0.09441821072898786,1.6672815511111112,0.0,0.0,0.06861059875785196,0.0,1,0,0,Off,0,0,Off,0,0,Off,0.03860178130225349,0.02895133597669011,On,0.0,0,Off,0.003646386604532164,0.0,On,0.008729853168931071,0,On,0.002937412385185223,0,On,0.05287901704154915,0.03965926278116185,On,0,0,Off,On,1667.2815511111112,23.888888888888914,1.0,0.0,1.6672815511111112,0.0,1,1667.2815511111112,1667.2815511111112,Off,0.0,0.0,30.654646956679578,51.666666666666686,46.10666666666668,0.0,50.88134593913872,0.0,0.0,0.0,30.654646956679578,50.0658565385543,50.88134593913872,49.658111838262094,12.43753247303448,23.742404999022025,0.0,-2.8,1124.1740566148792,-709.6128479234686,-0.0,-45.27753972521247,169.09253353176487,0.0,1.0,0.020161753240393522,0.0,0.001286440325796218,0.3991172288121605,65.99961422222222,42.690359620684035,0.1923817755494311,11.62883833839427,0.0034433348470627938,-12.958598215819894,1.2025993572081588
2025-01-01 23:59:00,1.7740760016135624,0.06861059875785196,0.0,0.029567933360226038,0.0011435099792975326,0.0,0.012376239773463235,0.0,0.09441821072898786,1.6672815511111112,0.0,0.0,0.06861059875785196,0.0,1,0,0,Off,0,0,Off,0,0,Off,0.03860178130225349,0.02895133597669011,On,0.0,0,Off,0.003646386604532164,0.0,On,0.008729853168931071,0,On,0.002937412385185223,0,On,0.05287901704154915,0.03965926278116185,On,0,0,Off,On,1667.2815511111112,23.888888888888914,1.0,0.0,1.6672815511111112,0.0,1,1667.2815511111112,1667.2815511111112,Off,0.0,0.0,30.63207946507902,51.666666666666686,46.10666666666668,0.0,50.87660747352238,0.0,0.0,0.0,30.63207946507902,50.06155441567553,50.87660747352238,49.654027886752104,12.43753247303448,23.75748665050396,0.0,-2.8,1122.520569907162,-710.2755889140062,-0.0,-45.997230669341995,169.09253353176487,0.0,1.0,0.020169122964102365,0.0,0.001306146256267382,0.399621064253185,65.99961422222222,42.41930484763448,0.19220219110088035,11.635609470576874,0.0034432440587919577,-13.034721971881343,1.202538335991008
